#sample=1454
0  0.47893  0.0018853  0.227708  0.00534265
1  0.457372  0.00213505  0.289383  0.00642419
2  0.44012  0.00238277  0.344902  0.00693262
3  0.426724  0.00257927  0.386778  0.00717591
4  0.415451  0.00273765  0.425206  0.00723488
5  0.406909  0.00282426  0.452502  0.00715751
6  0.399547  0.00289957  0.475052  0.00708268
7  0.393994  0.00293673  0.490225  0.00698211
8  0.389359  0.00296234  0.50208  0.00687719
9  0.385313  0.00297568  0.511486  0.00681981
10  0.382195  0.0029839  0.517546  0.00677591
11  0.379505  0.00299084  0.522687  0.00673427
12  0.377223  0.00298753  0.526032  0.00670592
13  0.375148  0.00298621  0.529281  0.00670551
14  0.373374  0.00298274  0.532402  0.00666749
15  0.37174  0.00297789  0.53382  0.00667924
16  0.370245  0.00297346  0.5364  0.00666762
17  0.369125  0.00296961  0.536786  0.00669341
18  0.368162  0.0029665  0.53787  0.00670277
19  0.367181  0.00296139  0.538523  0.00670174
20  0.366469  0.00295786  0.539933  0.00668275
21  0.365718  0.0029534  0.539933  0.00669517
22  0.365008  0.00294871  0.540836  0.00668681
23  0.364319  0.00294393  0.540604  0.00670281
24  0.363772  0.00294225  0.540861  0.00671086
25  0.363279  0.00293946  0.540956  0.00673166
26  0.362734  0.00293515  0.541076  0.00673588
27  0.36226  0.00293251  0.541068  0.00674625
28  0.361783  0.00293053  0.541541  0.00675062
29  0.361367  0.00292711  0.541798  0.00675389
30  0.360929  0.00292368  0.542435  0.00673822
31  0.360567  0.00292182  0.542933  0.00673729
32  0.360167  0.00291916  0.543776  0.00671673
33  0.359913  0.00291785  0.544799  0.00668749
34  0.359657  0.00291633  0.544507  0.00669845
35  0.359386  0.00291401  0.544403  0.00669977
36  0.359127  0.00291193  0.544128  0.00671358
37  0.358898  0.00291165  0.544094  0.00672253
38  0.358705  0.00291088  0.544481  0.00670502
39  0.358462  0.00290868  0.544773  0.00670122
40  0.358265  0.00290738  0.545315  0.00668511
41  0.358072  0.00290607  0.545194  0.00669403
42  0.357913  0.00290435  0.545822  0.00667767
43  0.357717  0.0029034  0.545624  0.00668012
44  0.357524  0.00290348  0.546097  0.00667252
45  0.357363  0.00290153  0.545719  0.00668759
46  0.357195  0.00289995  0.545762  0.00668705
47  0.357054  0.00289833  0.546088  0.00667426
48  0.356928  0.00289745  0.546045  0.00667636
49  0.356818  0.00289644  0.545719  0.00668686
50  0.356705  0.00289598  0.545633  0.00669264
51  0.356593  0.00289492  0.545839  0.00668815
52  0.356483  0.00289435  0.545452  0.00670336
53  0.356321  0.00289205  0.545547  0.00669561
54  0.356171  0.00289003  0.546398  0.00666738
55  0.356039  0.00288927  0.546922  0.00665382
56  0.355907  0.00288865  0.547283  0.00664154
57  0.355801  0.00288745  0.547369  0.0066407
58  0.355728  0.00288659  0.547387  0.00663668
59  0.355662  0.00288609  0.547318  0.00664022
60  0.355566  0.00288537  0.546914  0.00665128
61  0.355474  0.00288431  0.546398  0.00667011
62  0.355356  0.0028826  0.546518  0.00666373
63  0.355238  0.00288103  0.546492  0.00666699
64  0.355126  0.0028802  0.546149  0.00667954
65  0.355034  0.00287964  0.546166  0.0066812
66  0.354941  0.00287951  0.546372  0.0066804
67  0.354789  0.00287716  0.546639  0.00667115
68  0.354695  0.0028762  0.546441  0.00667665
69  0.354595  0.00287475  0.546991  0.00666515
70  0.354521  0.00287391  0.547051  0.00666036
71  0.354433  0.00287302  0.547034  0.00666012
72  0.354361  0.00287296  0.547215  0.00665211
73  0.354275  0.00287154  0.547275  0.00664909
74  0.354184  0.00287054  0.547653  0.00663705
75  0.354089  0.00287002  0.547567  0.00664431
76  0.354026  0.00286903  0.547756  0.0066371
77  0.35394  0.00286794  0.547765  0.00663521
78  0.353887  0.00286712  0.547885  0.00663139
79  0.353797  0.00286537  0.548169  0.00662056
80  0.353749  0.00286461  0.548126  0.00662379
81  0.353669  0.00286426  0.547937  0.00663108
82  0.353586  0.00286329  0.548109  0.00662801
83  0.35352  0.00286204  0.548805  0.00660155
84  0.353443  0.0028616  0.548951  0.00659817
85  0.353384  0.00286079  0.548719  0.00660424
86  0.353333  0.00286039  0.548624  0.00660547
87  0.353251  0.00285962  0.548977  0.00659775
88  0.353179  0.00285873  0.549132  0.0065882
89  0.353135  0.00285811  0.549347  0.00657961
90  0.353086  0.00285753  0.549286  0.00658677
91  0.352988  0.00285633  0.549312  0.00658725
92  0.352937  0.00285589  0.549183  0.00659409
93  0.352838  0.00285475  0.54902  0.00660264
94  0.352775  0.00285425  0.549304  0.0065936
95  0.352729  0.00285407  0.549321  0.00659188
96  0.352672  0.00285372  0.549329  0.00659127
97  0.352611  0.00285333  0.54939  0.00658977
98  0.352549  0.00285253  0.549527  0.00658481
99  0.352492  0.00285158  0.549183  0.00659959
100  0.352432  0.0028506  0.549484  0.00658997
101  0.352359  0.00284979  0.54908  0.00660662
102  0.352329  0.0028497  0.548908  0.00661664
103  0.352259  0.0028493  0.549123  0.00661023
104  0.35223  0.00284882  0.54908  0.00661246
105  0.352188  0.00284845  0.5492  0.0066084
106  0.352111  0.00284691  0.549802  0.00658564
107  0.352078  0.00284636  0.549854  0.006583
108  0.35203  0.00284567  0.549665  0.00658824
109  0.351979  0.00284528  0.549759  0.00658302
110  0.351944  0.00284457  0.549966  0.00657421
111  0.351886  0.00284357  0.54945  0.00659702
112  0.351836  0.00284288  0.549166  0.00660039
113  0.351805  0.00284256  0.548943  0.00660897
114  0.35172  0.00284135  0.549089  0.00660563
115  0.351678  0.0028412  0.549106  0.00660461
116  0.351625  0.00284039  0.549338  0.00659628
117  0.351585  0.00284031  0.549261  0.00660083
118  0.351558  0.00284004  0.549183  0.00659976
119  0.351541  0.00283975  0.549054  0.00660152
120  0.351516  0.00283949  0.549286  0.0065913
121  0.351496  0.00283903  0.549467  0.0065812
122  0.351453  0.00283845  0.549493  0.00657866
123  0.351413  0.00283801  0.549622  0.00657157
124  0.351365  0.00283716  0.54914  0.00658766
125  0.351324  0.00283611  0.54951  0.00657563
126  0.351303  0.00283591  0.55  0.00655657
127  0.351281  0.00283552  0.550017  0.00655659
128  0.35125  0.00283478  0.550172  0.00655081
129  0.351233  0.0028345  0.550043  0.00655673
130  0.351221  0.00283437  0.550103  0.00655614
131  0.351186  0.00283409  0.550181  0.00655189
132  0.351155  0.00283341  0.550628  0.00653593
133  0.35112  0.00283293  0.550567  0.00653914
134  0.351098  0.00283282  0.550576  0.0065388
135  0.351038  0.00283177  0.5511  0.00652701
136  0.351013  0.00283183  0.5508  0.00654106
137  0.350978  0.00283149  0.550817  0.00653768
138  0.350923  0.00283147  0.550765  0.00654135
139  0.350906  0.00283123  0.550679  0.00654224
140  0.350871  0.00283123  0.550567  0.00654298
141  0.350821  0.00283016  0.550249  0.00655963
142  0.350792  0.00282956  0.550559  0.0065471
143  0.350756  0.00282923  0.550825  0.0065388
144  0.350707  0.00282849  0.550946  0.0065358
145  0.350661  0.00282814  0.550954  0.00653682
146  0.350641  0.00282803  0.551135  0.0065351
147  0.350605  0.00282802  0.551049  0.00653927
148  0.350572  0.00282814  0.551126  0.00653626
149  0.350552  0.002828  0.551075  0.00653837
150  0.350516  0.00282738  0.55098  0.00654091
151  0.350468  0.00282652  0.550774  0.00654737
152  0.350436  0.00282591  0.550731  0.00654606
153  0.350403  0.0028255  0.550722  0.00654696
154  0.350387  0.00282517  0.550722  0.00654824
155  0.350356  0.00282484  0.550679  0.00655033
156  0.350339  0.0028246  0.550679  0.00655028
157  0.350319  0.0028242  0.55092  0.00653916
158  0.350285  0.00282379  0.550894  0.00653925
159  0.350242  0.00282346  0.550911  0.00653748
160  0.350215  0.00282323  0.550971  0.00653138
161  0.350183  0.00282282  0.551453  0.00651688
162  0.35015  0.00282207  0.551659  0.00650967
163  0.350112  0.00282177  0.551994  0.00649978
164  0.350085  0.00282133  0.552106  0.00649501
165  0.350064  0.00282096  0.551986  0.00650065
166  0.350041  0.00282067  0.552123  0.00649717
167  0.349996  0.0028199  0.552209  0.00649718
168  0.349951  0.00281932  0.552485  0.00648717
169  0.349933  0.00281899  0.552648  0.00648419
170  0.3499  0.00281871  0.552416  0.00648786
171  0.349893  0.00281862  0.552459  0.00648608
172  0.34987  0.00281822  0.552665  0.00647863
173  0.349859  0.00281821  0.552923  0.00646862
174  0.34981  0.0028175  0.553224  0.00645757
175  0.349783  0.00281741  0.553224  0.00646001
176  0.349755  0.0028171  0.553181  0.00646229
177  0.349733  0.00281673  0.552785  0.00647474
178  0.349695  0.00281638  0.552785  0.00647467
179  0.349666  0.00281593  0.552502  0.00648596
180  0.349647  0.00281569  0.552665  0.00647989
181  0.349629  0.00281548  0.552682  0.00647913
182  0.349602  0.00281512  0.552553  0.00648095
183  0.349575  0.00281469  0.552502  0.00648325
184  0.349554  0.00281489  0.55251  0.0064821
185  0.349531  0.00281436  0.552596  0.00647962
186  0.349493  0.00281417  0.55294  0.00647298
187  0.349475  0.00281419  0.552914  0.00647346
188  0.349448  0.00281394  0.553  0.00647335
189  0.349431  0.00281372  0.552863  0.00647698
190  0.349401  0.00281347  0.552854  0.00647639
191  0.349387  0.00281326  0.552897  0.00647978
192  0.349373  0.00281293  0.55276  0.00648284
193  0.349354  0.00281256  0.552854  0.00647904
194  0.349336  0.00281251  0.552493  0.00649177
195  0.349317  0.00281237  0.552295  0.0064957
196  0.349277  0.0028116  0.552476  0.0064936
197  0.349237  0.00281095  0.552485  0.0064931
198  0.349219  0.00281043  0.552768  0.00648306
199  0.3492  0.00281018  0.552914  0.00647891
200  0.349169  0.00280952  0.552897  0.00648186
201  0.34915  0.00280929  0.55294  0.00648147
202  0.349136  0.00280903  0.553078  0.00647575
203  0.349123  0.00280882  0.552923  0.00647683
204  0.349107  0.00280859  0.552794  0.00647998
205  0.349082  0.00280837  0.553164  0.00646839
206  0.34906  0.00280812  0.553387  0.00646474
207  0.349049  0.00280796  0.553439  0.00646122
208  0.349038  0.00280769  0.553568  0.00645228
209  0.349027  0.00280733  0.553422  0.00645906
210  0.349019  0.00280721  0.553422  0.00645792
211  0.349009  0.00280709  0.553353  0.00646192
212  0.348982  0.00280662  0.55343  0.0064587
213  0.348967  0.00280641  0.553396  0.00646018
214  0.348941  0.0028062  0.55337  0.00646394
215  0.348929  0.00280596  0.553353  0.00646401
216  0.348919  0.0028058  0.55343  0.00646105
217  0.348902  0.00280546  0.553422  0.00645904
218  0.348893  0.00280534  0.553404  0.00645874
219  0.348879  0.00280529  0.553533  0.00645398
220  0.348866  0.00280513  0.553955  0.00644551
221  0.348858  0.0028051  0.553929  0.00644595
222  0.348837  0.0028046  0.554015  0.00644438
223  0.3488  0.00280409  0.554152  0.00643794
224  0.348786  0.00280385  0.554204  0.00643458
225  0.34878  0.00280367  0.554118  0.0064391
226  0.348759  0.00280327  0.554041  0.00644261
227  0.348739  0.00280291  0.554118  0.00643684
228  0.348723  0.00280253  0.55417  0.00643511
229  0.348712  0.00280226  0.554273  0.00643047
230  0.348696  0.00280218  0.554256  0.00643243
231  0.348679  0.00280181  0.554453  0.00642328
232  0.348654  0.00280125  0.55478  0.00641043
233  0.34863  0.00280101  0.554857  0.00640776
234  0.34861  0.00280052  0.554892  0.00640573
235  0.348596  0.00280015  0.555279  0.00639408
236  0.348583  0.00280015  0.555261  0.00639397
237  0.348569  0.00279988  0.55527  0.00639241
238  0.348563  0.00279979  0.555236  0.00639363
239  0.348547  0.00279972  0.555287  0.00639001
240  0.348529  0.00279931  0.555536  0.00637799
241  0.348513  0.00279895  0.555442  0.00637915
242  0.348499  0.0027987  0.555339  0.00638247
243  0.348484  0.00279852  0.55533  0.00638276
244  0.348466  0.00279796  0.555365  0.00638343
245  0.34846  0.00279784  0.55539  0.00638357
246  0.348432  0.00279758  0.555855  0.0063678
247  0.348412  0.00279703  0.556147  0.00635557
248  0.348382  0.00279638  0.556061  0.00635784
249  0.348372  0.00279629  0.556078  0.00635734
250  0.34836  0.00279606  0.555863  0.00636367
251  0.348343  0.00279558  0.556216  0.00635485
252  0.348336  0.00279564  0.556138  0.00635904
253  0.348323  0.00279598  0.556138  0.00635904
254  0.348313  0.00279582  0.55613  0.00635931
255  0.348303  0.00279561  0.556353  0.00635492
256  0.3483  0.0027956  0.556259  0.0063562
257  0.348288  0.00279565  0.556259  0.0063562
258  0.348285  0.00279563  0.556259  0.0063562
259  0.348259  0.00279515  0.556817  0.00634123
260  0.348233  0.00279514  0.556955  0.0063363
261  0.348226  0.00279501  0.556972  0.00633557
262  0.348219  0.00279487  0.557007  0.00633411
263  0.348206  0.00279455  0.557333  0.00632063
264  0.34818  0.00279425  0.557462  0.00631425
265  0.348173  0.00279411  0.557505  0.0063135
266  0.34816  0.00279417  0.557634  0.00631166
267  0.348155  0.00279417  0.557514  0.00631779
268  0.348127  0.00279351  0.557832  0.00630683
269  0.348117  0.00279351  0.557815  0.00630753
270  0.348094  0.00279342  0.557892  0.00630571
271  0.348069  0.00279333  0.558124  0.00629565
272  0.34806  0.00279332  0.558107  0.00629627
273  0.348049  0.0027933  0.558107  0.00629627
274  0.348045  0.00279322  0.558253  0.00628743
275  0.348039  0.00279323  0.558279  0.0062865
276  0.348034  0.00279308  0.557969  0.0062943
277  0.348014  0.00279255  0.557797  0.00630328
278  0.34799  0.00279197  0.557858  0.00630072
279  0.347965  0.00279157  0.557815  0.00630466
280  0.347962  0.00279147  0.557832  0.00630458
281  0.347952  0.00279127  0.558004  0.00629992
282  0.347941  0.00279119  0.558012  0.0062999
283  0.347934  0.00279107  0.558004  0.00630031
284  0.347907  0.00279044  0.558107  0.0062994
285  0.347898  0.00279025  0.55803  0.00630142
286  0.347881  0.00278979  0.558047  0.00629954
287  0.347861  0.00278963  0.558055  0.0062991
288  0.347849  0.00278946  0.558159  0.00629619
289  0.347838  0.00278943  0.558176  0.00629581
290  0.34783  0.0027894  0.558176  0.00629581
291  0.347826  0.00278938  0.558202  0.00629454
292  0.347818  0.00278927  0.558116  0.00629802
293  0.34781  0.00278918  0.558365  0.0062862
294  0.347793  0.00278899  0.558313  0.0062883
295  0.347779  0.00278865  0.558339  0.00628231
296  0.347765  0.00278828  0.558322  0.00628308
297  0.34775  0.00278809  0.558391  0.00628092
298  0.347739  0.00278812  0.558391  0.00628092
299  0.347715  0.00278802  0.558442  0.00627806
300  0.347699  0.00278786  0.55833  0.00628248
301  0.347692  0.00278769  0.558434  0.0062797
302  0.347673  0.00278753  0.558528  0.00627921
303  0.34766  0.00278748  0.558528  0.00627921
304  0.34765  0.00278737  0.558459  0.00628304
305  0.347631  0.00278727  0.558614  0.00628103
306  0.347587  0.00278705  0.558588  0.00628129
307  0.34758  0.00278684  0.558588  0.00628129
308  0.347572  0.00278676  0.558606  0.00628327
309  0.347539  0.00278638  0.559053  0.00627068
310  0.34753  0.00278614  0.559207  0.00626318
311  0.347513  0.00278583  0.559371  0.0062578
312  0.347487  0.00278552  0.559156  0.00626659
313  0.347457  0.00278485  0.559551  0.00625472
314  0.347442  0.00278444  0.559706  0.00625274
315  0.347431  0.00278417  0.559706  0.00625274
316  0.347419  0.00278401  0.559783  0.00624928
317  0.347394  0.00278359  0.560033  0.0062425
318  0.347372  0.00278336  0.560119  0.00623778
319  0.347367  0.00278336  0.560119  0.00623778
320  0.347354  0.00278307  0.560256  0.00622892
321  0.347337  0.0027829  0.560291  0.00622821
322  0.347309  0.00278227  0.560256  0.00623096
323  0.347303  0.00278223  0.560222  0.00623119
324  0.347286  0.00278263  0.560248  0.00623107
325  0.347277  0.00278241  0.560351  0.00622782
326  0.347261  0.00278234  0.560213  0.00623065
327  0.347255  0.00278225  0.56023  0.0062301
328  0.347243  0.00278222  0.560273  0.00622967
329  0.347234  0.00278226  0.560273  0.00622967
330  0.347233  0.00278226  0.560273  0.00622967
331  0.347213  0.00278209  0.560187  0.00623202
332  0.347197  0.00278215  0.560213  0.00623119
333  0.347182  0.00278216  0.560394  0.00622571
334  0.347178  0.00278218  0.560557  0.00621951
335  0.347169  0.00278194  0.560591  0.00621685
336  0.347153  0.00278195  0.560325  0.00623027
337  0.347142  0.00278164  0.560299  0.00623182
338  0.347115  0.00278119  0.560428  0.00622652
339  0.347088  0.00278075  0.560308  0.00623396
340  0.347078  0.00278073  0.560282  0.00623419
341  0.347064  0.0027805  0.560325  0.00623378
342  0.34705  0.00278042  0.560359  0.00623307
343  0.347048  0.00278038  0.560359  0.00623307
344  0.347038  0.00278043  0.560368  0.00623255
345  0.347026  0.00278035  0.56054  0.00622902
346  0.347022  0.00278028  0.560703  0.00622211
347  0.347015  0.00278019  0.560703  0.00622211
348  0.346995  0.0027801  0.560712  0.0062221
349  0.346984  0.00278012  0.560738  0.0062231
350  0.346969  0.00277986  0.560849  0.00622138
351  0.346955  0.00277977  0.560884  0.00622093
352  0.346944  0.00277966  0.560996  0.00621837
353  0.346936  0.00277949  0.561021  0.00621686
354  0.346911  0.00277926  0.561004  0.00621724
355  0.346905  0.0027793  0.560927  0.00622038
356  0.346888  0.00277902  0.560987  0.00621726
357  0.346885  0.00277899  0.560978  0.00621766
358  0.346879  0.00277886  0.561116  0.00621242
359  0.346872  0.00277876  0.561185  0.00620847
360  0.346862  0.00277862  0.561348  0.00620259
361  0.346851  0.00277839  0.561365  0.00620245
362  0.346843  0.00277843  0.561365  0.00620245
363  0.346824  0.00277825  0.561365  0.00620245
364  0.346817  0.00277833  0.561417  0.00619967
365  0.346794  0.00277843  0.561554  0.00619461
366  0.346782  0.00277828  0.561735  0.00618864
367  0.346768  0.00277815  0.561933  0.00618407
368  0.346754  0.00277797  0.561726  0.00619266
369  0.346734  0.00277781  0.561786  0.00619103
370  0.34673  0.00277781  0.561786  0.00619103
371  0.346714  0.00277752  0.561554  0.00620116
372  0.346703  0.00277751  0.561546  0.00620159
373  0.346661  0.00277693  0.561503  0.00620316
374  0.346648  0.00277659  0.561486  0.00620266
375  0.346632  0.00277619  0.561391  0.00620652
376  0.346617  0.00277598  0.561812  0.00619212
377  0.346611  0.00277586  0.561709  0.00619726
378  0.346603  0.00277577  0.561907  0.00619627
379  0.34659  0.00277555  0.562216  0.00618525
380  0.346584  0.00277559  0.562113  0.0061873
381  0.34657  0.00277537  0.562225  0.00618004
382  0.34655  0.00277494  0.562233  0.00618038
383  0.346545  0.00277485  0.562182  0.00618345
384  0.346536  0.00277469  0.562191  0.00618328
385  0.34651  0.00277436  0.562474  0.00617127
386  0.346497  0.00277426  0.56256  0.0061693
387  0.346489  0.00277405  0.562689  0.00616424
388  0.346467  0.00277382  0.562629  0.00616671
389  0.346454  0.0027736  0.562612  0.00616707
390  0.346446  0.00277341  0.562655  0.0061647
391  0.346434  0.00277319  0.562466  0.00617206
392  0.346422  0.00277297  0.562517  0.00616932
393  0.346391  0.00277251  0.562586  0.00616625
394  0.346381  0.00277236  0.562534  0.00616881
395  0.346374  0.00277223  0.56244  0.00617199
396  0.346368  0.00277211  0.562225  0.00617986
397  0.346365  0.00277208  0.562233  0.00618001
398  0.346362  0.00277206  0.562233  0.00618001
399  0.346358  0.00277201  0.562233  0.00618001
400  0.346349  0.00277198  0.562319  0.00617642
401  0.346328  0.00277187  0.562302  0.00617834
402  0.346312  0.00277189  0.562122  0.00618712
403  0.346303  0.00277187  0.562087  0.00618774
404  0.346299  0.00277175  0.562311  0.0061804
405  0.346284  0.00277174  0.562741  0.00616405
406  0.346271  0.00277176  0.562767  0.00616225
407  0.346253  0.00277122  0.563042  0.00614773
408  0.346231  0.00277103  0.563239  0.00614039
409  0.346208  0.00277099  0.563239  0.00614168
410  0.346199  0.00277097  0.563239  0.00614168
411  0.346186  0.00277085  0.563239  0.00614168
412  0.346179  0.00277089  0.563257  0.00614021
413  0.346158  0.00277065  0.56336  0.00613572
414  0.346137  0.00277023  0.563446  0.00613089
415  0.346125  0.00277019  0.563437  0.00613107
416  0.346118  0.00277027  0.56342  0.00613137
417  0.3461  0.00277002  0.563463  0.00613063
418  0.34608  0.00276966  0.563635  0.00612768
419  0.346066  0.0027694  0.563626  0.00613027
420  0.346057  0.00276913  0.563747  0.00612512
421  0.346044  0.00276889  0.563953  0.00611987
422  0.346016  0.00276831  0.564262  0.00611254
423  0.346002  0.00276821  0.564176  0.00611376
424  0.345999  0.00276809  0.564245  0.00611263
425  0.345988  0.00276788  0.564589  0.00610439
426  0.345983  0.0027677  0.564598  0.00610425
427  0.345961  0.00276774  0.564692  0.00609999
428  0.34595  0.0027676  0.564727  0.00609964
429  0.345934  0.00276739  0.564744  0.00609798
430  0.345912  0.0027674  0.564761  0.00609704
431  0.345901  0.00276721  0.56483  0.00609561
432  0.345888  0.002767  0.564606  0.00610599
433  0.345882  0.00276711  0.564606  0.00610599
434  0.345868  0.00276682  0.564718  0.00610227
435  0.345857  0.00276669  0.564718  0.00610227
436  0.345851  0.00276663  0.564649  0.00610607
437  0.345841  0.00276656  0.564623  0.00610656
438  0.345839  0.00276656  0.564546  0.00610991
439  0.345836  0.00276651  0.564546  0.00610991
440  0.345826  0.00276663  0.564546  0.00610991
441  0.345822  0.00276655  0.564546  0.00610991
442  0.345813  0.00276626  0.564486  0.0061131
443  0.345803  0.0027662  0.5644  0.00611723
444  0.3458  0.0027662  0.5644  0.00611723
445  0.345784  0.00276609  0.564469  0.00611869
446  0.345781  0.00276602  0.564469  0.00611869
447  0.345774  0.00276586  0.564477  0.0061185
448  0.345773  0.00276585  0.564503  0.00611691
449  0.345762  0.00276575  0.564555  0.00611337
450  0.345757  0.00276586  0.564555  0.00611337
451  0.345746  0.00276571  0.564555  0.00611337
452  0.34574  0.00276567  0.564555  0.00611337
453  0.345727  0.00276537  0.56446  0.00611735
454  0.345716  0.0027652  0.56446  0.00611735
455  0.345689  0.00276474  0.564563  0.00611168
456  0.345683  0.00276472  0.564641  0.0061104
457  0.345663  0.00276436  0.564615  0.00610897
458  0.345656  0.00276425  0.564623  0.00610978
459  0.345649  0.00276425  0.564632  0.00610974
460  0.345647  0.00276424  0.564632  0.00610974
461  0.345644  0.00276424  0.564632  0.00610974
462  0.345639  0.00276419  0.564546  0.00611339
463  0.345626  0.00276386  0.564795  0.00610321
464  0.345623  0.00276378  0.564795  0.00610321
465  0.345622  0.00276376  0.564795  0.00610321
466  0.345617  0.00276371  0.564795  0.00610321
467  0.345614  0.00276361  0.564778  0.00610346
468  0.345613  0.00276358  0.564778  0.00610346
469  0.345608  0.00276358  0.56477  0.0061039
470  0.345597  0.0027636  0.564684  0.00610514
471  0.34558  0.00276319  0.564546  0.00610978
472  0.345572  0.00276311  0.564469  0.00611352
473  0.345566  0.00276298  0.564357  0.00611963
474  0.345562  0.00276293  0.564589  0.00611087
475  0.345552  0.00276273  0.564666  0.00610926
476  0.345545  0.00276256  0.564847  0.00610262
477  0.345537  0.00276231  0.564838  0.00610281
478  0.345528  0.00276202  0.564666  0.00611133
479  0.345528  0.00276202  0.564666  0.00611133
480  0.345525  0.00276197  0.564709  0.00611062
481  0.345516  0.00276182  0.564709  0.00611062
482  0.345508  0.00276169  0.564709  0.00611062
483  0.345497  0.00276161  0.564709  0.00611062
484  0.345483  0.00276128  0.564795  0.00610576
485  0.34547  0.00276097  0.564881  0.00610194
486  0.345459  0.00276092  0.564967  0.00609898
487  0.345449  0.00276068  0.564709  0.00610662
488  0.345423  0.0027601  0.564813  0.00610516
489  0.345416  0.00275998  0.564916  0.00610352
490  0.345404  0.00275979  0.56507  0.00610177
491  0.34539  0.00275974  0.564967  0.00610267
492  0.345378  0.0027596  0.56526  0.00609107
493  0.34536  0.00275928  0.565028  0.00609758
494  0.345338  0.00275902  0.564993  0.0061
495  0.345335  0.00275895  0.565225  0.00609322
496  0.345314  0.00275866  0.565277  0.00609233
497  0.345313  0.00275864  0.565337  0.00609043
498  0.345312  0.00275864  0.565337  0.00609043
499  0.345307  0.00275873  0.565337  0.00609043
500  0.345303  0.00275869  0.565337  0.00609043
501  0.345297  0.00275861  0.565406  0.00608847
502  0.345294  0.00275862  0.565406  0.00608847
503  0.345286  0.0027585  0.565406  0.00608847
504  0.345252  0.00275779  0.565354  0.00608941
505  0.345248  0.00275774  0.565371  0.0060887
506  0.345243  0.00275766  0.565457  0.00608733
507  0.345235  0.00275745  0.56538  0.00608788
508  0.345227  0.00275735  0.565466  0.00608406
509  0.345226  0.00275735  0.565466  0.00608406
510  0.345222  0.00275735  0.565466  0.00608406
511  0.345214  0.00275718  0.565466  0.00608406
512  0.345205  0.00275702  0.565543  0.00608295
513  0.345196  0.00275677  0.565569  0.0060817
514  0.345192  0.00275669  0.565586  0.00608152
515  0.345182  0.00275666  0.565561  0.00608279
516  0.345178  0.00275661  0.565732  0.0060764
517  0.345165  0.00275634  0.565698  0.00607749
518  0.345154  0.00275626  0.565775  0.00607302
519  0.345142  0.00275603  0.565715  0.00607147
520  0.345116  0.00275584  0.565724  0.00607327
521  0.345099  0.00275558  0.565767  0.00607067
522  0.345094  0.0027555  0.565707  0.00607397
523  0.345073  0.00275547  0.565836  0.00606798
524  0.345055  0.00275509  0.56599  0.00605994
525  0.345041  0.00275496  0.566076  0.00605502
526  0.345033  0.00275489  0.566051  0.00605615
527  0.345024  0.00275472  0.565982  0.00605371
528  0.345021  0.00275473  0.566154  0.00604752
529  0.34502  0.00275471  0.56618  0.00604592
530  0.345001  0.00275439  0.566094  0.0060484
531  0.344981  0.00275417  0.566351  0.00604095
532  0.344971  0.00275404  0.566523  0.00603475
533  0.344953  0.00275382  0.566644  0.00602915
534  0.344941  0.00275377  0.566816  0.00602044
535  0.34493  0.00275345  0.566721  0.00602497
536  0.344921  0.0027534  0.566738  0.0060242
537  0.344912  0.00275332  0.566713  0.00602546
538  0.344902  0.00275319  0.566773  0.00602298
539  0.344898  0.00275312  0.566704  0.00602586
540  0.344896  0.00275311  0.566704  0.00602586
541  0.344896  0.00275311  0.566704  0.00602586
542  0.344891  0.00275301  0.566747  0.00602446
543  0.344886  0.00275291  0.566927  0.00601803
544  0.34487  0.00275252  0.567039  0.00601199
545  0.344861  0.00275238  0.567048  0.00601183
546  0.344852  0.00275234  0.567108  0.00600943
547  0.344839  0.002752  0.567091  0.00601005
548  0.344827  0.00275168  0.567151  0.00600817
549  0.344825  0.00275165  0.566781  0.00602152
550  0.344815  0.0027513  0.567013  0.00601129
551  0.344797  0.00275123  0.566927  0.00601158
552  0.344794  0.00275117  0.566936  0.00601471
553  0.344788  0.00275111  0.566884  0.0060171
554  0.344782  0.00275107  0.566756  0.00602355
555  0.344782  0.00275107  0.566841  0.00602228
556  0.344779  0.002751  0.566824  0.00602415
557  0.344775  0.00275098  0.566893  0.00602357
558  0.344774  0.00275101  0.566893  0.00602357
559  0.344771  0.00275086  0.566833  0.00602454
560  0.344753  0.0027508  0.566859  0.00602286
561  0.344735  0.00275064  0.566816  0.00602613
562  0.344733  0.00275059  0.566902  0.00602233
563  0.344724  0.00275057  0.566919  0.00602124
564  0.344717  0.00275043  0.566816  0.00602292
565  0.344716  0.00275044  0.566816  0.00602292
566  0.344712  0.00275042  0.566816  0.00602292
567  0.344695  0.00275023  0.566807  0.00602347
568  0.344685  0.00275018  0.567005  0.00601641
569  0.344677  0.00275005  0.56697  0.00601805
570  0.344667  0.00275005  0.566953  0.0060182
571  0.344658  0.00274991  0.566893  0.00601922
572  0.344655  0.0027498  0.566695  0.00602611
573  0.344644  0.00274954  0.566876  0.00602267
574  0.344627  0.00274927  0.566867  0.00602316
575  0.344621  0.00274918  0.566927  0.00601999
576  0.344612  0.0027491  0.566816  0.00602412
577  0.344589  0.002749  0.566816  0.00602428
578  0.344579  0.00274896  0.566816  0.00602428
579  0.344575  0.00274891  0.566798  0.00602512
580  0.344568  0.00274883  0.566652  0.00603218
581  0.344566  0.00274875  0.566652  0.00603218
582  0.344551  0.00274878  0.566429  0.00603908
583  0.344546  0.00274866  0.566334  0.00604287
584  0.344545  0.00274862  0.56624  0.00604432
585  0.344542  0.0027486  0.566248  0.00604413
586  0.344534  0.00274853  0.566188  0.00604488
587  0.34453  0.00274844  0.566334  0.00604446
588  0.344488  0.0027474  0.566308  0.00604253
589  0.344472  0.00274738  0.566429  0.00603939
590  0.344469  0.00274733  0.566412  0.00603999
591  0.344443  0.00274686  0.566283  0.00604259
592  0.344431  0.00274662  0.566274  0.00604313
593  0.344422  0.00274669  0.566197  0.00604641
594  0.344416  0.00274648  0.566317  0.00604326
595  0.34441  0.00274633  0.566283  0.00604509
596  0.344395  0.00274608  0.566162  0.00605063
597  0.344384  0.00274587  0.566257  0.00604884
598  0.344378  0.00274596  0.5663  0.00604677
599  0.34437  0.00274583  0.566403  0.00604396
600  0.344359  0.00274555  0.566463  0.00604303
601  0.344355  0.00274548  0.566463  0.00604303
602  0.34435  0.00274537  0.566463  0.00604303
603  0.344344  0.0027455  0.566463  0.00604303
604  0.344313  0.00274524  0.566558  0.00604231
605  0.344306  0.00274515  0.566343  0.00605002
606  0.344303  0.00274514  0.566412  0.00604681
607  0.344296  0.0027449  0.566377  0.00604828
608  0.34429  0.00274475  0.566412  0.00604889
609  0.344287  0.00274469  0.566566  0.0060431
610  0.344285  0.00274463  0.566575  0.00604289
611  0.344278  0.00274438  0.566661  0.00603918
612  0.344273  0.00274427  0.56667  0.00603898
613  0.344265  0.00274427  0.566601  0.00603592
614  0.344263  0.00274425  0.566575  0.00603643
615  0.344257  0.00274425  0.566575  0.00603643
616  0.344256  0.00274428  0.566738  0.0060353
617  0.344243  0.00274427  0.566781  0.00603634
618  0.344234  0.00274419  0.566781  0.00603634
619  0.344227  0.00274409  0.56685  0.00603327
620  0.344225  0.00274403  0.566841  0.00603361
621  0.344223  0.00274403  0.566841  0.00603361
622  0.344213  0.00274394  0.566773  0.0060315
623  0.344206  0.00274396  0.566773  0.0060315
624  0.344193  0.0027436  0.566781  0.00603118
625  0.344176  0.00274353  0.566867  0.00603016
626  0.344159  0.00274354  0.56679  0.00603132
627  0.344149  0.00274352  0.566824  0.0060312
628  0.344141  0.00274347  0.566859  0.00602823
629  0.344137  0.00274342  0.566695  0.00602937
630  0.344134  0.00274336  0.566721  0.00602809
631  0.344133  0.00274343  0.566721  0.00602809
632  0.344132  0.00274343  0.566721  0.00602809
633  0.344131  0.00274339  0.566661  0.00603082
634  0.344129  0.00274343  0.566661  0.00603082
635  0.34412  0.00274323  0.566575  0.00603454
636  0.344108  0.00274282  0.566446  0.00603625
637  0.344091  0.00274317  0.56636  0.00603726
638  0.344086  0.00274314  0.566317  0.00603719
639  0.344077  0.00274315  0.566317  0.00603719
640  0.344066  0.0027429  0.566334  0.00603635
641  0.344056  0.00274291  0.566394  0.00603653
642  0.344054  0.00274289  0.566386  0.00603648
643  0.344054  0.00274289  0.566386  0.00603648
644  0.344047  0.00274292  0.566394  0.00603665
645  0.344036  0.0027426  0.56679  0.00601902
646  0.344036  0.0027426  0.56679  0.00601902
647  0.344027  0.00274249  0.566713  0.00602153
648  0.344024  0.00274247  0.566798  0.00601657
649  0.344012  0.0027426  0.566756  0.00601587
650  0.343998  0.00274277  0.566833  0.00601602
651  0.343982  0.00274243  0.567056  0.0060098
652  0.343974  0.00274232  0.56697  0.00601477
653  0.343952  0.00274197  0.567134  0.00601215
654  0.343942  0.00274191  0.567151  0.00601249
655  0.343919  0.00274134  0.567383  0.00600087
656  0.343916  0.00274126  0.567383  0.00600087
657  0.343903  0.00274109  0.567478  0.00599728
658  0.343896  0.00274099  0.567486  0.00599696
659  0.343893  0.00274096  0.567478  0.00599691
660  0.34389  0.00274095  0.567426  0.00599931
661  0.34389  0.00274095  0.567426  0.00599931
662  0.343877  0.00274074  0.567546  0.00599325
663  0.343862  0.00274046  0.567546  0.00599325
664  0.34386  0.0027404  0.567546  0.00599325
665  0.343847  0.0027402  0.567486  0.0059963
666  0.343846  0.0027402  0.567486  0.0059963
667  0.34384  0.00274016  0.567486  0.0059963
668  0.343835  0.00274011  0.567478  0.00599637
669  0.343828  0.00274  0.5674  0.00599758
670  0.343818  0.00273976  0.567572  0.00599378
671  0.343818  0.00273975  0.567572  0.00599378
672  0.34381  0.00273965  0.567572  0.00599378
673  0.343797  0.00273961  0.567529  0.00599451
674  0.343786  0.0027396  0.567503  0.00599466
675  0.343785  0.0027396  0.567503  0.00599466
676  0.343776  0.00273934  0.567495  0.00599303
677  0.343767  0.00273911  0.56746  0.00599438
678  0.343761  0.0027391  0.567503  0.00599297
679  0.343753  0.00273901  0.567503  0.00599297
680  0.343752  0.002739  0.56771  0.00599045
681  0.343727  0.00273878  0.567813  0.00598609
682  0.343723  0.00273866  0.567822  0.00598613
683  0.34372  0.00273862  0.567822  0.00598613
684  0.343717  0.00273853  0.567916  0.00598084
685  0.343716  0.00273852  0.567916  0.00598084
686  0.343713  0.00273857  0.567916  0.00598084
687  0.343705  0.00273857  0.567916  0.00598084
688  0.343701  0.00273852  0.568002  0.00597707
689  0.343696  0.00273851  0.568002  0.00597707
690  0.343689  0.00273836  0.567968  0.00597744
691  0.343689  0.00273836  0.567968  0.00597744
692  0.343689  0.00273836  0.567968  0.00597744
693  0.343688  0.00273837  0.56783  0.00598633
694  0.343682  0.00273834  0.56789  0.00598383
695  0.343681  0.00273833  0.56789  0.00598383
696  0.343669  0.00273822  0.568019  0.00597979
697  0.343668  0.00273818  0.568019  0.00597979
698  0.34366  0.00273809  0.567933  0.00598109
699  0.343643  0.00273783  0.568122  0.00597121
700  0.343637  0.00273774  0.568174  0.00597029
701  0.343635  0.00273771  0.568174  0.00597029
702  0.343627  0.00273757  0.567985  0.00597571
703  0.343614  0.00273733  0.567899  0.005977
704  0.343611  0.00273727  0.567907  0.00597677
705  0.343608  0.00273723  0.567942  0.00597595
706  0.343607  0.00273723  0.567942  0.00597595
707  0.343607  0.00273723  0.567942  0.00597595
708  0.343605  0.00273721  0.567942  0.00597595
709  0.343598  0.00273718  0.567796  0.00597914
710  0.343596  0.00273718  0.567796  0.00597914
711  0.343588  0.00273713  0.567813  0.00597869
712  0.343547  0.00273651  0.568277  0.00596113
713  0.343526  0.00273636  0.568122  0.00596659
714  0.343521  0.00273624  0.568234  0.00596339
715  0.343515  0.00273619  0.568165  0.00596659
716  0.343511  0.00273612  0.568148  0.00596675
717  0.34351  0.00273611  0.568157  0.00596667
718  0.343507  0.00273606  0.568079  0.00596975
719  0.343494  0.00273587  0.568097  0.00596934
720  0.343491  0.00273585  0.568062  0.00596976
721  0.343485  0.00273569  0.568062  0.00596976
722  0.343484  0.00273565  0.567813  0.00598086
723  0.343477  0.0027355  0.568079  0.00597049
724  0.343472  0.00273542  0.568114  0.00596969
725  0.34347  0.00273533  0.568208  0.00596561
726  0.343467  0.00273531  0.568208  0.00596561
727  0.343454  0.00273514  0.568208  0.00596561
728  0.343453  0.0027351  0.5682  0.00596592
729  0.343449  0.00273508  0.568062  0.00597136
730  0.343442  0.00273498  0.568071  0.0059714
731  0.343434  0.00273476  0.568286  0.00596111
732  0.343432  0.00273473  0.568286  0.00596111
733  0.343427  0.00273473  0.568286  0.00596111
734  0.343424  0.00273481  0.568303  0.00596067
735  0.343421  0.00273478  0.568303  0.00596067
736  0.343419  0.00273473  0.568355  0.00595967
737  0.343415  0.00273472  0.568355  0.00595967
738  0.343413  0.0027347  0.568355  0.00595967
739  0.34341  0.0027347  0.568355  0.00595967
740  0.343399  0.00273446  0.568363  0.00595576
741  0.343396  0.0027344  0.56863  0.00594768
742  0.343394  0.00273435  0.568673  0.00594718
743  0.343389  0.00273435  0.568673  0.00594718
744  0.343378  0.00273431  0.568673  0.00594718
745  0.343372  0.00273428  0.568673  0.00594718
746  0.343365  0.00273413  0.568569  0.00595203
747  0.34336  0.00273411  0.568535  0.00595389
748  0.343351  0.00273399  0.56863  0.00595141
749  0.343349  0.00273392  0.568612  0.00595209
750  0.343348  0.00273391  0.568595  0.00595283
751  0.343348  0.00273391  0.568595  0.00595283
752  0.343343  0.00273389  0.568681  0.00595028
753  0.343336  0.00273376  0.568681  0.00595028
754  0.343333  0.00273373  0.568681  0.00595028
755  0.343321  0.00273366  0.568741  0.00595011
756  0.343321  0.00273366  0.568741  0.00595011
757  0.343318  0.0027337  0.568741  0.00595011
758  0.343313  0.00273365  0.568741  0.00595011
759  0.343304  0.00273354  0.568673  0.00595125
760  0.343299  0.0027335  0.568698  0.00595114
761  0.343289  0.00273337  0.568716  0.00595117
762  0.343283  0.0027332  0.568647  0.00595255
763  0.343267  0.00273292  0.568888  0.00594257
764  0.343264  0.00273282  0.568922  0.00594147
765  0.343263  0.00273286  0.568922  0.00594147
766  0.343263  0.00273286  0.568922  0.00594147
767  0.343261  0.00273283  0.568922  0.00594147
768  0.343248  0.00273255  0.568853  0.00594295
769  0.343245  0.00273247  0.568896  0.00594183
770  0.343245  0.00273246  0.568896  0.00594233
771  0.343236  0.00273223  0.568896  0.00594233
772  0.343233  0.00273214  0.569137  0.00593516
773  0.34323  0.00273213  0.569137  0.00593516
774  0.34323  0.00273212  0.569188  0.00593318
775  0.34323  0.00273212  0.569188  0.00593318
776  0.343225  0.00273211  0.569188  0.00593318
777  0.343223  0.00273209  0.569188  0.00593318
778  0.343217  0.00273212  0.569188  0.00593318
779  0.34321  0.00273204  0.56936  0.00592556
780  0.343195  0.0027319  0.569257  0.00592887
781  0.34319  0.00273185  0.569249  0.00592973
782  0.343188  0.00273177  0.569249  0.00592973
783  0.343186  0.00273171  0.569214  0.00593081
784  0.343181  0.00273163  0.569214  0.00593081
785  0.343177  0.00273162  0.569266  0.00592841
786  0.343172  0.0027315  0.569257  0.00592882
787  0.343171  0.00273147  0.569249  0.00592925
788  0.34317  0.00273147  0.569249  0.00592925
789  0.343167  0.00273146  0.569249  0.00592925
790  0.343164  0.00273141  0.569034  0.00593432
791  0.343164  0.00273139  0.569154  0.0059289
792  0.343151  0.00273122  0.569214  0.0059277
793  0.343137  0.00273125  0.569214  0.0059277
794  0.343136  0.00273125  0.569214  0.0059277
795  0.343129  0.00273125  0.569223  0.00592764
796  0.343126  0.00273125  0.569257  0.00592751
797  0.343117  0.00273126  0.569343  0.0059262
798  0.343114  0.00273122  0.569274  0.00592935
799  0.343103  0.00273134  0.569274  0.00592935
800  0.3431  0.00273134  0.569335  0.00592829
801  0.343093  0.00273116  0.569489  0.00592255
802  0.343091  0.00273115  0.569403  0.00592262
803  0.343089  0.00273111  0.569403  0.00592262
804  0.343083  0.00273103  0.569257  0.00593048
805  0.343073  0.00273075  0.569343  0.00592527
806  0.343065  0.0027305  0.569438  0.00592468
807  0.343059  0.00273041  0.569283  0.00593064
808  0.343057  0.0027304  0.569292  0.00593044
809  0.343053  0.0027304  0.569292  0.00593044
810  0.343048  0.00273035  0.569378  0.00592913
811  0.343047  0.00273036  0.569378  0.00592913
812  0.343045  0.00273036  0.569403  0.00592935
813  0.343045  0.00273036  0.569403  0.00592935
814  0.343044  0.0027304  0.569403  0.00592935
815  0.343031  0.00273044  0.569403  0.00592935
816  0.343026  0.00273041  0.569403  0.00592935
817  0.343023  0.00273039  0.569403  0.00592935
818  0.343019  0.00273044  0.56936  0.00593141
819  0.343014  0.00273041  0.56936  0.00593141
820  0.343012  0.00273036  0.569257  0.00593553
821  0.34301  0.0027303  0.569421  0.00592699
822  0.342997  0.0027303  0.569421  0.00592699
823  0.342991  0.00273031  0.569421  0.00592699
824  0.342988  0.00273028  0.569515  0.00592314
825  0.342983  0.00273027  0.569283  0.00592619
826  0.342982  0.00273026  0.569077  0.00593144
827  0.342982  0.00273026  0.569077  0.00593144
828  0.342977  0.00273023  0.569077  0.00593144
829  0.342976  0.00273023  0.569077  0.00593144
830  0.342968  0.00273017  0.569197  0.00593032
831  0.342966  0.00273015  0.569197  0.00593032
832  0.342965  0.00273015  0.569197  0.00593032
833  0.342964  0.00273016  0.569197  0.00593032
834  0.342958  0.00273008  0.569163  0.00593075
835  0.342958  0.00273008  0.569188  0.0059291
836  0.342954  0.00273009  0.569197  0.00592898
837  0.342948  0.00273004  0.569197  0.00592898
838  0.342932  0.00272972  0.569197  0.00592898
839  0.342922  0.00272965  0.569214  0.00592861
840  0.342901  0.00272934  0.569292  0.00592746
841  0.342894  0.00272929  0.569292  0.00592746
842  0.342891  0.00272925  0.569292  0.00592746
843  0.342882  0.00272914  0.569154  0.00593296
844  0.342869  0.00272913  0.569266  0.00592776
845  0.342864  0.00272911  0.569266  0.00592776
846  0.342864  0.00272911  0.569266  0.00592776
847  0.342862  0.0027291  0.569266  0.00592776
848  0.342856  0.0027291  0.569266  0.00592776
849  0.342855  0.00272905  0.569403  0.00592438
850  0.34285  0.00272896  0.569464  0.00592184
851  0.342839  0.00272896  0.569464  0.00592184
852  0.342837  0.00272894  0.569464  0.00592184
853  0.342831  0.00272893  0.569464  0.00592184
854  0.342831  0.00272891  0.569464  0.00592184
855  0.342826  0.0027289  0.569464  0.00592184
856  0.342819  0.0027289  0.569464  0.00592184
857  0.34281  0.00272872  0.569378  0.00592441
858  0.342809  0.00272872  0.569378  0.00592441
859  0.342809  0.00272872  0.569378  0.00592441
860  0.342807  0.00272866  0.569274  0.00593033
861  0.342802  0.00272854  0.569249  0.00593134
862  0.342796  0.0027284  0.569274  0.00593033
863  0.342796  0.0027284  0.569274  0.00593033
864  0.342789  0.00272843  0.569266  0.00593016
865  0.342788  0.00272843  0.569266  0.00593016
866  0.342783  0.0027283  0.569266  0.00593016
867  0.342778  0.00272819  0.569429  0.00592535
868  0.342764  0.00272805  0.569309  0.00592545
869  0.342757  0.00272794  0.569309  0.00592975
870  0.342749  0.00272786  0.569395  0.0059298
871  0.342741  0.0027279  0.569412  0.00592654
872  0.342736  0.00272786  0.569507  0.00592598
873  0.342727  0.00272783  0.569515  0.00592603
874  0.342723  0.00272778  0.569524  0.00592572
875  0.342714  0.00272771  0.569515  0.00592616
876  0.342711  0.00272767  0.569524  0.00592736
877  0.342699  0.00272765  0.56936  0.00593279
878  0.342688  0.00272747  0.569395  0.00593242
879  0.342686  0.00272744  0.569481  0.00592985
880  0.342684  0.00272736  0.569644  0.00592367
881  0.342673  0.00272715  0.569782  0.00592029
882  0.34267  0.00272707  0.569799  0.00591962
883  0.342657  0.00272694  0.569859  0.00591835
884  0.342654  0.00272692  0.569859  0.00591835
885  0.342652  0.00272687  0.569859  0.00591835
886  0.342651  0.00272684  0.569842  0.00591852
887  0.34265  0.00272686  0.569842  0.00591852
888  0.342642  0.00272678  0.569893  0.00591854
889  0.342634  0.0027268  0.569902  0.00591833
890  0.342631  0.00272674  0.569988  0.00591701
891  0.342629  0.00272671  0.570005  0.0059172
892  0.342624  0.00272667  0.570108  0.00591174
893  0.342624  0.00272666  0.570117  0.00591133
894  0.342622  0.0027266  0.570108  0.0059064
895  0.342621  0.00272654  0.570091  0.00590724
896  0.342619  0.00272649  0.570091  0.00590724
897  0.342615  0.00272649  0.570091  0.00590724
898  0.342615  0.00272649  0.570091  0.00590724
899  0.342608  0.00272635  0.570091  0.00590724
900  0.342608  0.00272635  0.570091  0.00590724
901  0.342606  0.00272635  0.570091  0.00590724
902  0.342601  0.00272625  0.570186  0.00590369
903  0.342599  0.00272621  0.570186  0.00590433
904  0.342598  0.00272623  0.570186  0.00590433
905  0.342597  0.00272623  0.570246  0.00590151
906  0.342596  0.00272627  0.570246  0.00590151
907  0.342596  0.00272625  0.570332  0.00589642
908  0.342594  0.00272626  0.570332  0.00589642
909  0.342593  0.00272627  0.570332  0.00589642
910  0.342588  0.00272639  0.570332  0.00589642
911  0.342588  0.00272639  0.570332  0.00589642
912  0.342586  0.00272649  0.570332  0.00589642
913  0.342586  0.00272647  0.570332  0.00589642
914  0.342584  0.00272647  0.570332  0.00589642
915  0.342564  0.00272629  0.570349  0.00589624
916  0.342562  0.00272633  0.570358  0.00589586
917  0.342555  0.00272629  0.570358  0.00589586
918  0.342549  0.00272621  0.570469  0.00589225
919  0.342547  0.0027262  0.570469  0.00589225
920  0.342535  0.00272603  0.570444  0.00589217
921  0.342534  0.00272603  0.570444  0.00589217
922  0.342534  0.00272603  0.570444  0.00589217
923  0.342534  0.00272601  0.570693  0.00588447
924  0.342532  0.00272597  0.570736  0.0058833
925  0.342528  0.00272589  0.570641  0.00588597
926  0.342524  0.00272604  0.570676  0.00588509
927  0.342524  0.00272604  0.570676  0.00588509
928  0.342512  0.00272613  0.570676  0.00588509
929  0.342511  0.00272611  0.570676  0.00588509
930  0.34251  0.0027261  0.570676  0.00588509
931  0.342505  0.002726  0.570865  0.00587993
932  0.342504  0.00272602  0.570865  0.00587993
933  0.342502  0.00272602  0.570865  0.00587993
934  0.342496  0.00272601  0.570865  0.00587993
935  0.342496  0.002726  0.570865  0.00587993
936  0.342492  0.00272587  0.570865  0.00587993
937  0.342492  0.00272587  0.570865  0.00587993
938  0.342487  0.0027259  0.570779  0.00588504
939  0.342483  0.00272575  0.570813  0.00588284
940  0.342483  0.00272576  0.570813  0.00588284
941  0.342472  0.00272547  0.570865  0.00587993
942  0.342468  0.00272543  0.570865  0.00587993
943  0.342464  0.00272531  0.570865  0.00587993
944  0.342455  0.00272526  0.571088  0.00587044
945  0.34245  0.00272521  0.571037  0.00587125
946  0.342442  0.00272513  0.571114  0.00587004
947  0.342438  0.00272503  0.571071  0.00587187
948  0.342427  0.00272494  0.571071  0.00587187
949  0.342414  0.00272486  0.571071  0.00587187
950  0.342414  0.00272486  0.571071  0.00587187
951  0.342413  0.00272486  0.571071  0.00587187
952  0.342403  0.00272491  0.571071  0.00587187
953  0.342401  0.00272491  0.571071  0.00587187
954  0.342401  0.00272491  0.571071  0.00587187
955  0.342399  0.0027249  0.571071  0.00587187
956  0.342399  0.0027249  0.571063  0.00587244
957  0.342396  0.00272484  0.570916  0.00588013
958  0.342394  0.00272479  0.570908  0.00588008
959  0.342393  0.00272479  0.570916  0.00588013
960  0.342393  0.00272479  0.570916  0.00588013
961  0.342393  0.00272479  0.570916  0.00588013
962  0.342392  0.00272476  0.570891  0.00588164
963  0.342384  0.00272469  0.570762  0.00588925
964  0.34238  0.00272466  0.570676  0.00589059
965  0.342379  0.00272463  0.570495  0.00589959
966  0.342377  0.00272459  0.570504  0.00589903
967  0.342376  0.00272455  0.570452  0.00590186
968  0.342372  0.00272442  0.570478  0.00590039
969  0.342367  0.00272449  0.570478  0.00590039
970  0.342363  0.00272437  0.570641  0.00589213
971  0.342357  0.00272435  0.570659  0.00589116
972  0.342352  0.00272433  0.570659  0.00589116
973  0.342349  0.00272438  0.570659  0.00589116
974  0.342346  0.00272432  0.570856  0.00588332
975  0.342344  0.00272427  0.570805  0.00588575
976  0.342343  0.00272427  0.570805  0.00588575
977  0.342343  0.00272427  0.570805  0.00588575
978  0.342343  0.00272427  0.570805  0.00588575
979  0.342343  0.00272428  0.570805  0.00588575
980  0.342342  0.00272427  0.570805  0.00588575
981  0.342336  0.00272423  0.57083  0.00588544
982  0.342336  0.00272422  0.570873  0.00588336
983  0.342332  0.00272408  0.570968  0.00587918
984  0.342332  0.00272408  0.570968  0.00587918
985  0.34233  0.00272409  0.570968  0.00587918
986  0.342325  0.00272395  0.570925  0.00588099
987  0.342324  0.00272393  0.570977  0.00587913
988  0.342322  0.00272393  0.570977  0.00587913
989  0.342322  0.00272393  0.570977  0.00587913
990  0.342316  0.00272396  0.570977  0.00587913
991  0.342312  0.00272384  0.570942  0.00588052
992  0.342307  0.00272383  0.570985  0.00588001
993  0.342306  0.00272383  0.570985  0.00588001
994  0.342296  0.00272355  0.570719  0.00588916
995  0.342293  0.00272354  0.57077  0.005887
996  0.34229  0.00272347  0.570684  0.00588834
997  0.342285  0.00272335  0.57071  0.00588732
998  0.342279  0.00272331  0.570624  0.00589242
999  0.342278  0.0027233  0.570624  0.00589242
1000  0.342278  0.0027233  0.570624  0.00589242
1001  0.342266  0.00272317  0.570607  0.00589831
1002  0.342266  0.00272317  0.570607  0.00589831
1003  0.342266  0.00272317  0.570607  0.00589831
1004  0.342264  0.00272312  0.570607  0.00589831
1005  0.342258  0.00272315  0.570607  0.00589831
1006  0.342256  0.00272315  0.57065  0.00589686
1007  0.34224  0.00272284  0.570616  0.00589739
1008  0.342236  0.00272275  0.570616  0.00589712
1009  0.342236  0.00272273  0.570573  0.00589794
1010  0.342223  0.00272242  0.570667  0.0058964
1011  0.34222  0.00272235  0.570667  0.0058964
1012  0.342217  0.0027223  0.570667  0.0058964
1013  0.342215  0.00272224  0.570676  0.00589596
1014  0.34221  0.00272222  0.570676  0.00589596
1015  0.342204  0.00272218  0.570744  0.00589278
1016  0.342204  0.00272218  0.570744  0.00589278
1017  0.342202  0.00272216  0.570744  0.00589278
1018  0.342202  0.00272216  0.570744  0.00589278
1019  0.342199  0.00272215  0.570667  0.00589873
1020  0.342197  0.00272209  0.570495  0.00590529
1021  0.342194  0.00272208  0.570469  0.00590544
1022  0.34219  0.00272203  0.570555  0.0059016
1023  0.342182  0.00272201  0.570555  0.0059016
1024  0.342181  0.00272206  0.570641  0.00589651
1025  0.342179  0.00272208  0.570641  0.00589651
1026  0.342176  0.0027221  0.570641  0.00589651
1027  0.342171  0.00272209  0.570641  0.00589651
1028  0.342168  0.002722  0.570487  0.00590332
1029  0.342167  0.00272203  0.570487  0.00590332
1030  0.342165  0.00272196  0.570323  0.00590764
1031  0.342148  0.0027219  0.570409  0.0059038
1032  0.342142  0.00272184  0.570358  0.0059055
1033  0.34214  0.00272182  0.570358  0.0059055
1034  0.34213  0.00272191  0.570358  0.0059055
1035  0.342124  0.00272185  0.570461  0.00590199
1036  0.342116  0.00272192  0.570461  0.00590199
1037  0.342115  0.0027219  0.570487  0.00590119
1038  0.342114  0.00272186  0.570521  0.00590001
1039  0.342114  0.00272187  0.570521  0.00590001
1040  0.342113  0.00272186  0.570521  0.00590001
1041  0.342113  0.00272184  0.570401  0.00590363
1042  0.34211  0.00272178  0.570573  0.0058972
1043  0.342105  0.00272165  0.570676  0.00589424
1044  0.342095  0.00272142  0.571106  0.00587748
1045  0.342092  0.00272133  0.571166  0.00587659
1046  0.342088  0.00272122  0.571002  0.00588356
1047  0.342077  0.00272102  0.570994  0.00588364
1048  0.342074  0.00272102  0.570994  0.00588364
1049  0.342057  0.00272098  0.57108  0.00588104
1050  0.342045  0.00272112  0.57108  0.00588104
1051  0.342041  0.00272122  0.571037  0.0058803
1052  0.342037  0.00272114  0.570968  0.00588167
1053  0.342037  0.00272114  0.570968  0.00588167
1054  0.342032  0.00272103  0.570968  0.00588167
1055  0.342028  0.00272105  0.570968  0.00588167
1056  0.34202  0.00272088  0.571002  0.00588048
1057  0.34202  0.00272086  0.570994  0.00588094
1058  0.342012  0.00272086  0.571054  0.00587847
1059  0.34201  0.00272081  0.570968  0.00588145
1060  0.342002  0.00272076  0.571011  0.00587962
1061  0.341996  0.00272084  0.571011  0.00587962
1062  0.341995  0.00272079  0.571157  0.00587228
1063  0.341991  0.00272079  0.571166  0.00587209
1064  0.341984  0.00272073  0.571243  0.00586842
1065  0.341978  0.00272065  0.571449  0.005862
1066  0.341967  0.00272028  0.571441  0.00586219
1067  0.341964  0.0027202  0.571441  0.00586219
1068  0.341958  0.00272008  0.571492  0.00585991
1069  0.341948  0.00271984  0.571492  0.00585981
1070  0.34193  0.00272021  0.571587  0.00585963
1071  0.341925  0.00272032  0.571587  0.00585963
1072  0.341921  0.00272038  0.571329  0.00587125
1073  0.341908  0.00272047  0.571329  0.00587125
1074  0.341906  0.00272043  0.571338  0.00587117
1075  0.341906  0.00272043  0.571338  0.00587117
1076  0.341905  0.0027204  0.571363  0.0058695
1077  0.341895  0.00272004  0.571363  0.00586864
1078  0.341895  0.00272003  0.571363  0.00586864
1079  0.341893  0.00271998  0.571243  0.00587529
1080  0.341893  0.00271998  0.571243  0.00587529
1081  0.341878  0.00271982  0.571286  0.00587337
1082  0.341877  0.00271982  0.571441  0.00586504
1083  0.341877  0.00271981  0.571432  0.0058653
1084  0.341873  0.00271974  0.571492  0.00586371
1085  0.341869  0.00271972  0.571449  0.00586423
1086  0.341868  0.00271969  0.571441  0.00586444
1087  0.341867  0.00271968  0.571441  0.00586444
1088  0.341864  0.00271968  0.571484  0.00586392
1089  0.341862  0.00271968  0.571484  0.00586392
1090  0.341862  0.00271968  0.571484  0.00586392
1091  0.341861  0.0027197  0.571518  0.00586186
1092  0.341857  0.00271967  0.571518  0.00586186
1093  0.341856  0.00271967  0.571518  0.00586186
1094  0.341854  0.00271966  0.571518  0.00586186
1095  0.341851  0.00271965  0.571518  0.00586186
1096  0.341848  0.0027196  0.571286  0.00586752
1097  0.341845  0.00271957  0.571303  0.00586697
1098  0.341839  0.00271949  0.571269  0.00586812
1099  0.341833  0.00271948  0.571269  0.00586812
1100  0.34183  0.00271939  0.571441  0.00586163
1101  0.341829  0.00271939  0.571441  0.00586163
1102  0.341826  0.00271936  0.57151  0.00585939
1103  0.341825  0.00271935  0.571518  0.00585907
1104  0.341823  0.00271931  0.571518  0.00585907
1105  0.341823  0.00271931  0.571518  0.00585907
1106  0.341818  0.00271921  0.571604  0.00585772
1107  0.341817  0.0027192  0.571604  0.00585772
1108  0.341806  0.00271911  0.571518  0.0058616
1109  0.341789  0.00271908  0.571518  0.0058616
1110  0.341787  0.00271907  0.571621  0.00585619
1111  0.341783  0.00271893  0.571527  0.00585917
1112  0.341781  0.00271888  0.571518  0.00585984
1113  0.341773  0.00271882  0.571458  0.00586242
1114  0.341773  0.00271882  0.571449  0.00586284
1115  0.341767  0.00271881  0.571363  0.00586419
1116  0.341761  0.00271878  0.571363  0.00586419
1117  0.34176  0.00271881  0.571363  0.00586419
1118  0.341753  0.00271888  0.571363  0.00586419
1119  0.341751  0.00271888  0.571363  0.00586419
1120  0.341749  0.00271886  0.571363  0.00586419
1121  0.341734  0.00271871  0.571363  0.00586419
1122  0.341722  0.00271875  0.571363  0.00586419
1123  0.341718  0.00271885  0.571363  0.00586419
1124  0.341716  0.00271884  0.571338  0.00586447
1125  0.34171  0.00271871  0.571346  0.00586436
1126  0.341706  0.00271872  0.571346  0.00586436
1127  0.3417  0.00271872  0.571346  0.00586436
1128  0.341696  0.00271862  0.571458  0.00586072
1129  0.34168  0.00271828  0.571458  0.00586072
1130  0.341679  0.00271823  0.571458  0.00586072
1131  0.341678  0.00271825  0.571458  0.00586072
1132  0.341676  0.00271824  0.571467  0.00586064
1133  0.341671  0.00271821  0.571467  0.00586064
1134  0.341668  0.00271817  0.571372  0.00586497
1135  0.341661  0.00271815  0.571372  0.00586497
1136  0.341657  0.00271819  0.571372  0.00586497
1137  0.341646  0.0027183  0.571372  0.00586497
1138  0.341641  0.00271828  0.571312  0.0058687
1139  0.341637  0.00271822  0.57151  0.00586603
1140  0.341636  0.00271818  0.57151  0.00586603
1141  0.341631  0.00271805  0.571527  0.00586511
1142  0.341625  0.00271792  0.571664  0.00586234
1143  0.341623  0.002718  0.571664  0.00586234
1144  0.341622  0.002718  0.571664  0.00586234
1145  0.341622  0.002718  0.571664  0.00586234
1146  0.341613  0.00271778  0.571458  0.00587189
1147  0.341611  0.00271776  0.571458  0.00587189
1148  0.341599  0.00271773  0.571484  0.00587162
1149  0.341595  0.00271763  0.571458  0.00587329
1150  0.341595  0.00271763  0.571458  0.00587329
1151  0.341587  0.00271748  0.571484  0.00587336
1152  0.341579  0.00271772  0.571484  0.00587336
1153  0.341579  0.00271772  0.571484  0.00587336
1154  0.341577  0.00271771  0.571484  0.00587336
1155  0.341575  0.00271763  0.571484  0.00587336
1156  0.341566  0.00271747  0.571561  0.00587322
1157  0.341564  0.00271744  0.57157  0.00587265
1158  0.341562  0.0027174  0.571578  0.00587209
1159  0.34156  0.00271737  0.571578  0.00587209
1160  0.341559  0.00271737  0.571578  0.00587209
1161  0.341558  0.00271737  0.571578  0.00587209
1162  0.341552  0.00271718  0.571656  0.00586787
1163  0.341552  0.00271717  0.571656  0.00586787
1164  0.341549  0.00271714  0.571707  0.00586562
1165  0.341544  0.00271712  0.57169  0.00586632
1166  0.341542  0.00271709  0.57169  0.00586632
1167  0.341541  0.00271714  0.57169  0.00586632
1168  0.341539  0.00271714  0.57169  0.00586632
1169  0.341538  0.00271713  0.571725  0.00586563
1170  0.341532  0.00271699  0.571621  0.00586647
1171  0.341531  0.00271698  0.571621  0.00586647
1172  0.34153  0.00271699  0.571621  0.00586647
1173  0.341524  0.00271685  0.571621  0.00586647
1174  0.34152  0.00271674  0.571647  0.0058648
1175  0.341519  0.00271676  0.571647  0.0058648
1176  0.341505  0.00271679  0.571475  0.0058738
1177  0.341504  0.00271676  0.571475  0.0058738
1178  0.341493  0.00271665  0.571475  0.0058738
1179  0.34149  0.00271659  0.571475  0.0058738
1180  0.341488  0.00271651  0.571475  0.0058738
1181  0.341488  0.00271651  0.571475  0.0058738
1182  0.341485  0.00271649  0.571398  0.00587394
1183  0.341477  0.00271658  0.571398  0.00587394
1184  0.341476  0.00271658  0.571398  0.00587394
1185  0.341476  0.00271658  0.571398  0.00587394
1186  0.341473  0.00271655  0.571398  0.00587394
1187  0.341471  0.00271663  0.571398  0.00587394
1188  0.341468  0.00271662  0.571398  0.00587394
1189  0.341465  0.00271658  0.571467  0.00587074
1190  0.341449  0.00271657  0.571725  0.00586632
1191  0.341445  0.00271655  0.571725  0.00586632
1192  0.341439  0.00271642  0.571802  0.00586289
1193  0.341439  0.00271642  0.571802  0.00586289
1194  0.341429  0.00271629  0.571914  0.00585924
1195  0.341428  0.00271627  0.571888  0.00586019
1196  0.34142  0.00271629  0.571957  0.00585795
1197  0.341414  0.00271633  0.571957  0.00585795
1198  0.341413  0.00271631  0.571957  0.00585795
1199  0.341408  0.00271623  0.571871  0.00585931
1200  0.341408  0.00271623  0.571871  0.00585931
1201  0.341405  0.00271628  0.571871  0.00585931
1202  0.341394  0.00271619  0.571742  0.00586225
1203  0.341391  0.00271618  0.571776  0.00586095
1204  0.34139  0.00271615  0.571759  0.00586158
1205  0.341387  0.00271625  0.571759  0.00586158
1206  0.341387  0.00271625  0.571759  0.00586158
1207  0.341387  0.00271625  0.571759  0.00586158
1208  0.341382  0.0027162  0.571673  0.00586293
1209  0.341376  0.00271611  0.571578  0.00586449
1210  0.341374  0.00271606  0.571656  0.00586119
1211  0.341374  0.00271606  0.571656  0.00586119
1212  0.341373  0.00271605  0.571656  0.00586119
1213  0.341368  0.00271603  0.571656  0.00586119
1214  0.341368  0.00271603  0.571656  0.00586119
1215  0.341368  0.00271603  0.571656  0.00586119
1216  0.341368  0.00271603  0.571656  0.00586119
1217  0.341365  0.00271592  0.571656  0.00586119
1218  0.341365  0.00271592  0.571656  0.00586119
1219  0.34135  0.00271573  0.571733  0.00585991
1220  0.34135  0.00271572  0.571733  0.00585991
1221  0.341347  0.00271574  0.571733  0.00585991
1222  0.341346  0.00271574  0.571733  0.00585991
1223  0.341346  0.00271574  0.571733  0.00585991
1224  0.341346  0.00271574  0.571733  0.00585991
1225  0.341345  0.00271575  0.571733  0.00585991
1226  0.341341  0.00271582  0.571733  0.00585991
1227  0.341327  0.00271567  0.571682  0.00586063
1228  0.341327  0.00271567  0.571682  0.00586063
1229  0.341326  0.00271563  0.571596  0.00586199
1230  0.341322  0.00271559  0.571639  0.00586115
1231  0.341322  0.00271559  0.571664  0.00586012
1232  0.34132  0.00271556  0.571647  0.00586072
1233  0.341318  0.00271553  0.571733  0.0058581
1234  0.341314  0.0027155  0.571733  0.0058581
1235  0.341313  0.0027155  0.571733  0.0058581
1236  0.341313  0.0027155  0.571733  0.0058581
1237  0.341312  0.00271549  0.571733  0.0058581
1238  0.34131  0.00271545  0.571776  0.00585758
1239  0.341309  0.00271543  0.571776  0.00585758
1240  0.341308  0.00271543  0.571776  0.00585758
1241  0.341303  0.00271531  0.571965  0.00584792
1242  0.341298  0.0027152  0.571785  0.0058547
1243  0.341298  0.0027152  0.571785  0.0058547
1244  0.341295  0.00271519  0.571785  0.0058547
1245  0.341295  0.00271519  0.571785  0.0058547
1246  0.341295  0.00271519  0.571785  0.0058547
1247  0.341291  0.00271514  0.571793  0.00585426
1248  0.341289  0.00271509  0.571759  0.00585546
1249  0.341289  0.00271509  0.571759  0.00585546
1250  0.341289  0.00271509  0.571759  0.00585546
1251  0.341288  0.00271507  0.571733  0.00585675
1252  0.341287  0.00271508  0.57175  0.00585567
1253  0.341284  0.00271503  0.571871  0.00584953
1254  0.34128  0.00271486  0.571888  0.00584885
1255  0.341274  0.00271483  0.571802  0.005854
1256  0.341274  0.00271483  0.571802  0.005854
1257  0.341272  0.00271477  0.57169  0.00585601
1258  0.341269  0.00271472  0.571604  0.00586115
1259  0.341269  0.00271471  0.571759  0.00585576
1260  0.341268  0.0027147  0.571802  0.00585454
1261  0.341267  0.00271466  0.571802  0.00585465
1262  0.341259  0.00271451  0.571811  0.00585433
1263  0.341258  0.00271447  0.571716  0.00585992
1264  0.341255  0.00271438  0.571716  0.00585992
1265  0.341252  0.00271426  0.571768  0.00585877
1266  0.341246  0.00271417  0.571673  0.00586158
1267  0.341243  0.00271416  0.571673  0.00586158
1268  0.341241  0.00271412  0.571578  0.00586389
1269  0.341238  0.00271402  0.571819  0.00585302
1270  0.341238  0.00271402  0.571819  0.00585302
1271  0.341237  0.00271401  0.571819  0.00585302
1272  0.341236  0.00271403  0.571819  0.00585302
1273  0.341236  0.00271403  0.571819  0.00585302
1274  0.341234  0.00271402  0.571819  0.00585302
1275  0.341234  0.00271402  0.571819  0.00585302
1276  0.341234  0.00271402  0.571819  0.00585302
1277  0.341234  0.00271402  0.571845  0.0058521
1278  0.34123  0.0027139  0.571845  0.0058521
1279  0.341223  0.00271375  0.571931  0.00585062
1280  0.34121  0.0027137  0.571931  0.00585062
1281  0.34121  0.0027137  0.571931  0.00585062
1282  0.34121  0.0027137  0.571931  0.00585062
1283  0.341208  0.00271364  0.571931  0.00585062
1284  0.341206  0.00271357  0.572  0.00584943
1285  0.341203  0.00271349  0.571982  0.00584965
1286  0.3412  0.00271347  0.572154  0.00584566
1287  0.341199  0.00271345  0.572154  0.00584566
1288  0.341195  0.00271336  0.572154  0.00584566
1289  0.34119  0.00271336  0.572154  0.00584566
1290  0.34119  0.00271335  0.572232  0.00584221
1291  0.34119  0.00271335  0.572232  0.00584221
1292  0.34119  0.00271335  0.572232  0.00584221
1293  0.341175  0.00271348  0.572232  0.00584437
1294  0.341168  0.00271334  0.57206  0.00584836
1295  0.341165  0.00271332  0.57206  0.00584836
1296  0.341161  0.00271331  0.57206  0.00584836
1297  0.34116  0.0027133  0.572068  0.00584816
1298  0.341154  0.00271331  0.572068  0.00584816
1299  0.341152  0.0027133  0.572068  0.00584816
1300  0.34115  0.00271329  0.572068  0.00584816
1301  0.341149  0.00271329  0.572068  0.00584816
1302  0.341149  0.00271329  0.572068  0.00584816
1303  0.341149  0.00271329  0.572068  0.00584816
1304  0.341145  0.00271331  0.572068  0.00584816
1305  0.341144  0.00271331  0.572068  0.00584816
1306  0.34114  0.00271329  0.572154  0.00584807
1307  0.341133  0.00271327  0.572137  0.00584798
1308  0.341122  0.00271304  0.572258  0.00584476
1309  0.34112  0.00271304  0.572275  0.00584461
1310  0.341115  0.00271288  0.572215  0.00584627
1311  0.34111  0.00271284  0.572301  0.00584364
1312  0.341107  0.00271284  0.572301  0.00584364
1313  0.341103  0.00271282  0.572301  0.00584364
1314  0.341102  0.00271281  0.572301  0.00584364
1315  0.341102  0.00271281  0.572301  0.00584364
1316  0.341099  0.00271276  0.572309  0.00584319
1317  0.341096  0.00271275  0.572301  0.00584364
1318  0.341092  0.00271264  0.572301  0.00584364
1319  0.34109  0.00271258  0.572129  0.00585016
1320  0.341088  0.00271258  0.572129  0.00585016
1321  0.341086  0.00271254  0.572472  0.00583711
1322  0.341085  0.0027125  0.572464  0.00583743
1323  0.341077  0.00271225  0.572524  0.00583373
1324  0.341076  0.00271222  0.572584  0.00583024
1325  0.341066  0.00271236  0.572722  0.00582256
1326  0.341063  0.0027123  0.572722  0.00582256
1327  0.341063  0.0027123  0.572722  0.00582256
1328  0.341063  0.0027123  0.572722  0.00582256
1329  0.34106  0.00271228  0.572722  0.00582256
1330  0.341058  0.0027122  0.572808  0.00581864
1331  0.341058  0.0027122  0.572808  0.00581864
1332  0.341058  0.00271218  0.572765  0.00582063
1333  0.341055  0.00271216  0.572782  0.0058198
1334  0.341053  0.00271216  0.572782  0.0058198
1335  0.341052  0.00271216  0.572782  0.0058198
1336  0.341051  0.00271215  0.57273  0.005822
1337  0.341051  0.00271215  0.57273  0.005822
1338  0.341049  0.00271213  0.572765  0.00582211
1339  0.341042  0.00271213  0.572593  0.00582612
1340  0.341042  0.00271212  0.572593  0.00582612
1341  0.341034  0.00271216  0.572593  0.00582612
1342  0.34103  0.00271225  0.572593  0.00582612
1343  0.341026  0.00271224  0.572593  0.00582612
1344  0.341023  0.00271223  0.572593  0.00582612
1345  0.341023  0.00271222  0.572593  0.00582612
1346  0.341021  0.00271217  0.572593  0.00582612
1347  0.341009  0.00271199  0.57273  0.00582128
1348  0.341004  0.00271187  0.572765  0.00581957
1349  0.341002  0.00271188  0.572765  0.00581957
1350  0.340995  0.00271169  0.572911  0.00581647
1351  0.340988  0.00271161  0.572911  0.00581647
1352  0.340986  0.00271155  0.572911  0.00581647
1353  0.340981  0.00271135  0.572954  0.00581562
1354  0.340981  0.00271135  0.572954  0.00581562
1355  0.340977  0.00271133  0.572954  0.00581562
1356  0.340975  0.0027113  0.572902  0.00581889
1357  0.340974  0.00271128  0.572902  0.00581889
1358  0.340974  0.00271128  0.572902  0.00581889
1359  0.340974  0.00271128  0.572902  0.00581889
1360  0.340974  0.00271128  0.572902  0.00581889
1361  0.340968  0.0027113  0.572902  0.00581889
1362  0.340965  0.00271129  0.572859  0.00581942
1363  0.340954  0.00271132  0.572851  0.00581975
1364  0.340954  0.00271132  0.572851  0.00581975
1365  0.340952  0.00271126  0.572988  0.00581469
1366  0.340951  0.00271125  0.572997  0.00581456
1367  0.340951  0.00271125  0.572997  0.00581456
1368  0.340951  0.00271125  0.572997  0.00581456
1369  0.340941  0.00271093  0.57316  0.00580704
1370  0.340939  0.00271088  0.57347  0.00579472
1371  0.340937  0.00271083  0.573478  0.00579439
1372  0.340933  0.0027108  0.573478  0.00579439
1373  0.340931  0.00271076  0.573478  0.00579439
1374  0.340927  0.00271072  0.57347  0.00579477
1375  0.340926  0.00271072  0.57347  0.00579477
1376  0.340921  0.00271064  0.573496  0.00579411
1377  0.34092  0.00271066  0.573496  0.00579411
1378  0.340915  0.00271077  0.573496  0.00579411
1379  0.340915  0.00271077  0.573496  0.00579411
1380  0.340913  0.00271068  0.573487  0.00579456
1381  0.340912  0.00271067  0.573487  0.00579456
1382  0.340908  0.00271065  0.573487  0.00579456
1383  0.340908  0.00271063  0.573487  0.00579456
1384  0.340905  0.00271056  0.573487  0.00579456
1385  0.340903  0.00271052  0.573496  0.00579424
1386  0.340903  0.00271052  0.573496  0.00579424
1387  0.340898  0.00271037  0.573581  0.00579029
1388  0.340898  0.00271037  0.573581  0.00579029
1389  0.340898  0.00271037  0.573581  0.00579029
1390  0.340898  0.00271037  0.573581  0.00579029
1391  0.340894  0.00271027  0.573504  0.0057939
1392  0.340887  0.00271028  0.573504  0.0057939
1393  0.340886  0.00271028  0.573504  0.0057939
1394  0.34088  0.00271027  0.573504  0.0057939
1395  0.340879  0.00271026  0.573478  0.00579533
1396  0.340874  0.00271025  0.573453  0.00579599
1397  0.340868  0.0027102  0.573444  0.00579617
1398  0.340868  0.0027102  0.573444  0.00579617
1399  0.340868  0.0027102  0.573444  0.00579617
1400  0.340868  0.00271019  0.57353  0.0057935
1401  0.340867  0.00271017  0.573521  0.00579371
1402  0.340867  0.00271017  0.573521  0.00579371
1403  0.340865  0.00271011  0.573599  0.00579022
1404  0.340864  0.00271008  0.573599  0.00579022
1405  0.340862  0.00271005  0.573607  0.00578989
1406  0.340862  0.00271004  0.573607  0.00578989
1407  0.340862  0.00271004  0.573607  0.00578989
1408  0.340861  0.00271002  0.573659  0.00578822
1409  0.340852  0.00271012  0.573573  0.00578833
1410  0.340844  0.00271007  0.573504  0.00579235
1411  0.340838  0.00270998  0.57353  0.00579169
1412  0.340838  0.00270998  0.57353  0.00579169
1413  0.340829  0.00270995  0.573418  0.00579822
1414  0.340828  0.00270992  0.573418  0.00579822
1415  0.340826  0.00270989  0.573418  0.00579822
1416  0.340824  0.00270984  0.573539  0.00579413
1417  0.340818  0.00270982  0.573539  0.00579413
1418  0.340817  0.00270978  0.573547  0.00579407
1419  0.340812  0.00270967  0.573547  0.00579407
1420  0.340808  0.00270962  0.573513  0.00579493
1421  0.340803  0.00270953  0.57353  0.00579447
1422  0.340799  0.00270944  0.57353  0.00579447
1423  0.340796  0.0027094  0.57353  0.00579447
1424  0.340796  0.0027094  0.57353  0.00579447
1425  0.340795  0.00270941  0.57353  0.00579447
1426  0.340791  0.00270942  0.57359  0.00579095
1427  0.34079  0.00270945  0.57359  0.00579095
1428  0.34079  0.00270945  0.57359  0.00579095
1429  0.34079  0.00270945  0.57359  0.00579095
1430  0.34079  0.00270944  0.573487  0.00579277
1431  0.34079  0.00270944  0.573487  0.00579277
1432  0.340789  0.00270944  0.573487  0.00579277
1433  0.340781  0.00270941  0.573487  0.00579277
1434  0.340781  0.0027094  0.573556  0.00578931
1435  0.34078  0.00270938  0.573719  0.00578583
1436  0.340776  0.00270927  0.573719  0.00578583
1437  0.340772  0.00270924  0.573719  0.00578583
1438  0.340772  0.00270924  0.573719  0.00578583
1439  0.340769  0.00270918  0.573796  0.00578567
1440  0.340768  0.00270918  0.573796  0.00578567
1441  0.340766  0.00270909  0.573702  0.00578958
1442  0.340766  0.00270909  0.573702  0.00578958
1443  0.340766  0.00270909  0.573702  0.00578958
1444  0.340766  0.00270909  0.573702  0.00578958
1445  0.340764  0.00270906  0.57371  0.00578555
1446  0.340764  0.00270906  0.57371  0.00578555
1447  0.340756  0.00270896  0.573556  0.00579128
1448  0.340752  0.0027089  0.573539  0.00579217
1449  0.340751  0.0027089  0.57371  0.00578555
1450  0.340751  0.00270888  0.57371  0.00578555
1451  0.340745  0.00270877  0.573607  0.00579014
1452  0.340745  0.00270877  0.573607  0.00579014
1453  0.340744  0.00270877  0.573607  0.00579014
1454  0.340741  0.00270876  0.573607  0.00579014
1455  0.340741  0.00270877  0.573607  0.00579014
1456  0.340741  0.00270877  0.573607  0.00579014
1457  0.340739  0.00270875  0.573607  0.00579014
1458  0.340739  0.00270873  0.573599  0.00579072
1459  0.340738  0.00270873  0.573599  0.00579072
1460  0.340736  0.00270879  0.573599  0.00579072
1461  0.340736  0.00270879  0.573599  0.00579072
1462  0.340736  0.00270879  0.573599  0.00579072
1463  0.340735  0.00270883  0.573599  0.00579072
1464  0.340727  0.00270909  0.573607  0.00579065
1465  0.340722  0.00270894  0.573599  0.00579072
1466  0.340716  0.0027089  0.573599  0.00579072
1467  0.340715  0.00270884  0.573633  0.00579031
1468  0.340713  0.0027088  0.573633  0.00579031
1469  0.340712  0.00270879  0.573633  0.00579031
1470  0.340711  0.00270878  0.573676  0.00578914
1471  0.340708  0.00270873  0.573676  0.00578914
1472  0.340705  0.00270867  0.573676  0.00578914
1473  0.34069  0.00270847  0.573573  0.00579405
1474  0.340686  0.00270835  0.57353  0.00579605
1475  0.340686  0.00270835  0.57353  0.00579605
1476  0.340685  0.00270837  0.57353  0.00579605
1477  0.34068  0.00270826  0.573685  0.00579145
1478  0.340678  0.00270826  0.573685  0.00579145
1479  0.340678  0.00270826  0.573685  0.00579145
1480  0.340668  0.00270841  0.573676  0.00579118
1481  0.340661  0.00270825  0.573676  0.00579118
1482  0.34066  0.00270823  0.573676  0.00579118
1483  0.340644  0.00270779  0.573753  0.00579102
1484  0.340639  0.00270774  0.573779  0.00578807
1485  0.340638  0.00270772  0.573788  0.00578771
1486  0.340633  0.00270763  0.573771  0.00578844
1487  0.340631  0.00270758  0.573719  0.0057892
1488  0.340631  0.00270758  0.573719  0.0057892
1489  0.340631  0.00270758  0.573719  0.0057892
1490  0.340631  0.00270758  0.573719  0.0057892
1491  0.340624  0.0027077  0.573719  0.0057892
1492  0.340623  0.00270769  0.573719  0.0057892
1493  0.340623  0.00270769  0.573719  0.0057892
1494  0.340621  0.00270768  0.573719  0.0057892
1495  0.34062  0.00270763  0.573719  0.0057892
1496  0.340618  0.00270769  0.573719  0.0057892
1497  0.340618  0.00270769  0.573719  0.0057892
1498  0.340612  0.00270754  0.573788  0.00578809
1499  0.340612  0.00270753  0.573788  0.00578809
1500  0.34061  0.00270748  0.573796  0.00578697
1501  0.340608  0.00270746  0.573788  0.00578709
1502  0.3406  0.00270747  0.573599  0.00579689
1503  0.340596  0.00270745  0.573599  0.00579689
1504  0.340595  0.0027074  0.573599  0.00579689
1505  0.340587  0.0027074  0.573728  0.00578697
1506  0.340579  0.00270745  0.573693  0.00578675
1507  0.340579  0.00270745  0.573693  0.00578675
1508  0.34057  0.00270736  0.573702  0.00578678
1509  0.34057  0.00270736  0.573616  0.00578945
1510  0.340568  0.00270734  0.573624  0.00578913
1511  0.340564  0.00270724  0.573539  0.00579065
1512  0.340564  0.00270724  0.573539  0.00579065
1513  0.340564  0.00270724  0.573539  0.00579065
1514  0.340554  0.00270721  0.573564  0.00578971
1515  0.34055  0.00270722  0.573539  0.00579042
1516  0.34055  0.00270722  0.573539  0.00579042
1517  0.340549  0.00270722  0.573539  0.00579042
1518  0.340538  0.00270694  0.573547  0.00578652
1519  0.340538  0.00270694  0.573547  0.00578652
1520  0.340538  0.00270693  0.573676  0.00578011
1521  0.340537  0.00270691  0.573676  0.00578011
1522  0.340536  0.00270691  0.573676  0.00578011
1523  0.340532  0.0027068  0.573762  0.00578
1524  0.340532  0.0027068  0.573762  0.00578
1525  0.340532  0.0027068  0.573762  0.00578
1526  0.340532  0.0027068  0.573762  0.00578
1527  0.340528  0.00270669  0.573839  0.00577534
1528  0.340521  0.00270666  0.573848  0.00577476
1529  0.340519  0.00270667  0.573848  0.00577476
1530  0.340513  0.00270659  0.5739  0.00577331
1531  0.340511  0.00270663  0.573934  0.00577311
1532  0.340508  0.00270663  0.573968  0.00577311
1533  0.340506  0.00270662  0.573968  0.00577311
1534  0.340498  0.00270658  0.574054  0.00577171
1535  0.340497  0.00270653  0.574054  0.00577171
1536  0.340496  0.00270652  0.574054  0.00577171
1537  0.340496  0.00270652  0.574054  0.00577171
1538  0.340496  0.00270652  0.574054  0.00577171
1539  0.340495  0.00270653  0.574054  0.00577171
1540  0.340491  0.00270657  0.574054  0.00577171
1541  0.340491  0.00270657  0.574054  0.00577171
1542  0.340491  0.00270657  0.574054  0.00577171
1543  0.340491  0.00270657  0.574054  0.00577171
1544  0.340491  0.00270657  0.574054  0.00577171
1545  0.340485  0.00270638  0.573968  0.00577567
1546  0.340484  0.00270637  0.573968  0.00577567
1547  0.340484  0.00270637  0.573968  0.00577567
1548  0.340482  0.00270644  0.573968  0.00577567
1549  0.340478  0.00270633  0.574037  0.00577261
1550  0.340478  0.00270632  0.574037  0.00577261
1551  0.340463  0.00270626  0.574037  0.00577261
1552  0.340455  0.00270641  0.574037  0.00577261
1553  0.340449  0.00270625  0.574054  0.00577222
1554  0.340444  0.00270638  0.574054  0.00577222
1555  0.340444  0.00270638  0.574054  0.00577222
1556  0.340438  0.00270635  0.573943  0.00577279
1557  0.340438  0.00270635  0.573943  0.00577279
1558  0.340438  0.00270635  0.573943  0.00577279
1559  0.340437  0.00270634  0.57396  0.00577233
1560  0.340437  0.00270634  0.573968  0.00577212
1561  0.340428  0.00270621  0.573977  0.00577193
1562  0.340427  0.00270621  0.573977  0.00577193
1563  0.340427  0.00270621  0.573977  0.00577193
1564  0.340427  0.00270621  0.573977  0.00577193
1565  0.340427  0.00270621  0.573977  0.00577193
1566  0.340423  0.00270613  0.574029  0.00577116
1567  0.340419  0.00270602  0.574037  0.00577057
1568  0.340416  0.00270594  0.574097  0.00576797
1569  0.340413  0.00270585  0.574072  0.00576918
1570  0.340411  0.00270579  0.574106  0.00576759
1571  0.34041  0.00270576  0.574115  0.00576723
1572  0.34041  0.00270576  0.574115  0.00576723
1573  0.34041  0.00270576  0.574115  0.00576723
1574  0.340409  0.00270575  0.574278  0.00576346
1575  0.340409  0.00270575  0.574278  0.00576346
1576  0.340406  0.00270564  0.574562  0.00575951
1577  0.340402  0.00270553  0.574553  0.00575962
1578  0.340401  0.00270555  0.574553  0.00575962
1579  0.340398  0.00270565  0.574553  0.00575962
1580  0.340398  0.00270565  0.574553  0.00575962
1581  0.340398  0.00270565  0.574553  0.00575962
1582  0.340398  0.00270565  0.574553  0.00575962
1583  0.340395  0.00270562  0.574613  0.00575877
1584  0.340391  0.00270559  0.574613  0.00575877
1585  0.340391  0.00270559  0.574613  0.00575877
1586  0.340391  0.00270559  0.574613  0.00575877
1587  0.340376  0.00270541  0.574613  0.00575877
1588  0.340366  0.00270519  0.574819  0.00575322
1589  0.340366  0.00270518  0.574845  0.00575189
1590  0.340362  0.00270512  0.574845  0.00575189
1591  0.340361  0.00270511  0.574845  0.00575189
1592  0.340359  0.00270509  0.574819  0.00575322
1593  0.340358  0.00270508  0.574819  0.00575322
1594  0.340358  0.00270508  0.574819  0.00575322
1595  0.340353  0.00270496  0.574751  0.00575733
1596  0.340353  0.00270496  0.574751  0.00575733
1597  0.34035  0.00270491  0.574751  0.00575733
1598  0.340338  0.00270475  0.574673  0.00576097
1599  0.340337  0.00270471  0.574673  0.00576097
1600  0.340334  0.00270477  0.574673  0.00576097
1601  0.340333  0.00270478  0.574673  0.00576097
1602  0.340333  0.00270478  0.574673  0.00576097
1603  0.340332  0.00270478  0.574673  0.00576097
1604  0.340332  0.00270479  0.574673  0.00576097
1605  0.34033  0.00270475  0.574579  0.00576076
1606  0.340329  0.00270475  0.574596  0.00575986
1607  0.340323  0.00270476  0.574596  0.00575986
1608  0.340323  0.00270476  0.574596  0.00575986
1609  0.340323  0.00270476  0.574596  0.00575986
1610  0.340323  0.00270476  0.574596  0.00575986
1611  0.340322  0.0027048  0.574596  0.00575986
1612  0.340322  0.0027048  0.574596  0.00575986
1613  0.340322  0.0027048  0.574596  0.00575986
1614  0.340315  0.00270464  0.574716  0.00575606
1615  0.340312  0.00270459  0.574725  0.00575585
1616  0.340304  0.00270439  0.574733  0.00575577
1617  0.340304  0.00270439  0.574733  0.00575577
1618  0.340302  0.00270436  0.574622  0.00575935
1619  0.340294  0.00270415  0.574149  0.00577743
1620  0.34029  0.002704  0.574106  0.00577804
1621  0.340285  0.002704  0.574089  0.00577886
1622  0.340282  0.00270396  0.574097  0.00577845
1623  0.340281  0.00270392  0.574269  0.0057718
1624  0.340275  0.00270372  0.574355  0.00576784
1625  0.340263  0.00270371  0.574355  0.00576784
1626  0.340262  0.00270367  0.574355  0.00576784
1627  0.340248  0.00270346  0.574596  0.0057639
1628  0.340244  0.00270343  0.574596  0.00576385
1629  0.340243  0.0027034  0.574587  0.00576416
1630  0.34024  0.00270339  0.574587  0.00576416
1631  0.340239  0.00270334  0.574562  0.00576407
1632  0.340239  0.00270334  0.574562  0.00576407
1633  0.340232  0.00270319  0.574716  0.00576009
1634  0.340231  0.00270318  0.574716  0.00576009
1635  0.340231  0.00270317  0.574716  0.00576009
1636  0.340223  0.00270296  0.574785  0.0057601
1637  0.340218  0.00270309  0.574785  0.0057601
1638  0.340215  0.00270307  0.574776  0.00576018
1639  0.340212  0.00270296  0.574776  0.00576018
1640  0.340212  0.00270296  0.574776  0.00576018
1641  0.340212  0.00270296  0.574776  0.00576018
1642  0.340201  0.00270281  0.574759  0.00576027
1643  0.340198  0.00270278  0.574733  0.00576129
1644  0.340198  0.00270275  0.574733  0.00576129
1645  0.340192  0.00270257  0.574845  0.00575587
1646  0.340192  0.00270257  0.574845  0.00575587
1647  0.340192  0.00270258  0.574845  0.00575587
1648  0.340185  0.00270245  0.574845  0.00575587
1649  0.340182  0.00270241  0.574845  0.00575587
1650  0.34018  0.00270247  0.574845  0.00575587
1651  0.340173  0.00270249  0.574845  0.00575587
1652  0.340171  0.00270245  0.574845  0.00575587
1653  0.340169  0.00270245  0.574845  0.00575587
1654  0.340169  0.00270245  0.574845  0.00575587
1655  0.340161  0.00270247  0.574845  0.00575587
1656  0.340159  0.00270246  0.574845  0.00575587
1657  0.340156  0.00270258  0.574845  0.00575587
1658  0.340156  0.00270258  0.574845  0.00575587
1659  0.340153  0.00270251  0.574845  0.00575587
1660  0.340151  0.00270244  0.574931  0.00575188
1661  0.34015  0.00270242  0.574931  0.00575188
1662  0.34015  0.00270242  0.574931  0.00575188
1663  0.340142  0.00270228  0.574957  0.00575279
1664  0.340141  0.00270226  0.574966  0.00575238
1665  0.34014  0.00270222  0.574862  0.00575701
1666  0.340135  0.00270216  0.574862  0.00575701
1667  0.340131  0.0027021  0.574862  0.00575701
1668  0.34013  0.00270209  0.574862  0.00575701
1669  0.340127  0.00270209  0.574845  0.00575626
1670  0.340127  0.00270209  0.574845  0.00575626
1671  0.340127  0.00270209  0.574845  0.00575626
1672  0.340124  0.00270209  0.574845  0.00575626
1673  0.340124  0.00270207  0.574845  0.00575626
1674  0.340123  0.00270207  0.574845  0.00575626
1675  0.340115  0.00270184  0.574776  0.00575904
1676  0.340112  0.00270177  0.574794  0.00575842
1677  0.34011  0.00270173  0.574802  0.00575993
1678  0.340107  0.00270165  0.574828  0.00575995
1679  0.340107  0.00270165  0.574828  0.00575995
1680  0.3401  0.00270147  0.574957  0.00575374
1681  0.340093  0.00270133  0.574905  0.00575421
1682  0.340092  0.00270129  0.574819  0.0057582
1683  0.340091  0.00270128  0.574819  0.0057582
1684  0.340078  0.0027013  0.574931  0.00576025
1685  0.340078  0.0027013  0.574931  0.00576025
1686  0.340075  0.00270128  0.574957  0.00576034
1687  0.340074  0.00270127  0.574957  0.00576034
1688  0.340073  0.00270127  0.574957  0.00576034
1689  0.340073  0.00270127  0.574957  0.00576034
1690  0.340069  0.00270132  0.574957  0.00576034
1691  0.340068  0.00270133  0.574819  0.00576392
1692  0.340064  0.00270118  0.574828  0.00576358
1693  0.340062  0.00270117  0.574828  0.00576358
1694  0.340061  0.00270117  0.574828  0.00576358
1695  0.34006  0.00270116  0.574828  0.00576358
1696  0.34006  0.00270116  0.574828  0.00576358
1697  0.340059  0.00270113  0.575  0.00575434
1698  0.340057  0.00270111  0.575  0.00575434
1699  0.340057  0.00270111  0.575  0.00575434
1700  0.340057  0.00270111  0.575  0.00575434
1701  0.34005  0.00270105  0.575  0.00575434
1702  0.34005  0.00270104  0.575  0.00575434
1703  0.34005  0.00270103  0.575  0.00575434
1704  0.340049  0.00270103  0.575026  0.00575301
1705  0.340047  0.00270104  0.575026  0.00575301
1706  0.340045  0.002701  0.575026  0.00575301
1707  0.340044  0.00270099  0.575086  0.00575188
1708  0.340044  0.00270099  0.575086  0.00575188
1709  0.340044  0.00270099  0.575086  0.00575188
1710  0.340044  0.00270099  0.575086  0.00575188
1711  0.340044  0.00270099  0.575086  0.00575188
1712  0.340041  0.00270094  0.575249  0.0057454
1713  0.340041  0.00270093  0.575249  0.0057454
1714  0.340023  0.00270076  0.575198  0.0057476
1715  0.340016  0.00270064  0.575284  0.0057449
1716  0.340016  0.00270064  0.575284  0.0057449
1717  0.340016  0.00270064  0.575275  0.00574498
1718  0.340004  0.00270049  0.575189  0.00574511
1719  0.340004  0.00270049  0.575189  0.00574511
1720  0.340002  0.00270045  0.575086  0.00574867
1721  0.339999  0.00270048  0.575077  0.00574862
1722  0.339999  0.00270048  0.575077  0.00574862
1723  0.339996  0.00270048  0.575146  0.00574862
1724  0.339989  0.00270045  0.575146  0.00574862
1725  0.339979  0.00270031  0.575146  0.00574862
1726  0.339972  0.00270031  0.57512  0.00574926
1727  0.339969  0.00270026  0.575138  0.00574882
1728  0.339969  0.00270026  0.575138  0.00574882
1729  0.339955  0.00270032  0.575138  0.00574882
1730  0.339938  0.00270039  0.575224  0.00574998
1731  0.339934  0.00270021  0.575224  0.00574998
1732  0.339929  0.00270023  0.575224  0.00574998
1733  0.339929  0.00270023  0.575232  0.00574989
1734  0.339929  0.00270023  0.575232  0.00574989
1735  0.339929  0.00270023  0.575232  0.00574989
1736  0.33992  0.00270031  0.575146  0.00574874
1737  0.339916  0.00270031  0.575155  0.00574841
1738  0.339914  0.00270027  0.575155  0.00574841
1739  0.339914  0.00270027  0.575155  0.00574841
1740  0.339904  0.00270043  0.575155  0.00574841
1741  0.339904  0.00270043  0.575155  0.00574841
1742  0.339901  0.00270044  0.575155  0.00574841
1743  0.339895  0.00270041  0.575181  0.00574776
1744  0.339894  0.00270037  0.575267  0.00574377
1745  0.339894  0.00270037  0.575267  0.00574377
1746  0.339894  0.00270037  0.575267  0.00574377
1747  0.339889  0.00270021  0.575378  0.00573727
1748  0.339887  0.00270017  0.575344  0.00573826
1749  0.339887  0.00270017  0.575344  0.00573826
1750  0.33988  0.00270009  0.575352  0.00573805
1751  0.339879  0.00270009  0.575352  0.00573805
1752  0.339879  0.00270009  0.575352  0.00573805
1753  0.339873  0.00269994  0.575189  0.00574675
1754  0.33987  0.00269982  0.575189  0.00574675
1755  0.339869  0.00269988  0.575189  0.00574675
1756  0.339862  0.00269995  0.575327  0.00574287
1757  0.339861  0.00269993  0.575318  0.00574311
1758  0.339861  0.00269993  0.575318  0.00574311
1759  0.33986  0.00269995  0.575318  0.00574311
1760  0.339859  0.00269992  0.575258  0.00574514
1761  0.339859  0.00269992  0.575258  0.00574514
1762  0.339859  0.00269992  0.575258  0.00574514
1763  0.339858  0.00269991  0.575258  0.00574514
1764  0.339858  0.00269991  0.575258  0.00574514
1765  0.339858  0.00269991  0.575258  0.00574514
1766  0.339858  0.00269991  0.575258  0.00574514
1767  0.339851  0.00269975  0.575309  0.00574058
1768  0.339846  0.00269959  0.575387  0.00573705
1769  0.339839  0.00269976  0.575301  0.00574105
1770  0.339838  0.00269974  0.575215  0.00574375
1771  0.339837  0.0026997  0.575215  0.00574375
1772  0.339837  0.0026997  0.575215  0.00574375
1773  0.339836  0.0026997  0.575215  0.00574375
1774  0.33983  0.00269974  0.575215  0.00574375
1775  0.339821  0.00269953  0.575215  0.00574375
1776  0.33982  0.00269957  0.575215  0.00574375
1777  0.339809  0.00269936  0.575146  0.00574757
1778  0.339807  0.00269934  0.575146  0.00574757
1779  0.339807  0.00269933  0.575146  0.00574757
1780  0.339806  0.00269933  0.575146  0.00574757
1781  0.339799  0.00269933  0.575146  0.00574757
1782  0.339799  0.00269933  0.575146  0.00574757
1783  0.339798  0.00269928  0.575129  0.00574821
1784  0.339798  0.00269927  0.575043  0.0057522
1785  0.339798  0.00269927  0.575043  0.0057522
1786  0.339798  0.00269927  0.575043  0.0057522
1787  0.339798  0.00269927  0.575043  0.0057522
1788  0.339795  0.0026993  0.575043  0.0057522
1789  0.339788  0.00269931  0.575043  0.0057522
1790  0.339787  0.00269929  0.575043  0.0057522
1791  0.339787  0.00269929  0.575043  0.0057522
1792  0.339787  0.00269929  0.575043  0.0057522
1793  0.339787  0.00269929  0.575043  0.0057522
1794  0.339786  0.00269927  0.575155  0.00574894
1795  0.339784  0.00269919  0.575043  0.00575456
1796  0.339784  0.0026992  0.575043  0.00575456
1797  0.339782  0.0026992  0.575043  0.00575456
1798  0.339779  0.00269922  0.575043  0.00575456
1799  0.339779  0.00269922  0.575043  0.00575456
1800  0.339779  0.00269922  0.575043  0.00575456
1801  0.339778  0.00269922  0.575043  0.00575456
1802  0.339777  0.00269919  0.575034  0.00575457
1803  0.339777  0.00269919  0.575034  0.00575457
1804  0.339777  0.00269918  0.574948  0.00575727
1805  0.339773  0.00269926  0.574948  0.00575727
1806  0.339773  0.00269926  0.574948  0.00575727
1807  0.339773  0.00269926  0.574948  0.00575727
1808  0.339772  0.00269925  0.574948  0.00575727
1809  0.339772  0.00269925  0.574948  0.00575727
1810  0.33977  0.00269924  0.575112  0.00575348
1811  0.339768  0.00269917  0.575112  0.00575348
1812  0.339754  0.00269885  0.57512  0.00575327
1813  0.33975  0.00269879  0.575163  0.00575401
1814  0.339739  0.00269847  0.575241  0.005751
1815  0.339739  0.00269847  0.575241  0.005751
1816  0.339739  0.00269847  0.575241  0.005751
1817  0.339739  0.00269847  0.575241  0.005751
1818  0.339734  0.00269844  0.575172  0.00575203
1819  0.339734  0.00269842  0.575258  0.00574933
1820  0.339733  0.00269839  0.575249  0.00574981
1821  0.339727  0.00269824  0.575292  0.00574959
1822  0.339723  0.00269817  0.575301  0.00574907
1823  0.339722  0.00269817  0.575395  0.00574747
1824  0.339719  0.00269815  0.575404  0.00574739
1825  0.339718  0.00269813  0.575413  0.00574728
1826  0.339717  0.00269812  0.575413  0.00574728
1827  0.339717  0.00269812  0.575413  0.00574728
1828  0.339717  0.00269812  0.575413  0.00574728
1829  0.339709  0.00269809  0.575413  0.00574728
1830  0.339709  0.00269809  0.575413  0.00574728
1831  0.339709  0.00269807  0.575567  0.00574125
1832  0.339708  0.00269807  0.575705  0.00573629
1833  0.339702  0.00269799  0.575447  0.00574313
1834  0.339701  0.00269801  0.575447  0.00574313
1835  0.339697  0.00269803  0.575447  0.00574313
1836  0.339691  0.00269787  0.575378  0.00574841
1837  0.339691  0.00269787  0.575378  0.00574841
1838  0.339688  0.00269784  0.575378  0.00574841
1839  0.339688  0.00269784  0.575378  0.00574841
1840  0.339686  0.00269784  0.575378  0.00574841
1841  0.339676  0.00269756  0.575464  0.00574571
1842  0.339675  0.00269756  0.575464  0.00574571
1843  0.339668  0.00269744  0.575516  0.00574766
1844  0.339667  0.00269742  0.575516  0.00574766
1845  0.339665  0.00269735  0.575473  0.00574982
1846  0.339649  0.00269709  0.575481  0.00574886
1847  0.339648  0.00269708  0.575481  0.00574886
1848  0.339647  0.00269704  0.575481  0.00574886
1849  0.339647  0.00269704  0.575481  0.00574886
1850  0.339647  0.00269704  0.575481  0.00574886
1851  0.339647  0.00269704  0.575481  0.00574886
1852  0.339647  0.00269703  0.575481  0.00574886
1853  0.339647  0.00269702  0.575447  0.00575061
1854  0.339643  0.00269689  0.575619  0.00574391
1855  0.339641  0.0026969  0.575619  0.00574391
1856  0.33964  0.0026969  0.575619  0.00574391
1857  0.339636  0.0026969  0.575619  0.00574391
1858  0.339636  0.0026969  0.575619  0.00574391
1859  0.339634  0.00269685  0.57561  0.00574393
1860  0.339634  0.00269685  0.57561  0.00574393
1861  0.339634  0.00269685  0.57561  0.00574393
1862  0.339629  0.00269689  0.57561  0.00574393
1863  0.339628  0.0026969  0.57561  0.00574393
1864  0.339627  0.0026969  0.57561  0.00574393
1865  0.339622  0.00269681  0.575722  0.00573836
1866  0.339617  0.00269677  0.575722  0.00573836
1867  0.339609  0.00269662  0.575722  0.00573965
1868  0.339608  0.00269661  0.575722  0.00573965
1869  0.339606  0.0026966  0.575722  0.00573965
1870  0.339606  0.0026966  0.575722  0.00573965
1871  0.339599  0.00269656  0.575722  0.00573965
1872  0.339595  0.00269652  0.575722  0.00573965
1873  0.339593  0.0026965  0.575722  0.00573965
1874  0.339581  0.00269639  0.575722  0.00573965
1875  0.339573  0.00269634  0.575722  0.00573965
1876  0.339564  0.00269634  0.575739  0.00573952
1877  0.339563  0.00269633  0.575757  0.00573944
1878  0.339562  0.00269633  0.575731  0.00573958
1879  0.339559  0.00269632  0.575765  0.00573942
1880  0.339558  0.00269632  0.575791  0.00573944
1881  0.339554  0.00269632  0.5758  0.00573947
1882  0.339553  0.00269633  0.5758  0.00573947
1883  0.33955  0.00269632  0.575817  0.00573882
1884  0.339549  0.00269632  0.575825  0.00573887
1885  0.339545  0.00269632  0.575825  0.00573887
1886  0.339545  0.00269632  0.575825  0.00573887
1887  0.339545  0.00269632  0.575825  0.00573887
1888  0.339545  0.00269632  0.575825  0.00573887
1889  0.339545  0.00269632  0.575825  0.00573887
1890  0.339545  0.00269632  0.576118  0.00572699
1891  0.339545  0.00269634  0.576118  0.00572699
1892  0.339544  0.00269632  0.576092  0.00572872
1893  0.339543  0.00269631  0.576092  0.00572872
1894  0.339542  0.0026963  0.576049  0.00573121
1895  0.339542  0.0026963  0.576049  0.00573121
1896  0.339539  0.00269621  0.576135  0.00572719
1897  0.339539  0.0026962  0.576135  0.00572719
1898  0.339538  0.00269621  0.576135  0.00572719
1899  0.339538  0.00269621  0.576135  0.00572719
1900  0.339538  0.0026962  0.576135  0.00572719
1901  0.339537  0.0026962  0.576135  0.00572719
1902  0.339524  0.0026962  0.5761  0.00572864
1903  0.339517  0.00269603  0.576135  0.00572823
1904  0.339517  0.00269603  0.576135  0.00572823
1905  0.339517  0.00269603  0.576126  0.00572831
1906  0.339517  0.00269603  0.576126  0.00572831
1907  0.339517  0.00269603  0.576126  0.00572831
1908  0.339517  0.00269604  0.576126  0.00572831
1909  0.339508  0.00269613  0.576126  0.00572831
1910  0.339508  0.00269613  0.576126  0.00572831
1911  0.339508  0.00269613  0.576126  0.00572831
1912  0.339508  0.00269613  0.576126  0.00572831
1913  0.339508  0.00269611  0.57629  0.00571933
1914  0.339507  0.00269609  0.576307  0.00571886
1915  0.339505  0.00269607  0.576315  0.00571851
1916  0.339504  0.00269607  0.576315  0.00571851
1917  0.339499  0.00269619  0.576315  0.00571851
1918  0.339497  0.00269614  0.57647  0.00570987
1919  0.339496  0.00269611  0.576547  0.00570713
1920  0.339487  0.00269597  0.576547  0.00570713
1921  0.339483  0.00269584  0.576573  0.00570683
1922  0.339483  0.00269584  0.576573  0.00570683
1923  0.339483  0.00269584  0.576573  0.00570683
1924  0.339481  0.0026958  0.576573  0.00570683
1925  0.339477  0.00269577  0.576582  0.00570687
1926  0.339468  0.00269585  0.576582  0.00570687
1927  0.339468  0.00269585  0.576582  0.00570687
1928  0.339465  0.00269583  0.576582  0.00570687
1929  0.339464  0.00269583  0.576582  0.00570687
1930  0.339463  0.00269582  0.576582  0.00570687
1931  0.339463  0.00269582  0.576582  0.00570687
1932  0.339463  0.00269582  0.576582  0.00570687
1933  0.33946  0.00269574  0.576582  0.00570687
1934  0.33946  0.00269576  0.576582  0.00570687
1935  0.339452  0.00269572  0.576582  0.00570687
1936  0.33945  0.00269571  0.576582  0.00570687
1937  0.339449  0.00269573  0.576582  0.00570687
1938  0.339445  0.00269559  0.576633  0.00570383
1939  0.339439  0.00269554  0.576633  0.00570383
1940  0.339439  0.00269553  0.576633  0.00570383
1941  0.339428  0.00269536  0.576547  0.00570787
1942  0.339428  0.00269535  0.576547  0.00570787
1943  0.339428  0.00269535  0.576547  0.00570787
1944  0.339427  0.00269535  0.576547  0.00570787
1945  0.339414  0.00269511  0.576642  0.00570246
1946  0.339413  0.00269508  0.576556  0.0057039
1947  0.339412  0.00269503  0.576556  0.0057039
1948  0.339412  0.00269503  0.576556  0.0057039
1949  0.339412  0.00269503  0.576556  0.0057039
1950  0.339412  0.00269503  0.576556  0.0057039
1951  0.339406  0.00269506  0.576556  0.0057039
1952  0.339404  0.00269507  0.576556  0.0057039
1953  0.339404  0.00269507  0.576556  0.0057039
1954  0.339404  0.00269507  0.576556  0.0057039
1955  0.339404  0.00269507  0.576556  0.0057039
1956  0.339397  0.00269501  0.576556  0.0057039
1957  0.339392  0.00269498  0.576556  0.0057039
1958  0.339392  0.00269497  0.57647  0.00570923
1959  0.339391  0.00269497  0.57647  0.00570923
1960  0.339385  0.00269473  0.57647  0.00570923
1961  0.339385  0.00269473  0.57647  0.00570923
1962  0.339385  0.00269473  0.57647  0.00570923
1963  0.339383  0.0026948  0.57647  0.00570923
1964  0.339382  0.00269479  0.57647  0.00570923
1965  0.339382  0.00269479  0.57647  0.00570923
1966  0.339381  0.00269477  0.57647  0.00570923
1967  0.33938  0.00269476  0.57647  0.00570923
1968  0.33938  0.00269476  0.57647  0.00570923
1969  0.33938  0.00269476  0.57647  0.00570923
1970  0.339357  0.00269451  0.576573  0.00570766
1971  0.339356  0.00269451  0.576573  0.00570766
1972  0.339353  0.00269451  0.576573  0.00570766
1973  0.339353  0.00269451  0.576573  0.00570766
1974  0.339352  0.00269451  0.576573  0.00570766
1975  0.339352  0.00269451  0.576573  0.00570766
1976  0.339352  0.00269451  0.576573  0.00570766
1977  0.339352  0.00269451  0.576573  0.00570766
1978  0.339351  0.00269446  0.576573  0.00570766
1979  0.339351  0.00269446  0.576573  0.00570766
1980  0.339351  0.00269447  0.576573  0.00570766
1981  0.33935  0.00269449  0.576573  0.00570766
1982  0.339349  0.00269447  0.576547  0.00570757
1983  0.339345  0.00269445  0.576547  0.00570757
1984  0.339344  0.00269446  0.576547  0.00570757
1985  0.339342  0.00269439  0.576582  0.00570744
1986  0.339341  0.00269439  0.576582  0.00570744
1987  0.339339  0.00269438  0.576582  0.00570744
1988  0.339334  0.00269427  0.576642  0.00570721
1989  0.339332  0.00269422  0.576642  0.00570721
1990  0.339329  0.00269416  0.576556  0.00570865
1991  0.339325  0.00269403  0.576608  0.00570733
1992  0.339325  0.00269403  0.576608  0.00570733
1993  0.339318  0.00269399  0.57659  0.00570736
1994  0.339316  0.00269394  0.576453  0.0057107
1995  0.339314  0.00269386  0.576436  0.00571135
1996  0.339312  0.0026938  0.576461  0.00571039
1997  0.339312  0.0026938  0.576461  0.00571039
1998  0.339311  0.0026938  0.576453  0.0057107
1999  0.339311  0.0026938  0.576453  0.0057107
