#sample=2803
0  0.453183  0.00204042  0.273573  0.00528887
1  0.414593  0.00240056  0.375508  0.00613138
2  0.386539  0.00267642  0.451356  0.00633674
3  0.366039  0.00284697  0.500098  0.00629766
4  0.351089  0.00292908  0.53218  0.0062427
5  0.339946  0.00297532  0.548118  0.00623083
6  0.332007  0.00299689  0.556333  0.00622536
7  0.325995  0.00301782  0.561657  0.00622759
8  0.321277  0.00303026  0.564707  0.00623156
9  0.31774  0.00303963  0.566661  0.00622885
10  0.314921  0.00304651  0.567802  0.0062379
11  0.312758  0.00305175  0.568204  0.00624788
12  0.31106  0.00305281  0.569292  0.00624595
13  0.30963  0.00305388  0.570157  0.00624433
14  0.308496  0.00305324  0.570674  0.00624252
15  0.307483  0.00305191  0.570951  0.00624054
16  0.306712  0.00305279  0.571629  0.0062324
17  0.305911  0.00305075  0.572298  0.00623541
18  0.305126  0.00304804  0.572048  0.00624469
19  0.304512  0.00304654  0.57228  0.00625474
20  0.303931  0.00304468  0.57277  0.00624551
21  0.303406  0.00304176  0.573234  0.00623705
22  0.302883  0.00303916  0.572529  0.00625183
23  0.302336  0.00303593  0.572672  0.00624942
24  0.301863  0.00303394  0.571905  0.00626948
25  0.301398  0.0030318  0.571504  0.00628208
26  0.300988  0.00302972  0.571798  0.00628204
27  0.300605  0.00302692  0.571646  0.00628727
28  0.300311  0.00302428  0.572092  0.00628227
29  0.299994  0.00302141  0.572315  0.00627963
30  0.299711  0.00301889  0.572128  0.00628276
31  0.299482  0.00301735  0.572146  0.00628374
32  0.299275  0.00301543  0.572378  0.00627901
33  0.299052  0.00301333  0.572877  0.00626549
34  0.298854  0.00301136  0.572958  0.00626273
35  0.298627  0.00301025  0.572842  0.00626619
36  0.298429  0.00300864  0.572708  0.00626908
37  0.298265  0.00300758  0.572949  0.00626356
38  0.298026  0.00300486  0.573707  0.00625233
39  0.297833  0.00300217  0.574313  0.00623677
40  0.297668  0.00300042  0.574759  0.00622872
41  0.297509  0.00299862  0.574759  0.00622619
42  0.297324  0.00299688  0.57409  0.00624067
43  0.297167  0.00299494  0.574179  0.00623545
44  0.297019  0.00299321  0.574501  0.00622899
45  0.296897  0.00299153  0.575143  0.00621753
46  0.296778  0.00299068  0.574982  0.00622157
47  0.296654  0.00298986  0.575178  0.00621716
48  0.296513  0.00298859  0.575517  0.00621214
49  0.296335  0.00298657  0.575794  0.0062049
50  0.296208  0.00298518  0.576133  0.00619854
51  0.296129  0.0029844  0.576026  0.0062014
52  0.296013  0.00298274  0.57632  0.00619941
53  0.295892  0.00298152  0.576329  0.00619982
54  0.295759  0.00298001  0.576472  0.00619578
55  0.295617  0.00297778  0.577265  0.00617714
56  0.295505  0.00297668  0.576775  0.00618356
57  0.295407  0.00297559  0.576819  0.00618434
58  0.295327  0.00297475  0.576605  0.00618863
59  0.295207  0.00297324  0.577435  0.00617603
60  0.295091  0.00297194  0.57789  0.00616629
61  0.295004  0.00297097  0.577925  0.00616727
62  0.294914  0.00296989  0.577872  0.0061669
63  0.294825  0.00296886  0.577381  0.00617699
64  0.294754  0.00296825  0.577774  0.00616839
65  0.294627  0.00296664  0.577818  0.00617007
66  0.29458  0.00296619  0.578077  0.00616439
67  0.294497  0.00296559  0.578131  0.00616192
68  0.294408  0.00296439  0.578639  0.00615036
69  0.294315  0.00296346  0.579237  0.00613756
70  0.29423  0.00296241  0.579424  0.00613438
71  0.294159  0.0029613  0.579549  0.00613255
72  0.294109  0.00296062  0.579638  0.00613129
73  0.294024  0.00295973  0.579816  0.00612737
74  0.293961  0.00295884  0.579888  0.00612546
75  0.293884  0.00295785  0.58045  0.00611532
76  0.293805  0.00295687  0.580235  0.00611981
77  0.293747  0.00295627  0.580672  0.00611217
78  0.293685  0.00295532  0.580735  0.00611088
79  0.293575  0.00295478  0.580842  0.0061077
80  0.293502  0.00295424  0.581056  0.00610259
81  0.293433  0.00295337  0.581395  0.00609694
82  0.293352  0.00295237  0.581234  0.00610053
83  0.293275  0.00295125  0.58127  0.00609986
84  0.293188  0.00295002  0.581529  0.00609497
85  0.293117  0.00294963  0.581448  0.00609615
86  0.293062  0.00294887  0.581083  0.00610359
87  0.292978  0.00294766  0.581261  0.00610123
88  0.292912  0.00294676  0.581386  0.00609916
89  0.292856  0.00294634  0.581306  0.00609951
90  0.292816  0.00294581  0.581493  0.0060978
91  0.292756  0.00294531  0.581627  0.00609535
92  0.292683  0.00294441  0.581707  0.00609297
93  0.292633  0.00294363  0.581841  0.00609165
94  0.292591  0.00294322  0.581984  0.00608858
95  0.292502  0.0029423  0.58177  0.00609185
96  0.292431  0.00294165  0.581529  0.00609794
97  0.292371  0.00294104  0.581716  0.00609589
98  0.29232  0.00294051  0.581743  0.00609619
99  0.292246  0.00293961  0.582126  0.00608843
100  0.292195  0.00293908  0.582242  0.00608834
101  0.292154  0.00293869  0.582064  0.00609078
102  0.292066  0.00293761  0.582207  0.00608811
103  0.292023  0.00293732  0.582296  0.00608572
104  0.291973  0.00293668  0.582207  0.00608929
105  0.291923  0.00293629  0.582385  0.0060881
106  0.291885  0.00293576  0.582269  0.00609248
107  0.291845  0.0029351  0.582153  0.00609261
108  0.291797  0.00293461  0.582233  0.00609162
109  0.29174  0.00293374  0.582367  0.0060914
110  0.291693  0.0029331  0.582786  0.00608215
111  0.291631  0.00293248  0.583027  0.00607823
112  0.291577  0.00293197  0.582929  0.00607821
113  0.29151  0.00293131  0.58317  0.00607122
114  0.291453  0.0029307  0.583437  0.00606514
115  0.291413  0.00293002  0.583348  0.00606652
116  0.291329  0.00292898  0.583107  0.00607106
117  0.291292  0.00292859  0.583063  0.00607306
118  0.291259  0.00292804  0.583268  0.00606722
119  0.291228  0.00292756  0.583081  0.00607146
120  0.291152  0.00292649  0.583313  0.00606509
121  0.291094  0.00292543  0.583848  0.00605475
122  0.291058  0.00292486  0.584008  0.00605312
123  0.291013  0.00292409  0.584196  0.00604963
124  0.290972  0.00292375  0.584463  0.0060441
125  0.290936  0.00292344  0.584499  0.00604329
126  0.290898  0.00292286  0.58432  0.00604818
127  0.290853  0.00292263  0.584552  0.00604495
128  0.290805  0.00292218  0.584356  0.00604769
129  0.290768  0.00292185  0.584427  0.00604657
130  0.290719  0.00292141  0.584329  0.00604808
131  0.290679  0.00292085  0.584365  0.00604882
132  0.290642  0.00292022  0.58457  0.00604476
133  0.290607  0.00291975  0.58449  0.00604199
134  0.290544  0.00291864  0.584641  0.00603922
135  0.290494  0.00291801  0.584311  0.00604449
136  0.29044  0.00291747  0.584062  0.0060482
137  0.290386  0.0029169  0.584249  0.00604564
138  0.290346  0.00291633  0.584401  0.00604294
139  0.290272  0.00291547  0.584303  0.00604452
140  0.290231  0.0029148  0.584196  0.00604653
141  0.290179  0.00291432  0.584401  0.00604434
142  0.290144  0.00291382  0.584392  0.00604498
143  0.290114  0.00291344  0.584436  0.00604454
144  0.290077  0.00291332  0.584766  0.00603863
145  0.290041  0.00291298  0.584989  0.00603266
146  0.290023  0.00291269  0.585087  0.00603062
147  0.28995  0.00291178  0.58531  0.00602679
148  0.289931  0.0029115  0.585266  0.00602683
149  0.2899  0.00291104  0.585355  0.00602638
150  0.28984  0.00291029  0.585774  0.00601766
151  0.289806  0.0029097  0.586024  0.00600998
152  0.289736  0.00290864  0.586666  0.00599816
153  0.289677  0.00290789  0.587255  0.00598753
154  0.289608  0.00290725  0.587299  0.00598606
155  0.289549  0.00290647  0.587317  0.00598703
156  0.289514  0.00290608  0.587059  0.00599022
157  0.289477  0.00290559  0.58696  0.00599426
158  0.289437  0.00290508  0.58713  0.00599086
159  0.289398  0.0029048  0.587451  0.00598647
160  0.289366  0.00290436  0.587451  0.00598485
161  0.289345  0.00290415  0.587531  0.00598236
162  0.289315  0.00290371  0.587478  0.00598156
163  0.289294  0.00290332  0.587826  0.00597502
164  0.289264  0.00290302  0.58837  0.00596411
165  0.289236  0.00290268  0.588298  0.00596577
166  0.2892  0.00290216  0.588494  0.00596116
167  0.289172  0.00290211  0.588771  0.00595524
168  0.289138  0.00290172  0.5887  0.00595875
169  0.289108  0.00290125  0.588637  0.00595915
170  0.289073  0.00290076  0.588655  0.00595854
171  0.289036  0.00290045  0.589039  0.00595202
172  0.288994  0.00290011  0.58927  0.00594666
173  0.288949  0.00289961  0.589511  0.00594129
174  0.288917  0.00289937  0.589806  0.00593617
175  0.288865  0.00289873  0.590002  0.00593165
176  0.28882  0.00289827  0.590216  0.00592697
177  0.288794  0.00289797  0.590332  0.00592393
178  0.288767  0.00289759  0.59035  0.00592367
179  0.288754  0.00289735  0.590323  0.00592428
180  0.288726  0.00289677  0.590198  0.0059275
181  0.288669  0.00289622  0.590296  0.00592859
182  0.288626  0.00289583  0.590332  0.00592604
183  0.288602  0.00289576  0.590189  0.00592784
184  0.288565  0.00289536  0.59026  0.00592642
185  0.28853  0.00289488  0.590644  0.00591467
186  0.288503  0.00289449  0.590787  0.00591049
187  0.288476  0.00289419  0.590858  0.00590865
188  0.288462  0.00289398  0.590876  0.00590838
189  0.288417  0.00289336  0.590831  0.00590764
190  0.288384  0.00289311  0.591036  0.00590175
191  0.288358  0.00289277  0.591036  0.00590218
192  0.288315  0.00289213  0.591482  0.00589465
193  0.28827  0.00289152  0.591625  0.00589321
194  0.288245  0.00289122  0.591447  0.00589825
195  0.288219  0.00289075  0.591589  0.00589565
196  0.288183  0.00289035  0.591384  0.00589956
197  0.288148  0.00289004  0.591402  0.00589865
198  0.288122  0.00288975  0.591366  0.00590014
199  0.288084  0.00288934  0.591607  0.00589857
200  0.288047  0.00288894  0.591723  0.00589915
201  0.288019  0.00288878  0.591518  0.00590299
202  0.287985  0.00288846  0.591616  0.00589993
203  0.287947  0.00288807  0.591741  0.00589888
204  0.287927  0.0028879  0.591687  0.0059019
205  0.287911  0.00288761  0.591991  0.00589596
206  0.287886  0.00288726  0.591857  0.00589643
207  0.287857  0.00288679  0.591866  0.00589614
208  0.28784  0.00288653  0.592116  0.00589155
209  0.287804  0.00288604  0.592205  0.00588989
210  0.287743  0.00288544  0.592312  0.00588839
211  0.28771  0.002885  0.592553  0.00588234
212  0.287689  0.00288469  0.592446  0.00588463
213  0.287656  0.00288433  0.59241  0.00588495
214  0.287643  0.0028841  0.592365  0.00588639
215  0.287621  0.00288399  0.592142  0.0058907
216  0.287585  0.00288362  0.592223  0.00589132
217  0.287545  0.00288309  0.592392  0.00588864
218  0.287509  0.00288251  0.59233  0.00589067
219  0.287469  0.00288218  0.592463  0.00588732
220  0.287444  0.00288192  0.59241  0.00588732
221  0.28743  0.00288169  0.592419  0.00588724
222  0.287409  0.00288157  0.592499  0.00588617
223  0.287396  0.00288129  0.592579  0.00588389
224  0.287385  0.00288126  0.592597  0.00588365
225  0.287355  0.00288087  0.592829  0.00587783
226  0.287336  0.00288048  0.593007  0.00587242
227  0.287314  0.00288011  0.59315  0.00587141
228  0.287303  0.00287987  0.593061  0.00587395
229  0.287279  0.00287945  0.593079  0.00587221
230  0.28727  0.00287935  0.593034  0.00587398
231  0.287248  0.00287906  0.593346  0.00586947
232  0.287228  0.00287873  0.593257  0.00587209
233  0.287208  0.00287847  0.593213  0.00587442
234  0.287186  0.00287823  0.593766  0.00586252
235  0.287157  0.00287771  0.594051  0.00585775
236  0.287133  0.00287727  0.594212  0.0058541
237  0.287113  0.00287713  0.593962  0.0058589
238  0.287096  0.00287696  0.593953  0.00585922
239  0.287074  0.0028767  0.593783  0.00586456
240  0.287054  0.00287643  0.593846  0.00586383
241  0.287034  0.00287604  0.593935  0.00586264
242  0.287014  0.00287588  0.593846  0.00586587
243  0.286993  0.00287562  0.593864  0.00586688
244  0.286977  0.0028754  0.594024  0.00586507
245  0.286942  0.00287478  0.593989  0.00586661
246  0.286912  0.00287444  0.593846  0.00587038
247  0.286886  0.00287406  0.593837  0.00586857
248  0.286871  0.00287388  0.593748  0.00586989
249  0.286845  0.00287358  0.593605  0.00587297
250  0.286803  0.00287318  0.593498  0.00587604
251  0.286774  0.00287279  0.593748  0.00587049
252  0.286751  0.00287236  0.593391  0.00588037
253  0.286723  0.00287184  0.593382  0.00588054
254  0.286696  0.00287162  0.593293  0.00588311
255  0.286666  0.00287116  0.593123  0.00588451
256  0.286646  0.00287091  0.593427  0.00587707
257  0.286623  0.00287086  0.593489  0.00587652
258  0.2866  0.00287058  0.593926  0.0058666
259  0.286577  0.0028702  0.593917  0.00586509
260  0.286563  0.00287006  0.59414  0.00585899
261  0.28655  0.00286992  0.594212  0.00585899
262  0.28651  0.00286952  0.594336  0.0058577
263  0.286504  0.00286945  0.594372  0.00585678
264  0.286477  0.00286942  0.594559  0.00585293
265  0.286467  0.00286929  0.594559  0.00585281
266  0.286453  0.00286917  0.59455  0.00585345
267  0.286435  0.00286912  0.594542  0.00585365
268  0.286414  0.00286875  0.594782  0.00584803
269  0.286385  0.00286852  0.594782  0.00584803
270  0.286368  0.00286825  0.59488  0.00584675
271  0.286342  0.00286814  0.594916  0.00584418
272  0.286327  0.00286811  0.594916  0.00584443
273  0.286307  0.00286804  0.595032  0.00584269
274  0.286286  0.00286783  0.595237  0.00583828
275  0.286269  0.00286766  0.595193  0.00583958
276  0.286254  0.00286762  0.595193  0.00583958
277  0.286233  0.0028673  0.595389  0.0058347
278  0.286206  0.00286699  0.595175  0.0058402
279  0.286174  0.00286691  0.595157  0.00584511
280  0.286158  0.00286673  0.595246  0.00584391
281  0.286137  0.00286661  0.595246  0.0058431
282  0.286132  0.00286653  0.595335  0.00584067
283  0.28612  0.00286629  0.595505  0.00583874
284  0.286108  0.00286605  0.59538  0.00584088
285  0.286095  0.00286588  0.595362  0.00584153
286  0.286077  0.00286574  0.595407  0.00584028
287  0.286053  0.00286541  0.59554  0.00583618
288  0.286044  0.00286526  0.595549  0.00583586
289  0.286  0.00286449  0.595728  0.00583455
290  0.28598  0.0028641  0.595772  0.00583218
291  0.28597  0.00286399  0.595862  0.00583234
292  0.285963  0.00286385  0.595888  0.00583036
293  0.285957  0.00286375  0.595844  0.00583246
294  0.285942  0.00286362  0.595933  0.00582989
295  0.28592  0.00286337  0.595888  0.00582759
296  0.285908  0.0028632  0.595879  0.00582778
297  0.285891  0.00286293  0.59587  0.00582652
298  0.285876  0.00286282  0.595799  0.00582737
299  0.285859  0.0028628  0.595799  0.00582737
300  0.285837  0.00286252  0.595906  0.00582694
301  0.2858  0.00286212  0.596156  0.00581951
302  0.285796  0.00286201  0.596093  0.00582147
303  0.28577  0.00286196  0.595924  0.00582493
304  0.285741  0.0028616  0.596138  0.00582168
305  0.285728  0.00286152  0.596183  0.00582122
306  0.285703  0.0028612  0.596486  0.0058159
307  0.285686  0.00286096  0.59645  0.00581709
308  0.285668  0.00286074  0.596789  0.00580862
309  0.285656  0.00286053  0.59678  0.00580981
310  0.285642  0.00286035  0.596869  0.00580808
311  0.285616  0.00285987  0.596762  0.00581118
312  0.285606  0.00285979  0.596762  0.00581118
313  0.285587  0.00285954  0.596718  0.00581281
314  0.285581  0.00285946  0.596629  0.00581539
315  0.285542  0.00285903  0.597012  0.0058087
316  0.285529  0.00285878  0.597146  0.00580504
317  0.285518  0.00285874  0.597146  0.00580598
318  0.285495  0.00285837  0.597351  0.00580212
319  0.28547  0.00285799  0.597306  0.00580251
320  0.285441  0.0028577  0.597306  0.00580344
321  0.285413  0.00285739  0.597298  0.00580361
322  0.285396  0.00285712  0.597351  0.00580197
323  0.285366  0.00285692  0.597467  0.00579938
324  0.285354  0.00285674  0.597699  0.00579387
325  0.285338  0.00285676  0.597556  0.00579557
326  0.285316  0.00285655  0.59736  0.00579961
327  0.285303  0.00285629  0.597306  0.00580104
328  0.285295  0.00285609  0.597485  0.00579723
329  0.285289  0.002856  0.597547  0.00579555
330  0.285263  0.00285572  0.597931  0.00578725
331  0.285252  0.00285553  0.597824  0.00579017
332  0.285234  0.00285524  0.597779  0.00579164
333  0.285221  0.00285504  0.597922  0.00578823
334  0.285197  0.00285481  0.597833  0.00579198
335  0.285186  0.00285461  0.597922  0.00578907
336  0.285173  0.00285446  0.597904  0.00578979
337  0.285144  0.0028542  0.598002  0.00578508
338  0.285119  0.00285384  0.598252  0.00577969
339  0.285097  0.00285379  0.598145  0.00578133
340  0.285088  0.00285368  0.598234  0.00577809
341  0.285072  0.00285341  0.598127  0.00577978
342  0.285046  0.00285304  0.598261  0.00577866
343  0.285026  0.0028528  0.598377  0.00577542
344  0.28502  0.00285275  0.598323  0.0057768
345  0.285002  0.00285249  0.598225  0.00577904
346  0.284993  0.00285233  0.598091  0.00578168
347  0.284974  0.00285194  0.598288  0.00577899
348  0.284955  0.0028516  0.598564  0.00577368
349  0.284929  0.00285156  0.598368  0.00577962
350  0.284917  0.00285137  0.598368  0.00577962
351  0.284901  0.00285113  0.598502  0.00577562
352  0.284877  0.00285084  0.598475  0.00577671
353  0.284851  0.00285042  0.598475  0.00577822
354  0.284832  0.00285039  0.59868  0.00577252
355  0.284814  0.00285041  0.598805  0.0057687
356  0.284803  0.00285026  0.599108  0.0057627
357  0.284794  0.00285013  0.599153  0.00576087
358  0.28477  0.00284988  0.599295  0.00575895
359  0.284751  0.00284977  0.599278  0.00575908
360  0.284744  0.00284975  0.599304  0.00575844
361  0.28472  0.00284951  0.599135  0.00576359
362  0.284696  0.00284932  0.599313  0.00576102
363  0.284682  0.00284918  0.599385  0.00576015
364  0.284651  0.00284917  0.599331  0.00576255
365  0.284635  0.002849  0.599376  0.00576107
366  0.284627  0.00284892  0.599358  0.00576233
367  0.284601  0.00284885  0.599322  0.00576311
368  0.28458  0.00284868  0.599322  0.00576311
369  0.284571  0.00284855  0.599331  0.00576128
370  0.284548  0.00284822  0.599367  0.00576087
371  0.284534  0.00284802  0.599501  0.00576015
372  0.284512  0.00284778  0.599501  0.00575949
373  0.284494  0.0028476  0.599474  0.00576024
374  0.28448  0.0028475  0.599545  0.00575813
375  0.284473  0.00284748  0.599545  0.00575813
376  0.284464  0.00284736  0.599599  0.00575646
377  0.284449  0.00284731  0.599661  0.00575532
378  0.284438  0.00284731  0.599795  0.0057523
379  0.284434  0.0028473  0.599875  0.00575078
380  0.284429  0.00284724  0.599813  0.00575326
381  0.284407  0.00284717  0.59975  0.00575716
382  0.284389  0.00284698  0.599715  0.00575945
383  0.284377  0.00284676  0.599786  0.00575872
384  0.284358  0.0028466  0.599697  0.00576021
385  0.284348  0.0028464  0.599634  0.0057618
386  0.284336  0.0028463  0.599813  0.00575794
387  0.284327  0.0028462  0.599893  0.00575593
388  0.284315  0.00284596  0.60008  0.00575195
389  0.284294  0.00284563  0.600036  0.00575322
390  0.284284  0.00284545  0.600054  0.00575264
391  0.284276  0.00284526  0.599982  0.0057555
392  0.284271  0.00284515  0.599768  0.00576003
393  0.284259  0.00284513  0.599973  0.00575548
394  0.284242  0.00284502  0.599973  0.00575512
395  0.284233  0.0028449  0.600018  0.00575377
396  0.284216  0.00284466  0.599973  0.00575473
397  0.284196  0.00284462  0.600089  0.00575537
398  0.284177  0.00284465  0.600054  0.0057546
399  0.284165  0.0028447  0.600062  0.00575481
400  0.284146  0.00284436  0.6  0.00575666
401  0.284139  0.0028443  0.6  0.00575666
402  0.284124  0.00284424  0.600027  0.00575754
403  0.284102  0.0028442  0.600134  0.00575621
404  0.284092  0.00284408  0.600187  0.00575451
405  0.28407  0.00284412  0.600143  0.00575517
406  0.284063  0.00284398  0.600161  0.00575472
407  0.284051  0.00284381  0.600294  0.00575076
408  0.284046  0.00284374  0.600285  0.00575082
409  0.284033  0.00284354  0.600285  0.00575082
410  0.284017  0.00284329  0.600392  0.00575071
411  0.283998  0.00284309  0.600499  0.00574907
412  0.283969  0.00284275  0.600392  0.00575359
413  0.283956  0.0028426  0.600303  0.00575483
414  0.283941  0.00284246  0.600303  0.00575482
415  0.283937  0.00284238  0.600357  0.00575335
416  0.283926  0.00284219  0.600419  0.00575316
417  0.283909  0.00284203  0.600437  0.00575207
418  0.283887  0.00284174  0.600633  0.00574855
419  0.283875  0.0028415  0.600883  0.00574255
420  0.283871  0.00284144  0.601017  0.00574093
421  0.283862  0.00284137  0.600999  0.0057424
422  0.28385  0.00284114  0.601124  0.00573929
423  0.283837  0.00284105  0.601088  0.00573993
424  0.283824  0.00284076  0.601106  0.00573979
425  0.283813  0.00284061  0.601133  0.00573832
426  0.283808  0.00284055  0.601213  0.00573726
427  0.283785  0.00284027  0.601481  0.00573488
428  0.283758  0.00283991  0.601338  0.00573783
429  0.283746  0.0028398  0.601356  0.00573719
430  0.283727  0.00283953  0.601374  0.00573593
431  0.283701  0.00283945  0.601525  0.00573208
432  0.283682  0.00283914  0.601659  0.00572712
433  0.28367  0.00283891  0.601882  0.00572227
434  0.283661  0.00283873  0.602007  0.00571992
435  0.283649  0.00283861  0.601882  0.00572344
436  0.283637  0.00283832  0.601793  0.0057262
437  0.283627  0.00283814  0.601828  0.00572426
438  0.283619  0.00283805  0.601757  0.00572538
439  0.283612  0.00283795  0.601704  0.00572622
440  0.283607  0.00283785  0.601525  0.00572735
441  0.2836  0.00283776  0.601597  0.00572534
442  0.283577  0.00283744  0.601543  0.00572545
443  0.283567  0.00283734  0.601659  0.00572154
444  0.283555  0.00283713  0.601944  0.00571605
445  0.283527  0.00283689  0.60223  0.00571235
446  0.283516  0.00283672  0.602337  0.00570998
447  0.283508  0.00283665  0.602435  0.00570738
448  0.283485  0.00283666  0.602399  0.00570783
449  0.283473  0.00283649  0.602283  0.00571014
450  0.283465  0.00283635  0.602105  0.00571426
451  0.283445  0.00283627  0.602167  0.00571199
452  0.283427  0.00283615  0.602301  0.00571178
453  0.283416  0.00283598  0.60239  0.00571051
454  0.283407  0.00283583  0.602381  0.00571084
455  0.283396  0.0028356  0.602479  0.00570925
456  0.283378  0.00283521  0.602649  0.00570504
457  0.283364  0.00283498  0.602711  0.00570461
458  0.283349  0.00283483  0.602818  0.00570158
459  0.283343  0.00283475  0.602836  0.00570134
460  0.283324  0.00283441  0.602845  0.00570113
461  0.283316  0.00283429  0.602818  0.00570178
462  0.283308  0.00283411  0.602872  0.00570092
463  0.283297  0.0028339  0.602801  0.00570317
464  0.283292  0.0028338  0.602908  0.00569986
465  0.283284  0.00283373  0.602925  0.00569949
466  0.283274  0.0028336  0.602988  0.00569706
467  0.283263  0.0028334  0.603077  0.0056948
468  0.283255  0.00283329  0.603024  0.0056962
469  0.283243  0.0028331  0.60297  0.00569643
470  0.283228  0.00283289  0.602908  0.00569881
471  0.283214  0.00283289  0.602988  0.00569735
472  0.283201  0.00283281  0.603211  0.00569259
473  0.283199  0.00283277  0.603309  0.00568979
474  0.283186  0.00283257  0.603327  0.00569022
475  0.283174  0.00283239  0.603416  0.00568755
476  0.283171  0.00283235  0.603425  0.00568722
477  0.283166  0.00283231  0.603273  0.00569022
478  0.283151  0.00283219  0.603514  0.00568569
479  0.283147  0.00283215  0.603603  0.00568301
480  0.283138  0.00283205  0.603648  0.00568254
481  0.28312  0.00283198  0.603496  0.00568619
482  0.283106  0.00283174  0.603603  0.00568452
483  0.283087  0.00283151  0.603746  0.0056797
484  0.283084  0.0028315  0.603782  0.00567957
485  0.283076  0.0028315  0.603871  0.00567689
486  0.283056  0.00283113  0.603942  0.00567435
487  0.283041  0.00283093  0.603924  0.00567472
488  0.283017  0.002831  0.603808  0.00567746
489  0.28301  0.00283086  0.603942  0.0056749
490  0.282991  0.00283044  0.604014  0.00567306
491  0.282978  0.00283027  0.604049  0.00567053
492  0.282964  0.00283025  0.604228  0.00566657
493  0.282957  0.00283015  0.604201  0.00566737
494  0.282953  0.00283011  0.604299  0.00566525
495  0.282948  0.00283  0.604451  0.0056618
496  0.282945  0.00282999  0.60446  0.0056617
497  0.282929  0.00282978  0.604593  0.00565748
498  0.282926  0.00282976  0.604709  0.00565534
499  0.282918  0.00282981  0.604549  0.00565747
500  0.282908  0.00282961  0.604495  0.00565963
501  0.2829  0.00282954  0.604611  0.00565652
502  0.282891  0.00282944  0.604638  0.00565701
503  0.282889  0.00282939  0.604638  0.00565701
504  0.282884  0.0028294  0.60462  0.00565744
505  0.282873  0.00282923  0.604442  0.00566141
506  0.282856  0.00282896  0.604486  0.00566073
507  0.282848  0.00282881  0.604468  0.00566088
508  0.282834  0.00282879  0.60437  0.00566237
509  0.28283  0.00282874  0.604442  0.00566112
510  0.282822  0.00282868  0.604575  0.00565933
511  0.282817  0.00282865  0.604665  0.00565804
512  0.282808  0.00282861  0.604558  0.00565948
513  0.282796  0.00282866  0.604468  0.00566217
514  0.282785  0.00282846  0.60462  0.0056575
515  0.282775  0.00282823  0.604772  0.00565263
516  0.282762  0.00282822  0.604843  0.00565036
517  0.282757  0.00282813  0.604807  0.00565144
518  0.282746  0.00282798  0.605039  0.00564553
519  0.282732  0.00282766  0.605325  0.00563894
520  0.282719  0.0028277  0.605325  0.00563894
521  0.282708  0.00282781  0.605307  0.00563942
522  0.282698  0.00282776  0.605307  0.00563942
523  0.282689  0.00282764  0.605342  0.00563739
524  0.282676  0.00282745  0.605325  0.00563816
525  0.282658  0.00282733  0.605316  0.00563837
526  0.282643  0.00282733  0.605334  0.00563774
527  0.282633  0.00282716  0.605557  0.00563177
528  0.282629  0.00282707  0.605565  0.00563143
529  0.282625  0.00282701  0.605681  0.00562886
530  0.282621  0.00282691  0.605762  0.00562634
531  0.282615  0.00282683  0.605664  0.00562786
532  0.282598  0.00282662  0.605744  0.00562494
533  0.282589  0.00282655  0.60586  0.00562341
534  0.282574  0.00282632  0.606065  0.00561849
535  0.282568  0.00282622  0.605967  0.00562151
536  0.282555  0.00282596  0.605985  0.00562113
537  0.282552  0.00282588  0.605985  0.00562113
538  0.282546  0.00282578  0.60586  0.00562524
539  0.282533  0.00282564  0.605985  0.00562164
540  0.282515  0.00282547  0.605985  0.00562164
541  0.2825  0.00282536  0.605976  0.00562198
542  0.282492  0.0028253  0.606029  0.00562048
543  0.282484  0.00282518  0.606065  0.00561956
544  0.282471  0.00282509  0.605967  0.00562363
545  0.28245  0.00282481  0.606288  0.00561645
546  0.282444  0.00282472  0.60611  0.00562049
547  0.282436  0.00282459  0.606011  0.00562048
548  0.28241  0.00282434  0.606047  0.00561963
549  0.282397  0.00282414  0.606092  0.00561873
550  0.28238  0.00282382  0.606359  0.00561309
551  0.282361  0.00282372  0.606529  0.00561181
552  0.282358  0.00282369  0.606618  0.00560908
553  0.282351  0.00282367  0.606689  0.00560763
554  0.282333  0.00282354  0.606743  0.00560535
555  0.282312  0.00282353  0.606725  0.00560624
556  0.282296  0.00282323  0.606734  0.0056059
557  0.282283  0.00282304  0.606787  0.00560483
558  0.282279  0.00282299  0.606912  0.00560315
559  0.282266  0.00282306  0.606912  0.00560315
560  0.282259  0.00282295  0.606885  0.00560412
561  0.282255  0.00282289  0.606832  0.00560594
562  0.282244  0.00282278  0.606832  0.00560594
563  0.282236  0.00282275  0.606877  0.00560368
564  0.282222  0.00282252  0.60693  0.0056014
565  0.282202  0.00282235  0.60701  0.005599
566  0.282193  0.00282225  0.606984  0.00559954
567  0.282184  0.00282214  0.60701  0.00560052
568  0.282169  0.00282189  0.60693  0.00560161
569  0.282158  0.00282186  0.607091  0.0055977
570  0.282149  0.0028219  0.607108  0.00559768
571  0.282145  0.00282193  0.607215  0.0055957
572  0.282135  0.00282183  0.607242  0.00559473
573  0.282129  0.00282174  0.607331  0.00559198
574  0.282123  0.00282176  0.607331  0.00559198
575  0.282119  0.00282173  0.607331  0.00559198
576  0.282108  0.00282176  0.607207  0.00559582
577  0.282089  0.00282161  0.607224  0.00559458
578  0.282078  0.00282156  0.60734  0.00559258
579  0.282065  0.00282133  0.607501  0.00558797
580  0.282056  0.00282136  0.60751  0.00558777
581  0.282054  0.00282131  0.607251  0.00559452
582  0.28205  0.00282129  0.60718  0.00559569
583  0.282031  0.00282099  0.607349  0.00559182
584  0.282012  0.00282071  0.607465  0.0055902
585  0.282007  0.0028206  0.607617  0.00558572
586  0.282001  0.00282052  0.607626  0.0055856
587  0.281987  0.00282037  0.60767  0.00558541
588  0.281985  0.00282035  0.607777  0.00558316
589  0.281975  0.00282014  0.607777  0.0055818
590  0.281959  0.00282002  0.607804  0.00558233
591  0.281955  0.00282  0.607804  0.00558233
592  0.281947  0.00281992  0.607786  0.005583
593  0.281934  0.00281986  0.607742  0.00558362
594  0.281918  0.00281967  0.607956  0.00557883
595  0.281913  0.00281956  0.607751  0.00558253
596  0.281906  0.0028194  0.607751  0.00558253
597  0.281897  0.00281929  0.60776  0.00558374
598  0.281895  0.00281924  0.60776  0.00558374
599  0.281888  0.0028191  0.60784  0.00558095
600  0.281859  0.00281873  0.607974  0.00557638
601  0.281845  0.00281862  0.608125  0.00557137
602  0.281832  0.00281839  0.608241  0.00556887
603  0.281821  0.00281815  0.608286  0.00556905
604  0.281815  0.0028181  0.60825  0.00557014
605  0.281814  0.00281808  0.608232  0.00557058
606  0.281804  0.00281786  0.608214  0.00557096
607  0.281785  0.00281768  0.608384  0.00556991
608  0.281775  0.00281751  0.608205  0.00557346
609  0.281767  0.00281736  0.608143  0.00557428
610  0.281744  0.00281701  0.60809  0.0055761
611  0.281731  0.00281684  0.60817  0.00557625
612  0.281708  0.00281665  0.608259  0.00557349
613  0.281697  0.00281644  0.60833  0.00557029
614  0.281686  0.00281626  0.608259  0.00557217
615  0.281684  0.00281628  0.608259  0.00557217
616  0.281681  0.00281624  0.608259  0.00557217
617  0.281668  0.00281616  0.608375  0.00557059
618  0.281658  0.00281612  0.608464  0.00556926
619  0.281653  0.00281603  0.608607  0.00556678
620  0.281646  0.00281601  0.608616  0.00556657
621  0.281646  0.002816  0.608714  0.0055636
622  0.28164  0.00281588  0.608741  0.00556234
623  0.281623  0.00281567  0.608535  0.00556646
624  0.281618  0.00281558  0.608651  0.00556457
625  0.281609  0.00281542  0.608509  0.00556803
626  0.281608  0.0028154  0.608571  0.00556587
627  0.281604  0.00281535  0.608464  0.00556863
628  0.281593  0.00281523  0.608446  0.0055693
629  0.281577  0.00281506  0.608535  0.0055658
630  0.281569  0.00281507  0.60858  0.00556353
631  0.281561  0.00281499  0.608616  0.00556325
632  0.281549  0.00281482  0.608616  0.00556338
633  0.281532  0.00281441  0.608776  0.00556114
634  0.281524  0.00281423  0.608866  0.00556103
635  0.28152  0.00281412  0.608901  0.00555975
636  0.281504  0.00281387  0.609008  0.00555803
637  0.281504  0.00281386  0.609008  0.00555803
638  0.281492  0.00281378  0.60899  0.00555842
639  0.281489  0.00281373  0.608973  0.00555857
640  0.281483  0.00281368  0.608919  0.00555934
641  0.281475  0.00281368  0.608919  0.00555934
642  0.281461  0.00281351  0.609026  0.00555867
643  0.281457  0.0028135  0.609044  0.00555808
644  0.281451  0.00281341  0.609142  0.00555693
645  0.281446  0.00281335  0.609106  0.00555758
646  0.281439  0.00281326  0.609106  0.00555758
647  0.281435  0.00281317  0.609115  0.00555724
648  0.281429  0.0028131  0.609204  0.0055559
649  0.281415  0.00281302  0.609204  0.0055559
650  0.281412  0.00281301  0.609204  0.0055559
651  0.281402  0.00281297  0.609294  0.00555312
652  0.281399  0.00281293  0.609294  0.00555312
653  0.281397  0.00281291  0.609365  0.00555039
654  0.28139  0.00281282  0.609454  0.00554761
655  0.281374  0.00281254  0.609659  0.0055444
656  0.281371  0.0028125  0.609659  0.0055444
657  0.281368  0.00281245  0.609677  0.00554373
658  0.281361  0.00281246  0.609677  0.00554373
659  0.281358  0.00281239  0.609677  0.00554373
660  0.281351  0.0028124  0.609766  0.00554095
661  0.281342  0.00281228  0.609731  0.00554176
662  0.281335  0.00281215  0.609784  0.00554006
663  0.281327  0.00281205  0.609829  0.0055389
664  0.28131  0.00281189  0.60974  0.00554002
665  0.281302  0.00281173  0.609686  0.00554078
666  0.281299  0.00281169  0.609731  0.00553935
667  0.281281  0.00281148  0.60965  0.0055405
668  0.281275  0.00281138  0.609793  0.00553591
669  0.281269  0.00281137  0.609936  0.00553289
670  0.281263  0.00281129  0.609989  0.00553115
671  0.281262  0.00281126  0.610105  0.00552767
672  0.281259  0.0028113  0.609945  0.00553166
673  0.281255  0.00281121  0.609748  0.00553672
674  0.281241  0.00281095  0.609757  0.00553652
675  0.281231  0.00281083  0.609927  0.00553402
676  0.281228  0.00281079  0.609864  0.00553647
677  0.281216  0.00281078  0.609864  0.00553647
678  0.281204  0.00281057  0.6099  0.00553371
679  0.281196  0.00281042  0.609909  0.00553593
680  0.281185  0.00281027  0.610016  0.00553356
681  0.281181  0.00281024  0.610025  0.00553414
682  0.281163  0.00281003  0.609927  0.00553593
683  0.281154  0.00280999  0.610016  0.00553458
684  0.281137  0.00280969  0.610087  0.00553407
685  0.281131  0.00280965  0.610168  0.0055315
686  0.281114  0.00280951  0.610087  0.00553407
687  0.281107  0.00280949  0.610016  0.00553618
688  0.281098  0.00280931  0.609989  0.00553686
689  0.281079  0.00280923  0.61015  0.00553367
690  0.281073  0.00280922  0.610177  0.00553346
691  0.28105  0.00280891  0.610319  0.00552828
692  0.281038  0.00280869  0.610346  0.00552722
693  0.281033  0.00280866  0.610346  0.00552722
694  0.281027  0.00280862  0.610346  0.00552722
695  0.281005  0.00280857  0.610569  0.00552353
696  0.280991  0.00280838  0.610587  0.00552309
697  0.280986  0.00280834  0.610533  0.00552468
698  0.280974  0.00280811  0.610516  0.00552495
699  0.280967  0.00280815  0.610516  0.00552495
700  0.280958  0.00280804  0.610587  0.00552285
701  0.280948  0.00280802  0.610703  0.00551949
702  0.28094  0.00280786  0.610703  0.00551949
703  0.280936  0.00280779  0.610747  0.00551791
704  0.280933  0.00280776  0.610712  0.00551862
705  0.280926  0.00280755  0.610694  0.00551907
706  0.28092  0.00280747  0.610738  0.00551828
707  0.28091  0.00280733  0.610908  0.00551472
708  0.280907  0.00280734  0.611086  0.00551055
709  0.280896  0.00280716  0.611086  0.00551055
710  0.280894  0.00280718  0.611086  0.00551055
711  0.280888  0.00280714  0.611086  0.00551055
712  0.280884  0.00280704  0.611158  0.00550842
713  0.280879  0.00280706  0.611184  0.00550842
714  0.280873  0.00280697  0.611345  0.00550349
715  0.280871  0.00280692  0.611434  0.00550068
716  0.280861  0.00280691  0.611354  0.00550054
717  0.28086  0.0028069  0.611363  0.0055002
718  0.280853  0.00280691  0.611354  0.00550054
719  0.280842  0.00280673  0.611265  0.00550162
720  0.280834  0.00280672  0.61122  0.00549962
721  0.280828  0.00280672  0.611167  0.00550022
722  0.280816  0.0028066  0.611051  0.00550399
723  0.280815  0.00280659  0.611051  0.00550399
724  0.280811  0.00280661  0.61114  0.00550262
725  0.280803  0.00280662  0.610997  0.00550625
726  0.280796  0.00280655  0.610988  0.00550628
727  0.28079  0.00280642  0.611042  0.00550524
728  0.280783  0.00280634  0.611042  0.00550524
729  0.280782  0.00280634  0.611042  0.00550524
730  0.280765  0.00280607  0.610997  0.00550439
731  0.28076  0.00280598  0.611033  0.00550374
732  0.280756  0.00280593  0.611024  0.005504
733  0.280746  0.00280587  0.611113  0.00550263
734  0.280736  0.0028057  0.611247  0.00549896
735  0.280734  0.00280564  0.611247  0.00549896
736  0.28073  0.00280557  0.611184  0.00549996
737  0.280724  0.00280553  0.611238  0.00549932
738  0.280722  0.0028055  0.611238  0.00549932
739  0.280718  0.00280545  0.611381  0.00549503
740  0.280706  0.00280542  0.611479  0.00549346
741  0.280706  0.00280542  0.611497  0.0054933
742  0.280698  0.0028053  0.611309  0.00549783
743  0.280691  0.00280513  0.611479  0.00549399
744  0.280676  0.00280514  0.611613  0.00548857
745  0.280668  0.00280502  0.611568  0.00548987
746  0.280663  0.00280493  0.611737  0.00548734
747  0.280654  0.00280494  0.611737  0.00548734
748  0.280653  0.00280492  0.611827  0.00548597
749  0.280645  0.00280478  0.611773  0.00548749
750  0.280639  0.00280466  0.611648  0.00549003
751  0.280627  0.00280448  0.611639  0.00549074
752  0.280619  0.00280429  0.611711  0.00548953
753  0.280613  0.0028042  0.611639  0.00549218
754  0.280606  0.00280411  0.611693  0.00549133
755  0.280605  0.00280409  0.611702  0.00549134
756  0.280593  0.00280389  0.611746  0.00549023
757  0.280589  0.00280384  0.6118  0.00548987
758  0.28058  0.00280372  0.6118  0.00548987
759  0.280575  0.00280362  0.611925  0.00548638
760  0.280569  0.00280349  0.611871  0.00548816
761  0.280567  0.00280347  0.611871  0.00548816
762  0.28056  0.00280345  0.611871  0.00548816
763  0.280556  0.0028034  0.611898  0.00548716
764  0.280556  0.0028034  0.61196  0.00548605
765  0.280552  0.00280337  0.61196  0.00548576
766  0.280546  0.00280338  0.61196  0.00548576
767  0.280543  0.00280336  0.611951  0.00548596
768  0.280528  0.00280319  0.612041  0.00548313
769  0.280525  0.00280316  0.612032  0.00548333
770  0.280523  0.0028031  0.612032  0.00548333
771  0.280517  0.00280304  0.611943  0.00548616
772  0.280513  0.00280296  0.611871  0.00548738
773  0.280507  0.00280295  0.611987  0.00548429
774  0.280505  0.00280294  0.611987  0.00548429
775  0.280489  0.00280284  0.611978  0.00548436
776  0.28048  0.00280285  0.611907  0.00548558
777  0.280477  0.0028028  0.611853  0.00548803
778  0.28047  0.00280272  0.612032  0.00548238
779  0.280469  0.00280269  0.612032  0.00548238
780  0.280464  0.0028026  0.612121  0.005481
781  0.280454  0.00280243  0.612041  0.00548376
782  0.280446  0.00280227  0.612219  0.00547967
783  0.280438  0.00280212  0.612255  0.00547871
784  0.280436  0.00280208  0.612326  0.00547656
785  0.280433  0.00280204  0.612326  0.00547656
786  0.280429  0.002802  0.612397  0.00547546
787  0.280421  0.00280203  0.612487  0.00547408
788  0.280419  0.00280201  0.612558  0.00547297
789  0.28041  0.0028019  0.612478  0.00547464
790  0.28041  0.00280189  0.612451  0.00547582
791  0.280398  0.00280172  0.612389  0.00547817
792  0.280384  0.00280155  0.612433  0.00547803
793  0.280379  0.00280151  0.612487  0.00547703
794  0.280373  0.00280145  0.612487  0.00547703
795  0.280367  0.00280135  0.612487  0.00547703
796  0.280357  0.00280114  0.612692  0.00547261
797  0.280347  0.00280109  0.612692  0.00547261
798  0.280342  0.00280097  0.612692  0.00547261
799  0.280332  0.00280075  0.612736  0.00547137
800  0.280327  0.00280071  0.612736  0.00547137
801  0.280323  0.00280065  0.612763  0.00547124
802  0.280314  0.00280055  0.612763  0.00547124
803  0.280305  0.00280041  0.612977  0.00546639
804  0.280304  0.0028004  0.612986  0.00546631
805  0.280294  0.0028002  0.612888  0.0054679
806  0.280292  0.00280016  0.612888  0.0054679
807  0.280285  0.00280009  0.61287  0.00546806
808  0.280279  0.00280004  0.612933  0.00546694
809  0.280264  0.00279974  0.613111  0.00546271
810  0.280257  0.00279969  0.613111  0.00546271
811  0.280253  0.00279966  0.613164  0.00546166
812  0.280239  0.00279947  0.613102  0.0054627
813  0.280236  0.00279946  0.613111  0.00546257
814  0.280235  0.00279943  0.613049  0.00546149
815  0.280227  0.00279938  0.613191  0.0054578
816  0.280225  0.00279932  0.613191  0.0054578
817  0.280214  0.00279918  0.613191  0.00545663
818  0.280199  0.00279902  0.61312  0.00545929
819  0.280187  0.00279886  0.613289  0.00545671
820  0.280181  0.00279878  0.613494  0.00545176
821  0.28017  0.00279859  0.613423  0.00545328
822  0.280163  0.00279848  0.613521  0.00545022
823  0.280147  0.00279833  0.613521  0.00545022
824  0.280141  0.00279835  0.613432  0.00545307
825  0.280126  0.00279811  0.613316  0.0054556
826  0.280125  0.0027981  0.613316  0.0054556
827  0.28012  0.00279808  0.613289  0.00545587
828  0.280115  0.00279804  0.613263  0.00545626
829  0.280105  0.00279796  0.613075  0.0054599
830  0.280092  0.00279776  0.6132  0.00545813
831  0.280085  0.0027976  0.613343  0.00545349
832  0.280074  0.00279738  0.613218  0.00545689
833  0.280066  0.00279725  0.613173  0.00545851
834  0.280054  0.00279699  0.6132  0.00545888
835  0.280043  0.00279675  0.613173  0.00545885
836  0.280042  0.00279671  0.6132  0.00545802
837  0.28004  0.00279668  0.613138  0.00545901
838  0.280032  0.00279656  0.613236  0.00545603
839  0.280022  0.0027964  0.613245  0.00545581
840  0.28001  0.00279623  0.613236  0.00545603
841  0.280004  0.00279617  0.613325  0.00545318
842  0.27999  0.00279602  0.613343  0.00545302
843  0.279986  0.002796  0.613343  0.00545302
844  0.27998  0.00279594  0.613343  0.00545302
845  0.279966  0.00279561  0.613343  0.00545302
846  0.279962  0.00279554  0.613343  0.00545302
847  0.279953  0.00279537  0.613396  0.00545259
848  0.279949  0.00279534  0.613396  0.00545259
849  0.279943  0.00279535  0.613396  0.00545259
850  0.279943  0.00279534  0.613334  0.00545372
851  0.279935  0.00279519  0.613423  0.00545087
852  0.279926  0.00279522  0.613334  0.00545232
853  0.279913  0.00279523  0.613432  0.00545169
854  0.279909  0.00279524  0.613432  0.00545169
855  0.279903  0.00279514  0.613316  0.00545362
856  0.279894  0.00279502  0.613289  0.00545432
857  0.279891  0.00279497  0.613289  0.00545432
858  0.279885  0.002795  0.613289  0.00545432
859  0.279879  0.00279498  0.613379  0.00545147
860  0.27987  0.002795  0.61337  0.00545154
861  0.279867  0.00279497  0.613423  0.00545088
862  0.279862  0.00279501  0.613423  0.00545088
863  0.279861  0.002795  0.613423  0.00545088
864  0.279854  0.00279483  0.61337  0.0054526
865  0.279846  0.00279472  0.61337  0.0054526
866  0.279842  0.00279468  0.613512  0.00544873
867  0.279831  0.00279452  0.613575  0.00544658
868  0.279823  0.00279448  0.613575  0.00544658
869  0.279818  0.00279444  0.613548  0.00544685
870  0.279815  0.00279437  0.613548  0.00544685
871  0.279812  0.00279431  0.613548  0.00544685
872  0.2798  0.00279422  0.613459  0.00544678
873  0.279795  0.0027942  0.61328  0.00545102
874  0.279785  0.00279417  0.61328  0.00545102
875  0.279772  0.00279402  0.613271  0.00545229
876  0.279762  0.00279388  0.613138  0.00545587
877  0.279761  0.00279385  0.61312  0.00545624
878  0.279758  0.00279379  0.613102  0.00545663
879  0.27975  0.00279361  0.613182  0.00545545
880  0.279739  0.00279369  0.613182  0.00545545
881  0.279731  0.00279362  0.613182  0.00545545
882  0.279721  0.00279368  0.613271  0.00545406
883  0.279718  0.00279372  0.613218  0.00545507
884  0.279707  0.00279365  0.613173  0.0054558
885  0.279705  0.00279362  0.613352  0.00545156
886  0.279698  0.00279357  0.613352  0.00545156
887  0.279686  0.00279344  0.61328  0.00545256
888  0.279682  0.00279336  0.61337  0.00545116
889  0.279669  0.00279323  0.613298  0.00545123
890  0.279664  0.00279311  0.613289  0.00545142
891  0.279659  0.00279299  0.61312  0.00545655
892  0.279655  0.00279292  0.613049  0.00545976
893  0.279643  0.00279269  0.613084  0.00545903
894  0.279639  0.00279262  0.613147  0.00545688
895  0.279626  0.00279245  0.613084  0.00545758
896  0.279619  0.0027923  0.613164  0.00545555
897  0.279612  0.00279219  0.613156  0.0054558
898  0.279609  0.00279212  0.613218  0.00545371
899  0.279603  0.00279211  0.613129  0.00545656
900  0.279598  0.002792  0.613164  0.0054556
901  0.279587  0.00279192  0.613138  0.00545681
902  0.279586  0.0027919  0.61312  0.00545707
903  0.279579  0.0027918  0.613245  0.00545291
904  0.279574  0.00279178  0.613245  0.00545291
905  0.279573  0.00279176  0.613245  0.00545291
906  0.279566  0.00279178  0.613236  0.00545311
907  0.279562  0.00279171  0.6132  0.00545341
908  0.279552  0.00279159  0.613111  0.00545642
909  0.27955  0.00279154  0.613111  0.00545642
910  0.279546  0.0027915  0.613111  0.00545642
911  0.279539  0.00279148  0.6132  0.00545503
912  0.27952  0.00279142  0.613289  0.00545218
913  0.279511  0.00279133  0.613298  0.00545339
914  0.279505  0.00279119  0.613325  0.00545282
915  0.279494  0.00279105  0.613307  0.00545318
916  0.279485  0.002791  0.613218  0.00545603
917  0.27948  0.002791  0.613236  0.00545596
918  0.279479  0.002791  0.613325  0.00545603
919  0.279476  0.00279094  0.613414  0.00545464
920  0.279471  0.00279087  0.613503  0.00545178
921  0.27946  0.00279069  0.61361  0.00545134
922  0.279457  0.00279061  0.613673  0.00544919
923  0.279447  0.00279057  0.613762  0.00544633
924  0.279445  0.00279057  0.6137  0.00544644
925  0.279434  0.00279049  0.613601  0.005448
926  0.279431  0.00279047  0.613691  0.00544514
927  0.279428  0.00279045  0.613691  0.00544514
928  0.279426  0.00279041  0.613717  0.00544413
929  0.279425  0.00279039  0.613869  0.00544141
930  0.279422  0.00279037  0.613869  0.00544141
931  0.279421  0.00279036  0.61378  0.00544281
932  0.279416  0.00279034  0.61378  0.00544281
933  0.279412  0.00279028  0.61378  0.00544281
934  0.27941  0.00279025  0.613869  0.00543995
935  0.279408  0.00279025  0.613958  0.00543709
936  0.279405  0.00279019  0.613976  0.00543663
937  0.279402  0.00279014  0.613976  0.00543663
938  0.279397  0.00279004  0.614003  0.00543562
939  0.279391  0.00279006  0.614003  0.00543562
940  0.279388  0.00279003  0.613914  0.0054373
941  0.279384  0.00278999  0.613905  0.0054375
942  0.279379  0.00278996  0.613816  0.0054389
943  0.279371  0.00278989  0.613762  0.00543991
944  0.27937  0.0027899  0.613762  0.00543991
945  0.279367  0.00278988  0.613762  0.00543991
946  0.279357  0.00278976  0.613753  0.00544031
947  0.279352  0.0027897  0.613619  0.00544392
948  0.27934  0.00278943  0.613628  0.0054437
949  0.279338  0.00278941  0.613503  0.0054472
950  0.279332  0.00278943  0.613512  0.00544713
951  0.279325  0.00278937  0.613593  0.00544576
952  0.279321  0.0027894  0.613593  0.00544576
953  0.279317  0.00278932  0.613503  0.00544862
954  0.279315  0.00278931  0.613503  0.00544862
955  0.279312  0.00278923  0.613494  0.00544897
956  0.279309  0.0027892  0.613468  0.00544949
957  0.279304  0.00278911  0.613432  0.00545081
958  0.279302  0.00278906  0.613468  0.00544952
959  0.279287  0.00278871  0.613432  0.00545037
960  0.279271  0.00278846  0.613762  0.00544325
961  0.279265  0.00278838  0.613709  0.0054439
962  0.279261  0.00278829  0.613637  0.00544672
963  0.279257  0.00278831  0.613637  0.00544672
964  0.279257  0.00278832  0.613637  0.00544672
965  0.279254  0.00278834  0.613637  0.00544672
966  0.279245  0.00278821  0.613655  0.00544633
967  0.279242  0.0027882  0.613655  0.00544633
968  0.27924  0.00278818  0.613637  0.00544672
969  0.279239  0.00278816  0.613601  0.00544728
970  0.279232  0.00278803  0.613512  0.00544867
971  0.279226  0.002788  0.613521  0.00544832
972  0.279222  0.00278793  0.613521  0.00544832
973  0.27922  0.00278791  0.613521  0.00544832
974  0.279211  0.00278779  0.613673  0.00544464
975  0.279189  0.00278759  0.613771  0.00544279
976  0.279159  0.00278711  0.6137  0.00544455
977  0.279155  0.00278705  0.613673  0.00544438
978  0.279145  0.00278686  0.613717  0.00544192
979  0.279142  0.0027868  0.61378  0.00543915
980  0.279138  0.00278677  0.613833  0.00543752
981  0.279133  0.00278675  0.613824  0.00543748
982  0.27913  0.00278668  0.613824  0.00543748
983  0.279126  0.0027866  0.613851  0.00543736
984  0.279118  0.00278657  0.613816  0.00543862
985  0.279117  0.00278656  0.613887  0.00543727
986  0.279105  0.00278644  0.613976  0.00543587
987  0.2791  0.00278638  0.613923  0.0054368
988  0.279094  0.00278633  0.613735  0.00544267
989  0.27909  0.00278629  0.613735  0.00544267
990  0.279081  0.00278615  0.613735  0.00544267
991  0.279076  0.00278611  0.613735  0.00544267
992  0.279073  0.00278606  0.613735  0.00544267
993  0.27906  0.00278589  0.613789  0.00544037
994  0.279051  0.0027858  0.613762  0.00544085
995  0.279045  0.00278571  0.61386  0.00543876
996  0.279045  0.00278571  0.61386  0.00543876
997  0.279028  0.00278556  0.613869  0.00544001
998  0.279023  0.00278552  0.613869  0.00544001
999  0.279022  0.0027855  0.61378  0.0054414
1000  0.279018  0.00278548  0.61378  0.0054414
1001  0.279016  0.00278547  0.61378  0.0054414
1002  0.279015  0.00278544  0.61378  0.0054414
1003  0.279014  0.00278544  0.613593  0.00544732
1004  0.279009  0.00278532  0.613486  0.00545057
1005  0.279005  0.00278525  0.613584  0.00544737
1006  0.278999  0.00278517  0.61361  0.00544583
1007  0.278993  0.00278507  0.613637  0.00544557
1008  0.27899  0.002785  0.613682  0.00544432
1009  0.278987  0.00278494  0.613682  0.00544432
1010  0.278985  0.00278492  0.613682  0.00544432
1011  0.278978  0.0027848  0.613709  0.00544331
1012  0.278976  0.00278479  0.613709  0.00544331
1013  0.278975  0.00278479  0.613798  0.00544045
1014  0.278974  0.00278476  0.613575  0.00544617
1015  0.278972  0.00278471  0.613503  0.0054467
1016  0.278972  0.00278471  0.613494  0.00544692
1017  0.278964  0.00278473  0.613503  0.0054467
1018  0.278962  0.00278471  0.613521  0.00544619
1019  0.278952  0.00278452  0.613628  0.00544265
1020  0.278946  0.00278453  0.613628  0.00544265
1021  0.278939  0.00278441  0.61378  0.00544032
1022  0.278938  0.00278441  0.61378  0.00544032
1023  0.278935  0.00278434  0.61378  0.00544032
1024  0.278928  0.0027843  0.613691  0.00544172
1025  0.278921  0.00278423  0.613735  0.00544084
1026  0.27891  0.0027841  0.613646  0.0054437
1027  0.278907  0.00278406  0.613646  0.0054437
1028  0.2789  0.00278401  0.613646  0.0054437
1029  0.278899  0.00278399  0.613735  0.00544084
1030  0.278899  0.00278399  0.613646  0.00544223
1031  0.278897  0.00278395  0.613601  0.00544238
1032  0.27889  0.0027838  0.613601  0.00544238
1033  0.278887  0.00278379  0.613601  0.00544238
1034  0.278887  0.00278379  0.613512  0.00544524
1035  0.278883  0.00278375  0.613512  0.00544524
1036  0.278874  0.00278358  0.61353  0.00544467
1037  0.278871  0.00278352  0.613646  0.00544128
1038  0.278868  0.00278344  0.613726  0.00543864
1039  0.278868  0.00278344  0.613735  0.00543842
1040  0.278868  0.00278344  0.613735  0.00543842
1041  0.278865  0.00278346  0.613744  0.00543807
1042  0.278862  0.0027834  0.613673  0.00543907
1043  0.278862  0.0027834  0.613673  0.00543907
1044  0.278858  0.00278336  0.613673  0.00543907
1045  0.278855  0.00278333  0.6137  0.0054385
1046  0.278831  0.00278308  0.613824  0.00543508
1047  0.278817  0.00278302  0.613824  0.00543508
1048  0.278811  0.00278297  0.613914  0.00543368
1049  0.278803  0.00278291  0.613914  0.00543368
1050  0.278799  0.00278287  0.613824  0.00543508
1051  0.278788  0.00278282  0.613824  0.00543508
1052  0.278788  0.0027828  0.613816  0.00543515
1053  0.278782  0.0027828  0.613824  0.00543508
1054  0.27877  0.00278271  0.613744  0.00543613
1055  0.278768  0.00278268  0.613744  0.00543613
1056  0.278767  0.00278267  0.613744  0.00543613
1057  0.278763  0.00278265  0.613655  0.00543899
1058  0.278759  0.00278258  0.613655  0.00543899
1059  0.278758  0.00278257  0.613655  0.00543899
1060  0.278758  0.00278256  0.613709  0.0054378
1061  0.278736  0.00278243  0.61378  0.00543541
1062  0.278732  0.00278239  0.61378  0.00543541
1063  0.278729  0.00278232  0.61378  0.00543568
1064  0.278725  0.00278226  0.61378  0.00543568
1065  0.278721  0.00278217  0.613869  0.00543429
1066  0.278713  0.00278227  0.613976  0.0054319
1067  0.278701  0.0027821  0.613994  0.0054318
1068  0.278692  0.00278206  0.613976  0.0054319
1069  0.278685  0.00278195  0.613976  0.00543337
1070  0.278683  0.0027819  0.613976  0.00543337
1071  0.27868  0.00278192  0.613976  0.00543337
1072  0.27867  0.00278177  0.613976  0.00543337
1073  0.278662  0.00278168  0.613976  0.00543395
1074  0.278657  0.0027816  0.613932  0.00543484
1075  0.27864  0.00278169  0.613807  0.00543284
1076  0.278637  0.00278165  0.613807  0.00543284
1077  0.278632  0.00278162  0.613798  0.00543306
1078  0.278628  0.00278153  0.613798  0.00543306
1079  0.278626  0.00278146  0.613798  0.00543306
1080  0.278622  0.00278144  0.613798  0.00543306
1081  0.278619  0.00278139  0.613709  0.00543446
1082  0.278617  0.00278136  0.61353  0.00543872
1083  0.278614  0.00278131  0.613441  0.00544128
1084  0.278614  0.00278131  0.613441  0.00544128
1085  0.278602  0.00278122  0.613352  0.00544414
1086  0.278588  0.00278101  0.613557  0.00544109
1087  0.278585  0.00278099  0.613557  0.00544109
1088  0.278565  0.00278079  0.613575  0.00544186
1089  0.278562  0.00278074  0.613619  0.00544134
1090  0.278558  0.00278066  0.61353  0.00544274
1091  0.278556  0.0027806  0.61353  0.00544274
1092  0.278549  0.00278047  0.61353  0.00544128
1093  0.278534  0.00278026  0.613593  0.00544045
1094  0.27853  0.0027802  0.613575  0.00544117
1095  0.278511  0.00277998  0.613584  0.00544085
1096  0.278506  0.00277993  0.613584  0.00544114
1097  0.278505  0.00277991  0.613646  0.00543919
1098  0.278495  0.0027797  0.613798  0.00543473
1099  0.278476  0.00277947  0.614074  0.0054284
1100  0.278474  0.00277944  0.614208  0.00542538
1101  0.278462  0.0027794  0.613994  0.00543063
1102  0.27846  0.00277942  0.61403  0.00542966
1103  0.27845  0.00277929  0.61411  0.00542714
1104  0.278448  0.00277926  0.614065  0.00542766
1105  0.278442  0.00277919  0.61419  0.00542584
1106  0.278429  0.00277892  0.614235  0.00542584
1107  0.278428  0.00277889  0.614262  0.00542526
1108  0.278414  0.0027789  0.61427  0.00542516
1109  0.278411  0.00277884  0.614315  0.0054253
1110  0.278402  0.00277875  0.614137  0.00542942
1111  0.278396  0.00277872  0.614137  0.00542942
1112  0.278384  0.00277867  0.614047  0.00543112
1113  0.278374  0.00277856  0.613967  0.00543228
1114  0.278365  0.00277841  0.61403  0.00543023
1115  0.278363  0.00277839  0.613994  0.00543096
1116  0.278358  0.00277833  0.614092  0.00542789
1117  0.278356  0.00277829  0.614083  0.0054281
1118  0.278345  0.0027783  0.614083  0.0054281
1119  0.278342  0.0027783  0.614083  0.0054281
1120  0.278336  0.00277821  0.614172  0.00542669
1121  0.278331  0.00277812  0.614199  0.00542612
1122  0.278328  0.00277806  0.614369  0.00542205
1123  0.278321  0.00277795  0.614369  0.00542173
1124  0.278317  0.00277793  0.614369  0.00542173
1125  0.278308  0.0027779  0.614404  0.00542052
1126  0.278307  0.00277791  0.614404  0.00542052
1127  0.278298  0.00277778  0.614395  0.0054193
1128  0.278296  0.00277777  0.614386  0.00541938
1129  0.278293  0.00277772  0.614377  0.00541949
1130  0.278293  0.00277771  0.614377  0.00541949
1131  0.278286  0.00277772  0.614386  0.00541926
1132  0.278282  0.00277771  0.614333  0.00542116
1133  0.278275  0.00277774  0.614422  0.00541975
1134  0.278273  0.0027777  0.614511  0.00541981
1135  0.27827  0.00277769  0.614565  0.00541827
1136  0.278269  0.00277765  0.614565  0.00541827
1137  0.278265  0.00277756  0.614502  0.00542009
1138  0.278259  0.00277744  0.61444  0.00542057
1139  0.278257  0.00277738  0.614547  0.0054173
1140  0.278256  0.00277735  0.614547  0.005417
1141  0.278255  0.00277735  0.614547  0.005417
1142  0.278255  0.00277735  0.614547  0.005417
1143  0.278252  0.00277733  0.614458  0.00541841
1144  0.278247  0.00277729  0.614609  0.0054144
1145  0.278246  0.00277728  0.6146  0.0054146
1146  0.278246  0.00277728  0.6146  0.0054146
1147  0.278245  0.00277727  0.614609  0.00541438
1148  0.278244  0.00277727  0.614609  0.00541438
1149  0.278241  0.00277722  0.614699  0.0054115
1150  0.278238  0.00277719  0.614779  0.0054103
1151  0.278232  0.00277717  0.614788  0.00541008
1152  0.278229  0.00277714  0.614636  0.00541286
1153  0.278229  0.00277713  0.614636  0.00541286
1154  0.278227  0.00277713  0.614636  0.00541286
1155  0.278221  0.00277704  0.614797  0.00540756
1156  0.278221  0.00277703  0.614886  0.00540467
1157  0.278213  0.00277691  0.614779  0.00540736
1158  0.278204  0.00277676  0.614707  0.00540987
1159  0.278202  0.00277672  0.614707  0.00540987
1160  0.2782  0.00277669  0.614841  0.00540573
1161  0.278191  0.00277657  0.614922  0.0054029
1162  0.27819  0.00277656  0.615037  0.0053993
1163  0.278187  0.0027765  0.615037  0.0053993
1164  0.278185  0.00277646  0.615037  0.0053993
1165  0.278184  0.00277642  0.615037  0.0053993
1166  0.27818  0.00277636  0.615029  0.00539939
1167  0.278177  0.00277631  0.614975  0.0054013
1168  0.278173  0.00277621  0.615082  0.00539825
1169  0.278165  0.00277609  0.615153  0.005397
1170  0.278159  0.002776  0.615109  0.00539782
1171  0.278159  0.002776  0.615109  0.00539782
1172  0.278157  0.00277599  0.615171  0.00539698
1173  0.278151  0.00277582  0.615171  0.00539698
1174  0.278147  0.00277573  0.615252  0.00539431
1175  0.278143  0.00277567  0.615252  0.00539431
1176  0.278133  0.00277559  0.6151  0.0053976
1177  0.278131  0.00277555  0.615073  0.00539714
1178  0.278128  0.0027755  0.615082  0.00539679
1179  0.278126  0.00277545  0.615109  0.00539581
1180  0.278119  0.00277533  0.615109  0.00539581
1181  0.278103  0.00277534  0.615207  0.00539361
1182  0.278099  0.00277532  0.615198  0.00539367
1183  0.278099  0.00277531  0.615198  0.00539367
1184  0.278093  0.00277527  0.615198  0.00539367
1185  0.27809  0.0027752  0.615376  0.00538936
1186  0.27809  0.0027752  0.615376  0.00538936
1187  0.278081  0.00277524  0.615376  0.00538936
1188  0.278079  0.00277517  0.615403  0.00538833
1189  0.278068  0.00277509  0.615421  0.00538781
1190  0.278061  0.00277499  0.615474  0.00538767
1191  0.278055  0.00277492  0.615492  0.00538774
1192  0.278045  0.00277476  0.615421  0.0053888
1193  0.278043  0.00277473  0.615385  0.00539014
1194  0.278033  0.00277449  0.615403  0.00539117
1195  0.278031  0.00277448  0.615403  0.00539117
1196  0.278027  0.0027744  0.615403  0.00539117
1197  0.278024  0.0027744  0.615403  0.00539117
1198  0.278024  0.00277439  0.615403  0.00539117
1199  0.278019  0.00277433  0.615314  0.00539383
1200  0.278014  0.00277421  0.615305  0.0053939
1201  0.278014  0.00277421  0.615305  0.0053939
1202  0.278006  0.00277407  0.615367  0.00539159
1203  0.278004  0.00277405  0.615367  0.00539159
1204  0.277999  0.00277408  0.615367  0.00539159
1205  0.277993  0.00277395  0.615483  0.00538915
1206  0.27799  0.00277396  0.615483  0.00538915
1207  0.277986  0.00277396  0.615483  0.00538915
1208  0.277981  0.00277386  0.615662  0.00538483
1209  0.27798  0.00277383  0.615635  0.00538572
1210  0.277978  0.0027738  0.615608  0.00538643
1211  0.277974  0.0027738  0.615644  0.00538598
1212  0.277973  0.00277376  0.615492  0.00538929
1213  0.277968  0.00277378  0.615492  0.00538929
1214  0.277968  0.00277377  0.615492  0.00538929
1215  0.277958  0.00277368  0.61551  0.00538647
1216  0.277955  0.00277363  0.615599  0.00538505
1217  0.277953  0.00277363  0.615599  0.00538505
1218  0.277952  0.00277362  0.615599  0.00538505
1219  0.277947  0.00277354  0.615483  0.00538737
1220  0.277945  0.00277352  0.615492  0.00538711
1221  0.277945  0.00277352  0.615492  0.00538711
1222  0.277941  0.0027735  0.61551  0.00538694
1223  0.27794  0.0027735  0.61551  0.00538694
1224  0.277937  0.00277343  0.615599  0.00538552
1225  0.277932  0.00277341  0.615599  0.00538552
1226  0.277926  0.00277342  0.615599  0.00538552
1227  0.27791  0.00277326  0.615528  0.00538745
1228  0.277907  0.0027732  0.615537  0.00538714
1229  0.277903  0.00277312  0.615537  0.00538714
1230  0.277901  0.00277307  0.615457  0.00538968
1231  0.277895  0.00277309  0.615457  0.00538968
1232  0.277888  0.00277293  0.615385  0.00539212
1233  0.277886  0.00277286  0.615474  0.00538981
1234  0.277881  0.00277284  0.615474  0.00538981
1235  0.277873  0.00277286  0.615466  0.00539136
1236  0.277866  0.00277283  0.615466  0.00539136
1237  0.277861  0.00277286  0.61551  0.00539076
1238  0.277859  0.00277287  0.61551  0.00539076
1239  0.277857  0.00277285  0.615689  0.00538644
1240  0.277848  0.00277286  0.615635  0.00538824
1241  0.277842  0.00277278  0.615653  0.00538933
1242  0.27784  0.00277275  0.615689  0.00538859
1243  0.277831  0.00277257  0.615751  0.00538755
1244  0.277828  0.0027725  0.615751  0.00538755
1245  0.277825  0.00277248  0.61584  0.00538613
1246  0.277824  0.00277247  0.615894  0.00538545
1247  0.277824  0.00277246  0.615894  0.00538545
1248  0.277822  0.00277242  0.615912  0.00538476
1249  0.27782  0.00277236  0.615938  0.00538373
1250  0.277813  0.00277222  0.616027  0.00538083
1251  0.277811  0.00277222  0.616027  0.00538083
1252  0.277803  0.00277227  0.616027  0.00538083
1253  0.277797  0.00277217  0.616001  0.00538163
1254  0.277796  0.00277215  0.616001  0.00538163
1255  0.277795  0.00277213  0.616019  0.00538108
1256  0.277788  0.00277219  0.616019  0.00538108
1257  0.277783  0.00277224  0.616019  0.00538108
1258  0.277782  0.00277222  0.616019  0.00538108
1259  0.277776  0.00277222  0.616019  0.00538108
1260  0.277776  0.00277222  0.616072  0.00538014
1261  0.277773  0.00277219  0.616045  0.00538054
1262  0.277766  0.0027721  0.615974  0.0053818
1263  0.277766  0.0027721  0.615974  0.0053818
1264  0.27776  0.00277214  0.616001  0.00538005
1265  0.277743  0.00277189  0.616152  0.00537659
1266  0.277742  0.00277189  0.616242  0.00537369
1267  0.277729  0.00277172  0.616206  0.00537455
1268  0.2777  0.00277172  0.616384  0.00537063
1269  0.277698  0.0027717  0.616402  0.00537043
1270  0.277691  0.00277176  0.616402  0.00537043
1271  0.277688  0.00277168  0.616313  0.00537334
1272  0.277681  0.00277161  0.616447  0.00537049
1273  0.277671  0.00277153  0.61642  0.00537081
1274  0.277669  0.00277151  0.616349  0.00537326
1275  0.277665  0.00277148  0.616349  0.00537326
1276  0.277663  0.00277144  0.616259  0.00537469
1277  0.27766  0.0027714  0.616349  0.00537326
1278  0.277659  0.00277137  0.616349  0.00537326
1279  0.277656  0.00277137  0.616438  0.00537035
1280  0.277644  0.00277124  0.616465  0.00536963
1281  0.277637  0.00277138  0.616465  0.00536963
1282  0.277635  0.00277136  0.616465  0.00536963
1283  0.277633  0.00277133  0.616509  0.00536873
1284  0.277625  0.00277146  0.616625  0.00536839
1285  0.277621  0.00277156  0.616625  0.00536839
1286  0.277618  0.00277161  0.616625  0.00536839
1287  0.277613  0.00277155  0.616607  0.00536909
1288  0.277612  0.00277155  0.616607  0.00536909
1289  0.277612  0.00277155  0.616607  0.00536909
1290  0.277612  0.00277155  0.616607  0.00536909
1291  0.277611  0.00277155  0.616607  0.00536909
1292  0.27761  0.00277156  0.616607  0.00536909
1293  0.277604  0.00277157  0.616634  0.00536837
1294  0.277595  0.00277143  0.616598  0.00536885
1295  0.27758  0.00277135  0.616687  0.00536712
1296  0.277578  0.00277132  0.616714  0.00536685
1297  0.277574  0.0027712  0.616634  0.00536941
1298  0.277573  0.00277121  0.616634  0.00536941
1299  0.27757  0.00277116  0.616634  0.00536941
1300  0.277567  0.00277116  0.616714  0.00536712
1301  0.277564  0.00277117  0.616714  0.00536712
1302  0.277564  0.00277116  0.616759  0.00536621
1303  0.277559  0.00277109  0.616803  0.00536568
1304  0.277554  0.00277108  0.616803  0.00536568
1305  0.277546  0.0027709  0.616643  0.00536868
1306  0.277543  0.00277084  0.616643  0.00536868
1307  0.277532  0.00277073  0.616714  0.00536741
1308  0.277531  0.00277071  0.616714  0.00536741
1309  0.277528  0.00277065  0.616714  0.00536741
1310  0.277528  0.00277064  0.616545  0.00537168
1311  0.27752  0.0027705  0.616554  0.00537132
1312  0.277511  0.00277039  0.616732  0.00536698
1313  0.277509  0.00277041  0.616732  0.00536698
1314  0.277506  0.00277038  0.616866  0.00536338
1315  0.277502  0.00277029  0.616732  0.00536612
1316  0.277502  0.00277028  0.616777  0.00536484
1317  0.277499  0.00277028  0.616884  0.00536152
1318  0.277499  0.00277028  0.616884  0.00536152
1319  0.277498  0.00277029  0.616795  0.00536444
1320  0.277497  0.0027703  0.616795  0.00536444
1321  0.277485  0.0027701  0.61683  0.00536475
1322  0.277481  0.00277007  0.616884  0.00536389
1323  0.277476  0.00277003  0.616902  0.00536372
1324  0.277475  0.00277002  0.616902  0.00536372
1325  0.27747  0.00276992  0.616875  0.00536444
1326  0.277469  0.00276991  0.616875  0.00536444
1327  0.277464  0.0027698  0.617053  0.00536009
1328  0.277449  0.00276953  0.617187  0.00535856
1329  0.277444  0.00276957  0.617107  0.00536113
1330  0.277437  0.00276953  0.617089  0.00536177
1331  0.277429  0.0027695  0.617169  0.00535921
1332  0.277427  0.00276947  0.617151  0.00535967
1333  0.277415  0.00276929  0.617223  0.0053584
1334  0.277411  0.00276931  0.617169  0.00535944
1335  0.277411  0.00276931  0.617169  0.00535944
1336  0.277408  0.00276924  0.617169  0.00535944
1337  0.277408  0.00276924  0.617169  0.00535944
1338  0.277406  0.00276921  0.617187  0.00535927
1339  0.277403  0.0027692  0.617187  0.00535927
1340  0.277403  0.0027692  0.617187  0.00535927
1341  0.277399  0.00276913  0.61724  0.00535823
1342  0.277396  0.00276909  0.617267  0.00535791
1343  0.277391  0.00276903  0.617312  0.00535741
1344  0.277389  0.00276899  0.617321  0.00535733
1345  0.277382  0.002769  0.617321  0.00535733
1346  0.277382  0.00276899  0.617267  0.00535891
1347  0.277369  0.0027689  0.617294  0.00535805
1348  0.277362  0.00276879  0.617249  0.00535859
1349  0.277357  0.00276872  0.617223  0.005359
1350  0.277355  0.00276871  0.617249  0.00535967
1351  0.277352  0.00276866  0.617339  0.00535675
1352  0.277348  0.00276869  0.617356  0.0053569
1353  0.277342  0.00276868  0.617446  0.00535546
1354  0.277338  0.00276862  0.617642  0.00535086
1355  0.277336  0.00276855  0.617695  0.00534933
1356  0.277336  0.00276854  0.617695  0.00534933
1357  0.277332  0.00276849  0.617695  0.00534933
1358  0.277325  0.00276832  0.617686  0.00534954
1359  0.277321  0.00276826  0.617686  0.00534954
1360  0.277315  0.00276814  0.617669  0.00534971
1361  0.277315  0.00276814  0.617669  0.00534971
1362  0.277314  0.00276812  0.617579  0.00535097
1363  0.277306  0.00276813  0.617606  0.00535003
1364  0.277299  0.00276806  0.617588  0.0053514
1365  0.277296  0.00276806  0.617588  0.0053514
1366  0.277283  0.00276808  0.617588  0.0053514
1367  0.277281  0.00276809  0.617588  0.0053514
1368  0.277271  0.00276797  0.617588  0.0053514
1369  0.27727  0.00276796  0.617588  0.0053514
1370  0.277263  0.00276785  0.61774  0.00534455
1371  0.277257  0.00276779  0.617793  0.00534452
1372  0.277249  0.00276767  0.617811  0.00534435
1373  0.277244  0.00276762  0.617802  0.00534429
1374  0.277241  0.00276759  0.617802  0.00534429
1375  0.277233  0.00276752  0.618052  0.00533888
1376  0.277231  0.00276747  0.618025  0.00533902
1377  0.277229  0.00276743  0.618025  0.00533902
1378  0.277228  0.00276741  0.618052  0.00533803
1379  0.277225  0.00276735  0.618106  0.00533694
1380  0.277223  0.00276732  0.618123  0.00533686
1381  0.277221  0.00276725  0.618302  0.00533246
1382  0.277215  0.00276714  0.6184  0.00533096
1383  0.277208  0.00276706  0.618257  0.00533549
1384  0.277201  0.00276705  0.618257  0.00533549
1385  0.2772  0.00276702  0.618284  0.00533463
1386  0.277199  0.00276701  0.618257  0.00533536
1387  0.277196  0.00276697  0.618213  0.00533702
1388  0.27718  0.0027667  0.618132  0.0053396
1389  0.277172  0.00276653  0.618088  0.00533939
1390  0.27717  0.00276649  0.618088  0.00533939
1391  0.277156  0.00276623  0.618115  0.00533834
1392  0.27715  0.00276613  0.618106  0.00533868
1393  0.277147  0.00276604  0.618106  0.00533868
1394  0.277142  0.00276596  0.618106  0.00533868
1395  0.277133  0.00276588  0.618222  0.00533576
1396  0.27712  0.00276557  0.618106  0.00533952
1397  0.277109  0.00276541  0.618106  0.00533952
1398  0.277104  0.00276533  0.618195  0.00533658
1399  0.277101  0.00276529  0.618239  0.00533529
1400  0.2771  0.00276526  0.618239  0.00533529
1401  0.277097  0.00276531  0.618239  0.00533529
1402  0.277094  0.00276525  0.618418  0.00533089
1403  0.277089  0.00276522  0.618552  0.00532815
1404  0.277088  0.0027652  0.618552  0.00532815
1405  0.277077  0.00276516  0.618462  0.0053311
1406  0.277076  0.00276515  0.618462  0.0053311
1407  0.277074  0.00276514  0.618471  0.00533104
1408  0.277058  0.00276503  0.618694  0.00532654
1409  0.277053  0.00276496  0.618659  0.00532694
1410  0.277049  0.00276484  0.618578  0.00532967
1411  0.277048  0.00276483  0.618534  0.00532976
1412  0.27703  0.00276475  0.618507  0.00533053
1413  0.277028  0.00276473  0.61848  0.00533081
1414  0.277026  0.00276469  0.618489  0.00533073
1415  0.277023  0.00276462  0.618489  0.00533073
1416  0.277022  0.00276459  0.618489  0.00533073
1417  0.277016  0.00276462  0.618489  0.00533073
1418  0.277013  0.00276463  0.618489  0.00533073
1419  0.277011  0.0027646  0.618489  0.00533073
1420  0.277009  0.00276458  0.618489  0.00533073
1421  0.277006  0.0027645  0.618578  0.00532928
1422  0.277002  0.00276443  0.618578  0.00532928
1423  0.276998  0.00276437  0.618578  0.00532928
1424  0.276996  0.00276434  0.618578  0.00532928
1425  0.276993  0.00276428  0.618489  0.00533073
1426  0.27699  0.00276422  0.618489  0.00533073
1427  0.276986  0.00276418  0.618569  0.00532936
1428  0.276983  0.00276418  0.618578  0.00532928
1429  0.276972  0.00276395  0.618462  0.00533326
1430  0.276972  0.00276395  0.618462  0.00533326
1431  0.276969  0.0027639  0.618596  0.0053303
1432  0.276968  0.00276388  0.618596  0.0053303
1433  0.276964  0.00276386  0.618507  0.00533175
1434  0.276962  0.00276381  0.618587  0.00532998
1435  0.276958  0.00276371  0.618596  0.0053299
1436  0.276958  0.0027637  0.618596  0.0053299
1437  0.276956  0.00276369  0.618685  0.00532844
1438  0.276956  0.00276369  0.618685  0.00532844
1439  0.276955  0.00276367  0.618685  0.00532844
1440  0.27695  0.00276362  0.618685  0.00532844
1441  0.276946  0.00276358  0.618685  0.00532844
1442  0.276945  0.00276354  0.618685  0.00532844
1443  0.276942  0.00276349  0.618685  0.00532844
1444  0.276937  0.00276344  0.61865  0.00532899
1445  0.276934  0.0027634  0.618552  0.0053323
1446  0.276924  0.00276326  0.618569  0.00533183
1447  0.276923  0.00276325  0.61848  0.00533478
1448  0.276917  0.00276319  0.61848  0.00533478
1449  0.276915  0.00276316  0.61848  0.00533478
1450  0.276914  0.00276314  0.61848  0.00533478
1451  0.276913  0.00276313  0.618498  0.00533407
1452  0.276913  0.00276313  0.618498  0.00533407
1453  0.276911  0.00276309  0.618498  0.00533407
1454  0.276908  0.00276303  0.618409  0.00533701
1455  0.276907  0.00276303  0.618543  0.00533316
1456  0.276901  0.00276292  0.61856  0.00533269
1457  0.276897  0.00276286  0.618614  0.00533179
1458  0.276893  0.00276282  0.618667  0.00532984
1459  0.276891  0.00276281  0.618667  0.00532984
1460  0.276888  0.00276279  0.618667  0.00532984
1461  0.276887  0.00276277  0.618667  0.00532984
1462  0.276885  0.00276277  0.618712  0.00532833
1463  0.276881  0.00276267  0.618712  0.00532833
1464  0.276879  0.00276264  0.618712  0.00532833
1465  0.276872  0.00276249  0.618605  0.00533019
1466  0.276872  0.00276248  0.618605  0.00533019
1467  0.276869  0.00276244  0.618543  0.00533241
1468  0.276865  0.00276236  0.618534  0.00533276
1469  0.276864  0.00276232  0.618418  0.00533634
1470  0.276843  0.00276217  0.61856  0.00533306
1471  0.27683  0.00276194  0.618766  0.00532798
1472  0.276827  0.00276186  0.61881  0.00532667
1473  0.276824  0.0027618  0.61881  0.00532667
1474  0.276819  0.00276163  0.618819  0.00532631
1475  0.276812  0.00276152  0.618739  0.0053277
1476  0.276809  0.00276149  0.618667  0.00533009
1477  0.276807  0.00276146  0.618578  0.00533155
1478  0.276802  0.00276137  0.618578  0.00533155
1479  0.276799  0.00276131  0.618302  0.00533662
1480  0.276795  0.0027612  0.618337  0.00533527
1481  0.276794  0.0027612  0.618373  0.00533415
1482  0.276794  0.00276119  0.618373  0.00533415
1483  0.276793  0.0027612  0.618373  0.00533415
1484  0.276792  0.00276117  0.618364  0.00533438
1485  0.276788  0.00276111  0.618418  0.00533354
1486  0.276786  0.00276107  0.618418  0.00533354
1487  0.276778  0.00276099  0.6184  0.00533436
1488  0.276776  0.00276096  0.618418  0.00533407
1489  0.276773  0.00276093  0.618623  0.00533218
1490  0.276773  0.00276092  0.618712  0.00532924
1491  0.276765  0.0027608  0.618783  0.00532695
1492  0.276761  0.00276075  0.618783  0.00532695
1493  0.276761  0.00276075  0.618783  0.00532695
1494  0.27676  0.00276072  0.618775  0.00532703
1495  0.276756  0.00276062  0.618837  0.00532703
1496  0.276747  0.00276052  0.618837  0.00532703
1497  0.276734  0.00276033  0.618926  0.00532635
1498  0.276726  0.00276023  0.618855  0.00532764
1499  0.276724  0.00276022  0.618855  0.00532764
1500  0.276712  0.00276001  0.618703  0.00533187
1501  0.276707  0.00275993  0.618676  0.00533169
1502  0.276707  0.00275993  0.618676  0.00533169
1503  0.276703  0.00275993  0.618685  0.00533146
1504  0.276686  0.00275976  0.618694  0.00533125
1505  0.276683  0.00275974  0.618694  0.00533125
1506  0.276679  0.00275973  0.618694  0.00533125
1507  0.276679  0.00275973  0.618694  0.00533125
1508  0.276674  0.00275968  0.618667  0.00533184
1509  0.27667  0.00275962  0.618667  0.00533184
1510  0.276663  0.00275966  0.618757  0.00532889
1511  0.276663  0.00275964  0.618828  0.00532665
1512  0.276659  0.00275969  0.618828  0.00532665
1513  0.276656  0.00275965  0.618748  0.00532803
1514  0.276653  0.00275957  0.618748  0.00532803
1515  0.276651  0.00275957  0.618748  0.00532803
1516  0.276647  0.00275951  0.618659  0.00532948
1517  0.276646  0.0027595  0.618659  0.00532948
1518  0.276641  0.00275939  0.618569  0.00533243
1519  0.276639  0.00275933  0.618569  0.00533243
1520  0.276638  0.00275933  0.618569  0.00533243
1521  0.276636  0.00275927  0.618605  0.00533189
1522  0.276635  0.00275925  0.618757  0.00532853
1523  0.276632  0.00275919  0.618935  0.00532412
1524  0.276632  0.00275918  0.618935  0.00532412
1525  0.276629  0.00275913  0.61889  0.00532461
1526  0.276623  0.00275905  0.618917  0.00532406
1527  0.276618  0.00275913  0.618917  0.00532406
1528  0.276615  0.00275906  0.618837  0.00532665
1529  0.276608  0.00275897  0.618926  0.00532369
1530  0.276602  0.00275893  0.618935  0.00532348
1531  0.276588  0.0027588  0.618935  0.00532408
1532  0.276585  0.00275881  0.618899  0.00532508
1533  0.276577  0.00275875  0.619033  0.00532226
1534  0.276576  0.00275875  0.619033  0.00532226
1535  0.276574  0.00275872  0.619033  0.00532226
1536  0.276571  0.00275872  0.619033  0.00532226
1537  0.27657  0.00275872  0.619033  0.00532226
1538  0.276564  0.00275861  0.618944  0.00532372
1539  0.276557  0.00275845  0.618944  0.00532372
1540  0.276552  0.0027584  0.618944  0.00532372
1541  0.276552  0.00275839  0.618944  0.00532372
1542  0.276551  0.00275839  0.618944  0.00532372
1543  0.27655  0.00275837  0.618944  0.00532372
1544  0.276547  0.00275832  0.618989  0.00532205
1545  0.276537  0.00275825  0.618855  0.00532592
1546  0.276536  0.00275824  0.61881  0.00532646
1547  0.276531  0.0027582  0.618819  0.00532632
1548  0.27653  0.00275819  0.618757  0.00532719
1549  0.276526  0.00275815  0.618801  0.00532653
1550  0.276524  0.0027581  0.618801  0.00532653
1551  0.276519  0.00275799  0.618935  0.0053237
1552  0.276517  0.00275799  0.618935  0.0053237
1553  0.276514  0.00275798  0.618935  0.0053237
1554  0.27651  0.002758  0.618855  0.00532643
1555  0.276499  0.00275796  0.618926  0.00532526
1556  0.276496  0.00275791  0.618953  0.00532498
1557  0.276495  0.00275789  0.618998  0.00532332
1558  0.276488  0.00275776  0.618837  0.00532827
1559  0.276479  0.00275766  0.618775  0.00532912
1560  0.276473  0.00275774  0.618766  0.00532948
1561  0.276465  0.00275763  0.618766  0.00532948
1562  0.276463  0.00275763  0.618766  0.00532948
1563  0.276463  0.00275762  0.618766  0.00532948
1564  0.27646  0.00275757  0.618766  0.00532948
1565  0.276459  0.00275756  0.618775  0.00532941
1566  0.276452  0.00275747  0.618775  0.00532941
1567  0.276446  0.00275736  0.618846  0.00532836
1568  0.276443  0.00275732  0.618846  0.00532836
1569  0.276442  0.00275731  0.618775  0.0053306
1570  0.276436  0.00275723  0.618775  0.0053306
1571  0.276431  0.00275713  0.618775  0.0053306
1572  0.276419  0.0027569  0.618792  0.00533049
1573  0.276411  0.00275675  0.618864  0.00532801
1574  0.276407  0.00275676  0.618953  0.00532506
1575  0.276399  0.00275663  0.61889  0.00532697
1576  0.276395  0.0027566  0.618712  0.00533137
1577  0.276375  0.00275659  0.618712  0.00533137
1578  0.276369  0.00275647  0.618703  0.0053316
1579  0.276368  0.00275646  0.618703  0.0053316
1580  0.276367  0.00275644  0.618703  0.0053316
1581  0.276367  0.00275644  0.618703  0.0053316
1582  0.276365  0.00275641  0.618703  0.0053316
1583  0.276364  0.00275641  0.618703  0.0053316
1584  0.276364  0.00275641  0.618703  0.0053316
1585  0.276362  0.00275639  0.618614  0.00533156
1586  0.276358  0.00275629  0.618614  0.00533156
1587  0.276356  0.00275628  0.618614  0.00533156
1588  0.276347  0.00275623  0.618632  0.00533109
1589  0.276345  0.00275619  0.618632  0.00533109
1590  0.276341  0.0027561  0.618721  0.00532964
1591  0.276338  0.00275606  0.61881  0.00532743
1592  0.276336  0.00275606  0.61881  0.00532743
1593  0.276327  0.00275588  0.61881  0.00532743
1594  0.276324  0.00275589  0.61881  0.00532743
1595  0.276322  0.00275586  0.61881  0.00532743
1596  0.276314  0.00275573  0.61881  0.00532743
1597  0.276298  0.0027555  0.618846  0.00532703
1598  0.276298  0.0027555  0.618846  0.00532703
1599  0.276295  0.00275547  0.618944  0.00532387
1600  0.276294  0.00275546  0.618989  0.00532295
1601  0.276293  0.00275544  0.618944  0.00532461
1602  0.276285  0.00275533  0.618944  0.00532461
1603  0.276282  0.00275528  0.618944  0.00532461
1604  0.276281  0.00275525  0.619033  0.00532285
1605  0.276278  0.00275521  0.619042  0.00532249
1606  0.27627  0.00275517  0.619015  0.00532286
1607  0.276267  0.00275512  0.619006  0.00532302
1608  0.276262  0.00275514  0.619006  0.00532302
1609  0.276261  0.00275511  0.619006  0.00532302
1610  0.276258  0.00275509  0.618917  0.00532597
1611  0.276258  0.00275509  0.618917  0.00532597
1612  0.276254  0.00275507  0.618917  0.00532597
1613  0.276254  0.00275507  0.618917  0.00532597
1614  0.276247  0.00275495  0.618998  0.00532459
1615  0.276243  0.00275489  0.61898  0.00532479
1616  0.276242  0.00275489  0.61898  0.00532479
1617  0.276234  0.00275479  0.618989  0.00532443
1618  0.276223  0.00275458  0.619113  0.00532351
1619  0.276221  0.00275453  0.619113  0.00532351
1620  0.276216  0.00275445  0.619113  0.00532351
1621  0.276215  0.00275445  0.619113  0.00532351
1622  0.276213  0.00275441  0.619113  0.00532351
1623  0.276213  0.00275441  0.619113  0.00532351
1624  0.276212  0.00275438  0.619113  0.00532351
1625  0.276203  0.00275438  0.618962  0.00532764
1626  0.276201  0.00275434  0.618962  0.00532764
1627  0.276199  0.00275434  0.618873  0.00533059
1628  0.276199  0.00275434  0.618873  0.00533059
1629  0.276194  0.00275422  0.618873  0.00533014
1630  0.276191  0.00275416  0.618873  0.00533014
1631  0.276191  0.00275415  0.618873  0.00533014
1632  0.276191  0.00275415  0.618873  0.00533014
1633  0.276179  0.00275388  0.618783  0.00533309
1634  0.276178  0.00275386  0.618605  0.00533749
1635  0.276176  0.00275383  0.618605  0.00533749
1636  0.276171  0.00275387  0.618605  0.00533749
1637  0.276169  0.00275384  0.618605  0.00533749
1638  0.276169  0.00275384  0.618605  0.00533749
1639  0.276166  0.00275377  0.618436  0.0053414
1640  0.276165  0.00275376  0.618453  0.00534111
1641  0.276162  0.0027537  0.618471  0.00534094
1642  0.276159  0.0027537  0.618462  0.0053417
1643  0.276158  0.0027537  0.618489  0.0053412
1644  0.276157  0.00275368  0.618498  0.00534084
1645  0.276157  0.00275367  0.618489  0.0053412
1646  0.276157  0.00275367  0.618489  0.0053412
1647  0.276149  0.0027536  0.618578  0.00533826
1648  0.276144  0.00275357  0.618614  0.00533683
1649  0.276142  0.00275359  0.618614  0.00533683
1650  0.276142  0.00275359  0.618614  0.00533683
1651  0.276142  0.00275359  0.618605  0.00533707
1652  0.276141  0.00275356  0.618641  0.00533571
1653  0.276141  0.00275356  0.618641  0.00533571
1654  0.276141  0.00275356  0.618641  0.00533571
1655  0.276141  0.00275356  0.618641  0.00533571
1656  0.276138  0.00275356  0.618641  0.00533571
1657  0.276137  0.00275354  0.618641  0.00533571
1658  0.276135  0.00275351  0.618632  0.00533607
1659  0.27613  0.00275346  0.618632  0.00533607
1660  0.276124  0.00275341  0.618703  0.00533479
1661  0.276123  0.00275341  0.618614  0.00533625
1662  0.276123  0.00275339  0.618578  0.00533724
1663  0.276118  0.00275329  0.618783  0.00533207
1664  0.276118  0.00275329  0.618783  0.00533207
1665  0.27611  0.00275327  0.618703  0.00533466
1666  0.276106  0.00275327  0.618837  0.00533102
1667  0.276106  0.00275327  0.618837  0.00533102
1668  0.276106  0.00275325  0.618828  0.00533138
1669  0.276105  0.00275324  0.618801  0.00533184
1670  0.276097  0.00275329  0.618712  0.0053333
1671  0.276094  0.00275324  0.618676  0.0053337
1672  0.276088  0.00275316  0.618667  0.00533384
1673  0.276086  0.00275316  0.618667  0.00533384
1674  0.276086  0.00275315  0.618667  0.00533384
1675  0.276082  0.00275308  0.618667  0.00533384
1676  0.276081  0.00275307  0.618667  0.00533384
1677  0.27608  0.00275305  0.618659  0.00533541
1678  0.276078  0.00275306  0.618659  0.00533541
1679  0.276077  0.00275307  0.618659  0.00533541
1680  0.276071  0.00275309  0.618659  0.00533541
1681  0.276062  0.00275292  0.618667  0.0053352
1682  0.27606  0.0027529  0.618676  0.005335
1683  0.276058  0.00275288  0.618766  0.00533205
1684  0.276055  0.0027528  0.618855  0.0053291
1685  0.27605  0.00275273  0.618855  0.0053291
1686  0.276048  0.00275268  0.618855  0.0053291
1687  0.276044  0.00275264  0.618864  0.00532887
1688  0.276042  0.00275265  0.618864  0.00532887
1689  0.276035  0.0027526  0.618864  0.00532887
1690  0.276034  0.00275258  0.61889  0.00532783
1691  0.276027  0.00275245  0.618944  0.0053267
1692  0.276023  0.00275238  0.618953  0.00532651
1693  0.276022  0.00275238  0.618953  0.00532651
1694  0.276018  0.00275232  0.618953  0.00532651
1695  0.276016  0.00275232  0.619033  0.00532605
1696  0.276015  0.00275229  0.619113  0.00532346
1697  0.276009  0.00275215  0.61914  0.00532242
1698  0.276009  0.00275214  0.61914  0.00532242
1699  0.276008  0.00275213  0.61914  0.00532242
1700  0.276004  0.00275206  0.619096  0.00532408
1701  0.276001  0.00275201  0.619078  0.00532426
1702  0.275999  0.00275194  0.619167  0.0053213
1703  0.275998  0.00275192  0.619319  0.00531761
1704  0.275994  0.00275189  0.619319  0.00531761
1705  0.275993  0.00275187  0.619319  0.00531761
1706  0.275988  0.00275179  0.619319  0.00531761
1707  0.275985  0.00275172  0.619319  0.00531761
1708  0.275983  0.00275173  0.619319  0.00531761
1709  0.275974  0.0027516  0.619247  0.00531866
1710  0.275974  0.00275159  0.619247  0.00531866
1711  0.275964  0.00275148  0.619149  0.00532032
1712  0.275962  0.00275148  0.619158  0.00532012
1713  0.27596  0.00275146  0.619158  0.00532012
1714  0.275958  0.00275143  0.619105  0.00532082
1715  0.275957  0.00275142  0.619113  0.00532074
1716  0.275954  0.00275134  0.61898  0.00532147
1717  0.275953  0.00275133  0.61898  0.00532147
1718  0.275947  0.00275128  0.61898  0.00532147
1719  0.275938  0.00275114  0.619015  0.00532101
1720  0.27593  0.00275102  0.619015  0.00532101
1721  0.275926  0.00275098  0.619087  0.00531996
1722  0.275924  0.00275093  0.619087  0.00531996
1723  0.275919  0.00275083  0.619301  0.00531555
1724  0.275918  0.00275083  0.619301  0.00531555
1725  0.275914  0.00275075  0.619533  0.00531193
1726  0.275913  0.00275075  0.619622  0.00531046
1727  0.275903  0.00275058  0.619622  0.00531046
1728  0.275903  0.00275058  0.619675  0.0053094
1729  0.2759  0.00275051  0.619845  0.00530533
1730  0.275899  0.00275049  0.619756  0.0053068
1731  0.275898  0.00275049  0.619756  0.0053068
1732  0.275897  0.00275047  0.619693  0.00530798
1733  0.275896  0.00275047  0.619693  0.00530798
1734  0.275896  0.00275046  0.619693  0.00530798
1735  0.275895  0.00275043  0.619782  0.00530502
1736  0.275891  0.00275035  0.619613  0.00530909
1737  0.27589  0.00275034  0.619613  0.00530909
1738  0.275882  0.00275028  0.619613  0.00530909
1739  0.275879  0.00275026  0.61972  0.00530571
1740  0.275877  0.00275024  0.61972  0.00530571
1741  0.275873  0.0027502  0.619782  0.00530557
1742  0.275868  0.00275015  0.619809  0.00530524
1743  0.275865  0.00275009  0.619836  0.00530419
1744  0.275862  0.00275003  0.619863  0.00530328
1745  0.275859  0.00275  0.619889  0.00530345
1746  0.275857  0.00274996  0.619934  0.00530253
1747  0.27585  0.00274985  0.620139  0.0053008
1748  0.275848  0.00274982  0.620032  0.00530094
1749  0.275841  0.00274977  0.619988  0.00530305
1750  0.27584  0.00274977  0.619988  0.00530305
1751  0.275839  0.00274974  0.619988  0.00530305
1752  0.275836  0.00274968  0.619988  0.00530305
1753  0.275829  0.00274954  0.619809  0.00530599
1754  0.275823  0.00274951  0.619809  0.00530599
1755  0.275821  0.00274951  0.619809  0.00530599
1756  0.275816  0.0027495  0.619907  0.00530579
1757  0.275816  0.0027495  0.619907  0.00530579
1758  0.275808  0.00274939  0.619988  0.00530575
1759  0.275803  0.00274929  0.620014  0.00530502
1760  0.275799  0.00274919  0.620014  0.00530502
1761  0.275798  0.00274916  0.619925  0.00530649
1762  0.275798  0.00274916  0.619836  0.00530646
1763  0.275798  0.00274916  0.619845  0.00530623
1764  0.275796  0.00274911  0.619925  0.00530498
1765  0.275789  0.00274903  0.61988  0.0053059
1766  0.275786  0.00274897  0.619916  0.00530549
1767  0.27578  0.00274897  0.619916  0.00530549
1768  0.27578  0.00274897  0.619916  0.00530549
1769  0.275778  0.00274896  0.619934  0.00530538
1770  0.275776  0.00274893  0.61997  0.00530474
1771  0.275766  0.00274873  0.619916  0.00530523
1772  0.27576  0.00274863  0.619916  0.00530618
1773  0.275755  0.00274855  0.619925  0.00530657
1774  0.27575  0.00274851  0.620121  0.00530263
1775  0.27575  0.00274851  0.620121  0.00530263
1776  0.275746  0.00274849  0.620148  0.00530342
1777  0.275744  0.00274848  0.620148  0.00530342
1778  0.275743  0.00274844  0.620112  0.00530461
1779  0.275742  0.00274844  0.620112  0.00530461
1780  0.275741  0.00274841  0.620041  0.00530579
1781  0.275741  0.00274841  0.620041  0.00530579
1782  0.275738  0.00274844  0.620121  0.00530575
1783  0.275736  0.0027484  0.620282  0.00530175
1784  0.275736  0.0027484  0.620291  0.00530167
1785  0.275736  0.0027484  0.620291  0.00530167
1786  0.275736  0.00274838  0.620237  0.00530327
1787  0.275735  0.00274836  0.62021  0.00530427
1788  0.275735  0.00274836  0.62021  0.00530427
1789  0.275734  0.00274835  0.62021  0.00530427
1790  0.275733  0.00274836  0.62021  0.00530427
1791  0.275733  0.00274836  0.62021  0.00530427
1792  0.275731  0.0027483  0.620389  0.00529983
1793  0.275724  0.0027483  0.620326  0.0053007
1794  0.275719  0.00274824  0.620371  0.0053
1795  0.275718  0.00274821  0.620371  0.0053
1796  0.27571  0.00274825  0.620371  0.0053
1797  0.275708  0.00274826  0.62046  0.00529703
1798  0.275707  0.00274823  0.62046  0.00529703
1799  0.275704  0.00274819  0.62038  0.00529707
1800  0.275704  0.00274819  0.62038  0.00529707
1801  0.275703  0.0027482  0.62038  0.00529707
1802  0.275702  0.0027482  0.62038  0.00529707
1803  0.275702  0.0027482  0.62038  0.00529707
1804  0.275701  0.00274819  0.62038  0.00529707
1805  0.275698  0.00274818  0.62038  0.00529707
1806  0.275698  0.00274818  0.62038  0.00529707
1807  0.275698  0.00274819  0.620407  0.00529647
1808  0.275696  0.00274813  0.620407  0.00529647
1809  0.275695  0.00274813  0.620407  0.00529647
1810  0.275685  0.00274789  0.620389  0.0052967
1811  0.275684  0.00274787  0.620389  0.0052967
1812  0.27568  0.00274782  0.620389  0.0052967
1813  0.275677  0.00274772  0.620398  0.00529634
1814  0.275675  0.0027477  0.620451  0.00529624
1815  0.275666  0.00274757  0.620487  0.00529583
1816  0.275664  0.00274753  0.620309  0.00530028
1817  0.27566  0.00274743  0.620309  0.00530028
1818  0.275651  0.00274725  0.620309  0.00530148
1819  0.27565  0.00274723  0.620326  0.00530106
1820  0.275649  0.00274724  0.620326  0.00530106
1821  0.275644  0.00274725  0.620255  0.00530224
1822  0.275643  0.00274722  0.620246  0.00530244
1823  0.275641  0.00274719  0.620246  0.00530244
1824  0.27564  0.00274717  0.620318  0.00530126
1825  0.275639  0.00274717  0.620318  0.00530126
1826  0.275637  0.00274714  0.620318  0.00530126
1827  0.275631  0.00274704  0.620273  0.00530181
1828  0.27563  0.00274703  0.620282  0.00530145
1829  0.275629  0.00274702  0.620291  0.00530131
1830  0.275629  0.00274702  0.620291  0.00530131
1831  0.275627  0.00274701  0.6203  0.00530118
1832  0.275625  0.00274695  0.620389  0.00529821
1833  0.275624  0.00274692  0.620389  0.00529821
1834  0.275621  0.00274686  0.620451  0.00529733
1835  0.275611  0.0027468  0.620451  0.00529733
1836  0.275611  0.0027468  0.620451  0.00529733
1837  0.275607  0.00274683  0.620451  0.00529733
1838  0.275607  0.00274683  0.62054  0.00529586
1839  0.2756  0.0027469  0.62054  0.00529586
1840  0.275598  0.00274689  0.620451  0.00529733
1841  0.275591  0.00274677  0.620451  0.00529733
1842  0.275584  0.00274667  0.620451  0.00529733
1843  0.275577  0.00274659  0.620558  0.005297
1844  0.275564  0.00274641  0.620558  0.00529876
1845  0.275564  0.00274641  0.620558  0.00529876
1846  0.275562  0.00274638  0.620558  0.00529876
1847  0.275558  0.00274639  0.620585  0.00529861
1848  0.275558  0.00274639  0.620585  0.00529861
1849  0.275558  0.00274638  0.620585  0.00529861
1850  0.275552  0.00274628  0.620639  0.00529845
1851  0.275544  0.00274615  0.620674  0.00529608
1852  0.275535  0.00274615  0.620674  0.00529608
1853  0.27553  0.00274613  0.620674  0.00529608
1854  0.275519  0.00274604  0.620737  0.00529384
1855  0.275514  0.00274599  0.620737  0.00529384
1856  0.27551  0.00274592  0.620826  0.00529083
1857  0.275506  0.00274589  0.620826  0.00529083
1858  0.275505  0.00274587  0.620844  0.00529035
1859  0.275501  0.0027458  0.620808  0.00529131
1860  0.275499  0.00274578  0.620862  0.0052906
1861  0.275495  0.00274575  0.620942  0.00528936
1862  0.275493  0.0027457  0.620942  0.00528936
1863  0.275487  0.00274566  0.620933  0.00528946
1864  0.275486  0.00274565  0.620951  0.00528928
1865  0.275485  0.00274562  0.620951  0.00528928
1866  0.275482  0.00274558  0.62104  0.0052863
1867  0.275481  0.00274556  0.621049  0.00528608
1868  0.27548  0.00274556  0.621049  0.00528608
1869  0.275478  0.0027455  0.621085  0.00528471
1870  0.275469  0.00274536  0.621049  0.00528608
1871  0.275465  0.00274529  0.620995  0.00528769
1872  0.275464  0.00274528  0.621004  0.00528733
1873  0.275464  0.00274527  0.620995  0.00528769
1874  0.275462  0.00274524  0.621067  0.00528542
1875  0.275461  0.00274521  0.621067  0.00528542
1876  0.275459  0.0027452  0.621067  0.00528542
1877  0.275457  0.00274521  0.621067  0.00528542
1878  0.275453  0.00274518  0.621102  0.00528543
1879  0.275453  0.00274518  0.621102  0.00528543
1880  0.275452  0.00274518  0.621093  0.00528541
1881  0.275447  0.0027451  0.621138  0.00528403
1882  0.275439  0.00274495  0.621138  0.00528403
1883  0.275439  0.00274494  0.621138  0.00528416
1884  0.275436  0.00274489  0.621156  0.00528345
1885  0.275435  0.00274485  0.621236  0.00528096
1886  0.275435  0.00274485  0.621236  0.00528096
1887  0.27543  0.00274478  0.62129  0.00528025
1888  0.275427  0.00274471  0.62129  0.00528025
1889  0.275426  0.00274469  0.62129  0.00528025
1890  0.275425  0.00274469  0.62129  0.00528025
1891  0.275421  0.00274462  0.62129  0.00528025
1892  0.275421  0.00274462  0.621236  0.00528132
1893  0.275415  0.00274457  0.621325  0.00527983
1894  0.275411  0.00274451  0.621325  0.00527983
1895  0.27541  0.00274451  0.621325  0.00527983
1896  0.27541  0.00274451  0.621325  0.00527983
1897  0.275407  0.00274441  0.621325  0.00527983
1898  0.275407  0.0027444  0.621325  0.00527983
1899  0.275405  0.00274436  0.621236  0.00528283
1900  0.275398  0.00274429  0.621236  0.00528283
1901  0.275398  0.00274429  0.621236  0.00528283
1902  0.275398  0.00274428  0.621236  0.00528283
1903  0.275396  0.00274425  0.621236  0.00528283
1904  0.275392  0.00274425  0.621254  0.00528265
1905  0.275391  0.00274425  0.621254  0.00528265
1906  0.275391  0.00274425  0.621254  0.00528265
1907  0.275391  0.00274425  0.621254  0.00528265
1908  0.275391  0.00274425  0.621254  0.00528265
1909  0.275389  0.0027442  0.621281  0.00528191
1910  0.275389  0.0027442  0.621281  0.00528191
1911  0.275387  0.00274419  0.621281  0.00528191
1912  0.275385  0.00274415  0.621281  0.00528191
1913  0.275383  0.0027441  0.621281  0.00528191
1914  0.275381  0.00274404  0.62137  0.00527892
1915  0.275377  0.00274407  0.62137  0.00527892
1916  0.275377  0.00274407  0.62137  0.00527892
1917  0.27537  0.0027441  0.62137  0.00527892
1918  0.275369  0.00274408  0.621325  0.00527956
1919  0.275366  0.002744  0.621441  0.00527597
1920  0.275366  0.002744  0.621441  0.00527597
1921  0.275358  0.00274393  0.621441  0.00527597
1922  0.275355  0.00274389  0.621477  0.00527555
1923  0.275355  0.00274389  0.621477  0.00527555
1924  0.275354  0.00274388  0.621477  0.00527555
1925  0.275353  0.00274387  0.621477  0.00527555
1926  0.275353  0.00274386  0.621477  0.00527555
1927  0.275343  0.00274375  0.621557  0.00527627
1928  0.275343  0.00274375  0.621557  0.00527627
1929  0.275339  0.00274368  0.621513  0.00527699
1930  0.275336  0.00274368  0.621513  0.00527699
1931  0.275331  0.00274374  0.621513  0.00527699
1932  0.275329  0.00274376  0.621513  0.00527699
1933  0.275327  0.00274373  0.621513  0.00527699
1934  0.275324  0.00274374  0.621646  0.00527329
1935  0.275322  0.0027437  0.621727  0.00527052
1936  0.275321  0.00274365  0.621727  0.00527052
1937  0.275314  0.00274355  0.621646  0.00527266
1938  0.275313  0.00274353  0.621646  0.00527266
1939  0.275312  0.00274352  0.621646  0.00527266
1940  0.275312  0.00274352  0.621646  0.00527266
1941  0.275311  0.00274352  0.621646  0.00527266
1942  0.275311  0.0027435  0.621646  0.00527266
1943  0.275304  0.00274343  0.621646  0.00527266
1944  0.275303  0.00274341  0.621646  0.00527266
1945  0.2753  0.00274337  0.621557  0.00527565
1946  0.2753  0.00274337  0.621557  0.00527565
1947  0.275295  0.00274341  0.621566  0.00527544
1948  0.275294  0.00274339  0.621646  0.00527267
1949  0.275292  0.00274333  0.621736  0.00526967
1950  0.275286  0.00274325  0.621736  0.00526967
1951  0.275283  0.00274322  0.621745  0.00526974
1952  0.275281  0.00274316  0.621745  0.00526974
1953  0.275277  0.00274319  0.621745  0.00526974
1954  0.275275  0.00274316  0.621745  0.00526974
1955  0.275272  0.00274312  0.621745  0.00526974
1956  0.275271  0.00274312  0.621745  0.00526974
1957  0.275271  0.00274312  0.621745  0.00526974
1958  0.275269  0.00274312  0.621745  0.00526974
1959  0.275266  0.00274307  0.621593  0.0052719
1960  0.275265  0.00274306  0.621593  0.0052719
1961  0.275261  0.00274301  0.621584  0.00527193
1962  0.275259  0.00274301  0.621584  0.00527193
1963  0.275259  0.00274301  0.621584  0.00527193
1964  0.275258  0.002743  0.621566  0.00527201
1965  0.275255  0.00274298  0.621557  0.00527208
1966  0.275247  0.00274297  0.621557  0.00527208
1967  0.275238  0.00274286  0.621432  0.00527585
1968  0.275232  0.00274285  0.62145  0.00527543
1969  0.27523  0.00274282  0.621539  0.00527244
1970  0.275228  0.00274279  0.621539  0.00527244
1971  0.275226  0.00274275  0.621539  0.00527244
1972  0.275223  0.0027427  0.621361  0.00527692
1973  0.275223  0.00274269  0.621361  0.00527692
1974  0.275223  0.00274269  0.621361  0.00527692
1975  0.275222  0.00274269  0.621361  0.00527692
1976  0.275221  0.00274268  0.621361  0.00527692
1977  0.275221  0.00274268  0.621361  0.00527692
1978  0.275221  0.00274268  0.621361  0.00527692
1979  0.275221  0.00274267  0.621361  0.00527692
1980  0.275221  0.00274267  0.62145  0.00527392
1981  0.275219  0.00274264  0.62145  0.00527392
1982  0.275217  0.00274263  0.62145  0.00527392
1983  0.275206  0.00274261  0.621477  0.00527332
1984  0.275198  0.0027425  0.62162  0.00527109
1985  0.275196  0.00274247  0.621575  0.00527167
1986  0.275196  0.00274247  0.621575  0.00527167
1987  0.275192  0.00274245  0.621575  0.00527167
1988  0.275192  0.00274245  0.621575  0.00527167
1989  0.275186  0.00274251  0.621575  0.00527167
1990  0.275177  0.0027424  0.621771  0.00526979
1991  0.275175  0.00274238  0.621789  0.00526943
1992  0.275175  0.00274238  0.621789  0.00526943
1993  0.275172  0.00274232  0.621691  0.00527169
1994  0.275171  0.00274231  0.621691  0.00527169
1995  0.275168  0.0027423  0.621843  0.00526942
1996  0.275166  0.00274228  0.621852  0.00526921
1997  0.275162  0.00274224  0.621852  0.00527002
1998  0.275155  0.0027422  0.621869  0.00526954
1999  0.275155  0.0027422  0.621869  0.00526954
