#sample=542
0  0.437891  0.00825445  0.474908  0.0165381
1  0.392275  0.00856655  0.501476  0.0161077
2  0.35458  0.00889704  0.545018  0.0151821
3  0.326979  0.00921602  0.588469  0.0147334
4  0.306692  0.00953486  0.631827  0.0141908
5  0.291806  0.00976541  0.650461  0.0140694
6  0.279009  0.00993384  0.669834  0.0140423
7  0.268299  0.0101079  0.683856  0.0139872
8  0.261663  0.0102243  0.692712  0.0139411
9  0.255696  0.0103399  0.701568  0.0138752
10  0.251582  0.0104097  0.709963  0.013614
11  0.248649  0.0104515  0.711439  0.0135755
12  0.245738  0.010491  0.716421  0.0134771
13  0.243682  0.0105155  0.72048  0.0133671
14  0.241945  0.0105351  0.722786  0.0132599
15  0.240808  0.0105451  0.724354  0.0132036
16  0.239935  0.0105574  0.726476  0.0130958
17  0.239453  0.0105584  0.727122  0.0130572
18  0.238797  0.0105668  0.728321  0.0129912
19  0.238269  0.0105678  0.729428  0.0129255
20  0.237985  0.0105679  0.730535  0.0128393
21  0.237736  0.0105614  0.731089  0.012805
22  0.237464  0.0105606  0.731089  0.012805
23  0.237162  0.0105595  0.731181  0.0128015
24  0.237025  0.0105574  0.732103  0.0127372
25  0.236879  0.0105547  0.732103  0.0127372
26  0.236751  0.0105496  0.732841  0.0126794
27  0.236529  0.0105411  0.732011  0.01274
28  0.236385  0.0105359  0.732011  0.01274
29  0.236266  0.0105313  0.732934  0.0126753
30  0.236185  0.010528  0.732196  0.0127324
31  0.236026  0.0105242  0.732196  0.0127324
32  0.235894  0.0105194  0.731642  0.0127718
33  0.235768  0.0105164  0.731734  0.012769
34  0.235621  0.0105129  0.733672  0.0126373
35  0.235519  0.0105088  0.73441  0.0126444
36  0.235468  0.0105065  0.734779  0.0126142
37  0.235388  0.010503  0.734779  0.0126142
38  0.235303  0.0104994  0.735424  0.0125753
39  0.235203  0.0104952  0.735424  0.0125753
40  0.235126  0.0104923  0.735978  0.0125358
41  0.235024  0.0104895  0.736624  0.0124965
42  0.234928  0.0104862  0.736624  0.0124965
43  0.23479  0.0104825  0.735701  0.0125627
44  0.234717  0.0104805  0.735701  0.0125627
45  0.234611  0.0104773  0.736439  0.0125153
46  0.234479  0.0104725  0.736439  0.0125153
47  0.234402  0.0104692  0.737915  0.0124003
48  0.234327  0.0104671  0.739207  0.0123833
49  0.234258  0.0104638  0.73976  0.0123511
50  0.234159  0.0104606  0.73976  0.0123511
51  0.234114  0.0104584  0.73976  0.0123511
52  0.234012  0.0104551  0.73976  0.0123511
53  0.233924  0.010453  0.73976  0.0123511
54  0.233874  0.0104512  0.73893  0.0124148
55  0.233787  0.010448  0.739391  0.0123726
56  0.23375  0.0104461  0.740683  0.0122693
57  0.233704  0.0104443  0.740683  0.0122693
58  0.233627  0.010441  0.740683  0.0122693
59  0.233542  0.0104375  0.741236  0.0122367
60  0.233441  0.0104333  0.741236  0.0122367
61  0.233376  0.0104307  0.741697  0.0122111
62  0.233342  0.0104292  0.741697  0.0122111
63  0.233329  0.0104287  0.741697  0.0122111
64  0.233287  0.0104268  0.741697  0.0122111
65  0.233237  0.0104247  0.741697  0.0122111
66  0.233187  0.0104223  0.741697  0.0122111
67  0.233136  0.0104203  0.741697  0.0122111
68  0.233071  0.0104186  0.741697  0.0122111
69  0.233007  0.0104166  0.741697  0.0122111
70  0.232931  0.010414  0.741697  0.0122111
71  0.232828  0.0104115  0.741697  0.0122111
72  0.232726  0.0104085  0.742528  0.0121459
73  0.232667  0.0104067  0.742435  0.0121497
74  0.232611  0.0104049  0.742528  0.0121459
75  0.232581  0.010404  0.742435  0.0121413
76  0.232534  0.0104023  0.74179  0.0121871
77  0.232477  0.0104003  0.741421  0.0122202
78  0.232449  0.0103991  0.741421  0.0122202
79  0.232404  0.0103967  0.741605  0.0122023
80  0.232299  0.0103946  0.742528  0.0121333
81  0.232214  0.0103913  0.742251  0.0121614
82  0.23219  0.01039  0.742251  0.0121614
83  0.232143  0.0103877  0.742251  0.0121614
84  0.232124  0.0103869  0.742251  0.0121614
85  0.232093  0.0103855  0.742251  0.0121614
86  0.232044  0.0103835  0.742251  0.0121614
87  0.232021  0.0103824  0.742251  0.0121614
88  0.232004  0.0103816  0.742251  0.0121614
89  0.231996  0.0103812  0.742251  0.0121614
90  0.231974  0.0103801  0.742251  0.0121614
91  0.231952  0.010379  0.742251  0.0121614
92  0.231925  0.0103777  0.742251  0.0121614
93  0.231902  0.0103767  0.742251  0.0121614
94  0.231858  0.0103745  0.742251  0.0121614
95  0.23184  0.0103736  0.742251  0.0121614
96  0.231798  0.0103716  0.743173  0.0120921
97  0.231751  0.0103695  0.742989  0.0121004
98  0.231733  0.0103687  0.742989  0.0121004
99  0.231712  0.0103678  0.742989  0.0121004
100  0.231697  0.0103672  0.742989  0.0121004
101  0.231677  0.0103663  0.742989  0.0121004
102  0.231654  0.0103653  0.742989  0.0121004
103  0.231629  0.0103643  0.74428  0.0120111
104  0.231598  0.010363  0.74428  0.0120111
105  0.231557  0.0103616  0.744926  0.0119587
106  0.231509  0.0103595  0.745941  0.0118832
107  0.231419  0.0103569  0.745941  0.0118832
108  0.231385  0.0103556  0.745018  0.0119541
109  0.231348  0.0103546  0.74548  0.0119098
110  0.231315  0.0103535  0.74548  0.0119098
111  0.231284  0.0103526  0.74548  0.0119098
112  0.231239  0.0103508  0.74548  0.0119098
113  0.231227  0.0103504  0.745941  0.0118832
114  0.231205  0.0103498  0.745941  0.0118832
115  0.231162  0.0103483  0.745941  0.0118832
116  0.231132  0.010347  0.745941  0.0118832
117  0.231072  0.0103447  0.745941  0.0118832
118  0.231051  0.0103437  0.746771  0.0118222
119  0.231005  0.010342  0.746771  0.0118222
120  0.23097  0.0103407  0.746494  0.0118361
121  0.230934  0.0103393  0.746494  0.0118361
122  0.230913  0.0103383  0.746494  0.0118361
123  0.230883  0.0103368  0.746771  0.0118222
124  0.230862  0.010336  0.746771  0.0118222
125  0.230829  0.010335  0.746771  0.0118222
126  0.230771  0.0103332  0.746771  0.0118222
127  0.230745  0.0103322  0.746771  0.0118222
128  0.230689  0.0103301  0.746771  0.0118222
129  0.230652  0.0103283  0.746771  0.0118222
130  0.23063  0.0103273  0.747694  0.0117502
131  0.230615  0.0103265  0.747694  0.0117502
132  0.230581  0.0103249  0.746771  0.0118222
133  0.230526  0.0103225  0.746771  0.0118222
134  0.230445  0.0103193  0.74797  0.0117362
135  0.230382  0.0103167  0.747878  0.0117401
136  0.23035  0.0103154  0.747878  0.0117401
137  0.230312  0.0103139  0.748801  0.0116675
138  0.230275  0.0103124  0.748801  0.0116675
139  0.230246  0.0103111  0.749723  0.0115943
140  0.230167  0.0103093  0.749723  0.0115943
141  0.230119  0.0103079  0.749815  0.0115903
142  0.230054  0.0103057  0.749539  0.0116046
143  0.229978  0.0103035  0.749539  0.0116046
144  0.229943  0.0103023  0.749539  0.0116046
145  0.229907  0.0103012  0.749539  0.0116046
146  0.229838  0.0102994  0.749539  0.0116046
147  0.229809  0.0102985  0.749539  0.0116046
148  0.229779  0.0102972  0.749539  0.0116046
149  0.229766  0.0102967  0.749539  0.0116046
150  0.229748  0.0102959  0.749539  0.0116046
151  0.229726  0.010295  0.749539  0.0116046
152  0.229718  0.0102947  0.749631  0.0116006
153  0.229645  0.0102923  0.750554  0.0116006
154  0.229607  0.0102905  0.750554  0.0116006
155  0.229594  0.0102899  0.750554  0.0116006
156  0.229574  0.0102889  0.75083  0.0115707
157  0.229559  0.0102882  0.752306  0.0114563
158  0.229543  0.0102874  0.752306  0.0114563
159  0.229516  0.0102863  0.752306  0.0114563
160  0.229512  0.0102861  0.752306  0.0114563
161  0.229493  0.0102851  0.752306  0.0114563
162  0.229475  0.0102842  0.752306  0.0114563
163  0.229455  0.0102834  0.752306  0.0114563
164  0.229437  0.0102825  0.752306  0.0114563
165  0.229402  0.0102807  0.752306  0.0114563
166  0.229386  0.0102799  0.752306  0.0114563
167  0.229363  0.010279  0.752306  0.0114563
168  0.229343  0.0102784  0.752306  0.0114563
169  0.22933  0.0102779  0.752306  0.0114563
170  0.229316  0.0102772  0.752306  0.0114563
171  0.229304  0.0102766  0.752306  0.0114563
172  0.229285  0.0102757  0.752306  0.0114563
173  0.229268  0.0102749  0.752306  0.0114563
174  0.229252  0.0102741  0.752306  0.0114563
175  0.22923  0.0102731  0.752306  0.0114563
176  0.229216  0.0102724  0.752306  0.0114563
177  0.229186  0.0102709  0.752306  0.0114563
178  0.229158  0.0102694  0.752306  0.0114563
179  0.229134  0.0102683  0.752306  0.0114563
180  0.229117  0.0102675  0.752306  0.0114563
181  0.229096  0.0102666  0.752306  0.0114563
182  0.229084  0.0102662  0.752306  0.0114563
183  0.229078  0.0102661  0.752306  0.0114563
184  0.229071  0.0102657  0.752306  0.0114563
185  0.229051  0.010265  0.752399  0.0114529
186  0.229021  0.0102641  0.753321  0.0114197
187  0.22899  0.0102633  0.754151  0.0113807
188  0.228936  0.0102615  0.754151  0.0113807
189  0.228917  0.0102608  0.754151  0.0113807
190  0.228872  0.0102595  0.754151  0.0113807
191  0.228832  0.0102583  0.754151  0.0113807
192  0.2288  0.0102567  0.754151  0.0113807
193  0.228786  0.010256  0.754151  0.0113807
194  0.228755  0.0102546  0.754151  0.0113807
195  0.228701  0.0102525  0.754151  0.0113807
196  0.228692  0.0102521  0.754151  0.0113807
197  0.228674  0.0102514  0.754151  0.0113807
198  0.228662  0.0102508  0.754151  0.0113807
199  0.228653  0.0102504  0.754151  0.0113807
200  0.228627  0.0102495  0.754151  0.0113807
201  0.228611  0.0102488  0.754151  0.0113807
202  0.228562  0.0102476  0.754151  0.0113807
203  0.228541  0.0102468  0.753413  0.0114469
204  0.228505  0.0102454  0.753413  0.0114469
205  0.228478  0.0102442  0.753413  0.0114469
206  0.228466  0.0102436  0.753413  0.0114469
207  0.22846  0.0102434  0.753413  0.0114469
208  0.228433  0.010243  0.753413  0.0114469
209  0.228403  0.0102423  0.753413  0.0114469
210  0.228396  0.0102422  0.753413  0.0114469
211  0.228332  0.0102416  0.753413  0.0114469
212  0.228307  0.0102403  0.753413  0.0114469
213  0.228293  0.0102396  0.753413  0.0114469
214  0.22828  0.0102391  0.753413  0.0114469
215  0.228271  0.0102386  0.753413  0.0114469
216  0.228228  0.0102364  0.753413  0.0114469
217  0.228207  0.0102355  0.753413  0.0114469
218  0.228202  0.0102353  0.753413  0.0114469
219  0.228187  0.0102346  0.753413  0.0114469
220  0.228183  0.0102344  0.753413  0.0114469
221  0.228169  0.0102337  0.753413  0.0114469
222  0.228155  0.010233  0.753413  0.0114469
223  0.228126  0.0102317  0.753413  0.0114469
224  0.228116  0.0102312  0.753413  0.0114469
225  0.228098  0.0102304  0.753413  0.0114469
226  0.228078  0.0102295  0.753413  0.0114469
227  0.228037  0.0102277  0.753413  0.0114469
228  0.228031  0.0102274  0.753413  0.0114469
229  0.22801  0.0102264  0.753413  0.0114469
230  0.228  0.0102259  0.753413  0.0114469
231  0.227985  0.0102253  0.753413  0.0114469
232  0.227944  0.0102241  0.753413  0.0114469
233  0.227907  0.0102228  0.753413  0.0114469
234  0.227883  0.010222  0.753413  0.0114469
235  0.227846  0.010221  0.753413  0.0114469
236  0.227826  0.0102202  0.753413  0.0114469
237  0.227765  0.0102179  0.753413  0.0114469
238  0.227741  0.0102169  0.753413  0.0114469
239  0.227708  0.0102152  0.753413  0.0114469
240  0.227664  0.010213  0.753413  0.0114469
241  0.227657  0.0102128  0.753413  0.0114469
242  0.22765  0.0102124  0.753413  0.0114469
243  0.227642  0.0102121  0.753413  0.0114469
244  0.227616  0.0102109  0.753413  0.0114469
245  0.227603  0.0102103  0.753413  0.0114469
246  0.227574  0.0102091  0.753413  0.0114469
247  0.227555  0.0102081  0.753413  0.0114469
248  0.227545  0.0102079  0.753413  0.0114469
249  0.227534  0.0102075  0.753413  0.0114469
250  0.227518  0.0102068  0.753413  0.0114469
251  0.227514  0.0102067  0.753413  0.0114469
252  0.227508  0.0102064  0.753413  0.0114469
253  0.227497  0.0102059  0.753413  0.0114469
254  0.227496  0.0102059  0.753413  0.0114469
255  0.227491  0.0102057  0.753413  0.0114469
256  0.227467  0.0102047  0.753413  0.0114469
257  0.227467  0.0102047  0.754336  0.0113716
258  0.227463  0.0102046  0.754336  0.0113716
259  0.227458  0.0102045  0.754336  0.0113716
260  0.227435  0.0102036  0.754336  0.0113716
261  0.227416  0.010203  0.755166  0.0113066
262  0.227401  0.0102025  0.755166  0.0113066
263  0.227395  0.0102022  0.755166  0.0113066
264  0.227384  0.0102017  0.755166  0.0113066
265  0.227349  0.0102002  0.755166  0.0113066
266  0.227345  0.0102  0.755166  0.0113066
267  0.227338  0.0101999  0.755166  0.0113066
268  0.227334  0.0101997  0.754336  0.0113783
269  0.22731  0.0101987  0.754336  0.0113783
270  0.227305  0.0101985  0.754336  0.0113783
271  0.227283  0.0101978  0.754336  0.0113783
272  0.227279  0.0101976  0.754336  0.0113783
273  0.227268  0.0101971  0.754336  0.0113783
274  0.227239  0.010196  0.754336  0.0113783
275  0.227235  0.0101957  0.754336  0.0113783
276  0.227229  0.0101954  0.754336  0.0113783
277  0.227212  0.0101946  0.754336  0.0113783
278  0.227203  0.0101942  0.755258  0.0113024
279  0.227199  0.0101939  0.755258  0.0113024
280  0.227187  0.0101935  0.755258  0.0113024
281  0.227162  0.0101923  0.755258  0.0113024
282  0.227158  0.0101921  0.755258  0.0113024
283  0.22715  0.0101917  0.755258  0.0113024
284  0.227145  0.0101915  0.755258  0.0113024
285  0.227144  0.0101915  0.755258  0.0113024
286  0.227138  0.0101912  0.755258  0.0113024
287  0.227137  0.0101912  0.755258  0.0113024
288  0.227127  0.0101908  0.755258  0.0113024
289  0.227115  0.0101904  0.755258  0.0113024
290  0.227094  0.0101897  0.755258  0.0113024
291  0.227087  0.0101895  0.755258  0.0113024
292  0.227064  0.0101888  0.755258  0.0113024
293  0.227053  0.0101884  0.755258  0.0113024
294  0.227029  0.0101881  0.755258  0.0113024
295  0.226971  0.0101883  0.755258  0.0113024
296  0.22695  0.0101873  0.755258  0.0113024
297  0.226935  0.0101866  0.755258  0.0113024
298  0.226928  0.0101863  0.755258  0.0113024
299  0.226911  0.0101855  0.755258  0.0113024
300  0.2269  0.0101849  0.755258  0.0113024
301  0.226895  0.0101847  0.755258  0.0113024
302  0.22689  0.0101844  0.755258  0.0113024
303  0.226889  0.0101844  0.755258  0.0113024
304  0.226887  0.0101843  0.755258  0.0113024
305  0.226876  0.0101838  0.755258  0.0113024
306  0.22686  0.0101832  0.755258  0.0113024
307  0.226847  0.0101827  0.755258  0.0113024
308  0.226831  0.0101821  0.755258  0.0113024
309  0.226827  0.010182  0.755258  0.0113024
310  0.22682  0.0101817  0.755258  0.0113024
311  0.226808  0.0101812  0.755258  0.0113024
312  0.226798  0.0101807  0.755258  0.0113024
313  0.226771  0.0101798  0.755258  0.0113024
314  0.226748  0.0101791  0.755258  0.0113024
315  0.226745  0.010179  0.755258  0.0113024
316  0.226733  0.0101784  0.755258  0.0113024
317  0.226698  0.0101779  0.755258  0.0113024
318  0.22666  0.0101777  0.755258  0.0113024
319  0.226617  0.0101773  0.755258  0.0113024
320  0.226585  0.0101767  0.755258  0.0113024
321  0.226577  0.0101764  0.755258  0.0113024
322  0.226556  0.0101755  0.755258  0.0113024
323  0.226547  0.0101751  0.755258  0.0113024
324  0.226538  0.0101748  0.755258  0.0113024
325  0.226523  0.0101742  0.755258  0.0113024
326  0.226512  0.0101737  0.755258  0.0113024
327  0.226499  0.0101731  0.755258  0.0113024
328  0.22649  0.0101726  0.755258  0.0113024
329  0.226482  0.0101722  0.755258  0.0113024
330  0.226474  0.0101719  0.755258  0.0113024
331  0.226456  0.0101711  0.755258  0.0113024
332  0.226453  0.0101709  0.755258  0.0113024
333  0.226451  0.0101708  0.755258  0.0113024
334  0.226443  0.0101705  0.755258  0.0113024
335  0.226433  0.01017  0.755258  0.0113024
336  0.226429  0.0101698  0.755258  0.0113024
337  0.226425  0.0101696  0.755258  0.0113024
338  0.22641  0.0101692  0.755258  0.0113024
339  0.22638  0.0101683  0.755258  0.0113024
340  0.226354  0.0101674  0.755258  0.0113024
341  0.22634  0.0101669  0.755258  0.0113024
342  0.226307  0.0101657  0.755258  0.0113024
343  0.22627  0.010165  0.755258  0.0113024
344  0.226236  0.0101647  0.755258  0.0113024
345  0.226229  0.0101644  0.755258  0.0113024
346  0.226217  0.010164  0.755258  0.0113024
347  0.22621  0.0101636  0.755258  0.0113024
348  0.226201  0.0101632  0.755258  0.0113024
349  0.226186  0.0101626  0.755258  0.0113024
350  0.226177  0.0101622  0.755258  0.0113024
351  0.226163  0.0101615  0.755258  0.0113024
352  0.226156  0.0101612  0.755258  0.0113024
353  0.22615  0.0101609  0.755258  0.0113024
354  0.226142  0.0101604  0.755258  0.0113024
355  0.226114  0.010159  0.755258  0.0113024
356  0.226093  0.0101578  0.755258  0.0113024
357  0.226064  0.0101563  0.755258  0.0113024
358  0.226029  0.0101546  0.755258  0.0113024
359  0.226025  0.0101545  0.755258  0.0113024
360  0.226023  0.0101544  0.755258  0.0113024
361  0.226022  0.0101543  0.755258  0.0113024
362  0.225995  0.0101531  0.755258  0.0113024
363  0.225985  0.0101527  0.755258  0.0113024
364  0.22597  0.0101521  0.755258  0.0113024
365  0.225957  0.0101516  0.755258  0.0113024
366  0.225931  0.0101507  0.755258  0.0113024
367  0.225916  0.0101502  0.755258  0.0113024
368  0.225911  0.0101499  0.755258  0.0113024
369  0.225903  0.0101495  0.755258  0.0113024
370  0.225885  0.0101487  0.755258  0.0113024
371  0.225836  0.0101468  0.755535  0.0112942
372  0.225796  0.0101459  0.75572  0.0112926
373  0.225777  0.0101452  0.756181  0.0113016
374  0.225773  0.010145  0.756181  0.0113016
375  0.225732  0.0101442  0.756181  0.0113016
376  0.225711  0.0101433  0.756181  0.0113016
377  0.225679  0.0101427  0.756181  0.0113016
378  0.225658  0.0101417  0.756181  0.0113016
379  0.225653  0.0101415  0.756181  0.0113016
380  0.225646  0.0101411  0.756181  0.0113016
381  0.22563  0.0101404  0.756181  0.0113016
382  0.225617  0.0101399  0.756181  0.0113016
383  0.225603  0.0101394  0.756181  0.0113016
384  0.225594  0.010139  0.756181  0.0113016
385  0.225568  0.010138  0.756181  0.0113016
386  0.225555  0.0101375  0.756181  0.0113016
387  0.225542  0.0101369  0.756181  0.0113016
388  0.225522  0.0101361  0.756181  0.0113016
389  0.225491  0.0101348  0.756181  0.0113016
390  0.22549  0.0101348  0.756181  0.0113016
391  0.22548  0.0101343  0.756181  0.0113016
392  0.225445  0.0101327  0.756181  0.0113016
393  0.225421  0.0101319  0.756181  0.0113016
394  0.225368  0.0101302  0.756181  0.0113016
395  0.22533  0.0101291  0.756181  0.0113016
396  0.225308  0.0101282  0.756181  0.0113016
397  0.225302  0.010128  0.756181  0.0113016
398  0.225294  0.0101277  0.756181  0.0113016
399  0.225281  0.0101272  0.756181  0.0113016
400  0.22528  0.0101272  0.756181  0.0113016
401  0.22527  0.0101269  0.756181  0.0113016
402  0.225268  0.0101269  0.756181  0.0113016
403  0.225258  0.0101265  0.756181  0.0113016
404  0.22525  0.0101261  0.756181  0.0113016
405  0.225249  0.0101261  0.756181  0.0113016
406  0.22524  0.0101258  0.756181  0.0113016
407  0.225236  0.0101256  0.756181  0.0113016
408  0.225236  0.0101256  0.756181  0.0113016
409  0.225234  0.0101255  0.756181  0.0113016
410  0.22523  0.0101253  0.756181  0.0113016
411  0.225216  0.0101247  0.756181  0.0113016
412  0.22521  0.0101245  0.756181  0.0113016
413  0.225197  0.0101239  0.756181  0.0113016
414  0.225166  0.0101229  0.756181  0.0113016
415  0.225163  0.0101227  0.756181  0.0113016
416  0.225126  0.0101213  0.756181  0.0113016
417  0.225118  0.0101209  0.756181  0.0113016
418  0.225106  0.0101204  0.756181  0.0113016
419  0.225104  0.0101203  0.756181  0.0113016
420  0.225084  0.0101196  0.756181  0.0113016
421  0.225073  0.0101192  0.756181  0.0113016
422  0.225053  0.0101183  0.756181  0.0113016
423  0.225045  0.0101179  0.756181  0.0113016
424  0.225017  0.0101167  0.756181  0.0113016
425  0.225008  0.0101162  0.756181  0.0113016
426  0.225007  0.0101162  0.756181  0.0113016
427  0.225002  0.010116  0.756181  0.0113016
428  0.224967  0.010115  0.756181  0.0113016
429  0.224951  0.0101146  0.756181  0.0113016
430  0.22495  0.0101145  0.756181  0.0113016
431  0.224913  0.0101136  0.756181  0.0113016
432  0.224889  0.0101129  0.756181  0.0113016
433  0.224869  0.0101126  0.756181  0.0113016
434  0.224861  0.0101123  0.756181  0.0113016
435  0.224847  0.0101116  0.756181  0.0113016
436  0.224832  0.0101112  0.756181  0.0113016
437  0.22482  0.0101107  0.756181  0.0113016
438  0.224808  0.0101103  0.756181  0.0113016
439  0.224797  0.0101098  0.756181  0.0113016
440  0.224794  0.0101096  0.756181  0.0113016
441  0.224787  0.0101093  0.756181  0.0113016
442  0.224784  0.0101091  0.756181  0.0113016
443  0.224784  0.0101091  0.756181  0.0113016
444  0.224779  0.0101089  0.756181  0.0113016
445  0.224779  0.0101089  0.756181  0.0113016
446  0.224765  0.0101083  0.756181  0.0113016
447  0.224762  0.0101081  0.756181  0.0113016
448  0.224755  0.0101079  0.756181  0.0113016
449  0.224753  0.0101078  0.756181  0.0113016
450  0.224751  0.0101077  0.755258  0.0113776
451  0.22475  0.0101076  0.755258  0.0113776
452  0.224747  0.0101075  0.755258  0.0113776
453  0.224742  0.0101073  0.755258  0.0113776
454  0.224735  0.0101069  0.755258  0.0113776
455  0.224729  0.0101067  0.755258  0.0113776
456  0.224711  0.010106  0.755258  0.0113776
457  0.224694  0.0101052  0.755258  0.0113776
458  0.224674  0.0101045  0.755258  0.0113776
459  0.224645  0.0101036  0.755258  0.0113776
460  0.224613  0.0101025  0.755258  0.0113776
461  0.224593  0.0101017  0.755258  0.0113776
462  0.224573  0.0101009  0.755258  0.0113776
463  0.224568  0.0101007  0.755258  0.0113776
464  0.224549  0.0101  0.755258  0.0113776
465  0.224526  0.0100993  0.755258  0.0113776
466  0.224515  0.010099  0.755258  0.0113776
467  0.22449  0.0100982  0.755258  0.0113776
468  0.224478  0.0100979  0.755258  0.0113776
469  0.224477  0.0100979  0.755258  0.0113776
470  0.224468  0.0100976  0.755258  0.0113776
471  0.22443  0.0100965  0.755258  0.0113776
472  0.224408  0.0100959  0.755258  0.0113776
473  0.224393  0.0100953  0.755258  0.0113776
474  0.224375  0.0100946  0.755258  0.0113776
475  0.224359  0.0100943  0.755258  0.0113776
476  0.224332  0.0100937  0.755258  0.0113776
477  0.224307  0.010093  0.755258  0.0113776
478  0.224282  0.0100921  0.755258  0.0113776
479  0.224265  0.0100916  0.755258  0.0113776
480  0.22424  0.0100908  0.755258  0.0113776
481  0.224213  0.0100895  0.755258  0.0113776
482  0.224206  0.0100892  0.755258  0.0113776
483  0.224202  0.010089  0.755258  0.0113776
484  0.224197  0.0100888  0.755258  0.0113776
485  0.224182  0.0100882  0.755258  0.0113776
486  0.22417  0.0100877  0.755258  0.0113776
487  0.224157  0.0100871  0.755258  0.0113776
488  0.224143  0.0100865  0.755258  0.0113776
489  0.224122  0.0100856  0.755258  0.0113776
490  0.224117  0.0100854  0.755258  0.0113776
491  0.224103  0.0100848  0.755258  0.0113776
492  0.224062  0.0100834  0.755258  0.0113776
493  0.223995  0.0100807  0.755258  0.0113776
494  0.223987  0.0100804  0.755258  0.0113776
495  0.223977  0.0100801  0.755258  0.0113776
496  0.223974  0.01008  0.755258  0.0113776
497  0.223957  0.010079  0.755258  0.0113776
498  0.223951  0.0100787  0.755258  0.0113776
499  0.223948  0.0100786  0.755258  0.0113776
500  0.22394  0.0100783  0.755258  0.0113776
501  0.223926  0.0100781  0.755258  0.0113776
502  0.223915  0.0100779  0.755258  0.0113776
503  0.223883  0.0100771  0.755258  0.0113776
504  0.223857  0.010076  0.755258  0.0113776
505  0.223846  0.0100756  0.755258  0.0113776
506  0.223841  0.0100754  0.755258  0.0113776
507  0.223825  0.0100746  0.755258  0.0113776
508  0.223821  0.0100743  0.755258  0.0113776
509  0.22382  0.0100743  0.755258  0.0113776
510  0.223812  0.0100739  0.755258  0.0113776
511  0.2238  0.0100735  0.755627  0.0113683
512  0.223768  0.0100732  0.756181  0.0113767
513  0.223768  0.0100731  0.756181  0.0113767
514  0.223763  0.0100729  0.756181  0.0113767
515  0.223759  0.0100728  0.756181  0.0113767
516  0.223759  0.0100728  0.756181  0.0113767
517  0.223759  0.0100728  0.756181  0.0113767
518  0.223759  0.0100727  0.756181  0.0113767
519  0.223757  0.0100726  0.756181  0.0113767
520  0.223745  0.010072  0.756181  0.0113767
521  0.223745  0.010072  0.756181  0.0113767
522  0.223742  0.0100719  0.756181  0.0113767
523  0.223739  0.0100718  0.756181  0.0113767
524  0.223711  0.0100709  0.756181  0.0113767
525  0.223701  0.0100706  0.756181  0.0113767
526  0.223689  0.0100701  0.756181  0.0113767
527  0.223677  0.0100698  0.756181  0.0113767
528  0.223675  0.0100697  0.756181  0.0113767
529  0.223667  0.0100693  0.756181  0.0113767
530  0.223666  0.0100692  0.756181  0.0113767
531  0.223664  0.0100691  0.756181  0.0113767
532  0.223661  0.0100689  0.756181  0.0113767
533  0.223645  0.0100683  0.756181  0.0113767
534  0.223628  0.0100678  0.756181  0.0113767
535  0.223615  0.0100673  0.756181  0.0113767
536  0.223606  0.0100669  0.756181  0.0113767
537  0.2236  0.0100667  0.756181  0.0113767
538  0.223586  0.0100661  0.756181  0.0113767
539  0.223564  0.0100655  0.756181  0.0113767
540  0.223548  0.0100651  0.756181  0.0113767
541  0.22354  0.0100648  0.756181  0.0113767
542  0.223525  0.0100646  0.756181  0.0113767
543  0.223508  0.0100642  0.756181  0.0113767
544  0.223501  0.0100639  0.756181  0.0113767
545  0.2235  0.0100639  0.756181  0.0113767
546  0.223481  0.0100632  0.756181  0.0113767
547  0.223471  0.0100629  0.756181  0.0113767
548  0.223469  0.0100628  0.756181  0.0113767
549  0.223463  0.0100626  0.756181  0.0113767
550  0.22346  0.0100625  0.756181  0.0113767
551  0.223449  0.0100622  0.756181  0.0113767
552  0.223442  0.010062  0.756181  0.0113767
553  0.223425  0.0100614  0.756181  0.0113767
554  0.223422  0.0100613  0.756181  0.0113767
555  0.223416  0.010061  0.756181  0.0113767
556  0.223405  0.0100605  0.756181  0.0113767
557  0.223399  0.0100602  0.756181  0.0113767
558  0.223396  0.0100601  0.756181  0.0113767
559  0.223394  0.0100599  0.756181  0.0113767
560  0.22339  0.0100597  0.756181  0.0113767
561  0.223386  0.0100595  0.756181  0.0113767
562  0.223381  0.0100592  0.756181  0.0113767
563  0.223377  0.0100591  0.756181  0.0113767
564  0.223372  0.0100588  0.756181  0.0113767
565  0.223367  0.0100585  0.756181  0.0113767
566  0.22336  0.0100581  0.756181  0.0113767
567  0.22335  0.0100576  0.756181  0.0113767
568  0.223341  0.0100572  0.756181  0.0113767
569  0.22333  0.0100566  0.756181  0.0113767
570  0.223327  0.0100565  0.756181  0.0113767
571  0.223287  0.0100557  0.755258  0.0114523
572  0.22328  0.0100553  0.755258  0.0114523
573  0.223273  0.010055  0.755258  0.0114523
574  0.223241  0.0100546  0.755258  0.0114523
575  0.22324  0.0100546  0.755258  0.0114523
576  0.22322  0.0100544  0.755258  0.0114523
577  0.223202  0.010054  0.755258  0.0114523
578  0.223188  0.0100533  0.755258  0.0114523
579  0.223182  0.0100531  0.754613  0.0115126
580  0.223175  0.0100528  0.754613  0.0115126
581  0.223171  0.0100526  0.754613  0.0115126
582  0.223155  0.0100518  0.754613  0.0115126
583  0.223153  0.0100517  0.754613  0.0115126
584  0.223142  0.0100511  0.754613  0.0115126
585  0.223132  0.0100507  0.754613  0.0115126
586  0.223121  0.0100502  0.754613  0.0115126
587  0.223113  0.0100498  0.754613  0.0115126
588  0.223086  0.0100484  0.754613  0.0115126
589  0.223077  0.010048  0.754613  0.0115126
590  0.223056  0.010047  0.754613  0.0115126
591  0.22304  0.0100463  0.754613  0.0115126
592  0.223031  0.0100461  0.754613  0.0115126
593  0.223024  0.0100458  0.754613  0.0115126
594  0.223014  0.0100456  0.754613  0.0115126
595  0.223001  0.0100452  0.754613  0.0115126
596  0.222988  0.0100449  0.754613  0.0115126
597  0.222985  0.0100448  0.754613  0.0115126
598  0.222981  0.0100446  0.754613  0.0115126
599  0.222979  0.0100445  0.754613  0.0115126
600  0.222977  0.0100445  0.754613  0.0115126
601  0.222968  0.0100441  0.754613  0.0115126
602  0.222957  0.0100437  0.754613  0.0115126
603  0.222951  0.0100434  0.754613  0.0115126
604  0.222946  0.0100432  0.754613  0.0115126
605  0.222939  0.0100428  0.754613  0.0115126
606  0.222929  0.0100424  0.754613  0.0115126
607  0.222923  0.0100421  0.754613  0.0115126
608  0.222921  0.010042  0.754613  0.0115126
609  0.22292  0.010042  0.754613  0.0115126
610  0.222908  0.0100415  0.754613  0.0115126
611  0.222885  0.0100406  0.754613  0.0115126
612  0.222878  0.0100403  0.754613  0.0115126
613  0.222846  0.0100409  0.754613  0.0115126
614  0.222844  0.0100408  0.754613  0.0115126
615  0.222828  0.0100403  0.754613  0.0115126
616  0.222823  0.01004  0.754613  0.0115126
617  0.22282  0.0100399  0.754613  0.0115126
618  0.222817  0.0100398  0.754613  0.0115126
619  0.222817  0.0100398  0.754613  0.0115126
620  0.222813  0.0100396  0.754613  0.0115126
621  0.222811  0.0100395  0.754613  0.0115126
622  0.222805  0.0100393  0.754613  0.0115126
623  0.222796  0.0100389  0.754613  0.0115126
624  0.222785  0.0100386  0.754613  0.0115126
625  0.22277  0.0100381  0.754613  0.0115126
626  0.222757  0.0100379  0.754613  0.0115126
627  0.222757  0.0100379  0.754613  0.0115126
628  0.222752  0.0100377  0.754613  0.0115126
629  0.222746  0.0100373  0.754613  0.0115126
630  0.22273  0.0100366  0.754613  0.0115126
631  0.222715  0.0100358  0.754613  0.0115126
632  0.222701  0.0100353  0.754613  0.0115126
633  0.222695  0.0100351  0.754613  0.0115126
634  0.222691  0.0100349  0.754613  0.0115126
635  0.222689  0.0100348  0.754613  0.0115126
636  0.222676  0.0100341  0.754613  0.0115126
637  0.222665  0.0100338  0.754613  0.0115126
638  0.222655  0.0100335  0.754613  0.0115126
639  0.222655  0.0100335  0.754613  0.0115126
640  0.222654  0.0100335  0.754613  0.0115126
641  0.222652  0.0100334  0.754613  0.0115126
642  0.222648  0.0100332  0.754613  0.0115126
643  0.222636  0.0100325  0.754613  0.0115126
644  0.222628  0.0100321  0.754613  0.0115126
645  0.22262  0.0100318  0.754613  0.0115126
646  0.222616  0.0100316  0.754613  0.0115126
647  0.222615  0.0100315  0.754613  0.0115126
648  0.222608  0.0100312  0.754613  0.0115126
649  0.222594  0.0100307  0.754613  0.0115126
650  0.222587  0.0100305  0.754613  0.0115126
651  0.222574  0.0100302  0.754613  0.0115126
652  0.222508  0.0100288  0.754613  0.0115126
653  0.222498  0.0100284  0.754613  0.0115126
654  0.222482  0.0100282  0.754613  0.0115126
655  0.222475  0.0100281  0.754613  0.0115126
656  0.22247  0.0100279  0.754613  0.0115126
657  0.222463  0.0100275  0.754613  0.0115126
658  0.222458  0.0100273  0.754613  0.0115126
659  0.222456  0.0100272  0.754613  0.0115126
660  0.222446  0.0100267  0.754613  0.0115126
661  0.222446  0.0100267  0.754613  0.0115126
662  0.222446  0.0100267  0.754613  0.0115126
663  0.222445  0.0100266  0.754613  0.0115126
664  0.222442  0.0100265  0.754613  0.0115126
665  0.222439  0.0100263  0.754613  0.0115126
666  0.222433  0.010026  0.755535  0.0115118
667  0.222402  0.0100253  0.755535  0.0115118
668  0.22238  0.0100246  0.755535  0.0115118
669  0.222347  0.0100237  0.755535  0.0115118
670  0.222346  0.0100237  0.755535  0.0115118
671  0.222345  0.0100237  0.755535  0.0115118
672  0.222344  0.0100236  0.755535  0.0115118
673  0.222343  0.0100236  0.755535  0.0115118
674  0.222343  0.0100236  0.755535  0.0115118
675  0.222323  0.0100229  0.755535  0.0115118
676  0.222296  0.0100225  0.755535  0.0115118
677  0.222288  0.0100221  0.755535  0.0115118
678  0.222276  0.0100215  0.755535  0.0115118
679  0.22227  0.0100213  0.755535  0.0115118
680  0.222268  0.0100212  0.755535  0.0115118
681  0.222265  0.010021  0.755535  0.0115118
682  0.222257  0.0100207  0.755535  0.0115118
683  0.222249  0.0100204  0.755535  0.0115118
684  0.222247  0.0100203  0.755535  0.0115118
685  0.222242  0.01002  0.755535  0.0115118
686  0.222237  0.0100198  0.755535  0.0115118
687  0.222224  0.0100193  0.755535  0.0115118
688  0.222216  0.0100189  0.755535  0.0115118
689  0.222198  0.0100182  0.755535  0.0115118
690  0.222191  0.010018  0.755535  0.0115118
691  0.222189  0.0100179  0.755535  0.0115118
692  0.222188  0.0100178  0.755535  0.0115118
693  0.222188  0.0100178  0.755535  0.0115118
694  0.222163  0.010017  0.755535  0.0115118
695  0.222163  0.010017  0.755535  0.0115118
696  0.222161  0.0100169  0.755535  0.0115118
697  0.222159  0.0100168  0.755535  0.0115118
698  0.222157  0.0100167  0.755535  0.0115118
699  0.222155  0.0100166  0.755535  0.0115118
700  0.222152  0.0100165  0.755535  0.0115118
701  0.222141  0.0100162  0.755535  0.0115118
702  0.222135  0.010016  0.755535  0.0115118
703  0.222112  0.010015  0.755535  0.0115118
704  0.222106  0.0100147  0.755535  0.0115118
705  0.222102  0.0100145  0.755535  0.0115118
706  0.222102  0.0100145  0.755535  0.0115118
707  0.22209  0.0100141  0.755535  0.0115118
708  0.222089  0.0100141  0.755535  0.0115118
709  0.222073  0.0100136  0.755535  0.0115118
710  0.22206  0.0100133  0.755535  0.0115118
711  0.22206  0.0100133  0.755535  0.0115118
712  0.22206  0.0100133  0.755535  0.0115118
713  0.22206  0.0100133  0.755535  0.0115118
714  0.222059  0.0100132  0.755535  0.0115118
715  0.222058  0.0100132  0.755535  0.0115118
716  0.222054  0.010013  0.755535  0.0115118
717  0.22204  0.0100125  0.755535  0.0115118
718  0.222031  0.0100122  0.755535  0.0115118
719  0.22203  0.0100122  0.755535  0.0115118
720  0.22203  0.0100122  0.755535  0.0115118
721  0.222026  0.010012  0.755535  0.0115118
722  0.222023  0.0100118  0.755535  0.0115118
723  0.222023  0.0100118  0.755535  0.0115118
724  0.222017  0.0100115  0.755535  0.0115118
725  0.222016  0.0100115  0.755535  0.0115118
726  0.22201  0.0100113  0.755535  0.0115118
727  0.222005  0.0100111  0.755535  0.0115118
728  0.221999  0.0100109  0.755535  0.0115118
729  0.221998  0.0100108  0.755535  0.0115118
730  0.221997  0.0100108  0.755535  0.0115118
731  0.221994  0.0100106  0.755535  0.0115118
732  0.221992  0.0100106  0.755535  0.0115118
733  0.221986  0.0100103  0.755535  0.0115118
734  0.221977  0.0100099  0.755535  0.0115118
735  0.221973  0.0100097  0.755535  0.0115118
736  0.221972  0.0100097  0.755535  0.0115118
737  0.221969  0.0100095  0.755535  0.0115118
738  0.221965  0.0100094  0.755535  0.0115118
739  0.221953  0.0100089  0.755535  0.0115118
740  0.221937  0.0100082  0.755535  0.0115118
741  0.221933  0.010008  0.755535  0.0115118
742  0.221926  0.0100078  0.755535  0.0115118
743  0.221916  0.0100073  0.755535  0.0115118
744  0.221916  0.0100073  0.755535  0.0115118
745  0.221916  0.0100073  0.755535  0.0115118
746  0.221916  0.0100074  0.755535  0.0115118
747  0.221916  0.0100073  0.755535  0.0115118
748  0.221909  0.0100072  0.755535  0.0115118
749  0.221909  0.0100072  0.755535  0.0115118
750  0.221898  0.0100068  0.755535  0.0115118
751  0.221895  0.0100066  0.755535  0.0115118
752  0.221891  0.0100064  0.755535  0.0115118
753  0.221886  0.0100062  0.755535  0.0115118
754  0.221881  0.010006  0.755535  0.0115118
755  0.221864  0.0100054  0.755535  0.0115118
756  0.221857  0.010005  0.755535  0.0115118
757  0.22185  0.0100047  0.755535  0.0115118
758  0.221849  0.0100046  0.755535  0.0115118
759  0.221846  0.0100045  0.755535  0.0115118
760  0.221846  0.0100045  0.755535  0.0115118
761  0.221845  0.0100045  0.755535  0.0115118
762  0.221845  0.0100045  0.755535  0.0115118
763  0.221844  0.0100044  0.755535  0.0115118
764  0.221841  0.0100043  0.755535  0.0115118
765  0.221836  0.0100041  0.755535  0.0115118
766  0.221828  0.0100037  0.755535  0.0115118
767  0.22182  0.0100033  0.755535  0.0115118
768  0.221817  0.0100032  0.755535  0.0115118
769  0.221813  0.010003  0.755535  0.0115118
770  0.221802  0.0100025  0.755535  0.0115118
771  0.221797  0.0100022  0.755535  0.0115118
772  0.221784  0.0100017  0.755535  0.0115118
773  0.221772  0.0100012  0.755535  0.0115118
774  0.22175  0.0100005  0.755535  0.0115118
775  0.221749  0.0100005  0.755535  0.0115118
776  0.221742  0.0100001  0.755535  0.0115118
777  0.221738  0.01  0.755535  0.0115118
778  0.221736  0.0099999  0.755535  0.0115118
779  0.221735  0.00999987  0.755535  0.0115118
780  0.221735  0.00999985  0.755535  0.0115118
781  0.221725  0.00999948  0.755535  0.0115118
782  0.22172  0.00999926  0.755535  0.0115118
783  0.22171  0.00999893  0.755535  0.0115118
784  0.221701  0.00999853  0.755535  0.0115118
785  0.221691  0.00999807  0.755535  0.0115118
786  0.221688  0.00999796  0.755535  0.0115118
787  0.221675  0.00999746  0.755535  0.0115118
788  0.221667  0.00999717  0.755535  0.0115118
789  0.221654  0.00999687  0.755535  0.0115118
790  0.22162  0.00999644  0.755535  0.0115118
791  0.221611  0.0099963  0.755535  0.0115118
792  0.221602  0.00999603  0.755535  0.0115118
793  0.221595  0.00999581  0.755535  0.0115118
794  0.221594  0.00999578  0.755535  0.0115118
795  0.22157  0.00999528  0.755535  0.0115118
796  0.221564  0.00999515  0.755535  0.0115118
797  0.22155  0.00999474  0.755535  0.0115118
798  0.221543  0.00999452  0.755535  0.0115118
799  0.221541  0.00999448  0.755535  0.0115118
800  0.221541  0.00999448  0.755535  0.0115118
801  0.22154  0.00999443  0.755535  0.0115118
802  0.221528  0.00999392  0.755535  0.0115118
803  0.221527  0.00999386  0.755535  0.0115118
804  0.221521  0.00999365  0.755535  0.0115118
805  0.221512  0.00999324  0.755535  0.0115118
806  0.221507  0.00999298  0.755535  0.0115118
807  0.221499  0.00999268  0.755535  0.0115118
808  0.221496  0.00999252  0.755535  0.0115118
809  0.221487  0.00999208  0.755535  0.0115118
810  0.221487  0.00999206  0.755535  0.0115118
811  0.221479  0.00999165  0.755535  0.0115118
812  0.221472  0.00999135  0.755535  0.0115118
813  0.221466  0.00999102  0.755535  0.0115118
814  0.221466  0.00999102  0.755535  0.0115118
815  0.221452  0.00999029  0.755535  0.0115118
816  0.221442  0.00998995  0.755535  0.0115118
817  0.221433  0.00998967  0.755535  0.0115118
818  0.221433  0.00998967  0.755535  0.0115118
819  0.221421  0.00998928  0.755535  0.0115118
820  0.221421  0.00998928  0.755535  0.0115118
821  0.22141  0.0099887  0.755535  0.0115118
822  0.221398  0.00998854  0.755535  0.0115118
823  0.221395  0.00998851  0.755535  0.0115118
824  0.221383  0.00998809  0.755535  0.0115118
825  0.221374  0.00998769  0.755535  0.0115118
826  0.221371  0.00998755  0.755535  0.0115118
827  0.221369  0.00998744  0.755535  0.0115118
828  0.221365  0.00998726  0.755535  0.0115118
829  0.221363  0.00998715  0.755535  0.0115118
830  0.221361  0.00998705  0.755535  0.0115118
831  0.221361  0.00998705  0.755535  0.0115118
832  0.221361  0.00998705  0.755535  0.0115118
833  0.221361  0.00998705  0.755535  0.0115118
834  0.221361  0.00998705  0.755535  0.0115118
835  0.221358  0.00998691  0.755535  0.0115118
836  0.221358  0.00998691  0.755535  0.0115118
837  0.221351  0.0099865  0.755535  0.0115118
838  0.221342  0.00998604  0.755535  0.0115118
839  0.221337  0.00998577  0.755535  0.0115118
840  0.221336  0.00998573  0.755535  0.0115118
841  0.22133  0.00998537  0.755535  0.0115118
842  0.221323  0.00998504  0.755535  0.0115118
843  0.221323  0.00998502  0.755535  0.0115118
844  0.221323  0.00998502  0.755535  0.0115118
845  0.22132  0.00998491  0.755535  0.0115118
846  0.22132  0.00998491  0.755535  0.0115118
847  0.22132  0.00998491  0.755535  0.0115118
848  0.22132  0.00998491  0.755535  0.0115118
849  0.22132  0.00998491  0.755535  0.0115118
850  0.221318  0.00998481  0.755535  0.0115118
851  0.221315  0.00998465  0.755535  0.0115118
852  0.221313  0.0099845  0.755535  0.0115118
853  0.221302  0.00998416  0.755535  0.0115118
854  0.221302  0.00998416  0.755535  0.0115118
855  0.221302  0.00998416  0.755535  0.0115118
856  0.221301  0.0099841  0.755535  0.0115118
857  0.221299  0.00998397  0.755535  0.0115118
858  0.221297  0.0099839  0.755535  0.0115118
859  0.221295  0.0099838  0.755535  0.0115118
860  0.221293  0.00998365  0.755535  0.0115118
861  0.221289  0.00998351  0.755535  0.0115118
862  0.221262  0.00998214  0.755535  0.0115118
863  0.221251  0.00998182  0.755535  0.0115118
864  0.22125  0.00998177  0.755535  0.0115118
865  0.221246  0.00998158  0.755535  0.0115118
866  0.221243  0.00998143  0.755535  0.0115118
867  0.221242  0.00998138  0.755535  0.0115118
868  0.221237  0.00998112  0.755535  0.0115118
869  0.221237  0.00998111  0.755535  0.0115118
870  0.221226  0.0099806  0.755535  0.0115118
871  0.221218  0.00998022  0.755535  0.0115118
872  0.22121  0.00997987  0.755535  0.0115118
873  0.221194  0.00997912  0.755535  0.0115118
874  0.221192  0.009979  0.755535  0.0115118
875  0.221189  0.00997886  0.755535  0.0115118
876  0.221187  0.00997874  0.755535  0.0115118
877  0.221186  0.00997871  0.755535  0.0115118
878  0.221185  0.00997869  0.755535  0.0115118
879  0.221184  0.00997863  0.755535  0.0115118
880  0.22118  0.00997845  0.755535  0.0115118
881  0.221178  0.00997839  0.755535  0.0115118
882  0.221172  0.00997813  0.755535  0.0115118
883  0.221172  0.00997813  0.755535  0.0115118
884  0.221167  0.00997791  0.755535  0.0115118
885  0.221165  0.0099778  0.755535  0.0115118
886  0.221163  0.00997769  0.755535  0.0115118
887  0.22116  0.00997759  0.755535  0.0115118
888  0.221159  0.00997754  0.755535  0.0115118
889  0.221159  0.00997751  0.755535  0.0115118
890  0.221154  0.00997729  0.755535  0.0115118
891  0.221151  0.00997711  0.755535  0.0115118
892  0.221146  0.0099769  0.755535  0.0115118
893  0.221144  0.00997681  0.755535  0.0115118
894  0.221138  0.00997651  0.755535  0.0115118
895  0.221136  0.00997643  0.755535  0.0115118
896  0.221134  0.00997637  0.755535  0.0115118
897  0.221134  0.00997634  0.755535  0.0115118
898  0.221129  0.00997604  0.755535  0.0115118
899  0.221122  0.00997573  0.755535  0.0115118
900  0.221112  0.00997545  0.755535  0.0115118
901  0.221104  0.00997505  0.755535  0.0115118
902  0.2211  0.00997488  0.755535  0.0115118
903  0.221091  0.00997456  0.755535  0.0115118
904  0.221079  0.0099741  0.755535  0.0115118
905  0.221067  0.00997372  0.755535  0.0115118
906  0.221061  0.00997354  0.755535  0.0115118
907  0.221056  0.00997334  0.755535  0.0115118
908  0.221052  0.00997315  0.755535  0.0115118
909  0.221048  0.00997298  0.755535  0.0115118
910  0.22104  0.00997256  0.755535  0.0115118
911  0.221028  0.00997197  0.755535  0.0115118
912  0.221021  0.00997158  0.755535  0.0115118
913  0.221009  0.00997092  0.755535  0.0115118
914  0.221007  0.00997083  0.755535  0.0115118
915  0.221005  0.00997071  0.755535  0.0115118
916  0.221001  0.00997051  0.755535  0.0115118
917  0.221001  0.0099705  0.755535  0.0115118
918  0.221001  0.0099705  0.755535  0.0115118
919  0.221001  0.0099705  0.755535  0.0115118
920  0.221001  0.0099705  0.755535  0.0115118
921  0.221001  0.0099705  0.755535  0.0115118
922  0.221  0.00997047  0.755535  0.0115118
923  0.221  0.00997045  0.755535  0.0115118
924  0.220999  0.0099704  0.755535  0.0115118
925  0.220997  0.00997032  0.755535  0.0115118
926  0.220993  0.00997009  0.755535  0.0115118
927  0.220993  0.00997007  0.755535  0.0115118
928  0.22099  0.00996992  0.755535  0.0115118
929  0.22099  0.00996989  0.755535  0.0115118
930  0.220988  0.00996982  0.755535  0.0115118
931  0.220988  0.00996982  0.755535  0.0115118
932  0.220971  0.00996941  0.755535  0.0115118
933  0.22097  0.00996937  0.755535  0.0115118
934  0.22097  0.00996937  0.755535  0.0115118
935  0.220969  0.0099693  0.755535  0.0115118
936  0.220969  0.0099693  0.755535  0.0115118
937  0.220966  0.00996917  0.755535  0.0115118
938  0.220964  0.00996906  0.755535  0.0115118
939  0.220956  0.00996861  0.755535  0.0115118
940  0.220954  0.00996853  0.755535  0.0115118
941  0.220954  0.00996853  0.755535  0.0115118
942  0.220932  0.00996771  0.755535  0.0115118
943  0.220924  0.00996741  0.755535  0.0115118
944  0.220917  0.00996718  0.755535  0.0115118
945  0.220917  0.00996718  0.755535  0.0115118
946  0.220917  0.00996717  0.755535  0.0115118
947  0.220914  0.00996707  0.755535  0.0115118
948  0.22091  0.00996686  0.755535  0.0115118
949  0.2209  0.00996634  0.755535  0.0115118
950  0.220887  0.00996573  0.755535  0.0115118
951  0.220884  0.00996559  0.755535  0.0115118
952  0.220881  0.00996537  0.755535  0.0115118
953  0.220877  0.00996522  0.755535  0.0115118
954  0.22087  0.00996489  0.755535  0.0115118
955  0.220864  0.0099646  0.755535  0.0115118
956  0.220849  0.00996395  0.755535  0.0115118
957  0.220847  0.00996388  0.755535  0.0115118
958  0.220826  0.00996312  0.755535  0.0115118
959  0.220823  0.00996296  0.755443  0.011516
960  0.220807  0.00996233  0.755535  0.0115118
961  0.220806  0.00996226  0.755535  0.0115118
962  0.220803  0.00996216  0.755535  0.0115118
963  0.220801  0.00996206  0.755535  0.0115118
964  0.220784  0.00996151  0.755535  0.0115118
965  0.22078  0.00996136  0.755535  0.0115118
966  0.220777  0.0099612  0.755535  0.0115118
967  0.220771  0.00996103  0.755535  0.0115118
968  0.220768  0.00996093  0.755535  0.0115118
969  0.220767  0.00996085  0.755535  0.0115118
970  0.220766  0.00996083  0.755535  0.0115118
971  0.220761  0.00996062  0.755535  0.0115118
972  0.220755  0.0099603  0.755535  0.0115118
973  0.220749  0.00996001  0.755535  0.0115118
974  0.220749  0.00995999  0.755535  0.0115118
975  0.220749  0.00995997  0.755535  0.0115118
976  0.220745  0.00995977  0.755535  0.0115118
977  0.220743  0.00995964  0.756458  0.0114366
978  0.220743  0.00995964  0.756458  0.0114366
979  0.220743  0.00995964  0.756458  0.0114366
980  0.220743  0.00995964  0.756458  0.0114366
981  0.220743  0.00995964  0.756458  0.0114366
982  0.220743  0.00995964  0.756458  0.0114366
983  0.220743  0.00995964  0.756458  0.0114366
984  0.220743  0.00995964  0.756458  0.0114366
985  0.220743  0.00995964  0.756458  0.0114366
986  0.220734  0.00995926  0.756458  0.0114366
987  0.220728  0.00995895  0.756458  0.0114366
988  0.220727  0.00995893  0.756458  0.0114366
989  0.220725  0.00995881  0.756458  0.0114366
990  0.220724  0.00995878  0.756458  0.0114366
991  0.220712  0.00995831  0.756458  0.0114366
992  0.220709  0.00995817  0.756458  0.0114366
993  0.220699  0.00995765  0.756458  0.0114366
994  0.220692  0.00995732  0.756458  0.0114366
995  0.220678  0.0099566  0.756458  0.0114366
996  0.220678  0.0099566  0.756458  0.0114366
997  0.220678  0.0099566  0.756458  0.0114366
998  0.220677  0.00995659  0.756458  0.0114366
999  0.220674  0.00995646  0.756458  0.0114366
1000  0.220674  0.00995646  0.756458  0.0114366
1001  0.220667  0.00995614  0.756458  0.0114366
1002  0.220664  0.00995599  0.756458  0.0114366
1003  0.220654  0.00995565  0.756458  0.0114366
1004  0.220654  0.00995565  0.756458  0.0114366
1005  0.220654  0.00995565  0.756458  0.0114366
1006  0.220654  0.00995564  0.756458  0.0114366
1007  0.220653  0.0099556  0.756458  0.0114366
1008  0.220653  0.0099556  0.756458  0.0114366
1009  0.220649  0.00995543  0.756458  0.0114366
1010  0.220649  0.00995543  0.756458  0.0114366
1011  0.220648  0.0099554  0.756458  0.0114366
1012  0.220642  0.00995512  0.756458  0.0114366
1013  0.220637  0.00995489  0.756458  0.0114366
1014  0.220637  0.00995489  0.756458  0.0114366
1015  0.220637  0.00995489  0.756458  0.0114366
1016  0.220633  0.00995469  0.756458  0.0114366
1017  0.220633  0.00995469  0.756458  0.0114366
1018  0.220633  0.00995469  0.756458  0.0114366
1019  0.220633  0.00995469  0.756458  0.0114366
1020  0.220632  0.00995464  0.756458  0.0114366
1021  0.220624  0.00995433  0.756458  0.0114366
1022  0.220617  0.00995404  0.756458  0.0114366
1023  0.220611  0.0099538  0.756458  0.0114366
1024  0.220611  0.00995377  0.756458  0.0114366
1025  0.220599  0.0099533  0.756458  0.0114366
1026  0.220583  0.00995258  0.756458  0.0114366
1027  0.220577  0.00995231  0.756458  0.0114366
1028  0.220577  0.00995231  0.756458  0.0114366
1029  0.220577  0.00995231  0.756458  0.0114366
1030  0.220577  0.00995231  0.756458  0.0114366
1031  0.220576  0.00995227  0.756458  0.0114366
1032  0.220573  0.00995212  0.756458  0.0114366
1033  0.220572  0.0099521  0.756458  0.0114366
1034  0.220572  0.0099521  0.756458  0.0114366
1035  0.220565  0.00995182  0.756458  0.0114366
1036  0.220563  0.00995184  0.756458  0.0114366
1037  0.220563  0.00995184  0.756458  0.0114366
1038  0.220563  0.00995184  0.756458  0.0114366
1039  0.220563  0.00995184  0.756458  0.0114366
1040  0.220559  0.00995158  0.756458  0.0114366
1041  0.220558  0.00995155  0.756458  0.0114366
1042  0.220554  0.00995134  0.756458  0.0114366
1043  0.220554  0.00995134  0.756458  0.0114366
1044  0.220554  0.00995134  0.756458  0.0114366
1045  0.22053  0.0099503  0.756458  0.0114366
1046  0.220517  0.00994986  0.756458  0.0114366
1047  0.220514  0.00994977  0.756458  0.0114366
1048  0.220514  0.00994973  0.756458  0.0114366
1049  0.220508  0.00994948  0.756458  0.0114366
1050  0.220505  0.00994931  0.756458  0.0114366
1051  0.220501  0.00994915  0.756458  0.0114366
1052  0.220497  0.00994902  0.756458  0.0114366
1053  0.220497  0.00994903  0.756458  0.0114366
1054  0.220486  0.00994861  0.756458  0.0114366
1055  0.22047  0.00994816  0.756458  0.0114366
1056  0.220469  0.00994809  0.756458  0.0114366
1057  0.220469  0.00994809  0.756458  0.0114366
1058  0.220464  0.00994787  0.756458  0.0114366
1059  0.220463  0.00994782  0.756458  0.0114366
1060  0.220462  0.00994778  0.756458  0.0114366
1061  0.220461  0.00994774  0.756458  0.0114366
1062  0.22046  0.00994769  0.756458  0.0114366
1063  0.22046  0.00994769  0.756458  0.0114366
1064  0.22046  0.00994769  0.756458  0.0114366
1065  0.220457  0.00994756  0.756458  0.0114366
1066  0.220457  0.00994756  0.756458  0.0114366
1067  0.220457  0.00994756  0.756458  0.0114366
1068  0.220457  0.00994756  0.756458  0.0114366
1069  0.220457  0.00994756  0.756458  0.0114366
1070  0.220457  0.00994756  0.756458  0.0114366
1071  0.220455  0.00994748  0.756458  0.0114366
1072  0.220451  0.00994736  0.756458  0.0114366
1073  0.220451  0.00994736  0.756458  0.0114366
1074  0.220451  0.00994736  0.756458  0.0114366
1075  0.220451  0.00994736  0.756458  0.0114366
1076  0.220451  0.00994736  0.756458  0.0114366
1077  0.220451  0.00994736  0.756458  0.0114366
1078  0.22045  0.00994733  0.756458  0.0114366
1079  0.220449  0.00994728  0.756458  0.0114366
1080  0.220424  0.00994644  0.756458  0.0114366
1081  0.220419  0.00994625  0.756458  0.0114366
1082  0.220408  0.00994593  0.756458  0.0114366
1083  0.220406  0.00994584  0.756458  0.0114366
1084  0.220406  0.00994584  0.756458  0.0114366
1085  0.220404  0.00994579  0.756458  0.0114366
1086  0.220404  0.00994579  0.756458  0.0114366
1087  0.220404  0.00994579  0.756458  0.0114366
1088  0.220399  0.00994574  0.755627  0.0114341
1089  0.220399  0.00994574  0.755627  0.0114341
1090  0.220391  0.00994564  0.755535  0.0114375
1091  0.220367  0.00994536  0.755535  0.0114375
1092  0.220359  0.00994508  0.755535  0.0114375
1093  0.220326  0.00994485  0.755535  0.0114375
1094  0.220296  0.0099446  0.755535  0.0114375
1095  0.220287  0.00994448  0.755535  0.0114375
1096  0.220271  0.00994412  0.755535  0.0114375
1097  0.220255  0.0099441  0.755535  0.0114375
1098  0.220255  0.0099441  0.755535  0.0114375
1099  0.220252  0.00994405  0.755535  0.0114375
1100  0.220234  0.00994353  0.755535  0.0114375
1101  0.220232  0.00994343  0.755535  0.0114375
1102  0.220219  0.00994285  0.755535  0.0114375
1103  0.220219  0.00994285  0.755535  0.0114375
1104  0.220212  0.00994255  0.755535  0.0114375
1105  0.220201  0.00994204  0.755535  0.0114375
1106  0.220199  0.00994194  0.755535  0.0114375
1107  0.220198  0.00994192  0.755535  0.0114375
1108  0.220196  0.00994181  0.755535  0.0114375
1109  0.220193  0.00994168  0.755535  0.0114375
1110  0.220188  0.00994144  0.755535  0.0114375
1111  0.220182  0.00994115  0.755535  0.0114375
1112  0.220174  0.00994078  0.755535  0.0114375
1113  0.220173  0.0099407  0.755535  0.0114375
1114  0.220168  0.00994054  0.755535  0.0114375
1115  0.220167  0.00994049  0.755535  0.0114375
1116  0.220163  0.00994031  0.755535  0.0114375
1117  0.220163  0.00994032  0.755535  0.0114375
1118  0.220156  0.00994006  0.755535  0.0114375
1119  0.220156  0.00994003  0.755535  0.0114375
1120  0.220151  0.00993984  0.755535  0.0114375
1121  0.220151  0.00993984  0.755535  0.0114375
1122  0.220151  0.00993984  0.755535  0.0114375
1123  0.220143  0.00993959  0.755535  0.0114375
1124  0.220136  0.00993927  0.755535  0.0114375
1125  0.22012  0.00993849  0.755535  0.0114375
1126  0.22012  0.00993849  0.755535  0.0114375
1127  0.22012  0.00993849  0.755535  0.0114375
1128  0.220119  0.00993843  0.755535  0.0114375
1129  0.220116  0.0099383  0.755535  0.0114375
1130  0.220116  0.0099383  0.755535  0.0114375
1131  0.220111  0.00993818  0.755535  0.0114375
1132  0.220077  0.00993727  0.755535  0.0114375
1133  0.220077  0.00993727  0.755535  0.0114375
1134  0.220077  0.00993727  0.755535  0.0114375
1135  0.220077  0.00993727  0.755535  0.0114375
1136  0.220074  0.00993717  0.755535  0.0114375
1137  0.220062  0.00993679  0.755535  0.0114375
1138  0.220056  0.00993661  0.755535  0.0114375
1139  0.220051  0.0099364  0.755535  0.0114375
1140  0.220038  0.00993574  0.755535  0.0114375
1141  0.220036  0.00993565  0.755535  0.0114375
1142  0.220027  0.00993514  0.755535  0.0114375
1143  0.220024  0.00993503  0.755535  0.0114375
1144  0.22002  0.00993483  0.755535  0.0114375
1145  0.22002  0.00993483  0.755535  0.0114375
1146  0.22002  0.00993483  0.755535  0.0114375
1147  0.220002  0.0099348  0.755535  0.0114375
1148  0.219955  0.0099346  0.755535  0.0114375
1149  0.219936  0.00993418  0.755535  0.0114375
1150  0.219928  0.00993392  0.755535  0.0114375
1151  0.219928  0.00993392  0.755535  0.0114375
1152  0.219924  0.00993374  0.755535  0.0114375
1153  0.219924  0.00993374  0.755535  0.0114375
1154  0.219924  0.00993374  0.755535  0.0114375
1155  0.219923  0.00993366  0.755535  0.0114375
1156  0.219923  0.00993366  0.755535  0.0114375
1157  0.219923  0.00993366  0.755535  0.0114375
1158  0.219923  0.00993366  0.755535  0.0114375
1159  0.219923  0.00993366  0.755535  0.0114375
1160  0.219923  0.00993366  0.755535  0.0114375
1161  0.219923  0.00993366  0.755535  0.0114375
1162  0.219921  0.00993359  0.755535  0.0114375
1163  0.219908  0.00993306  0.755535  0.0114375
1164  0.219901  0.0099327  0.755535  0.0114375
1165  0.219901  0.0099327  0.755535  0.0114375
1166  0.219901  0.0099327  0.755535  0.0114375
1167  0.219891  0.00993232  0.755535  0.0114375
1168  0.219885  0.00993198  0.755535  0.0114375
1169  0.219883  0.0099319  0.755535  0.0114375
1170  0.219844  0.0099322  0.755535  0.0114375
1171  0.219824  0.00993124  0.755535  0.0114375
1172  0.21982  0.00993105  0.755535  0.0114375
1173  0.219809  0.0099305  0.755535  0.0114375
1174  0.219806  0.00993033  0.755535  0.0114375
1175  0.219802  0.00993014  0.755535  0.0114375
1176  0.2198  0.00993  0.755535  0.0114375
1177  0.21979  0.00992969  0.755535  0.0114375
1178  0.21979  0.00992969  0.755535  0.0114375
1179  0.219778  0.00992986  0.755535  0.0114375
1180  0.219778  0.00992983  0.755535  0.0114375
1181  0.219776  0.00992976  0.755535  0.0114375
1182  0.219776  0.00992976  0.755535  0.0114375
1183  0.219776  0.00992976  0.755535  0.0114375
1184  0.219776  0.00992972  0.755535  0.0114375
1185  0.219776  0.00992972  0.755535  0.0114375
1186  0.219776  0.00992972  0.755535  0.0114375
1187  0.219776  0.00992972  0.755535  0.0114375
1188  0.219776  0.00992972  0.755535  0.0114375
1189  0.219776  0.00992972  0.755535  0.0114375
1190  0.219776  0.00992972  0.755535  0.0114375
1191  0.219775  0.00992972  0.755535  0.0114375
1192  0.219773  0.00992957  0.755535  0.0114375
1193  0.219772  0.00992954  0.755535  0.0114375
1194  0.219772  0.00992954  0.755535  0.0114375
1195  0.219771  0.00992945  0.755535  0.0114375
1196  0.219768  0.00992935  0.755535  0.0114375
1197  0.219766  0.00992921  0.755535  0.0114375
1198  0.219763  0.00992909  0.755535  0.0114375
1199  0.21976  0.00992897  0.755535  0.0114375
1200  0.21976  0.00992897  0.755535  0.0114375
1201  0.21976  0.00992897  0.755535  0.0114375
1202  0.219758  0.00992887  0.755535  0.0114375
1203  0.219758  0.00992887  0.755535  0.0114375
1204  0.219755  0.0099288  0.755535  0.0114375
1205  0.219736  0.00992836  0.755535  0.0114375
1206  0.219726  0.00992812  0.755535  0.0114375
1207  0.219717  0.00992788  0.755535  0.0114375
1208  0.219717  0.00992788  0.755535  0.0114375
1209  0.219702  0.00992752  0.755535  0.0114375
1210  0.219702  0.00992752  0.755535  0.0114375
1211  0.219702  0.00992751  0.755535  0.0114375
1212  0.219698  0.00992747  0.755535  0.0114375
1213  0.219698  0.00992747  0.755535  0.0114375
1214  0.219697  0.00992741  0.755535  0.0114375
1215  0.219694  0.00992727  0.755535  0.0114375
1216  0.219692  0.00992718  0.755535  0.0114375
1217  0.219692  0.00992719  0.755535  0.0114375
1218  0.219692  0.00992719  0.755535  0.0114375
1219  0.219692  0.00992719  0.755535  0.0114375
1220  0.219691  0.00992712  0.755535  0.0114375
1221  0.219691  0.00992713  0.755535  0.0114375
1222  0.219689  0.00992702  0.755535  0.0114375
1223  0.219689  0.009927  0.755535  0.0114375
1224  0.219688  0.00992695  0.755535  0.0114375
1225  0.219665  0.00992615  0.755535  0.0114375
1226  0.219659  0.00992593  0.755535  0.0114375
1227  0.219658  0.0099259  0.755535  0.0114375
1228  0.219658  0.00992589  0.755535  0.0114375
1229  0.219658  0.00992589  0.755535  0.0114375
1230  0.219652  0.00992565  0.755535  0.0114375
1231  0.219652  0.00992565  0.755535  0.0114375
1232  0.219647  0.0099254  0.755535  0.0114375
1233  0.219645  0.00992532  0.755535  0.0114375
1234  0.219645  0.00992532  0.755535  0.0114375
1235  0.219645  0.00992532  0.755535  0.0114375
1236  0.219644  0.00992527  0.755535  0.0114375
1237  0.219644  0.00992524  0.755535  0.0114375
1238  0.219644  0.00992524  0.755535  0.0114375
1239  0.219642  0.00992517  0.755535  0.0114375
1240  0.219642  0.00992517  0.755535  0.0114375
1241  0.219641  0.00992511  0.755535  0.0114375
1242  0.219641  0.00992511  0.755535  0.0114375
1243  0.219638  0.00992495  0.755535  0.0114375
1244  0.219624  0.00992433  0.756458  0.0113618
1245  0.219624  0.00992433  0.756458  0.0113618
1246  0.219622  0.00992418  0.756458  0.0113618
1247  0.219621  0.00992416  0.756458  0.0113618
1248  0.21962  0.00992407  0.756458  0.0113618
1249  0.219614  0.00992386  0.756458  0.0113618
1250  0.219614  0.00992386  0.756458  0.0113618
1251  0.219614  0.00992384  0.756458  0.0113618
1252  0.219611  0.00992375  0.756458  0.0113618
1253  0.219611  0.00992374  0.756458  0.0113618
1254  0.219609  0.00992367  0.756458  0.0113618
1255  0.219602  0.0099234  0.756458  0.0113618
1256  0.219589  0.0099228  0.756458  0.0113618
1257  0.219582  0.00992249  0.756458  0.0113618
1258  0.219575  0.00992219  0.756458  0.0113618
1259  0.21957  0.00992199  0.756458  0.0113618
1260  0.219567  0.00992185  0.756458  0.0113618
1261  0.219567  0.00992186  0.756458  0.0113618
1262  0.219567  0.00992185  0.756458  0.0113618
1263  0.219563  0.00992168  0.756458  0.0113618
1264  0.219563  0.00992168  0.756458  0.0113618
1265  0.219563  0.00992166  0.756458  0.0113618
1266  0.219563  0.00992166  0.756458  0.0113618
1267  0.219563  0.00992166  0.756458  0.0113618
1268  0.219563  0.00992166  0.756458  0.0113618
1269  0.219563  0.00992166  0.756458  0.0113618
1270  0.219562  0.00992163  0.756458  0.0113618
1271  0.219559  0.0099215  0.756458  0.0113618
1272  0.219551  0.00992126  0.756458  0.0113618
1273  0.219548  0.00992111  0.756458  0.0113618
1274  0.219538  0.00992084  0.756458  0.0113618
1275  0.219537  0.00992079  0.756458  0.0113618
1276  0.219533  0.00992053  0.756458  0.0113618
1277  0.219529  0.00992052  0.756458  0.0113618
1278  0.219466  0.00992091  0.756458  0.0113618
1279  0.219466  0.00992091  0.756458  0.0113618
1280  0.21945  0.00992108  0.756458  0.0113618
1281  0.21945  0.00992108  0.756458  0.0113618
1282  0.21945  0.00992108  0.756458  0.0113618
1283  0.21945  0.00992108  0.756458  0.0113618
1284  0.21945  0.00992108  0.756458  0.0113618
1285  0.21945  0.00992108  0.756458  0.0113618
1286  0.21945  0.00992104  0.756458  0.0113618
1287  0.21945  0.00992104  0.756458  0.0113618
1288  0.219448  0.00992094  0.756458  0.0113618
1289  0.219444  0.00992075  0.756458  0.0113618
1290  0.21942  0.00992019  0.756458  0.0113618
1291  0.219404  0.00991961  0.757103  0.0113532
1292  0.219386  0.00991905  0.757288  0.0113575
1293  0.219362  0.00991834  0.75738  0.0113608
1294  0.219355  0.00991803  0.75738  0.0113608
1295  0.219352  0.0099179  0.75738  0.0113608
1296  0.219347  0.00991772  0.75738  0.0113608
1297  0.219335  0.00991756  0.758303  0.0113596
1298  0.219327  0.00991716  0.758303  0.0113596
1299  0.219325  0.00991708  0.758303  0.0113596
1300  0.219302  0.00991681  0.758303  0.0113596
1301  0.219272  0.00991654  0.758303  0.0113596
1302  0.219267  0.00991638  0.758303  0.0113596
1303  0.219265  0.0099163  0.758303  0.0113596
1304  0.219265  0.0099163  0.758303  0.0113596
1305  0.219253  0.00991591  0.758303  0.0113596
1306  0.219245  0.00991568  0.758303  0.0113596
1307  0.219225  0.00991499  0.758303  0.0113596
1308  0.219224  0.009915  0.758303  0.0113596
1309  0.219224  0.00991498  0.758303  0.0113596
1310  0.219224  0.00991498  0.758303  0.0113596
1311  0.219224  0.00991498  0.758303  0.0113596
1312  0.219224  0.00991498  0.758303  0.0113596
1313  0.219224  0.00991498  0.758303  0.0113596
1314  0.219224  0.00991498  0.758303  0.0113596
1315  0.219221  0.00991485  0.758303  0.0113596
1316  0.219221  0.00991485  0.758303  0.0113596
1317  0.219221  0.00991486  0.758303  0.0113596
1318  0.219217  0.00991469  0.758303  0.0113596
1319  0.219216  0.00991464  0.758303  0.0113596
1320  0.219216  0.00991462  0.758303  0.0113596
1321  0.219187  0.00991352  0.758303  0.0113596
1322  0.219182  0.00991331  0.758303  0.0113596
1323  0.219165  0.00991271  0.758303  0.0113596
1324  0.219165  0.00991271  0.758303  0.0113596
1325  0.219163  0.00991261  0.758303  0.0113596
1326  0.219148  0.00991221  0.758303  0.0113596
1327  0.219138  0.00991194  0.758303  0.0113596
1328  0.219122  0.00991164  0.758303  0.0113596
1329  0.219103  0.00991111  0.758303  0.0113596
1330  0.2191  0.00991098  0.758303  0.0113596
1331  0.2191  0.00991098  0.758303  0.0113596
1332  0.2191  0.00991098  0.758303  0.0113596
1333  0.2191  0.00991098  0.758303  0.0113596
1334  0.2191  0.00991098  0.758303  0.0113596
1335  0.2191  0.00991098  0.758303  0.0113596
1336  0.219097  0.00991081  0.758303  0.0113596
1337  0.219094  0.0099106  0.758303  0.0113596
1338  0.219074  0.00990998  0.758303  0.0113596
1339  0.219071  0.0099098  0.758303  0.0113596
1340  0.219067  0.00990957  0.758303  0.0113596
1341  0.219063  0.00990939  0.758303  0.0113596
1342  0.219039  0.00990866  0.758303  0.0113596
1343  0.219034  0.00990841  0.758303  0.0113596
1344  0.219032  0.00990829  0.758303  0.0113596
1345  0.219024  0.00990784  0.758303  0.0113596
1346  0.21902  0.00990763  0.758303  0.0113596
1347  0.219017  0.00990749  0.758303  0.0113596
1348  0.219011  0.00990714  0.758303  0.0113596
1349  0.218998  0.00990643  0.758303  0.0113596
1350  0.218991  0.00990606  0.758303  0.0113596
1351  0.21899  0.009906  0.758303  0.0113596
1352  0.218987  0.00990587  0.758303  0.0113596
1353  0.218975  0.00990524  0.758303  0.0113596
1354  0.218974  0.00990521  0.758303  0.0113596
1355  0.218965  0.0099048  0.758303  0.0113596
1356  0.218965  0.00990476  0.758303  0.0113596
1357  0.218963  0.00990468  0.758303  0.0113596
1358  0.218962  0.00990462  0.758303  0.0113596
1359  0.21895  0.00990478  0.758303  0.0113596
1360  0.218949  0.00990472  0.758303  0.0113596
1361  0.218948  0.00990468  0.758303  0.0113596
1362  0.218945  0.00990454  0.758303  0.0113596
1363  0.218945  0.00990454  0.758303  0.0113596
1364  0.218939  0.00990463  0.758303  0.0113596
1365  0.218925  0.0099045  0.758303  0.0113596
1366  0.218921  0.00990447  0.758303  0.0113596
1367  0.218914  0.00990436  0.758303  0.0113596
1368  0.218862  0.00990399  0.758948  0.0113508
1369  0.218861  0.00990396  0.758948  0.0113508
1370  0.218861  0.00990396  0.758948  0.0113508
1371  0.218859  0.00990385  0.758948  0.0113508
1372  0.218859  0.00990385  0.758948  0.0113508
1373  0.218849  0.00990341  0.759871  0.011274
1374  0.218843  0.00990317  0.759871  0.011274
1375  0.218825  0.00990248  0.759871  0.011274
1376  0.218823  0.00990238  0.759871  0.011274
1377  0.218823  0.00990237  0.759871  0.011274
1378  0.21882  0.00990226  0.759871  0.011274
1379  0.21882  0.00990226  0.759871  0.011274
1380  0.218817  0.00990215  0.759871  0.011274
1381  0.218817  0.00990215  0.759871  0.011274
1382  0.218817  0.00990212  0.759871  0.011274
1383  0.218813  0.00990196  0.759871  0.011274
1384  0.218813  0.00990196  0.759871  0.011274
1385  0.218813  0.00990196  0.759871  0.011274
1386  0.218813  0.00990196  0.759871  0.011274
1387  0.218813  0.00990196  0.759871  0.011274
1388  0.218807  0.00990173  0.759871  0.011274
1389  0.218806  0.0099017  0.759871  0.011274
1390  0.218805  0.00990169  0.759871  0.011274
1391  0.218786  0.00990121  0.759871  0.011274
1392  0.218778  0.00990103  0.759871  0.011274
1393  0.218769  0.00990083  0.759871  0.011274
1394  0.218769  0.00990083  0.759871  0.011274
1395  0.218769  0.00990083  0.759871  0.011274
1396  0.218769  0.00990083  0.759871  0.011274
1397  0.218769  0.00990083  0.759871  0.011274
1398  0.218764  0.00990058  0.759871  0.011274
1399  0.218756  0.00990013  0.759871  0.011274
1400  0.218748  0.0098997  0.759871  0.011274
1401  0.218745  0.00989954  0.759871  0.011274
1402  0.218736  0.00989912  0.759871  0.011274
1403  0.218731  0.00989893  0.759871  0.011274
1404  0.218726  0.00989869  0.759871  0.011274
1405  0.218726  0.00989869  0.759871  0.011274
1406  0.218726  0.00989869  0.759871  0.011274
1407  0.218726  0.00989869  0.759871  0.011274
1408  0.218726  0.00989869  0.759871  0.011274
1409  0.218726  0.00989869  0.759871  0.011274
1410  0.218724  0.00989861  0.759871  0.011274
1411  0.218723  0.00989856  0.759871  0.011274
1412  0.21872  0.00989841  0.759871  0.011274
1413  0.218718  0.00989829  0.759871  0.011274
1414  0.218717  0.00989823  0.759871  0.011274
1415  0.218714  0.00989807  0.759871  0.011274
1416  0.218712  0.009898  0.759871  0.011274
1417  0.218705  0.00989773  0.759871  0.011274
1418  0.218688  0.00989693  0.759871  0.011274
1419  0.218686  0.00989683  0.759871  0.011274
1420  0.218684  0.00989674  0.759871  0.011274
1421  0.218683  0.00989667  0.759871  0.011274
1422  0.218683  0.00989667  0.759871  0.011274
1423  0.218683  0.00989667  0.759871  0.011274
1424  0.218683  0.00989667  0.759871  0.011274
1425  0.218679  0.00989654  0.759871  0.011274
1426  0.218679  0.00989654  0.759871  0.011274
1427  0.218679  0.00989654  0.759871  0.011274
1428  0.218676  0.00989638  0.759871  0.011274
1429  0.218676  0.00989639  0.759871  0.011274
1430  0.218676  0.00989639  0.759871  0.011274
1431  0.218676  0.00989639  0.759871  0.011274
1432  0.218674  0.00989631  0.759871  0.011274
1433  0.218672  0.00989619  0.759871  0.011274
1434  0.218672  0.00989619  0.759871  0.011274
1435  0.218653  0.00989554  0.759871  0.011274
1436  0.218644  0.0098952  0.759871  0.011274
1437  0.218631  0.00989468  0.759871  0.011274
1438  0.218631  0.00989468  0.759871  0.011274
1439  0.21863  0.00989461  0.759871  0.011274
1440  0.218624  0.00989436  0.759871  0.011274
1441  0.218623  0.00989426  0.759871  0.011274
1442  0.218622  0.00989425  0.759871  0.011274
1443  0.218621  0.00989419  0.759871  0.011274
1444  0.218607  0.00989352  0.759871  0.011274
1445  0.218604  0.00989338  0.759871  0.011274
1446  0.218597  0.00989309  0.759871  0.011274
1447  0.218594  0.00989298  0.759871  0.011274
1448  0.218586  0.00989271  0.759871  0.011274
1449  0.218586  0.00989271  0.759871  0.011274
1450  0.218586  0.00989271  0.759871  0.011274
1451  0.218586  0.0098927  0.759871  0.011274
1452  0.218585  0.0098927  0.759871  0.011274
1453  0.218585  0.00989266  0.759871  0.011274
1454  0.218585  0.00989266  0.759871  0.011274
1455  0.218584  0.00989265  0.759871  0.011274
1456  0.218583  0.00989256  0.759871  0.011274
1457  0.218583  0.00989255  0.759871  0.011274
1458  0.21858  0.0098924  0.759871  0.011274
1459  0.218577  0.00989224  0.759871  0.011274
1460  0.218573  0.00989207  0.759871  0.011274
1461  0.218569  0.00989189  0.759871  0.011274
1462  0.218564  0.00989164  0.759871  0.011274
1463  0.218562  0.00989155  0.759871  0.011274
1464  0.218562  0.00989155  0.759871  0.011274
1465  0.218562  0.00989156  0.759871  0.011274
1466  0.218562  0.00989156  0.759871  0.011274
1467  0.218562  0.00989156  0.759871  0.011274
1468  0.218562  0.00989156  0.759871  0.011274
1469  0.218561  0.00989153  0.759871  0.011274
1470  0.218561  0.00989153  0.759871  0.011274
1471  0.218559  0.00989141  0.759871  0.011274
1472  0.218559  0.00989139  0.759871  0.011274
1473  0.218559  0.00989139  0.759871  0.011274
1474  0.218558  0.0098914  0.759871  0.011274
1475  0.218551  0.00989153  0.759871  0.011274
1476  0.21855  0.0098915  0.759871  0.011274
1477  0.218544  0.00989153  0.759871  0.011274
1478  0.218534  0.00989164  0.759871  0.011274
1479  0.218525  0.00989178  0.759871  0.011274
1480  0.218521  0.00989185  0.759871  0.011274
1481  0.218517  0.00989172  0.759871  0.011274
1482  0.218515  0.00989164  0.759871  0.011274
1483  0.218514  0.00989156  0.759871  0.011274
1484  0.218513  0.00989152  0.759871  0.011274
1485  0.218512  0.00989154  0.759871  0.011274
1486  0.21851  0.00989159  0.759871  0.011274
1487  0.218509  0.00989161  0.759871  0.011274
1488  0.218509  0.00989161  0.759871  0.011274
1489  0.218509  0.00989161  0.759871  0.011274
1490  0.218509  0.00989161  0.759871  0.011274
1491  0.218509  0.00989161  0.759871  0.011274
1492  0.218509  0.00989161  0.759871  0.011274
1493  0.218509  0.00989161  0.759871  0.011274
1494  0.218509  0.00989159  0.759871  0.011274
1495  0.218508  0.00989155  0.759871  0.011274
1496  0.218506  0.00989144  0.759871  0.011274
1497  0.218506  0.00989144  0.759871  0.011274
1498  0.218506  0.00989144  0.759871  0.011274
1499  0.218504  0.00989133  0.759871  0.011274
1500  0.218502  0.00989122  0.759871  0.011274
1501  0.218502  0.00989122  0.759871  0.011274
1502  0.218492  0.00989088  0.759871  0.011274
1503  0.218464  0.00988969  0.759871  0.011274
1504  0.218463  0.00988965  0.759871  0.011274
1505  0.218458  0.0098894  0.759871  0.011274
1506  0.218453  0.0098891  0.759871  0.011274
1507  0.218453  0.0098891  0.759871  0.011274
1508  0.218453  0.0098891  0.759871  0.011274
1509  0.218452  0.00988909  0.759871  0.011274
1510  0.218452  0.00988909  0.759871  0.011274
1511  0.21845  0.009889  0.759871  0.011274
1512  0.218449  0.00988893  0.759871  0.011274
1513  0.218444  0.00988875  0.759871  0.011274
1514  0.218444  0.00988875  0.759871  0.011274
1515  0.218444  0.00988875  0.759871  0.011274
1516  0.218441  0.00988862  0.759871  0.011274
1517  0.218433  0.00988828  0.759871  0.011274
1518  0.218429  0.00988812  0.759871  0.011274
1519  0.218425  0.00988794  0.759871  0.011274
1520  0.218418  0.00988766  0.759871  0.011274
1521  0.218417  0.00988761  0.759871  0.011274
1522  0.218385  0.00988773  0.759871  0.011274
1523  0.218384  0.0098877  0.759871  0.011274
1524  0.218384  0.0098877  0.759871  0.011274
1525  0.218372  0.00988793  0.759871  0.011274
1526  0.218372  0.00988793  0.759871  0.011274
1527  0.218365  0.00988762  0.759871  0.011274
1528  0.218363  0.00988753  0.759871  0.011274
1529  0.218363  0.00988753  0.759871  0.011274
1530  0.218363  0.00988753  0.759871  0.011274
1531  0.218362  0.0098875  0.759871  0.011274
1532  0.218362  0.0098875  0.759871  0.011274
1533  0.218362  0.0098875  0.759871  0.011274
1534  0.218362  0.0098875  0.759871  0.011274
1535  0.218362  0.0098875  0.759871  0.011274
1536  0.218362  0.0098875  0.759871  0.011274
1537  0.218359  0.00988732  0.759871  0.011274
1538  0.218358  0.00988727  0.759871  0.011274
1539  0.218358  0.00988727  0.759871  0.011274
1540  0.218358  0.00988727  0.759871  0.011274
1541  0.218358  0.00988727  0.759871  0.011274
1542  0.218358  0.00988727  0.759871  0.011274
1543  0.218358  0.00988727  0.759871  0.011274
1544  0.218355  0.00988718  0.759871  0.011274
1545  0.218355  0.00988718  0.759871  0.011274
1546  0.218353  0.00988705  0.759871  0.011274
1547  0.218344  0.00988681  0.759871  0.011274
1548  0.218341  0.00988675  0.759871  0.011274
1549  0.21833  0.00988652  0.759871  0.011274
1550  0.21833  0.00988652  0.759871  0.011274
1551  0.218322  0.0098862  0.759871  0.011274
1552  0.218319  0.00988605  0.759871  0.011274
1553  0.218316  0.00988585  0.759871  0.011274
1554  0.218316  0.00988585  0.759871  0.011274
1555  0.218316  0.00988585  0.759871  0.011274
1556  0.218316  0.00988585  0.759871  0.011274
1557  0.218316  0.00988586  0.759871  0.011274
1558  0.218316  0.00988586  0.759871  0.011274
1559  0.218315  0.00988582  0.759871  0.011274
1560  0.218315  0.0098858  0.759871  0.011274
1561  0.218315  0.0098858  0.759871  0.011274
1562  0.218315  0.00988581  0.759871  0.011274
1563  0.218314  0.00988581  0.759871  0.011274
1564  0.218311  0.0098856  0.759871  0.011274
1565  0.218309  0.00988548  0.759871  0.011274
1566  0.218309  0.00988549  0.759871  0.011274
1567  0.218308  0.00988548  0.759871  0.011274
1568  0.218308  0.00988548  0.759871  0.011274
1569  0.218306  0.00988544  0.759871  0.011274
1570  0.218306  0.00988544  0.759871  0.011274
1571  0.218305  0.00988539  0.759871  0.011274
1572  0.218305  0.00988539  0.759871  0.011274
1573  0.218305  0.00988539  0.759871  0.011274
1574  0.218305  0.00988538  0.759871  0.011274
1575  0.218305  0.00988538  0.759871  0.011274
1576  0.218305  0.00988538  0.759871  0.011274
1577  0.218296  0.00988511  0.759871  0.011274
1578  0.218289  0.00988492  0.759871  0.011274
1579  0.218289  0.00988492  0.759871  0.011274
1580  0.218287  0.00988481  0.759871  0.011274
1581  0.218287  0.00988481  0.759871  0.011274
1582  0.218287  0.00988481  0.759871  0.011274
1583  0.218286  0.00988477  0.759871  0.011274
1584  0.218286  0.00988477  0.759871  0.011274
1585  0.218286  0.00988477  0.759871  0.011274
1586  0.218286  0.00988477  0.759871  0.011274
1587  0.218286  0.00988476  0.759871  0.011274
1588  0.218286  0.00988475  0.759871  0.011274
1589  0.218265  0.00988384  0.759871  0.011274
1590  0.218265  0.00988381  0.759871  0.011274
1591  0.218265  0.00988379  0.759871  0.011274
1592  0.218258  0.00988352  0.759871  0.011274
1593  0.218253  0.00988327  0.759871  0.011274
1594  0.218252  0.00988325  0.759871  0.011274
1595  0.21825  0.00988311  0.759871  0.011274
1596  0.21825  0.00988309  0.759871  0.011274
1597  0.21825  0.00988309  0.759871  0.011274
1598  0.21825  0.00988309  0.759871  0.011274
1599  0.218249  0.00988308  0.759871  0.011274
1600  0.218249  0.00988308  0.759871  0.011274
1601  0.218249  0.00988308  0.759871  0.011274
1602  0.218221  0.00988261  0.759871  0.011274
1603  0.21821  0.00988214  0.759871  0.011274
1604  0.218193  0.00988178  0.759871  0.011274
1605  0.218188  0.00988171  0.759871  0.011274
1606  0.218168  0.00988113  0.759871  0.011274
1607  0.218164  0.00988094  0.759871  0.011274
1608  0.218163  0.00988087  0.759871  0.011274
1609  0.218163  0.00988087  0.759871  0.011274
1610  0.218159  0.0098807  0.759871  0.011274
1611  0.218156  0.00988053  0.759871  0.011274
1612  0.21815  0.00988026  0.759871  0.011274
1613  0.218147  0.00988009  0.759871  0.011274
1614  0.218139  0.00987973  0.759871  0.011274
1615  0.218136  0.00987959  0.759871  0.011274
1616  0.218123  0.00987896  0.759871  0.011274
1617  0.218119  0.00987874  0.759871  0.011274
1618  0.218115  0.00987854  0.759871  0.011274
1619  0.218115  0.00987853  0.759871  0.011274
1620  0.218114  0.00987847  0.759871  0.011274
1621  0.218113  0.00987844  0.759871  0.011274
1622  0.218113  0.00987842  0.759871  0.011274
1623  0.218111  0.00987831  0.759871  0.011274
1624  0.21811  0.00987827  0.759871  0.011274
1625  0.218109  0.00987822  0.759871  0.011274
1626  0.218108  0.00987814  0.759871  0.011274
1627  0.218105  0.009878  0.759871  0.011274
1628  0.218104  0.00987798  0.759871  0.011274
1629  0.218097  0.00987763  0.759871  0.011274
1630  0.218097  0.00987763  0.759871  0.011274
1631  0.218094  0.00987746  0.759871  0.011274
1632  0.21809  0.00987726  0.759871  0.011274
1633  0.21809  0.00987725  0.759871  0.011274
1634  0.218088  0.00987715  0.759871  0.011274
1635  0.21808  0.00987674  0.759871  0.011274
1636  0.218074  0.00987651  0.759871  0.011274
1637  0.21806  0.00987575  0.759871  0.011274
1638  0.218055  0.00987551  0.759871  0.011274
1639  0.218051  0.00987537  0.759871  0.011274
1640  0.218046  0.0098751  0.759871  0.011274
1641  0.218029  0.00987437  0.759871  0.011274
1642  0.218025  0.00987419  0.759871  0.011274
1643  0.218024  0.00987411  0.759871  0.011274
1644  0.218016  0.00987377  0.759871  0.011274
1645  0.218011  0.00987354  0.759871  0.011274
1646  0.218004  0.00987323  0.759871  0.011274
1647  0.217999  0.00987297  0.759871  0.011274
1648  0.217999  0.00987297  0.759871  0.011274
1649  0.217999  0.00987297  0.759871  0.011274
1650  0.217999  0.00987297  0.759871  0.011274
1651  0.217999  0.00987297  0.759871  0.011274
1652  0.217999  0.00987297  0.759871  0.011274
1653  0.217999  0.00987297  0.759871  0.011274
1654  0.217999  0.00987297  0.759871  0.011274
1655  0.217999  0.00987297  0.759871  0.011274
1656  0.217999  0.00987296  0.759871  0.011274
1657  0.217999  0.00987296  0.759871  0.011274
1658  0.217999  0.00987296  0.759871  0.011274
1659  0.217997  0.00987287  0.759871  0.011274
1660  0.217996  0.00987282  0.759871  0.011274
1661  0.217993  0.00987267  0.759871  0.011274
1662  0.217993  0.00987267  0.759871  0.011274
1663  0.217993  0.00987267  0.759871  0.011274
1664  0.217987  0.00987241  0.759871  0.011274
1665  0.217987  0.00987241  0.759871  0.011274
1666  0.217972  0.00987174  0.759871  0.011274
1667  0.217965  0.00987147  0.759871  0.011274
1668  0.217965  0.00987147  0.759871  0.011274
1669  0.217965  0.00987147  0.759871  0.011274
1670  0.217962  0.00987134  0.759871  0.011274
1671  0.217955  0.00987106  0.759871  0.011274
1672  0.217949  0.00987083  0.759871  0.011274
1673  0.217949  0.00987084  0.759871  0.011274
1674  0.217949  0.00987084  0.759871  0.011274
1675  0.217949  0.00987084  0.759871  0.011274
1676  0.217945  0.0098706  0.759871  0.011274
1677  0.217931  0.00987044  0.760517  0.011265
1678  0.217927  0.00987025  0.760609  0.0112667
1679  0.217912  0.00986956  0.760609  0.0112667
1680  0.217903  0.00986911  0.760609  0.0112667
1681  0.217883  0.00986844  0.76024  0.0112644
1682  0.217866  0.0098681  0.760793  0.0112725
1683  0.217861  0.00986788  0.760793  0.0112725
1684  0.217856  0.00986775  0.760793  0.0112725
1685  0.217847  0.00986764  0.760793  0.0112725
1686  0.217844  0.00986761  0.760793  0.0112725
1687  0.217844  0.00986761  0.760793  0.0112725
1688  0.217844  0.00986761  0.760793  0.0112725
1689  0.217844  0.00986761  0.760793  0.0112725
1690  0.217844  0.00986761  0.760793  0.0112725
1691  0.217844  0.00986761  0.760793  0.0112725
1692  0.217844  0.00986761  0.760793  0.0112725
1693  0.217844  0.00986761  0.760793  0.0112725
1694  0.217844  0.00986761  0.760793  0.0112725
1695  0.217834  0.00986724  0.760793  0.0112725
1696  0.217834  0.00986724  0.760793  0.0112725
1697  0.217834  0.00986724  0.760793  0.0112725
1698  0.217834  0.00986723  0.760793  0.0112725
1699  0.217833  0.00986718  0.760793  0.0112725
1700  0.217832  0.00986709  0.760793  0.0112725
1701  0.217829  0.00986695  0.760793  0.0112725
1702  0.217826  0.00986678  0.760793  0.0112725
1703  0.217823  0.00986666  0.760793  0.0112725
1704  0.217823  0.00986662  0.760793  0.0112725
1705  0.21782  0.00986646  0.760793  0.0112725
1706  0.217817  0.00986632  0.760793  0.0112725
1707  0.217816  0.00986626  0.760793  0.0112725
1708  0.217814  0.00986613  0.760793  0.0112725
1709  0.21781  0.00986595  0.760793  0.0112725
1710  0.217806  0.0098657  0.760793  0.0112725
1711  0.217805  0.00986567  0.760793  0.0112725
1712  0.217802  0.00986551  0.760793  0.0112725
1713  0.217798  0.00986532  0.760793  0.0112725
1714  0.217778  0.00986473  0.760793  0.0112725
1715  0.217771  0.00986458  0.760793  0.0112725
1716  0.217759  0.00986426  0.760793  0.0112725
1717  0.217753  0.00986414  0.760793  0.0112725
1718  0.217746  0.00986385  0.760793  0.0112725
1719  0.217746  0.00986383  0.760793  0.0112725
1720  0.217743  0.00986377  0.760793  0.0112725
1721  0.217731  0.00986342  0.760793  0.0112725
1722  0.217729  0.00986333  0.760793  0.0112725
1723  0.217727  0.00986324  0.760793  0.0112725
1724  0.217724  0.00986307  0.760793  0.0112725
1725  0.217723  0.00986301  0.760793  0.0112725
1726  0.217721  0.00986292  0.760793  0.0112725
1727  0.217721  0.00986292  0.760793  0.0112725
1728  0.217719  0.00986279  0.760793  0.0112725
1729  0.217719  0.00986279  0.760793  0.0112725
1730  0.217715  0.0098626  0.760793  0.0112725
1731  0.217715  0.0098626  0.760793  0.0112725
1732  0.217715  0.0098626  0.760793  0.0112725
1733  0.217715  0.00986258  0.760793  0.0112725
1734  0.217715  0.00986258  0.760793  0.0112725
1735  0.217715  0.00986258  0.760793  0.0112725
1736  0.217715  0.00986258  0.760793  0.0112725
1737  0.217715  0.00986258  0.760793  0.0112725
1738  0.217715  0.00986258  0.760793  0.0112725
1739  0.217714  0.00986252  0.760793  0.0112725
1740  0.217688  0.00986226  0.760793  0.0112725
1741  0.217672  0.00986184  0.760793  0.0112725
1742  0.217661  0.00986156  0.760793  0.0112725
1743  0.217655  0.00986127  0.760793  0.0112725
1744  0.217645  0.00986085  0.760793  0.0112725
1745  0.217645  0.00986085  0.760793  0.0112725
1746  0.217642  0.00986071  0.760793  0.0112725
1747  0.217641  0.00986065  0.760793  0.0112725
1748  0.217631  0.00986024  0.760793  0.0112725
1749  0.217629  0.00986017  0.760793  0.0112725
1750  0.217629  0.00986017  0.760793  0.0112725
1751  0.217626  0.00986001  0.760793  0.0112725
1752  0.217622  0.00985985  0.760793  0.0112725
1753  0.217621  0.00985979  0.760793  0.0112725
1754  0.217621  0.00985979  0.760793  0.0112725
1755  0.217621  0.00985979  0.760793  0.0112725
1756  0.217621  0.00985979  0.760793  0.0112725
1757  0.217618  0.00985969  0.760793  0.0112725
1758  0.217617  0.00985964  0.760793  0.0112725
1759  0.217616  0.00985959  0.760793  0.0112725
1760  0.217591  0.00985862  0.760793  0.0112725
1761  0.21758  0.00985841  0.760793  0.0112725
1762  0.21757  0.00985824  0.760793  0.0112725
1763  0.217563  0.00985796  0.760793  0.0112725
1764  0.217554  0.00985757  0.760793  0.0112725
1765  0.217552  0.00985746  0.760793  0.0112725
1766  0.217549  0.00985735  0.760793  0.0112725
1767  0.217539  0.0098572  0.760793  0.0112725
1768  0.217531  0.00985713  0.760793  0.0112725
1769  0.21751  0.00985696  0.760793  0.0112725
1770  0.217509  0.00985689  0.760793  0.0112725
1771  0.217481  0.00985666  0.760793  0.0112725
1772  0.217473  0.00985654  0.760793  0.0112725
1773  0.217449  0.00985646  0.760793  0.0112725
1774  0.217447  0.00985637  0.760793  0.0112725
1775  0.21744  0.00985632  0.760793  0.0112725
1776  0.217433  0.00985637  0.760793  0.0112725
1777  0.217416  0.00985634  0.760793  0.0112725
1778  0.217401  0.00985641  0.760793  0.0112725
1779  0.217388  0.00985628  0.760793  0.0112725
1780  0.217382  0.00985589  0.760793  0.0112725
1781  0.217382  0.00985589  0.760793  0.0112725
1782  0.217379  0.00985576  0.760793  0.0112725
1783  0.217378  0.00985569  0.760793  0.0112725
1784  0.217377  0.0098556  0.760793  0.0112725
1785  0.217368  0.00985508  0.760793  0.0112725
1786  0.217363  0.00985485  0.760793  0.0112725
1787  0.21736  0.00985466  0.760793  0.0112725
1788  0.217353  0.00985439  0.760793  0.0112725
1789  0.217352  0.00985439  0.760793  0.0112725
1790  0.217352  0.00985439  0.760793  0.0112725
1791  0.217352  0.00985439  0.760793  0.0112725
1792  0.217339  0.00985384  0.760793  0.0112725
1793  0.217339  0.00985384  0.760793  0.0112725
1794  0.217337  0.00985374  0.760793  0.0112725
1795  0.217337  0.00985374  0.760793  0.0112725
1796  0.217337  0.00985374  0.760793  0.0112725
1797  0.217337  0.00985374  0.760793  0.0112725
1798  0.217337  0.00985374  0.760793  0.0112725
1799  0.217337  0.00985374  0.760793  0.0112725
1800  0.217337  0.00985373  0.760793  0.0112725
1801  0.217337  0.00985373  0.760793  0.0112725
1802  0.217337  0.00985373  0.760793  0.0112725
1803  0.217337  0.00985373  0.760793  0.0112725
1804  0.217337  0.00985373  0.760793  0.0112725
1805  0.217337  0.00985373  0.760793  0.0112725
1806  0.217327  0.0098534  0.760793  0.0112725
1807  0.217322  0.00985311  0.760793  0.0112725
1808  0.217318  0.00985287  0.760793  0.0112725
1809  0.217318  0.00985287  0.760793  0.0112725
1810  0.217318  0.00985287  0.760793  0.0112725
1811  0.217318  0.00985287  0.760793  0.0112725
1812  0.217316  0.00985275  0.760793  0.0112725
1813  0.217298  0.00985193  0.760793  0.0112725
1814  0.217293  0.00985172  0.760793  0.0112725
1815  0.217293  0.00985172  0.760793  0.0112725
1816  0.217289  0.00985152  0.760793  0.0112725
1817  0.217289  0.00985152  0.760793  0.0112725
1818  0.217289  0.00985152  0.760793  0.0112725
1819  0.217288  0.00985145  0.760793  0.0112725
1820  0.217288  0.00985145  0.760793  0.0112725
1821  0.217288  0.00985145  0.760793  0.0112725
1822  0.217288  0.00985145  0.760793  0.0112725
1823  0.217285  0.00985134  0.760793  0.0112725
1824  0.21728  0.00985109  0.760793  0.0112725
1825  0.217278  0.00985097  0.760793  0.0112725
1826  0.217275  0.0098508  0.760793  0.0112725
1827  0.217272  0.00985064  0.760793  0.0112725
1828  0.217271  0.00985057  0.760793  0.0112725
1829  0.21726  0.00985062  0.760793  0.0112725
1830  0.21726  0.00985062  0.760793  0.0112725
1831  0.217253  0.00985026  0.760793  0.0112725
1832  0.217253  0.00985026  0.760793  0.0112725
1833  0.217252  0.00985019  0.760793  0.0112725
1834  0.217247  0.00985017  0.760793  0.0112725
1835  0.217245  0.00985008  0.760793  0.0112725
1836  0.21724  0.00985017  0.760793  0.0112725
1837  0.217229  0.00985028  0.760793  0.0112725
1838  0.217216  0.00985056  0.760793  0.0112725
1839  0.217209  0.00985017  0.760793  0.0112725
1840  0.217199  0.00985037  0.760793  0.0112725
1841  0.217178  0.00984993  0.760793  0.0112725
1842  0.217176  0.00984985  0.760793  0.0112725
1843  0.217173  0.0098497  0.760793  0.0112725
1844  0.217173  0.00984968  0.760793  0.0112725
1845  0.217167  0.0098494  0.760793  0.0112725
1846  0.217166  0.00984932  0.760793  0.0112725
1847  0.217165  0.00984931  0.760793  0.0112725
1848  0.217147  0.00984883  0.760793  0.0112725
1849  0.217135  0.00984846  0.760793  0.0112725
1850  0.217126  0.00984817  0.760793  0.0112725
1851  0.217124  0.00984813  0.760793  0.0112725
1852  0.217116  0.00984788  0.760793  0.0112725
1853  0.217112  0.00984776  0.760793  0.0112725
1854  0.2171  0.00984727  0.760793  0.0112725
1855  0.217086  0.00984667  0.760793  0.0112725
1856  0.217069  0.00984609  0.760793  0.0112725
1857  0.217064  0.0098459  0.760793  0.0112725
1858  0.217064  0.0098459  0.760793  0.0112725
1859  0.217062  0.00984584  0.760793  0.0112725
1860  0.217062  0.00984584  0.760793  0.0112725
1861  0.217062  0.00984584  0.760793  0.0112725
1862  0.217062  0.00984584  0.760793  0.0112725
1863  0.217053  0.00984541  0.760793  0.0112725
1864  0.217049  0.00984517  0.760793  0.0112725
1865  0.217022  0.00984454  0.760793  0.0112725
1866  0.217021  0.00984446  0.760793  0.0112725
1867  0.21702  0.00984443  0.760793  0.0112725
1868  0.217018  0.00984433  0.760793  0.0112725
1869  0.217018  0.00984431  0.760793  0.0112725
1870  0.217016  0.00984421  0.760793  0.0112725
1871  0.217013  0.00984408  0.760793  0.0112725
1872  0.217013  0.00984408  0.760793  0.0112725
1873  0.217013  0.00984407  0.760793  0.0112725
1874  0.217002  0.00984371  0.760793  0.0112725
1875  0.216997  0.00984347  0.760793  0.0112725
1876  0.216997  0.00984347  0.760793  0.0112725
1877  0.216981  0.00984292  0.760793  0.0112725
1878  0.216981  0.00984291  0.760793  0.0112725
1879  0.216973  0.00984258  0.760793  0.0112725
1880  0.216972  0.00984255  0.760793  0.0112725
1881  0.216967  0.00984254  0.760793  0.0112725
1882  0.216961  0.00984228  0.760793  0.0112725
1883  0.216956  0.00984208  0.760793  0.0112725
1884  0.216954  0.00984212  0.760793  0.0112725
1885  0.216944  0.00984204  0.760793  0.0112725
1886  0.216941  0.00984206  0.760793  0.0112725
1887  0.216927  0.00984193  0.760793  0.0112725
1888  0.216925  0.00984184  0.760793  0.0112725
1889  0.216924  0.00984179  0.760793  0.0112725
1890  0.216921  0.00984166  0.760793  0.0112725
1891  0.216921  0.00984166  0.760793  0.0112725
1892  0.216921  0.00984166  0.760793  0.0112725
1893  0.21691  0.00984163  0.760793  0.0112725
1894  0.216907  0.00984162  0.760793  0.0112725
1895  0.216906  0.00984158  0.760793  0.0112725
1896  0.216904  0.00984151  0.760793  0.0112725
1897  0.216902  0.00984136  0.760793  0.0112725
1898  0.216902  0.00984136  0.760793  0.0112725
1899  0.216902  0.00984136  0.760793  0.0112725
1900  0.216899  0.00984124  0.760793  0.0112725
1901  0.216899  0.00984124  0.760793  0.0112725
1902  0.216897  0.00984115  0.760793  0.0112725
1903  0.216887  0.00984064  0.760793  0.0112725
1904  0.216887  0.00984064  0.760793  0.0112725
1905  0.216887  0.00984064  0.760793  0.0112725
1906  0.216887  0.00984064  0.760793  0.0112725
1907  0.216887  0.00984064  0.760793  0.0112725
1908  0.216887  0.00984064  0.760793  0.0112725
1909  0.216887  0.00984064  0.760793  0.0112725
1910  0.216882  0.00984045  0.760793  0.0112725
1911  0.216869  0.00983989  0.760793  0.0112725
1912  0.216857  0.00983937  0.760793  0.0112725
1913  0.216857  0.00983937  0.760793  0.0112725
1914  0.21685  0.00983911  0.760793  0.0112725
1915  0.216842  0.00983876  0.760793  0.0112725
1916  0.216839  0.00983865  0.760793  0.0112725
1917  0.216839  0.00983863  0.760793  0.0112725
1918  0.216839  0.00983863  0.760793  0.0112725
1919  0.216839  0.00983863  0.760793  0.0112725
1920  0.216839  0.00983863  0.760793  0.0112725
1921  0.216836  0.00983845  0.760793  0.0112725
1922  0.21683  0.00983813  0.760793  0.0112725
1923  0.216829  0.00983804  0.760793  0.0112725
1924  0.216823  0.00983779  0.760793  0.0112725
1925  0.216819  0.00983761  0.760793  0.0112725
1926  0.216819  0.00983761  0.760793  0.0112725
1927  0.216814  0.00983746  0.760793  0.0112725
1928  0.216763  0.00983601  0.760793  0.0112725
1929  0.216763  0.00983597  0.760793  0.0112725
1930  0.216753  0.00983557  0.760793  0.0112725
1931  0.216728  0.00983476  0.760793  0.0112725
1932  0.216722  0.00983452  0.760793  0.0112725
1933  0.21672  0.00983445  0.760793  0.0112725
1934  0.216719  0.00983441  0.760793  0.0112725
1935  0.21671  0.0098341  0.760793  0.0112725
1936  0.216693  0.0098334  0.760793  0.0112725
1937  0.216679  0.00983291  0.760793  0.0112725
1938  0.216671  0.00983256  0.760793  0.0112725
1939  0.216668  0.0098324  0.760793  0.0112725
1940  0.216665  0.00983219  0.760793  0.0112725
1941  0.216662  0.00983203  0.760793  0.0112725
1942  0.216657  0.0098319  0.760793  0.0112725
1943  0.216655  0.00983178  0.760793  0.0112725
1944  0.216651  0.00983157  0.760793  0.0112725
1945  0.216647  0.00983134  0.760793  0.0112725
1946  0.216645  0.00983125  0.760793  0.0112725
1947  0.216643  0.00983112  0.760793  0.0112725
1948  0.216642  0.0098311  0.760793  0.0112725
1949  0.216642  0.00983106  0.760793  0.0112725
1950  0.21664  0.00983097  0.760793  0.0112725
1951  0.21664  0.00983097  0.760793  0.0112725
1952  0.216639  0.00983093  0.760793  0.0112725
1953  0.216627  0.00983051  0.760793  0.0112725
1954  0.216627  0.00983051  0.760793  0.0112725
1955  0.216627  0.00983051  0.760793  0.0112725
1956  0.216627  0.00983051  0.760793  0.0112725
1957  0.216627  0.00983052  0.760793  0.0112725
1958  0.216622  0.00983033  0.760793  0.0112725
1959  0.216621  0.0098303  0.760793  0.0112725
1960  0.216621  0.0098303  0.760793  0.0112725
1961  0.216621  0.0098303  0.760793  0.0112725
1962  0.216621  0.0098303  0.760793  0.0112725
1963  0.216621  0.0098303  0.760793  0.0112725
1964  0.216621  0.0098303  0.760793  0.0112725
1965  0.216621  0.0098303  0.760793  0.0112725
1966  0.216621  0.0098303  0.760793  0.0112725
1967  0.216621  0.0098303  0.760793  0.0112725
1968  0.216621  0.0098303  0.760793  0.0112725
1969  0.216621  0.0098303  0.760793  0.0112725
1970  0.216621  0.0098303  0.760793  0.0112725
1971  0.21662  0.00983028  0.760793  0.0112725
1972  0.216619  0.00983024  0.760793  0.0112725
1973  0.216619  0.00983024  0.760793  0.0112725
1974  0.216619  0.00983024  0.760793  0.0112725
1975  0.216618  0.00983017  0.760793  0.0112725
1976  0.216618  0.00983017  0.760793  0.0112725
1977  0.216617  0.00983011  0.760793  0.0112725
1978  0.216615  0.00983002  0.760793  0.0112725
1979  0.216615  0.00983  0.760793  0.0112725
1980  0.216614  0.00982995  0.760793  0.0112725
1981  0.216613  0.00982988  0.760793  0.0112725
1982  0.216611  0.00982976  0.760793  0.0112725
1983  0.216611  0.00982976  0.760793  0.0112725
1984  0.216606  0.00982951  0.760793  0.0112725
1985  0.216606  0.00982951  0.760793  0.0112725
1986  0.216601  0.0098296  0.760793  0.0112725
1987  0.216598  0.00982942  0.760793  0.0112725
1988  0.216598  0.00982941  0.760793  0.0112725
1989  0.216595  0.00982926  0.760793  0.0112725
1990  0.216593  0.00982918  0.760793  0.0112725
1991  0.216591  0.00982905  0.760793  0.0112725
1992  0.216587  0.00982886  0.760793  0.0112725
1993  0.216585  0.00982878  0.760793  0.0112725
1994  0.21658  0.00982851  0.760793  0.0112725
1995  0.216541  0.00982881  0.760793  0.0112725
1996  0.216535  0.0098285  0.760793  0.0112725
1997  0.216526  0.00982847  0.760793  0.0112725
1998  0.216526  0.00982847  0.760793  0.0112725
1999  0.216519  0.00982863  0.760793  0.0112725
