#sample=231
0  0.443624  0.0121758  0.457792  0.025608
1  0.391878  0.012422  0.501732  0.0242619
2  0.351352  0.0128998  0.544156  0.0231606
3  0.319455  0.013416  0.594156  0.0214124
4  0.293918  0.0138702  0.649351  0.020313
5  0.274627  0.0143174  0.7  0.0197242
6  0.262589  0.0146398  0.714286  0.0194082
7  0.251682  0.0149401  0.72684  0.0195149
8  0.242051  0.0152471  0.739177  0.0193888
9  0.234196  0.0155176  0.744805  0.0195246
10  0.22936  0.0156829  0.75  0.019202
11  0.226708  0.0157606  0.750866  0.0191725
12  0.224172  0.015834  0.752165  0.0192015
13  0.222036  0.0159163  0.752165  0.0192015
14  0.220733  0.0159654  0.754329  0.0189533
15  0.220358  0.0159783  0.756277  0.0187148
16  0.220091  0.0159808  0.758009  0.0185477
17  0.219588  0.0159978  0.758009  0.0185477
18  0.219439  0.0159952  0.758009  0.0185477
19  0.219321  0.0159903  0.758009  0.0185477
20  0.219245  0.0159873  0.758009  0.0185477
21  0.21899  0.0159847  0.757576  0.0185789
22  0.218632  0.0159839  0.762121  0.0180376
23  0.218545  0.0159779  0.766234  0.0175111
24  0.218434  0.0159708  0.766234  0.0175111
25  0.218314  0.015963  0.768182  0.0172713
26  0.218259  0.0159606  0.767749  0.017306
27  0.218185  0.015958  0.767749  0.017306
28  0.218088  0.0159526  0.767965  0.0172873
29  0.217979  0.0159459  0.768182  0.0172713
30  0.217915  0.0159421  0.768182  0.0172713
31  0.217827  0.015937  0.768182  0.0172713
32  0.217741  0.0159317  0.768182  0.0172713
33  0.217688  0.0159284  0.768182  0.0172713
34  0.217593  0.015923  0.767965  0.0172873
35  0.217494  0.0159164  0.767965  0.0172873
36  0.217413  0.0159116  0.767965  0.0172873
37  0.217364  0.0159086  0.767965  0.0172873
38  0.217309  0.0159047  0.767965  0.0172873
39  0.21725  0.0159012  0.767965  0.0172873
40  0.217196  0.015898  0.767965  0.0172873
41  0.21714  0.0158945  0.767965  0.0172873
42  0.217095  0.0158917  0.767965  0.0172873
43  0.217005  0.0158859  0.767965  0.0172873
44  0.216921  0.0158803  0.767965  0.0172873
45  0.216831  0.015875  0.767965  0.0172873
46  0.21677  0.0158711  0.767965  0.0172873
47  0.216747  0.0158696  0.767965  0.0172873
48  0.216641  0.0158632  0.767965  0.0172873
49  0.216552  0.0158567  0.767965  0.0172873
50  0.216501  0.015853  0.767965  0.0172873
51  0.216447  0.0158495  0.767965  0.0172873
52  0.216409  0.0158472  0.767965  0.0172873
53  0.216368  0.0158444  0.767965  0.0172873
54  0.2163  0.0158398  0.767965  0.0172873
55  0.216232  0.0158355  0.767965  0.0172873
56  0.216177  0.015832  0.767965  0.0172873
57  0.216154  0.0158308  0.767965  0.0172873
58  0.216092  0.0158267  0.767965  0.0172873
59  0.216056  0.0158244  0.767965  0.0172873
60  0.216011  0.0158218  0.767965  0.0172873
61  0.215974  0.0158194  0.767965  0.0172873
62  0.215904  0.0158152  0.767965  0.0172873
63  0.215859  0.0158121  0.767965  0.0172873
64  0.215792  0.0158079  0.767965  0.0172873
65  0.215721  0.0158042  0.767965  0.0172873
66  0.21567  0.0158016  0.767965  0.0172873
67  0.215612  0.0157975  0.767965  0.0172873
68  0.215581  0.0157955  0.767965  0.0172873
69  0.215533  0.0157918  0.767965  0.0172873
70  0.215496  0.0157893  0.767965  0.0172873
71  0.215465  0.0157874  0.767965  0.0172873
72  0.215454  0.0157865  0.767965  0.0172873
73  0.215383  0.0157822  0.767965  0.0172873
74  0.215345  0.0157793  0.769913  0.0170187
75  0.215304  0.0157765  0.769913  0.0170187
76  0.215276  0.0157746  0.769913  0.0170187
77  0.215215  0.0157706  0.769913  0.0170187
78  0.215156  0.0157663  0.769913  0.0170187
79  0.215125  0.0157642  0.769913  0.0170187
80  0.2151  0.0157624  0.769913  0.0170187
81  0.21508  0.015761  0.77013  0.0170024
82  0.215051  0.0157589  0.77013  0.0170024
83  0.215011  0.0157562  0.77013  0.0170024
84  0.214986  0.0157546  0.77013  0.0170024
85  0.214947  0.0157524  0.77013  0.0170024
86  0.214918  0.0157508  0.77013  0.0170024
87  0.214904  0.0157497  0.77013  0.0170024
88  0.214864  0.0157467  0.77013  0.0170024
89  0.214832  0.0157448  0.77013  0.0170024
90  0.214783  0.0157414  0.77013  0.0170024
91  0.214756  0.0157397  0.77013  0.0170024
92  0.21474  0.0157388  0.77013  0.0170024
93  0.214726  0.0157381  0.77013  0.0170024
94  0.214689  0.015736  0.77013  0.0170024
95  0.214672  0.0157349  0.77013  0.0170024
96  0.214621  0.0157321  0.77013  0.0170024
97  0.214564  0.015728  0.77013  0.0170024
98  0.214551  0.015727  0.77013  0.0170024
99  0.214542  0.0157263  0.77013  0.0170024
100  0.214525  0.0157252  0.77013  0.0170024
101  0.214458  0.0157211  0.77013  0.0170024
102  0.214428  0.0157192  0.77013  0.0170024
103  0.214338  0.0157139  0.77013  0.0170024
104  0.214329  0.0157133  0.77013  0.0170024
105  0.21432  0.0157127  0.77013  0.0170024
106  0.214294  0.0157112  0.77013  0.0170024
107  0.214234  0.0157077  0.772294  0.0167367
108  0.214167  0.0157034  0.772294  0.0167367
109  0.214107  0.0157001  0.772294  0.0167367
110  0.214067  0.015698  0.772294  0.0167367
111  0.214006  0.015695  0.772294  0.0167367
112  0.213985  0.0156937  0.772294  0.0167367
113  0.213891  0.0156887  0.772294  0.0167367
114  0.213822  0.0156845  0.772294  0.0167367
115  0.213801  0.0156836  0.772294  0.0167367
116  0.213759  0.0156804  0.772294  0.0167367
117  0.213694  0.0156764  0.772294  0.0167367
118  0.213623  0.0156719  0.772294  0.0167367
119  0.213596  0.0156705  0.772294  0.0167367
120  0.213561  0.015669  0.772294  0.0167367
121  0.213542  0.0156676  0.772294  0.0167367
122  0.213538  0.0156673  0.772294  0.0167367
123  0.213524  0.0156663  0.772294  0.0167367
124  0.213497  0.0156653  0.772294  0.0167367
125  0.213497  0.0156654  0.772294  0.0167367
126  0.213476  0.0156641  0.772294  0.0167367
127  0.213474  0.0156641  0.772294  0.0167367
128  0.213466  0.0156636  0.772294  0.0167367
129  0.213454  0.0156627  0.772294  0.0167367
130  0.213452  0.0156626  0.772294  0.0167367
131  0.21344  0.015662  0.772294  0.0167367
132  0.21342  0.0156605  0.772294  0.0167367
133  0.2134  0.0156589  0.772294  0.0167367
134  0.213392  0.0156582  0.772294  0.0167367
135  0.213375  0.015657  0.772294  0.0167367
136  0.213356  0.0156555  0.772294  0.0167367
137  0.213299  0.0156522  0.772294  0.0167367
138  0.213263  0.0156501  0.772294  0.0167367
139  0.213235  0.0156482  0.772294  0.0167367
140  0.213211  0.0156467  0.772294  0.0167367
141  0.213184  0.0156449  0.772294  0.0167367
142  0.21317  0.0156441  0.772294  0.0167367
143  0.213129  0.0156419  0.772294  0.0167367
144  0.21308  0.0156392  0.772294  0.0167367
145  0.213065  0.0156379  0.772294  0.0167367
146  0.212996  0.0156332  0.772294  0.0167367
147  0.212974  0.0156319  0.772294  0.0167367
148  0.212973  0.0156319  0.772294  0.0167367
149  0.212968  0.0156315  0.772294  0.0167367
150  0.212964  0.0156311  0.772294  0.0167367
151  0.212959  0.0156307  0.772294  0.0167367
152  0.212952  0.0156302  0.772294  0.0167367
153  0.212939  0.0156292  0.772294  0.0167367
154  0.212918  0.0156276  0.772294  0.0167367
155  0.212879  0.015625  0.772294  0.0167367
156  0.212863  0.0156238  0.772294  0.0167367
157  0.212825  0.0156211  0.772294  0.0167367
158  0.212781  0.0156182  0.772294  0.0167367
159  0.212767  0.0156173  0.772294  0.0167367
160  0.21276  0.0156169  0.772294  0.0167367
161  0.212753  0.0156165  0.772294  0.0167367
162  0.212752  0.0156164  0.772294  0.0167367
163  0.212735  0.0156153  0.772294  0.0167367
164  0.212712  0.0156137  0.772294  0.0167367
165  0.212709  0.0156134  0.772294  0.0167367
166  0.212692  0.0156123  0.772294  0.0167367
167  0.212678  0.0156113  0.772294  0.0167367
168  0.212673  0.015611  0.772294  0.0167367
169  0.212668  0.0156107  0.772294  0.0167367
170  0.212634  0.0156086  0.772294  0.0167367
171  0.212581  0.0156052  0.772294  0.0167367
172  0.21257  0.0156045  0.772294  0.0167367
173  0.212543  0.0156025  0.772294  0.0167367
174  0.212531  0.0156018  0.772294  0.0167367
175  0.21251  0.0156004  0.772294  0.0167367
176  0.21249  0.0155992  0.770996  0.0169118
177  0.212455  0.0155968  0.770996  0.0169118
178  0.212423  0.0155946  0.772944  0.0166356
179  0.21242  0.0155944  0.772944  0.0166356
180  0.2124  0.0155925  0.772944  0.0166356
181  0.212381  0.0155909  0.772944  0.0166356
182  0.212377  0.0155906  0.772944  0.0166356
183  0.212371  0.0155902  0.772944  0.0166356
184  0.21235  0.0155884  0.772944  0.0166356
185  0.212339  0.0155874  0.772944  0.0166356
186  0.21233  0.0155866  0.772944  0.0166356
187  0.212327  0.0155864  0.772944  0.0166356
188  0.212326  0.0155864  0.772944  0.0166356
189  0.212323  0.0155861  0.772944  0.0166356
190  0.212286  0.0155837  0.772944  0.0166356
191  0.212234  0.0155803  0.772944  0.0166356
192  0.212211  0.015579  0.772944  0.0166356
193  0.212186  0.0155772  0.772944  0.0166356
194  0.212158  0.0155753  0.772944  0.0166356
195  0.212113  0.0155726  0.772944  0.0166356
196  0.212055  0.0155701  0.772944  0.0166356
197  0.211972  0.0155666  0.770996  0.0169118
198  0.211927  0.0155649  0.770996  0.0169118
199  0.211896  0.0155639  0.772944  0.0166356
200  0.21181  0.0155613  0.77316  0.0166187
201  0.211734  0.0155593  0.77316  0.0166187
202  0.211702  0.0155588  0.77316  0.0166187
203  0.211689  0.0155583  0.77316  0.0166187
204  0.211679  0.0155576  0.77316  0.0166187
205  0.211647  0.0155559  0.770996  0.0169118
206  0.211642  0.0155555  0.770996  0.0169118
207  0.211632  0.0155547  0.770996  0.0169118
208  0.211616  0.0155536  0.770996  0.0169118
209  0.211601  0.0155524  0.770996  0.0169118
210  0.211588  0.0155516  0.770996  0.0169118
211  0.211576  0.0155507  0.770996  0.0169118
212  0.211576  0.0155507  0.770996  0.0169118
213  0.211559  0.0155495  0.771212  0.0168702
214  0.211558  0.0155495  0.771212  0.0168702
215  0.211553  0.0155491  0.771212  0.0168702
216  0.211537  0.0155479  0.771212  0.0168702
217  0.211537  0.0155479  0.771212  0.0168702
218  0.211535  0.0155477  0.771212  0.0168702
219  0.211528  0.0155472  0.771212  0.0168702
220  0.211511  0.0155459  0.771212  0.0168702
221  0.211501  0.015545  0.771212  0.0168702
222  0.2115  0.0155449  0.771212  0.0168702
223  0.211494  0.0155445  0.771212  0.0168702
224  0.211488  0.0155441  0.771212  0.0168702
225  0.211468  0.0155429  0.771212  0.0168702
226  0.211436  0.015541  0.771212  0.0168702
227  0.211384  0.015538  0.771212  0.0168702
228  0.211362  0.0155369  0.771212  0.0168702
229  0.21131  0.0155342  0.771212  0.0168702
230  0.211272  0.015532  0.771212  0.0168702
231  0.211252  0.0155308  0.771212  0.0168702
232  0.211232  0.0155297  0.771212  0.0168702
233  0.211218  0.0155287  0.771212  0.0168702
234  0.211207  0.0155277  0.771212  0.0168702
235  0.211163  0.0155248  0.771212  0.0168702
236  0.211149  0.0155236  0.771212  0.0168702
237  0.211142  0.015523  0.771212  0.0168702
238  0.211129  0.0155223  0.771212  0.0168702
239  0.211073  0.0155193  0.771212  0.0168702
240  0.211033  0.0155176  0.771212  0.0168702
241  0.211021  0.0155168  0.771212  0.0168702
242  0.211008  0.0155158  0.771212  0.0168702
243  0.210989  0.0155144  0.771212  0.0168702
244  0.210975  0.0155135  0.771212  0.0168702
245  0.210936  0.0155114  0.771212  0.0168702
246  0.210929  0.015511  0.771212  0.0168702
247  0.210905  0.0155092  0.771212  0.0168702
248  0.210872  0.0155069  0.771212  0.0168702
249  0.210855  0.0155058  0.771212  0.0168702
250  0.210841  0.0155049  0.771212  0.0168702
251  0.210837  0.0155046  0.771212  0.0168702
252  0.210837  0.0155046  0.771212  0.0168702
253  0.210831  0.0155041  0.771212  0.0168702
254  0.210828  0.015504  0.771212  0.0168702
255  0.210822  0.0155035  0.771212  0.0168702
256  0.210816  0.0155031  0.771212  0.0168702
257  0.210816  0.0155031  0.771212  0.0168702
258  0.210812  0.0155028  0.771212  0.0168702
259  0.210806  0.0155023  0.771212  0.0168702
260  0.210802  0.0155019  0.771212  0.0168702
261  0.210793  0.0155013  0.771212  0.0168702
262  0.210774  0.0155  0.771212  0.0168702
263  0.21077  0.0154998  0.771212  0.0168702
264  0.210764  0.0154993  0.771212  0.0168702
265  0.210747  0.0154983  0.771212  0.0168702
266  0.210719  0.0154967  0.771212  0.0168702
267  0.210712  0.0154963  0.771212  0.0168702
268  0.210701  0.0154958  0.771212  0.0168702
269  0.21069  0.0154951  0.771212  0.0168702
270  0.210666  0.0154937  0.771212  0.0168702
271  0.210652  0.0154928  0.771212  0.0168702
272  0.210637  0.0154917  0.771212  0.0168702
273  0.210621  0.0154907  0.771212  0.0168702
274  0.210607  0.0154899  0.771212  0.0168702
275  0.210586  0.0154887  0.771212  0.0168702
276  0.210576  0.0154881  0.771212  0.0168702
277  0.210567  0.0154874  0.771212  0.0168702
278  0.210558  0.0154867  0.771212  0.0168702
279  0.210553  0.0154862  0.771212  0.0168702
280  0.210539  0.0154852  0.771212  0.0168702
281  0.210528  0.0154842  0.771212  0.0168702
282  0.21051  0.0154827  0.771212  0.0168702
283  0.210477  0.01548  0.771212  0.0168702
284  0.210463  0.0154789  0.771212  0.0168702
285  0.210461  0.0154788  0.771212  0.0168702
286  0.210449  0.0154778  0.771212  0.0168702
287  0.210434  0.0154769  0.771212  0.0168702
288  0.210431  0.0154767  0.771212  0.0168702
289  0.210398  0.0154747  0.771212  0.0168702
290  0.210377  0.0154734  0.771212  0.0168702
291  0.21037  0.015473  0.771212  0.0168702
292  0.210367  0.0154727  0.771212  0.0168702
293  0.210356  0.0154718  0.771212  0.0168702
294  0.210355  0.0154718  0.771212  0.0168702
295  0.210352  0.0154715  0.771212  0.0168702
296  0.210339  0.0154703  0.771212  0.0168702
297  0.210332  0.0154698  0.771212  0.0168702
298  0.210328  0.0154694  0.771212  0.0168702
299  0.210302  0.0154675  0.771212  0.0168702
300  0.210294  0.0154669  0.771212  0.0168702
301  0.210294  0.0154669  0.771212  0.0168702
302  0.210277  0.0154657  0.771212  0.0168702
303  0.210262  0.0154647  0.771212  0.0168702
304  0.210256  0.0154642  0.771212  0.0168702
305  0.210255  0.0154642  0.771212  0.0168702
306  0.210236  0.0154627  0.771212  0.0168702
307  0.210233  0.0154625  0.771212  0.0168702
308  0.210212  0.0154612  0.771212  0.0168702
309  0.21018  0.0154591  0.771212  0.0168702
310  0.210171  0.0154583  0.771212  0.0168702
311  0.210144  0.0154563  0.771212  0.0168702
312  0.210128  0.0154549  0.771212  0.0168702
313  0.210119  0.0154543  0.770779  0.0169505
314  0.21011  0.0154535  0.770779  0.0169505
315  0.210092  0.0154523  0.770779  0.0169505
316  0.21008  0.0154513  0.770779  0.0169505
317  0.210074  0.0154507  0.770779  0.0169505
318  0.210063  0.0154498  0.770779  0.0169505
319  0.210056  0.0154494  0.770779  0.0169505
320  0.210039  0.015448  0.770779  0.0169505
321  0.210034  0.0154476  0.770779  0.0169505
322  0.210028  0.0154472  0.770779  0.0169505
323  0.210022  0.0154468  0.770779  0.0169505
324  0.210016  0.0154463  0.770779  0.0169505
325  0.210013  0.0154461  0.770779  0.0169505
326  0.210013  0.0154461  0.770779  0.0169505
327  0.209997  0.015445  0.770779  0.0169505
328  0.209994  0.0154448  0.770779  0.0169505
329  0.209991  0.0154446  0.770779  0.0169505
330  0.209989  0.0154445  0.770779  0.0169505
331  0.209989  0.0154445  0.770779  0.0169505
332  0.209987  0.0154444  0.770779  0.0169505
333  0.209969  0.015443  0.770779  0.0169505
334  0.209969  0.015443  0.770779  0.0169505
335  0.209961  0.0154423  0.770779  0.0169505
336  0.209954  0.0154418  0.770779  0.0169505
337  0.209951  0.0154416  0.770779  0.0169505
338  0.209948  0.0154414  0.770779  0.0169505
339  0.209915  0.0154402  0.770779  0.0169505
340  0.209902  0.0154395  0.770779  0.0169505
341  0.209885  0.0154389  0.770779  0.0169505
342  0.209859  0.0154381  0.770779  0.0169505
343  0.209824  0.0154362  0.770779  0.0169505
344  0.209788  0.0154345  0.770779  0.0169505
345  0.209749  0.0154325  0.770779  0.0169505
346  0.209726  0.0154309  0.770779  0.0169505
347  0.209719  0.0154302  0.770779  0.0169505
348  0.209714  0.0154298  0.770779  0.0169505
349  0.209709  0.0154294  0.770779  0.0169505
350  0.209707  0.0154292  0.770779  0.0169505
351  0.209707  0.0154292  0.770779  0.0169505
352  0.209707  0.0154292  0.770779  0.0169505
353  0.209707  0.0154292  0.770779  0.0169505
354  0.209706  0.0154292  0.770779  0.0169505
355  0.209703  0.0154289  0.770779  0.0169505
356  0.209703  0.0154289  0.770779  0.0169505
357  0.209699  0.0154285  0.770779  0.0169505
358  0.209698  0.0154285  0.770779  0.0169505
359  0.209693  0.0154281  0.770779  0.0169505
360  0.209681  0.0154271  0.770779  0.0169505
361  0.209674  0.0154266  0.770779  0.0169505
362  0.209663  0.0154258  0.770779  0.0169505
363  0.209663  0.0154258  0.770779  0.0169505
364  0.209659  0.0154255  0.770779  0.0169505
365  0.209654  0.0154251  0.770779  0.0169505
366  0.209652  0.015425  0.770779  0.0169505
367  0.209646  0.0154245  0.770779  0.0169505
368  0.209635  0.0154237  0.770779  0.0169505
369  0.209633  0.0154235  0.770779  0.0169505
370  0.209633  0.0154235  0.770779  0.0169505
371  0.209627  0.0154231  0.770779  0.0169505
372  0.209627  0.0154231  0.770779  0.0169505
373  0.209627  0.0154231  0.770779  0.0169505
374  0.209625  0.0154229  0.770779  0.0169505
375  0.209621  0.0154226  0.770779  0.0169505
376  0.209617  0.0154223  0.770779  0.0169505
377  0.209613  0.015422  0.770779  0.0169505
378  0.209611  0.0154218  0.770779  0.0169505
379  0.209611  0.0154218  0.770779  0.0169505
380  0.209599  0.0154213  0.770779  0.0169505
381  0.209484  0.0154161  0.771429  0.0169178
382  0.209469  0.0154152  0.771429  0.0169178
383  0.209429  0.0154127  0.771429  0.0169178
384  0.20942  0.0154121  0.771429  0.0169178
385  0.209411  0.0154115  0.771429  0.0169178
386  0.209389  0.0154104  0.771429  0.0169178
387  0.209386  0.0154102  0.771429  0.0169178
388  0.209361  0.0154088  0.771429  0.0169178
389  0.209351  0.0154082  0.771429  0.0169178
390  0.209342  0.0154075  0.771429  0.0169178
391  0.209342  0.0154075  0.771429  0.0169178
392  0.209339  0.0154074  0.771429  0.0169178
393  0.209337  0.0154071  0.771429  0.0169178
394  0.209328  0.0154065  0.771429  0.0169178
395  0.209327  0.0154064  0.771429  0.0169178
396  0.209303  0.0154043  0.771429  0.0169178
397  0.209299  0.0154042  0.771429  0.0169178
398  0.209299  0.0154042  0.771429  0.0169178
399  0.209299  0.0154042  0.771429  0.0169178
400  0.209286  0.0154031  0.771429  0.0169178
401  0.209256  0.0154008  0.771429  0.0169178
402  0.209243  0.0153998  0.771429  0.0169178
403  0.209225  0.0153985  0.771429  0.0169178
404  0.209221  0.0153982  0.771429  0.0169178
405  0.209218  0.015398  0.771429  0.0169178
406  0.209209  0.0153974  0.771429  0.0169178
407  0.209197  0.0153967  0.771429  0.0169178
408  0.20917  0.0153954  0.771429  0.0169178
409  0.209157  0.0153947  0.771429  0.0169178
410  0.209138  0.0153937  0.771429  0.0169178
411  0.209123  0.0153926  0.771429  0.0169178
412  0.209119  0.0153923  0.771429  0.0169178
413  0.209112  0.0153917  0.771429  0.0169178
414  0.2091  0.0153909  0.771429  0.0169178
415  0.209093  0.0153904  0.771429  0.0169178
416  0.209093  0.0153905  0.771429  0.0169178
417  0.209093  0.0153905  0.771429  0.0169178
418  0.209093  0.0153905  0.771429  0.0169178
419  0.20909  0.0153902  0.771429  0.0169178
420  0.209086  0.0153899  0.771429  0.0169178
421  0.209086  0.0153899  0.771429  0.0169178
422  0.209086  0.0153899  0.771429  0.0169178
423  0.209086  0.0153899  0.771429  0.0169178
424  0.209085  0.0153897  0.771429  0.0169178
425  0.209084  0.0153897  0.771429  0.0169178
426  0.209078  0.0153893  0.771429  0.0169178
427  0.209076  0.0153891  0.771429  0.0169178
428  0.209063  0.0153884  0.771429  0.0169178
429  0.209053  0.0153878  0.771429  0.0169178
430  0.209028  0.0153859  0.771429  0.0169178
431  0.209019  0.0153853  0.771429  0.0169178
432  0.20901  0.0153848  0.771429  0.0169178
433  0.208994  0.0153839  0.771429  0.0169178
434  0.208985  0.0153833  0.771429  0.0169178
435  0.208977  0.0153827  0.771429  0.0169178
436  0.208961  0.0153817  0.771429  0.0169178
437  0.208935  0.0153803  0.771429  0.0169178
438  0.208922  0.0153795  0.771429  0.0169178
439  0.208914  0.0153791  0.771429  0.0169178
440  0.2089  0.0153783  0.771429  0.0169178
441  0.208891  0.0153776  0.771429  0.0169178
442  0.208878  0.0153769  0.771429  0.0169178
443  0.208874  0.0153766  0.771429  0.0169178
444  0.20887  0.0153763  0.771429  0.0169178
445  0.208838  0.0153741  0.771429  0.0169178
446  0.208787  0.0153706  0.771429  0.0169178
447  0.208782  0.0153704  0.771429  0.0169178
448  0.208782  0.0153704  0.771429  0.0169178
449  0.208771  0.0153696  0.771429  0.0169178
450  0.208764  0.015369  0.771429  0.0169178
451  0.208759  0.0153688  0.771429  0.0169178
452  0.208738  0.015368  0.771429  0.0169178
453  0.208697  0.0153667  0.771429  0.0169178
454  0.208681  0.0153658  0.771429  0.0169178
455  0.208667  0.0153649  0.771429  0.0169178
456  0.208662  0.0153646  0.771429  0.0169178
457  0.20866  0.0153645  0.771429  0.0169178
458  0.20866  0.0153645  0.771429  0.0169178
459  0.208655  0.0153641  0.771429  0.0169178
460  0.208645  0.0153634  0.771429  0.0169178
461  0.208642  0.0153631  0.771429  0.0169178
462  0.208631  0.0153623  0.771429  0.0169178
463  0.208625  0.0153618  0.771429  0.0169178
464  0.208625  0.0153618  0.771429  0.0169178
465  0.208621  0.0153615  0.771429  0.0169178
466  0.208618  0.0153612  0.771429  0.0169178
467  0.208618  0.0153612  0.771429  0.0169178
468  0.208617  0.0153612  0.771429  0.0169178
469  0.208617  0.0153612  0.771429  0.0169178
470  0.208617  0.0153612  0.771429  0.0169178
471  0.208607  0.0153604  0.771429  0.0169178
472  0.208603  0.0153601  0.771429  0.0169178
473  0.208603  0.0153601  0.771429  0.0169178
474  0.208603  0.0153601  0.771429  0.0169178
475  0.2086  0.0153599  0.771429  0.0169178
476  0.208597  0.0153597  0.771429  0.0169178
477  0.208584  0.0153589  0.771429  0.0169178
478  0.20858  0.0153586  0.771429  0.0169178
479  0.208572  0.015358  0.771429  0.0169178
480  0.208547  0.0153561  0.771429  0.0169178
481  0.208542  0.0153558  0.771429  0.0169178
482  0.208524  0.0153546  0.771429  0.0169178
483  0.208506  0.0153536  0.771429  0.0169178
484  0.208499  0.0153531  0.771429  0.0169178
485  0.208499  0.0153531  0.771429  0.0169178
486  0.208475  0.0153508  0.771429  0.0169178
487  0.208471  0.0153505  0.771429  0.0169178
488  0.208467  0.0153502  0.771429  0.0169178
489  0.208455  0.0153493  0.771429  0.0169178
490  0.208449  0.015349  0.771429  0.0169178
491  0.208415  0.0153471  0.771429  0.0169178
492  0.208391  0.0153458  0.771429  0.0169178
493  0.208368  0.0153445  0.771429  0.0169178
494  0.208347  0.0153434  0.771429  0.0169178
495  0.20832  0.015342  0.771429  0.0169178
496  0.208311  0.0153412  0.771429  0.0169178
497  0.208309  0.0153411  0.771429  0.0169178
498  0.208298  0.0153402  0.771429  0.0169178
499  0.208293  0.0153398  0.771429  0.0169178
500  0.208293  0.0153398  0.771429  0.0169178
501  0.208291  0.0153396  0.771429  0.0169178
502  0.208286  0.0153392  0.771429  0.0169178
503  0.208278  0.0153388  0.771429  0.0169178
504  0.208271  0.0153385  0.771429  0.0169178
505  0.208261  0.0153379  0.771429  0.0169178
506  0.208261  0.0153379  0.771429  0.0169178
507  0.208255  0.0153375  0.771429  0.0169178
508  0.208233  0.015336  0.771429  0.0169178
509  0.208226  0.0153355  0.771429  0.0169178
510  0.208207  0.0153341  0.771429  0.0169178
511  0.208183  0.0153328  0.771429  0.0169178
512  0.208168  0.0153319  0.771429  0.0169178
513  0.208168  0.0153319  0.771429  0.0169178
514  0.208157  0.0153312  0.771429  0.0169178
515  0.208153  0.0153309  0.771429  0.0169178
516  0.208131  0.0153297  0.771429  0.0169178
517  0.208131  0.0153297  0.771429  0.0169178
518  0.208114  0.0153286  0.771429  0.0169178
519  0.20811  0.0153284  0.771429  0.0169178
520  0.208085  0.0153265  0.771429  0.0169178
521  0.208085  0.0153265  0.771429  0.0169178
522  0.208062  0.0153249  0.771429  0.0169178
523  0.208032  0.0153228  0.771429  0.0169178
524  0.207986  0.0153198  0.771429  0.0169178
525  0.207934  0.0153164  0.771429  0.0169178
526  0.207918  0.0153154  0.771429  0.0169178
527  0.207913  0.0153151  0.771429  0.0169178
528  0.207913  0.0153151  0.771429  0.0169178
529  0.207913  0.0153151  0.771429  0.0169178
530  0.207913  0.0153151  0.771429  0.0169178
531  0.207913  0.0153151  0.771429  0.0169178
532  0.207913  0.0153151  0.771429  0.0169178
533  0.20791  0.0153148  0.771429  0.0169178
534  0.207907  0.0153146  0.771429  0.0169178
535  0.207903  0.0153143  0.771429  0.0169178
536  0.207903  0.0153143  0.771429  0.0169178
537  0.207903  0.0153143  0.771429  0.0169178
538  0.207903  0.0153143  0.771429  0.0169178
539  0.207903  0.0153143  0.771429  0.0169178
540  0.207896  0.0153138  0.771429  0.0169178
541  0.207894  0.0153136  0.771429  0.0169178
542  0.207888  0.0153131  0.771429  0.0169178
543  0.20788  0.0153125  0.771429  0.0169178
544  0.20788  0.0153125  0.771429  0.0169178
545  0.207877  0.0153122  0.771429  0.0169178
546  0.207873  0.0153118  0.771429  0.0169178
547  0.207873  0.0153118  0.771429  0.0169178
548  0.207847  0.0153103  0.771429  0.0169178
549  0.207847  0.0153103  0.771429  0.0169178
550  0.207847  0.0153103  0.771429  0.0169178
551  0.207844  0.0153102  0.771429  0.0169178
552  0.207826  0.0153094  0.771429  0.0169178
553  0.207796  0.0153081  0.771429  0.0169178
554  0.207767  0.0153069  0.771429  0.0169178
555  0.207716  0.0153047  0.771429  0.0169178
556  0.207702  0.0153038  0.771645  0.0168762
557  0.207675  0.0153026  0.771429  0.0169178
558  0.207662  0.0153018  0.771429  0.0169178
559  0.20766  0.0153017  0.771429  0.0169178
560  0.20766  0.0153017  0.771429  0.0169178
561  0.20766  0.0153017  0.771429  0.0169178
562  0.207654  0.0153014  0.771429  0.0169178
563  0.20762  0.0153005  0.771429  0.0169178
564  0.20762  0.0153005  0.771429  0.0169178
565  0.207619  0.0153005  0.771429  0.0169178
566  0.207618  0.0153004  0.771429  0.0169178
567  0.207616  0.0153002  0.771429  0.0169178
568  0.207616  0.0153002  0.771429  0.0169178
569  0.207616  0.0153002  0.771429  0.0169178
570  0.2076  0.0152994  0.771429  0.0169178
571  0.207593  0.0152991  0.771429  0.0169178
572  0.207584  0.0152986  0.771429  0.0169178
573  0.207574  0.0152979  0.771429  0.0169178
574  0.207561  0.0152973  0.771429  0.0169178
575  0.207551  0.0152967  0.771429  0.0169178
576  0.207544  0.0152962  0.771429  0.0169178
577  0.207543  0.0152962  0.771429  0.0169178
578  0.207488  0.0152936  0.771429  0.0169178
579  0.207453  0.015292  0.771429  0.0169178
580  0.207444  0.0152916  0.771429  0.0169178
581  0.207444  0.0152916  0.771429  0.0169178
582  0.207444  0.0152916  0.771429  0.0169178
583  0.207444  0.0152916  0.771429  0.0169178
584  0.207444  0.0152916  0.771429  0.0169178
585  0.207414  0.0152903  0.771429  0.0169178
586  0.207414  0.0152903  0.771429  0.0169178
587  0.207407  0.0152898  0.771429  0.0169178
588  0.207407  0.0152898  0.771429  0.0169178
589  0.207407  0.0152898  0.771429  0.0169178
590  0.207407  0.0152898  0.771429  0.0169178
591  0.207407  0.0152898  0.771429  0.0169178
592  0.2074  0.0152894  0.771429  0.0169178
593  0.207399  0.0152894  0.771429  0.0169178
594  0.207377  0.015288  0.771429  0.0169178
595  0.207365  0.0152873  0.771429  0.0169178
596  0.207331  0.0152855  0.771429  0.0169178
597  0.207306  0.015284  0.771429  0.0169178
598  0.207277  0.0152823  0.771429  0.0169178
599  0.207261  0.0152814  0.771429  0.0169178
600  0.207242  0.0152802  0.771429  0.0169178
601  0.207191  0.0152775  0.771429  0.0169178
602  0.207177  0.0152768  0.771429  0.0169178
603  0.207177  0.0152768  0.771429  0.0169178
604  0.207177  0.0152768  0.771429  0.0169178
605  0.207177  0.0152768  0.771429  0.0169178
606  0.207177  0.0152768  0.771429  0.0169178
607  0.207176  0.0152768  0.771429  0.0169178
608  0.207176  0.0152768  0.771429  0.0169178
609  0.207176  0.0152768  0.771429  0.0169178
610  0.207176  0.0152768  0.771429  0.0169178
611  0.207176  0.0152768  0.771429  0.0169178
612  0.207176  0.0152768  0.771429  0.0169178
613  0.207174  0.0152767  0.771429  0.0169178
614  0.207174  0.0152767  0.771429  0.0169178
615  0.207174  0.0152767  0.771429  0.0169178
616  0.207173  0.0152767  0.771429  0.0169178
617  0.207173  0.0152767  0.771429  0.0169178
618  0.207173  0.0152767  0.771429  0.0169178
619  0.207173  0.0152767  0.771429  0.0169178
620  0.207173  0.0152766  0.771429  0.0169178
621  0.207173  0.0152766  0.771429  0.0169178
622  0.207173  0.0152766  0.771429  0.0169178
623  0.207146  0.0152742  0.771429  0.0169178
624  0.207144  0.015274  0.771429  0.0169178
625  0.207144  0.015274  0.771429  0.0169178
626  0.207141  0.0152737  0.771429  0.0169178
627  0.207141  0.0152737  0.771429  0.0169178
628  0.207139  0.0152735  0.771429  0.0169178
629  0.20713  0.0152729  0.771429  0.0169178
630  0.207126  0.0152726  0.771429  0.0169178
631  0.207116  0.0152717  0.771429  0.0169178
632  0.207108  0.0152712  0.771429  0.0169178
633  0.20708  0.015269  0.771429  0.0169178
634  0.207066  0.0152681  0.771429  0.0169178
635  0.207066  0.0152681  0.771429  0.0169178
636  0.207008  0.0152653  0.771429  0.0169178
637  0.207008  0.0152653  0.771429  0.0169178
638  0.206972  0.0152636  0.771429  0.0169178
639  0.206964  0.0152633  0.771429  0.0169178
640  0.206931  0.0152619  0.771429  0.0169178
641  0.20692  0.0152613  0.771429  0.0169178
642  0.20692  0.0152613  0.771429  0.0169178
643  0.20692  0.0152613  0.771429  0.0169178
644  0.20692  0.0152613  0.771429  0.0169178
645  0.206919  0.0152612  0.771429  0.0169178
646  0.206917  0.015261  0.771429  0.0169178
647  0.206875  0.0152601  0.771429  0.0169178
648  0.206869  0.0152596  0.771429  0.0169178
649  0.206869  0.0152596  0.771429  0.0169178
650  0.20686  0.0152591  0.771429  0.0169178
651  0.206826  0.0152573  0.771429  0.0169178
652  0.206826  0.0152573  0.771429  0.0169178
653  0.206819  0.0152569  0.771429  0.0169178
654  0.206819  0.0152569  0.771429  0.0169178
655  0.206815  0.0152566  0.771429  0.0169178
656  0.206808  0.0152561  0.771429  0.0169178
657  0.206797  0.0152553  0.771429  0.0169178
658  0.206797  0.0152553  0.771429  0.0169178
659  0.206797  0.0152553  0.771429  0.0169178
660  0.206797  0.0152553  0.771429  0.0169178
661  0.206797  0.0152553  0.771429  0.0169178
662  0.206797  0.0152553  0.771429  0.0169178
663  0.206796  0.0152552  0.771429  0.0169178
664  0.206796  0.0152552  0.771429  0.0169178
665  0.206796  0.0152552  0.771429  0.0169178
666  0.206796  0.0152552  0.771429  0.0169178
667  0.206796  0.0152552  0.771429  0.0169178
668  0.206795  0.0152551  0.771429  0.0169178
669  0.206795  0.0152551  0.771429  0.0169178
670  0.206793  0.015255  0.771429  0.0169178
671  0.206781  0.0152543  0.771429  0.0169178
672  0.206767  0.0152535  0.771429  0.0169178
673  0.206733  0.0152518  0.771429  0.0169178
674  0.206704  0.0152506  0.771429  0.0169178
675  0.206688  0.01525  0.771429  0.0169178
676  0.206668  0.0152493  0.771429  0.0169178
677  0.206643  0.0152484  0.771429  0.0169178
678  0.206621  0.0152477  0.771429  0.0169178
679  0.206607  0.0152472  0.771429  0.0169178
680  0.20657  0.0152453  0.771429  0.0169178
681  0.206565  0.0152451  0.771429  0.0169178
682  0.206565  0.0152451  0.771429  0.0169178
683  0.206565  0.0152451  0.771429  0.0169178
684  0.206544  0.0152441  0.771429  0.0169178
685  0.206542  0.015244  0.771429  0.0169178
686  0.206542  0.015244  0.771429  0.0169178
687  0.20654  0.0152439  0.771429  0.0169178
688  0.206539  0.0152438  0.771429  0.0169178
689  0.206539  0.0152438  0.771429  0.0169178
690  0.206539  0.0152438  0.771429  0.0169178
691  0.206539  0.0152438  0.771429  0.0169178
692  0.206539  0.0152438  0.771429  0.0169178
693  0.206539  0.0152438  0.771429  0.0169178
694  0.206537  0.0152436  0.771429  0.0169178
695  0.206537  0.0152436  0.771429  0.0169178
696  0.206531  0.0152431  0.771429  0.0169178
697  0.206517  0.0152421  0.771429  0.0169178
698  0.206517  0.0152421  0.771429  0.0169178
699  0.206516  0.0152419  0.771429  0.0169178
700  0.206508  0.0152413  0.771429  0.0169178
701  0.206506  0.0152412  0.771429  0.0169178
702  0.206496  0.0152405  0.771429  0.0169178
703  0.206481  0.0152399  0.771429  0.0169178
704  0.206452  0.015239  0.771429  0.0169178
705  0.206443  0.0152383  0.771429  0.0169178
706  0.20644  0.0152382  0.771429  0.0169178
707  0.206431  0.0152376  0.771429  0.0169178
708  0.20642  0.0152368  0.771429  0.0169178
709  0.206399  0.0152355  0.771429  0.0169178
710  0.206374  0.0152342  0.771429  0.0169178
711  0.206345  0.0152325  0.771429  0.0169178
712  0.206343  0.0152323  0.771429  0.0169178
713  0.206343  0.0152323  0.771429  0.0169178
714  0.206341  0.0152321  0.771429  0.0169178
715  0.206339  0.015232  0.771429  0.0169178
716  0.206334  0.0152316  0.771429  0.0169178
717  0.206329  0.0152312  0.771429  0.0169178
718  0.206326  0.015231  0.771429  0.0169178
719  0.206318  0.0152306  0.771429  0.0169178
720  0.206303  0.0152295  0.771429  0.0169178
721  0.206298  0.0152292  0.771429  0.0169178
722  0.206288  0.0152287  0.771429  0.0169178
723  0.20628  0.0152283  0.771429  0.0169178
724  0.20628  0.0152283  0.771429  0.0169178
725  0.206272  0.0152279  0.771429  0.0169178
726  0.206272  0.0152279  0.771429  0.0169178
727  0.206272  0.0152279  0.771429  0.0169178
728  0.206272  0.0152279  0.771429  0.0169178
729  0.206272  0.0152279  0.771429  0.0169178
730  0.206272  0.0152279  0.771429  0.0169178
731  0.206272  0.0152279  0.771429  0.0169178
732  0.206272  0.0152279  0.771429  0.0169178
733  0.206272  0.0152279  0.771429  0.0169178
734  0.206271  0.0152279  0.771429  0.0169178
735  0.206271  0.0152279  0.771429  0.0169178
736  0.206271  0.0152279  0.771429  0.0169178
737  0.206267  0.0152275  0.771429  0.0169178
738  0.206265  0.0152273  0.771429  0.0169178
739  0.206264  0.0152273  0.771429  0.0169178
740  0.206262  0.0152271  0.771429  0.0169178
741  0.206238  0.0152255  0.771429  0.0169178
742  0.206229  0.015225  0.771429  0.0169178
743  0.206217  0.0152241  0.771429  0.0169178
744  0.206163  0.0152212  0.771429  0.0169178
745  0.206159  0.0152208  0.771429  0.0169178
746  0.206152  0.0152203  0.771429  0.0169178
747  0.206142  0.0152194  0.771429  0.0169178
748  0.206134  0.0152188  0.771429  0.0169178
749  0.206134  0.0152188  0.771429  0.0169178
750  0.206134  0.0152188  0.771429  0.0169178
751  0.206134  0.0152188  0.771429  0.0169178
752  0.206134  0.0152188  0.771429  0.0169178
753  0.206134  0.0152188  0.771429  0.0169178
754  0.206131  0.0152185  0.771429  0.0169178
755  0.206123  0.0152179  0.771429  0.0169178
756  0.206121  0.0152178  0.771429  0.0169178
757  0.206121  0.0152178  0.771429  0.0169178
758  0.206121  0.0152178  0.771429  0.0169178
759  0.206121  0.0152178  0.771429  0.0169178
760  0.206121  0.0152178  0.771429  0.0169178
761  0.206117  0.0152175  0.771429  0.0169178
762  0.206114  0.0152173  0.771429  0.0169178
763  0.206114  0.0152173  0.771429  0.0169178
764  0.206104  0.0152166  0.771429  0.0169178
765  0.206104  0.0152166  0.771429  0.0169178
766  0.206104  0.0152166  0.771429  0.0169178
767  0.206104  0.0152166  0.771429  0.0169178
768  0.206103  0.0152165  0.771429  0.0169178
769  0.206103  0.0152165  0.771429  0.0169178
770  0.206102  0.0152165  0.771429  0.0169178
771  0.206102  0.0152165  0.771429  0.0169178
772  0.206102  0.0152165  0.771429  0.0169178
773  0.206102  0.0152165  0.771429  0.0169178
774  0.206099  0.0152163  0.771429  0.0169178
775  0.206098  0.0152162  0.771429  0.0169178
776  0.206093  0.0152157  0.771429  0.0169178
777  0.20609  0.0152154  0.771429  0.0169178
778  0.206087  0.0152151  0.771429  0.0169178
779  0.206087  0.0152151  0.771429  0.0169178
780  0.206087  0.0152151  0.771429  0.0169178
781  0.206087  0.0152151  0.771429  0.0169178
782  0.206087  0.0152151  0.771429  0.0169178
783  0.206076  0.0152147  0.771429  0.0169178
784  0.20605  0.0152135  0.771429  0.0169178
785  0.206029  0.0152124  0.771429  0.0169178
786  0.206008  0.0152116  0.771429  0.0169178
787  0.206004  0.0152112  0.771429  0.0169178
788  0.206002  0.015211  0.771429  0.0169178
789  0.205996  0.0152104  0.771429  0.0169178
790  0.205992  0.0152101  0.771429  0.0169178
791  0.20599  0.0152099  0.771429  0.0169178
792  0.205966  0.015209  0.771429  0.0169178
793  0.205966  0.015209  0.771429  0.0169178
794  0.205958  0.0152084  0.772078  0.0168011
795  0.205953  0.015208  0.772078  0.0168011
796  0.205951  0.0152079  0.772078  0.0168011
797  0.205951  0.0152079  0.772078  0.0168011
798  0.205947  0.0152074  0.772078  0.0168011
799  0.205946  0.0152074  0.772078  0.0168011
800  0.205942  0.015207  0.772078  0.0168011
801  0.205942  0.015207  0.772078  0.0168011
802  0.205937  0.0152066  0.772078  0.0168011
803  0.205937  0.0152066  0.772078  0.0168011
804  0.205936  0.0152066  0.772078  0.0168011
805  0.205935  0.0152065  0.772078  0.0168011
806  0.205928  0.0152059  0.772078  0.0168011
807  0.205926  0.0152057  0.772078  0.0168011
808  0.205926  0.0152057  0.772078  0.0168011
809  0.205903  0.0152044  0.772078  0.0168011
810  0.205886  0.0152033  0.772078  0.0168011
811  0.205883  0.015203  0.772078  0.0168011
812  0.205873  0.0152025  0.772078  0.0168011
813  0.205873  0.0152025  0.772078  0.0168011
814  0.205872  0.0152024  0.772078  0.0168011
815  0.205871  0.0152024  0.772078  0.0168011
816  0.205866  0.015202  0.772078  0.0168011
817  0.205866  0.015202  0.772078  0.0168011
818  0.20586  0.0152018  0.772078  0.0168011
819  0.20586  0.0152018  0.772078  0.0168011
820  0.205837  0.0152004  0.772078  0.0168011
821  0.205834  0.0152002  0.772078  0.0168011
822  0.205827  0.0151997  0.772078  0.0168011
823  0.205812  0.0151987  0.772078  0.0168011
824  0.205809  0.0151985  0.772078  0.0168011
825  0.205806  0.0151982  0.772078  0.0168011
826  0.205782  0.0151973  0.772078  0.0168011
827  0.205765  0.0151965  0.772078  0.0168011
828  0.205749  0.0151958  0.772078  0.0168011
829  0.205749  0.0151958  0.772078  0.0168011
830  0.205749  0.0151958  0.772078  0.0168011
831  0.205733  0.0151951  0.772078  0.0168011
832  0.205733  0.0151951  0.772078  0.0168011
833  0.205732  0.0151951  0.772078  0.0168011
834  0.205703  0.0151934  0.772078  0.0168011
835  0.2057  0.0151932  0.772078  0.0168011
836  0.2057  0.0151932  0.772078  0.0168011
837  0.205662  0.0151911  0.772078  0.0168011
838  0.205646  0.0151903  0.772078  0.0168011
839  0.205641  0.0151901  0.772078  0.0168011
840  0.205624  0.0151892  0.772078  0.0168011
841  0.205619  0.0151888  0.772078  0.0168011
842  0.205606  0.0151879  0.772078  0.0168011
843  0.205549  0.015187  0.773593  0.0168216
844  0.205522  0.0151866  0.773593  0.0168216
845  0.205483  0.0151864  0.773593  0.0168216
846  0.205483  0.0151864  0.773593  0.0168216
847  0.205483  0.0151864  0.773593  0.0168216
848  0.205483  0.0151864  0.773593  0.0168216
849  0.205483  0.0151864  0.773593  0.0168216
850  0.205481  0.0151863  0.773593  0.0168216
851  0.205478  0.015186  0.773593  0.0168216
852  0.205477  0.015186  0.773593  0.0168216
853  0.205473  0.0151856  0.773593  0.0168216
854  0.205463  0.0151848  0.773593  0.0168216
855  0.205461  0.0151846  0.773593  0.0168216
856  0.205461  0.0151846  0.773593  0.0168216
857  0.205453  0.0151841  0.773593  0.0168216
858  0.205449  0.0151837  0.773593  0.0168216
859  0.205446  0.0151835  0.773593  0.0168216
860  0.205442  0.0151832  0.773593  0.0168216
861  0.205428  0.015182  0.773593  0.0168216
862  0.205425  0.0151818  0.773593  0.0168216
863  0.205417  0.0151811  0.773593  0.0168216
864  0.205416  0.0151809  0.773593  0.0168216
865  0.205406  0.01518  0.773593  0.0168216
866  0.205403  0.0151798  0.773593  0.0168216
867  0.205398  0.0151793  0.773593  0.0168216
868  0.205393  0.0151789  0.773593  0.0168216
869  0.205391  0.0151788  0.773593  0.0168216
870  0.205391  0.0151788  0.773593  0.0168216
871  0.205388  0.0151786  0.773593  0.0168216
872  0.205381  0.015178  0.773593  0.0168216
873  0.205366  0.0151767  0.773593  0.0168216
874  0.205366  0.0151767  0.773593  0.0168216
875  0.205363  0.0151766  0.773593  0.0168216
876  0.205363  0.0151766  0.773593  0.0168216
877  0.205363  0.0151766  0.773593  0.0168216
878  0.205363  0.0151766  0.773593  0.0168216
879  0.205359  0.0151763  0.773593  0.0168216
880  0.205359  0.0151763  0.773593  0.0168216
881  0.205359  0.0151763  0.773593  0.0168216
882  0.205359  0.0151763  0.773593  0.0168216
883  0.205359  0.0151763  0.773593  0.0168216
884  0.205353  0.0151759  0.773593  0.0168216
885  0.20535  0.0151758  0.773593  0.0168216
886  0.20534  0.015175  0.773593  0.0168216
887  0.205335  0.0151746  0.773593  0.0168216
888  0.205308  0.0151726  0.773593  0.0168216
889  0.205297  0.0151715  0.773593  0.0168216
890  0.205292  0.0151711  0.773593  0.0168216
891  0.205287  0.0151708  0.773593  0.0168216
892  0.205287  0.0151708  0.773593  0.0168216
893  0.205275  0.01517  0.773593  0.0168216
894  0.205275  0.01517  0.773593  0.0168216
895  0.205268  0.0151696  0.773593  0.0168216
896  0.205259  0.015169  0.773593  0.0168216
897  0.205252  0.0151686  0.773593  0.0168216
898  0.205245  0.0151682  0.773593  0.0168216
899  0.205245  0.0151682  0.773593  0.0168216
900  0.205245  0.0151683  0.773593  0.0168216
901  0.205243  0.0151682  0.773593  0.0168216
902  0.205239  0.0151679  0.773593  0.0168216
903  0.205239  0.0151679  0.773593  0.0168216
904  0.205239  0.0151679  0.773593  0.0168216
905  0.205239  0.0151679  0.773593  0.0168216
906  0.205239  0.0151679  0.773593  0.0168216
907  0.205239  0.0151679  0.773593  0.0168216
908  0.205239  0.0151679  0.773593  0.0168216
909  0.205239  0.0151679  0.773593  0.0168216
910  0.205225  0.0151672  0.773593  0.0168216
911  0.205225  0.0151672  0.773593  0.0168216
912  0.205225  0.0151672  0.773593  0.0168216
913  0.205225  0.0151672  0.773593  0.0168216
914  0.205225  0.0151672  0.773593  0.0168216
915  0.205224  0.0151671  0.773593  0.0168216
916  0.205224  0.0151671  0.773593  0.0168216
917  0.20522  0.0151667  0.773593  0.0168216
918  0.205215  0.0151664  0.773593  0.0168216
919  0.205214  0.0151663  0.773593  0.0168216
920  0.205211  0.0151661  0.773593  0.0168216
921  0.205209  0.0151659  0.773593  0.0168216
922  0.205199  0.0151652  0.773593  0.0168216
923  0.205194  0.0151648  0.773593  0.0168216
924  0.205188  0.0151643  0.773593  0.0168216
925  0.205181  0.0151637  0.773593  0.0168216
926  0.205177  0.0151633  0.773593  0.0168216
927  0.205177  0.0151633  0.773593  0.0168216
928  0.205173  0.015163  0.773593  0.0168216
929  0.205168  0.0151626  0.773593  0.0168216
930  0.205168  0.0151626  0.773593  0.0168216
931  0.205168  0.0151626  0.773593  0.0168216
932  0.205167  0.0151626  0.773593  0.0168216
933  0.205167  0.0151626  0.773593  0.0168216
934  0.205167  0.0151626  0.773593  0.0168216
935  0.205167  0.0151626  0.773593  0.0168216
936  0.205166  0.0151625  0.773593  0.0168216
937  0.205135  0.015161  0.773593  0.0168216
938  0.20513  0.0151605  0.773593  0.0168216
939  0.205126  0.0151602  0.773593  0.0168216
940  0.205116  0.0151593  0.773593  0.0168216
941  0.205092  0.0151574  0.773593  0.0168216
942  0.205092  0.0151574  0.773593  0.0168216
943  0.205081  0.0151565  0.773593  0.0168216
944  0.205079  0.0151563  0.773593  0.0168216
945  0.205078  0.0151562  0.773593  0.0168216
946  0.205074  0.0151558  0.773593  0.0168216
947  0.205073  0.0151558  0.773593  0.0168216
948  0.205072  0.0151558  0.773593  0.0168216
949  0.205069  0.0151555  0.773593  0.0168216
950  0.205069  0.0151555  0.773593  0.0168216
951  0.205069  0.0151555  0.773593  0.0168216
952  0.205069  0.0151555  0.773593  0.0168216
953  0.205068  0.0151554  0.773593  0.0168216
954  0.205068  0.0151554  0.773593  0.0168216
955  0.205068  0.0151554  0.773593  0.0168216
956  0.205068  0.0151554  0.773593  0.0168216
957  0.205068  0.0151554  0.773593  0.0168216
958  0.205068  0.0151554  0.773593  0.0168216
959  0.205068  0.0151554  0.773593  0.0168216
960  0.205068  0.0151554  0.773593  0.0168216
961  0.205067  0.0151554  0.773593  0.0168216
962  0.205067  0.0151554  0.773593  0.0168216
963  0.205067  0.0151554  0.773593  0.0168216
964  0.205067  0.0151554  0.773593  0.0168216
965  0.205067  0.0151554  0.773593  0.0168216
966  0.205061  0.015155  0.773593  0.0168216
967  0.205061  0.015155  0.773593  0.0168216
968  0.205056  0.0151547  0.773593  0.0168216
969  0.205052  0.0151544  0.773593  0.0168216
970  0.20505  0.0151542  0.773593  0.0168216
971  0.205044  0.0151538  0.773593  0.0168216
972  0.205041  0.0151536  0.773593  0.0168216
973  0.205028  0.0151526  0.773593  0.0168216
974  0.205023  0.0151522  0.773593  0.0168216
975  0.205022  0.0151522  0.773593  0.0168216
976  0.205018  0.0151519  0.773593  0.0168216
977  0.204997  0.0151508  0.773593  0.0168216
978  0.204992  0.0151505  0.773593  0.0168216
979  0.204984  0.0151499  0.773593  0.0168216
980  0.204981  0.0151497  0.773593  0.0168216
981  0.204978  0.0151494  0.773593  0.0168216
982  0.204978  0.0151494  0.773593  0.0168216
983  0.204978  0.0151494  0.773593  0.0168216
984  0.204978  0.0151494  0.773593  0.0168216
985  0.204978  0.0151494  0.773593  0.0168216
986  0.204975  0.0151492  0.773593  0.0168216
987  0.204972  0.0151489  0.773593  0.0168216
988  0.204968  0.0151485  0.773593  0.0168216
989  0.204958  0.0151476  0.773593  0.0168216
990  0.204954  0.0151473  0.773593  0.0168216
991  0.204942  0.0151464  0.773593  0.0168216
992  0.204942  0.0151464  0.773593  0.0168216
993  0.204942  0.0151464  0.773593  0.0168216
994  0.204942  0.0151464  0.773593  0.0168216
995  0.204927  0.0151454  0.773593  0.0168216
996  0.204918  0.0151449  0.773593  0.0168216
997  0.204906  0.0151443  0.773593  0.0168216
998  0.204893  0.0151436  0.773593  0.0168216
999  0.204885  0.0151431  0.773593  0.0168216
1000  0.204867  0.0151422  0.773593  0.0168216
1001  0.204866  0.0151421  0.773593  0.0168216
1002  0.204835  0.0151406  0.773593  0.0168216
1003  0.204833  0.0151405  0.773593  0.0168216
1004  0.204812  0.0151391  0.773593  0.0168216
1005  0.204809  0.0151389  0.773593  0.0168216
1006  0.204803  0.0151386  0.773593  0.0168216
1007  0.204797  0.0151382  0.773593  0.0168216
1008  0.204789  0.0151377  0.773593  0.0168216
1009  0.204785  0.0151374  0.773593  0.0168216
1010  0.204785  0.0151374  0.773593  0.0168216
1011  0.204785  0.0151374  0.773593  0.0168216
1012  0.204785  0.0151374  0.773593  0.0168216
1013  0.204785  0.0151374  0.773593  0.0168216
1014  0.204785  0.0151374  0.773593  0.0168216
1015  0.204783  0.0151373  0.773593  0.0168216
1016  0.204775  0.0151367  0.773593  0.0168216
1017  0.204743  0.0151346  0.773593  0.0168216
1018  0.20473  0.0151338  0.773593  0.0168216
1019  0.204723  0.0151333  0.773593  0.0168216
1020  0.204713  0.0151327  0.773593  0.0168216
1021  0.204711  0.0151326  0.773593  0.0168216
1022  0.204701  0.0151319  0.773593  0.0168216
1023  0.204681  0.0151305  0.773593  0.0168216
1024  0.204674  0.01513  0.773593  0.0168216
1025  0.204659  0.0151289  0.773593  0.0168216
1026  0.204646  0.0151279  0.773593  0.0168216
1027  0.20463  0.0151268  0.773593  0.0168216
1028  0.204618  0.0151259  0.773593  0.0168216
1029  0.204607  0.0151252  0.773593  0.0168216
1030  0.204607  0.0151251  0.773593  0.0168216
1031  0.204606  0.015125  0.773593  0.0168216
1032  0.204605  0.015125  0.773593  0.0168216
1033  0.204603  0.0151248  0.773593  0.0168216
1034  0.204603  0.0151248  0.773593  0.0168216
1035  0.204603  0.0151248  0.773593  0.0168216
1036  0.204603  0.0151248  0.773593  0.0168216
1037  0.204589  0.0151242  0.773593  0.0168216
1038  0.204576  0.0151237  0.773593  0.0168216
1039  0.204576  0.0151237  0.773593  0.0168216
1040  0.204576  0.0151237  0.773593  0.0168216
1041  0.20457  0.0151233  0.773593  0.0168216
1042  0.20457  0.0151233  0.773593  0.0168216
1043  0.20457  0.0151233  0.773593  0.0168216
1044  0.204569  0.0151233  0.773593  0.0168216
1045  0.204569  0.0151233  0.773593  0.0168216
1046  0.204569  0.0151233  0.773593  0.0168216
1047  0.204569  0.0151233  0.773593  0.0168216
1048  0.204569  0.0151233  0.773593  0.0168216
1049  0.204569  0.0151233  0.773593  0.0168216
1050  0.204568  0.0151233  0.773593  0.0168216
1051  0.204563  0.0151228  0.773593  0.0168216
1052  0.204561  0.0151226  0.773593  0.0168216
1053  0.204549  0.0151217  0.773593  0.0168216
1054  0.204541  0.0151211  0.773593  0.0168216
1055  0.204541  0.0151211  0.773593  0.0168216
1056  0.204536  0.0151208  0.773593  0.0168216
1057  0.204536  0.0151208  0.773593  0.0168216
1058  0.204535  0.0151207  0.773593  0.0168216
1059  0.204535  0.0151207  0.773593  0.0168216
1060  0.204531  0.0151203  0.773593  0.0168216
1061  0.204527  0.0151201  0.773593  0.0168216
1062  0.204527  0.0151201  0.773593  0.0168216
1063  0.204527  0.0151201  0.773593  0.0168216
1064  0.204527  0.0151201  0.773593  0.0168216
1065  0.204527  0.0151201  0.773593  0.0168216
1066  0.204527  0.0151201  0.773593  0.0168216
1067  0.204527  0.0151201  0.773593  0.0168216
1068  0.204527  0.0151201  0.773593  0.0168216
1069  0.204527  0.0151201  0.773593  0.0168216
1070  0.204527  0.0151201  0.773593  0.0168216
1071  0.204527  0.0151201  0.773593  0.0168216
1072  0.204519  0.0151195  0.773593  0.0168216
1073  0.204519  0.0151195  0.773593  0.0168216
1074  0.204508  0.0151187  0.773593  0.0168216
1075  0.204498  0.0151179  0.773593  0.0168216
1076  0.204495  0.0151178  0.773593  0.0168216
1077  0.204494  0.0151176  0.773593  0.0168216
1078  0.204492  0.0151175  0.773593  0.0168216
1079  0.204489  0.0151173  0.773593  0.0168216
1080  0.204483  0.0151168  0.773593  0.0168216
1081  0.20448  0.0151165  0.773593  0.0168216
1082  0.204479  0.0151164  0.773593  0.0168216
1083  0.204462  0.0151157  0.773593  0.0168216
1084  0.204448  0.0151151  0.773593  0.0168216
1085  0.204448  0.0151151  0.773593  0.0168216
1086  0.204448  0.0151151  0.773593  0.0168216
1087  0.204448  0.0151151  0.773593  0.0168216
1088  0.204448  0.0151151  0.773593  0.0168216
1089  0.204448  0.0151151  0.773593  0.0168216
1090  0.204444  0.0151148  0.773593  0.0168216
1091  0.204441  0.0151146  0.773593  0.0168216
1092  0.204439  0.0151144  0.773593  0.0168216
1093  0.204439  0.0151144  0.773593  0.0168216
1094  0.204438  0.0151144  0.773593  0.0168216
1095  0.204438  0.0151143  0.773593  0.0168216
1096  0.204438  0.0151143  0.773593  0.0168216
1097  0.204424  0.0151135  0.773593  0.0168216
1098  0.204424  0.0151135  0.773593  0.0168216
1099  0.204419  0.0151129  0.773593  0.0168216
1100  0.204416  0.0151127  0.773593  0.0168216
1101  0.204412  0.0151123  0.773593  0.0168216
1102  0.204405  0.0151118  0.773593  0.0168216
1103  0.204405  0.0151118  0.773593  0.0168216
1104  0.204397  0.0151111  0.773593  0.0168216
1105  0.204387  0.0151104  0.773593  0.0168216
1106  0.204378  0.0151096  0.773593  0.0168216
1107  0.204378  0.0151096  0.773593  0.0168216
1108  0.204378  0.0151096  0.773593  0.0168216
1109  0.204378  0.0151096  0.773593  0.0168216
1110  0.204378  0.0151096  0.773593  0.0168216
1111  0.204377  0.0151096  0.773593  0.0168216
1112  0.204377  0.0151096  0.773593  0.0168216
1113  0.204377  0.0151096  0.773593  0.0168216
1114  0.204377  0.0151096  0.773593  0.0168216
1115  0.20436  0.0151086  0.773593  0.0168216
1116  0.204356  0.0151082  0.773593  0.0168216
1117  0.204347  0.0151074  0.773593  0.0168216
1118  0.204347  0.0151074  0.773593  0.0168216
1119  0.204347  0.0151074  0.773593  0.0168216
1120  0.204347  0.0151074  0.773593  0.0168216
1121  0.204346  0.0151073  0.773593  0.0168216
1122  0.204332  0.0151062  0.773593  0.0168216
1123  0.204321  0.0151053  0.773593  0.0168216
1124  0.204314  0.0151046  0.773593  0.0168216
1125  0.204311  0.0151043  0.773593  0.0168216
1126  0.204308  0.015104  0.773593  0.0168216
1127  0.204308  0.015104  0.773593  0.0168216
1128  0.204307  0.015104  0.773593  0.0168216
1129  0.204302  0.0151038  0.773593  0.0168216
1130  0.204302  0.0151038  0.773593  0.0168216
1131  0.204268  0.0151026  0.773593  0.0168216
1132  0.204263  0.0151022  0.773593  0.0168216
1133  0.204252  0.0151017  0.773593  0.0168216
1134  0.204252  0.0151017  0.773593  0.0168216
1135  0.204251  0.0151017  0.773593  0.0168216
1136  0.204247  0.0151013  0.773593  0.0168216
1137  0.204246  0.0151012  0.773593  0.0168216
1138  0.204244  0.015101  0.773593  0.0168216
1139  0.204244  0.015101  0.773593  0.0168216
1140  0.204244  0.015101  0.773593  0.0168216
1141  0.204244  0.015101  0.773593  0.0168216
1142  0.204238  0.0151007  0.773593  0.0168216
1143  0.20423  0.0151001  0.773593  0.0168216
1144  0.204218  0.0150991  0.773593  0.0168216
1145  0.204216  0.015099  0.773593  0.0168216
1146  0.204212  0.0150987  0.773593  0.0168216
1147  0.204207  0.0150982  0.773593  0.0168216
1148  0.204202  0.0150979  0.773593  0.0168216
1149  0.204199  0.0150977  0.773593  0.0168216
1150  0.204198  0.0150976  0.773593  0.0168216
1151  0.204192  0.0150971  0.773593  0.0168216
1152  0.204184  0.0150966  0.773593  0.0168216
1153  0.204168  0.0150953  0.773593  0.0168216
1154  0.204141  0.0150942  0.773593  0.0168216
1155  0.204141  0.0150943  0.773593  0.0168216
1156  0.204128  0.0150932  0.773593  0.0168216
1157  0.204124  0.0150929  0.773593  0.0168216
1158  0.204119  0.0150926  0.773593  0.0168216
1159  0.204104  0.0150921  0.773593  0.0168216
1160  0.204088  0.0150916  0.773593  0.0168216
1161  0.204086  0.0150913  0.773593  0.0168216
1162  0.204085  0.0150913  0.773593  0.0168216
1163  0.204085  0.0150913  0.773593  0.0168216
1164  0.204085  0.0150913  0.773593  0.0168216
1165  0.204084  0.0150912  0.773593  0.0168216
1166  0.204081  0.015091  0.773593  0.0168216
1167  0.204081  0.015091  0.773593  0.0168216
1168  0.204081  0.015091  0.773593  0.0168216
1169  0.204081  0.015091  0.773593  0.0168216
1170  0.204081  0.015091  0.773593  0.0168216
1171  0.204081  0.015091  0.773593  0.0168216
1172  0.204078  0.0150907  0.773593  0.0168216
1173  0.204076  0.0150905  0.773593  0.0168216
1174  0.204075  0.0150904  0.773593  0.0168216
1175  0.204075  0.0150904  0.773593  0.0168216
1176  0.204075  0.0150904  0.773593  0.0168216
1177  0.204075  0.0150904  0.773593  0.0168216
1178  0.204072  0.0150903  0.775108  0.0166447
1179  0.204072  0.0150902  0.775108  0.0166447
1180  0.204068  0.0150899  0.775108  0.0166447
1181  0.204065  0.0150897  0.775108  0.0166447
1182  0.204062  0.0150894  0.775108  0.0166447
1183  0.204061  0.0150893  0.775108  0.0166447
1184  0.204058  0.015089  0.775108  0.0166447
1185  0.204058  0.015089  0.775108  0.0166447
1186  0.204058  0.015089  0.775108  0.0166447
1187  0.204058  0.015089  0.775108  0.0166447
1188  0.204053  0.0150885  0.775108  0.0166447
1189  0.204044  0.0150877  0.775108  0.0166447
1190  0.204043  0.0150876  0.775108  0.0166447
1191  0.204043  0.0150876  0.775108  0.0166447
1192  0.204043  0.0150876  0.775108  0.0166447
1193  0.204041  0.0150875  0.775108  0.0166447
1194  0.20404  0.0150873  0.775108  0.0166447
1195  0.204039  0.0150872  0.775108  0.0166447
1196  0.204036  0.015087  0.775108  0.0166447
1197  0.204035  0.0150868  0.775108  0.0166447
1198  0.204029  0.0150863  0.775108  0.0166447
1199  0.204025  0.0150859  0.775108  0.0166447
1200  0.204025  0.0150859  0.775108  0.0166447
1201  0.204023  0.0150857  0.775108  0.0166447
1202  0.20402  0.0150854  0.775108  0.0166447
1203  0.204018  0.0150852  0.775108  0.0166447
1204  0.204014  0.0150848  0.775108  0.0166447
1205  0.204012  0.0150847  0.775108  0.0166447
1206  0.204002  0.0150838  0.775108  0.0166447
1207  0.203981  0.0150821  0.775108  0.0166447
1208  0.203978  0.0150818  0.775108  0.0166447
1209  0.203968  0.015081  0.775108  0.0166447
1210  0.203965  0.0150807  0.775108  0.0166447
1211  0.203962  0.0150806  0.775108  0.0166447
1212  0.203962  0.0150806  0.775108  0.0166447
1213  0.203954  0.0150802  0.775108  0.0166447
1214  0.203953  0.0150801  0.775108  0.0166447
1215  0.203948  0.0150797  0.775108  0.0166447
1216  0.203948  0.0150797  0.775108  0.0166447
1217  0.203948  0.0150797  0.775108  0.0166447
1218  0.203948  0.0150797  0.775108  0.0166447
1219  0.203946  0.0150795  0.775108  0.0166447
1220  0.203941  0.0150792  0.775108  0.0166447
1221  0.203941  0.0150792  0.775108  0.0166447
1222  0.203941  0.0150792  0.775108  0.0166447
1223  0.203941  0.0150792  0.775108  0.0166447
1224  0.203941  0.0150792  0.775108  0.0166447
1225  0.203941  0.0150792  0.775108  0.0166447
1226  0.203941  0.0150792  0.775108  0.0166447
1227  0.203941  0.0150792  0.775108  0.0166447
1228  0.203938  0.0150789  0.775108  0.0166447
1229  0.203933  0.0150786  0.775108  0.0166447
1230  0.203933  0.0150786  0.775108  0.0166447
1231  0.203926  0.0150779  0.775108  0.0166447
1232  0.203926  0.0150779  0.775108  0.0166447
1233  0.203918  0.0150776  0.775108  0.0166447
1234  0.203915  0.0150775  0.775108  0.0166447
1235  0.203897  0.0150767  0.775108  0.0166447
1236  0.203889  0.0150762  0.775108  0.0166447
1237  0.203846  0.015073  0.775108  0.0166447
1238  0.203834  0.015072  0.775108  0.0166447
1239  0.203832  0.0150718  0.775108  0.0166447
1240  0.203825  0.0150712  0.775108  0.0166447
1241  0.203825  0.0150712  0.775108  0.0166447
1242  0.203825  0.0150712  0.775108  0.0166447
1243  0.203825  0.0150712  0.775108  0.0166447
1244  0.203825  0.0150712  0.775108  0.0166447
1245  0.203825  0.0150712  0.775108  0.0166447
1246  0.203822  0.0150709  0.775108  0.0166447
1247  0.203822  0.0150709  0.775108  0.0166447
1248  0.203822  0.0150709  0.775108  0.0166447
1249  0.203822  0.015071  0.775108  0.0166447
1250  0.203822  0.015071  0.775108  0.0166447
1251  0.203822  0.015071  0.775108  0.0166447
1252  0.203822  0.015071  0.775108  0.0166447
1253  0.203822  0.015071  0.775108  0.0166447
1254  0.203822  0.015071  0.775108  0.0166447
1255  0.203822  0.015071  0.775108  0.0166447
1256  0.203822  0.015071  0.775108  0.0166447
1257  0.203822  0.015071  0.775108  0.0166447
1258  0.203822  0.015071  0.775108  0.0166447
1259  0.203822  0.015071  0.775108  0.0166447
1260  0.203822  0.015071  0.775108  0.0166447
1261  0.203821  0.0150709  0.775108  0.0166447
1262  0.203808  0.0150699  0.775108  0.0166447
1263  0.203808  0.0150699  0.775108  0.0166447
1264  0.203808  0.0150699  0.775108  0.0166447
1265  0.2038  0.0150693  0.775108  0.0166447
1266  0.203791  0.0150687  0.775108  0.0166447
1267  0.203791  0.0150687  0.775108  0.0166447
1268  0.203777  0.0150682  0.775108  0.0166447
1269  0.203757  0.0150675  0.775108  0.0166447
1270  0.203757  0.0150675  0.775108  0.0166447
1271  0.203745  0.0150671  0.775108  0.0166447
1272  0.203736  0.0150669  0.775108  0.0166447
1273  0.203736  0.0150669  0.775108  0.0166447
1274  0.203736  0.0150669  0.775108  0.0166447
1275  0.203736  0.0150669  0.775108  0.0166447
1276  0.203736  0.0150669  0.775108  0.0166447
1277  0.203736  0.0150669  0.775108  0.0166447
1278  0.203736  0.0150669  0.775108  0.0166447
1279  0.203734  0.0150668  0.775108  0.0166447
1280  0.203734  0.0150668  0.775108  0.0166447
1281  0.203734  0.0150668  0.775108  0.0166447
1282  0.203734  0.0150668  0.775108  0.0166447
1283  0.203734  0.0150668  0.775108  0.0166447
1284  0.203734  0.0150668  0.775108  0.0166447
1285  0.203734  0.0150668  0.775108  0.0166447
1286  0.203734  0.0150668  0.775108  0.0166447
1287  0.203734  0.0150668  0.775108  0.0166447
1288  0.203734  0.0150668  0.775108  0.0166447
1289  0.203734  0.0150668  0.775108  0.0166447
1290  0.203734  0.0150668  0.775108  0.0166447
1291  0.203734  0.0150668  0.775108  0.0166447
1292  0.203714  0.0150653  0.775108  0.0166447
1293  0.203708  0.0150649  0.775108  0.0166447
1294  0.203702  0.0150644  0.775108  0.0166447
1295  0.203699  0.0150642  0.775108  0.0166447
1296  0.203699  0.0150642  0.775108  0.0166447
1297  0.203697  0.0150641  0.775108  0.0166447
1298  0.203697  0.0150641  0.775108  0.0166447
1299  0.203697  0.0150641  0.775108  0.0166447
1300  0.203697  0.0150641  0.775108  0.0166447
1301  0.203695  0.0150638  0.775108  0.0166447
1302  0.203695  0.0150638  0.775108  0.0166447
1303  0.203695  0.0150638  0.775108  0.0166447
1304  0.203689  0.0150633  0.775108  0.0166447
1305  0.203689  0.0150633  0.775108  0.0166447
1306  0.203689  0.0150633  0.775108  0.0166447
1307  0.203689  0.0150633  0.775108  0.0166447
1308  0.203689  0.0150633  0.775108  0.0166447
1309  0.203689  0.0150633  0.775108  0.0166447
1310  0.203688  0.0150633  0.775108  0.0166447
1311  0.203685  0.0150632  0.775108  0.0166447
1312  0.203684  0.0150631  0.775108  0.0166447
1313  0.203682  0.015063  0.775108  0.0166447
1314  0.203675  0.0150625  0.775108  0.0166447
1315  0.203675  0.0150625  0.775108  0.0166447
1316  0.203675  0.0150625  0.775108  0.0166447
1317  0.203675  0.0150625  0.775108  0.0166447
1318  0.203675  0.0150625  0.775108  0.0166447
1319  0.203675  0.0150625  0.775108  0.0166447
1320  0.203675  0.0150625  0.775108  0.0166447
1321  0.203675  0.0150625  0.775108  0.0166447
1322  0.203675  0.0150625  0.775108  0.0166447
1323  0.203672  0.0150623  0.775108  0.0166447
1324  0.203672  0.0150623  0.775108  0.0166447
1325  0.203672  0.0150623  0.775108  0.0166447
1326  0.20367  0.0150622  0.775108  0.0166447
1327  0.20367  0.0150622  0.775108  0.0166447
1328  0.20367  0.0150622  0.775108  0.0166447
1329  0.20367  0.0150622  0.775108  0.0166447
1330  0.20367  0.0150622  0.775108  0.0166447
1331  0.20367  0.0150622  0.775108  0.0166447
1332  0.20367  0.0150622  0.775108  0.0166447
1333  0.20367  0.0150622  0.775108  0.0166447
1334  0.20367  0.0150622  0.775108  0.0166447
1335  0.20367  0.0150622  0.775108  0.0166447
1336  0.20367  0.0150622  0.775108  0.0166447
1337  0.203666  0.0150618  0.775108  0.0166447
1338  0.203666  0.0150618  0.775108  0.0166447
1339  0.203666  0.0150618  0.775108  0.0166447
1340  0.203666  0.0150618  0.775108  0.0166447
1341  0.203658  0.0150612  0.775108  0.0166447
1342  0.203654  0.0150608  0.775108  0.0166447
1343  0.203654  0.0150608  0.775108  0.0166447
1344  0.203652  0.0150606  0.775108  0.0166447
1345  0.203648  0.0150603  0.775108  0.0166447
1346  0.203648  0.0150603  0.775108  0.0166447
1347  0.203648  0.0150603  0.775108  0.0166447
1348  0.203647  0.0150602  0.775108  0.0166447
1349  0.203644  0.01506  0.775108  0.0166447
1350  0.203614  0.0150575  0.775108  0.0166447
1351  0.203607  0.0150569  0.775108  0.0166447
1352  0.203603  0.0150565  0.775108  0.0166447
1353  0.203598  0.0150562  0.775108  0.0166447
1354  0.203597  0.0150561  0.775108  0.0166447
1355  0.203594  0.0150558  0.775108  0.0166447
1356  0.20359  0.0150554  0.775108  0.0166447
1357  0.203572  0.015054  0.775108  0.0166447
1358  0.20356  0.015053  0.775108  0.0166447
1359  0.203559  0.0150529  0.775108  0.0166447
1360  0.20355  0.0150522  0.775108  0.0166447
1361  0.203547  0.0150519  0.775108  0.0166447
1362  0.203543  0.0150516  0.775108  0.0166447
1363  0.20354  0.0150513  0.775108  0.0166447
1364  0.203535  0.0150509  0.775108  0.0166447
1365  0.203533  0.0150507  0.775108  0.0166447
1366  0.203509  0.0150495  0.775108  0.0166447
1367  0.203508  0.0150494  0.775108  0.0166447
1368  0.203508  0.0150494  0.775108  0.0166447
1369  0.203508  0.0150494  0.775108  0.0166447
1370  0.203508  0.0150494  0.775108  0.0166447
1371  0.203492  0.0150484  0.775108  0.0166447
1372  0.20349  0.0150484  0.775108  0.0166447
1373  0.203475  0.0150475  0.775108  0.0166447
1374  0.203461  0.0150466  0.775108  0.0166447
1375  0.203451  0.015046  0.775108  0.0166447
1376  0.203445  0.0150457  0.775108  0.0166447
1377  0.203445  0.0150457  0.775108  0.0166447
1378  0.203445  0.0150457  0.775108  0.0166447
1379  0.203434  0.015045  0.775108  0.0166447
1380  0.203431  0.0150448  0.775108  0.0166447
1381  0.20343  0.0150447  0.775108  0.0166447
1382  0.203405  0.0150433  0.775108  0.0166447
1383  0.203405  0.0150433  0.775108  0.0166447
1384  0.203368  0.0150413  0.775108  0.0166447
1385  0.203363  0.0150409  0.775108  0.0166447
1386  0.203347  0.01504  0.775108  0.0166447
1387  0.203333  0.0150392  0.775108  0.0166447
1388  0.203328  0.0150389  0.775108  0.0166447
1389  0.203297  0.0150372  0.775108  0.0166447
1390  0.203233  0.0150339  0.775108  0.0166447
1391  0.203233  0.0150339  0.775108  0.0166447
1392  0.203233  0.0150339  0.775108  0.0166447
1393  0.203233  0.0150339  0.775108  0.0166447
1394  0.203233  0.0150339  0.775108  0.0166447
1395  0.203233  0.0150339  0.775108  0.0166447
1396  0.203233  0.0150339  0.775108  0.0166447
1397  0.203233  0.0150339  0.775108  0.0166447
1398  0.203233  0.0150339  0.775108  0.0166447
1399  0.203233  0.0150339  0.775108  0.0166447
1400  0.203233  0.0150339  0.775108  0.0166447
1401  0.203233  0.0150339  0.775108  0.0166447
1402  0.203233  0.0150339  0.775108  0.0166447
1403  0.203233  0.0150339  0.775108  0.0166447
1404  0.203233  0.0150339  0.775108  0.0166447
1405  0.203233  0.0150339  0.775108  0.0166447
1406  0.203233  0.0150339  0.775108  0.0166447
1407  0.203233  0.0150339  0.775108  0.0166447
1408  0.203233  0.0150339  0.775108  0.0166447
1409  0.203232  0.0150339  0.775108  0.0166447
1410  0.203232  0.0150339  0.775108  0.0166447
1411  0.203232  0.0150339  0.775108  0.0166447
1412  0.203232  0.0150339  0.775108  0.0166447
1413  0.203232  0.015034  0.775108  0.0166447
1414  0.203232  0.015034  0.775108  0.0166447
1415  0.203232  0.015034  0.775108  0.0166447
1416  0.203232  0.015034  0.775108  0.0166447
1417  0.203232  0.015034  0.775108  0.0166447
1418  0.203232  0.015034  0.775108  0.0166447
1419  0.203232  0.015034  0.775108  0.0166447
1420  0.203232  0.015034  0.775108  0.0166447
1421  0.203232  0.015034  0.775108  0.0166447
1422  0.203232  0.015034  0.775108  0.0166447
1423  0.203232  0.015034  0.775108  0.0166447
1424  0.203232  0.015034  0.775108  0.0166447
1425  0.203232  0.015034  0.775108  0.0166447
1426  0.203219  0.0150328  0.775108  0.0166447
1427  0.203215  0.0150325  0.775108  0.0166447
1428  0.20321  0.015032  0.775108  0.0166447
1429  0.20321  0.015032  0.775108  0.0166447
1430  0.203198  0.015031  0.775108  0.0166447
1431  0.203189  0.0150302  0.775108  0.0166447
1432  0.203184  0.0150298  0.775108  0.0166447
1433  0.203174  0.015029  0.775108  0.0166447
1434  0.203165  0.0150282  0.775108  0.0166447
1435  0.203161  0.0150279  0.775108  0.0166447
1436  0.203158  0.0150276  0.775108  0.0166447
1437  0.203158  0.0150276  0.775108  0.0166447
1438  0.203158  0.0150276  0.775108  0.0166447
1439  0.203158  0.0150276  0.775108  0.0166447
1440  0.203156  0.0150274  0.775108  0.0166447
1441  0.203154  0.0150273  0.775108  0.0166447
1442  0.203151  0.015027  0.775108  0.0166447
1443  0.203149  0.0150269  0.775108  0.0166447
1444  0.203148  0.0150268  0.775108  0.0166447
1445  0.203147  0.0150267  0.775108  0.0166447
1446  0.203147  0.0150267  0.775108  0.0166447
1447  0.203143  0.0150264  0.775108  0.0166447
1448  0.203143  0.0150264  0.775108  0.0166447
1449  0.203142  0.0150263  0.775108  0.0166447
1450  0.203137  0.0150259  0.775108  0.0166447
1451  0.203112  0.0150241  0.775108  0.0166447
1452  0.203081  0.0150219  0.775108  0.0166447
1453  0.20308  0.0150218  0.775108  0.0166447
1454  0.203075  0.0150215  0.775108  0.0166447
1455  0.203065  0.0150209  0.775108  0.0166447
1456  0.203063  0.0150208  0.775108  0.0166447
1457  0.203053  0.0150203  0.775108  0.0166447
1458  0.203039  0.0150194  0.775108  0.0166447
1459  0.203034  0.0150192  0.775108  0.0166447
1460  0.203024  0.0150186  0.775108  0.0166447
1461  0.20302  0.0150184  0.775108  0.0166447
1462  0.203016  0.0150182  0.775108  0.0166447
1463  0.203006  0.0150176  0.775108  0.0166447
1464  0.203004  0.0150175  0.775108  0.0166447
1465  0.203004  0.0150175  0.775108  0.0166447
1466  0.203004  0.0150175  0.775108  0.0166447
1467  0.203004  0.0150175  0.775108  0.0166447
1468  0.203004  0.0150175  0.775108  0.0166447
1469  0.202997  0.0150169  0.775108  0.0166447
1470  0.202997  0.0150169  0.775108  0.0166447
1471  0.202997  0.0150169  0.775108  0.0166447
1472  0.202997  0.0150169  0.775108  0.0166447
1473  0.202997  0.0150169  0.775108  0.0166447
1474  0.202997  0.0150169  0.775108  0.0166447
1475  0.202997  0.0150169  0.775108  0.0166447
1476  0.202997  0.0150169  0.775108  0.0166447
1477  0.202997  0.0150169  0.775108  0.0166447
1478  0.202995  0.0150168  0.774892  0.0166616
1479  0.202995  0.0150168  0.774892  0.0166616
1480  0.202995  0.0150168  0.774892  0.0166616
1481  0.202995  0.0150168  0.774892  0.0166616
1482  0.202995  0.0150168  0.774892  0.0166616
1483  0.20299  0.0150164  0.774892  0.0166616
1484  0.20299  0.0150164  0.774892  0.0166616
1485  0.20299  0.0150164  0.774892  0.0166616
1486  0.20299  0.0150164  0.774892  0.0166616
1487  0.20299  0.0150164  0.774892  0.0166616
1488  0.202988  0.0150163  0.774892  0.0166616
1489  0.202988  0.0150163  0.774892  0.0166616
1490  0.202988  0.0150163  0.774892  0.0166616
1491  0.202988  0.0150163  0.774892  0.0166616
1492  0.202988  0.0150163  0.774892  0.0166616
1493  0.202988  0.0150163  0.774892  0.0166616
1494  0.202988  0.0150163  0.774892  0.0166616
1495  0.202987  0.0150161  0.774892  0.0166616
1496  0.202981  0.0150157  0.774892  0.0166616
1497  0.202981  0.0150157  0.774892  0.0166616
1498  0.202981  0.0150157  0.774892  0.0166616
1499  0.202969  0.0150147  0.774892  0.0166616
1500  0.202949  0.0150136  0.774892  0.0166616
1501  0.20292  0.0150118  0.774892  0.0166616
1502  0.202888  0.0150102  0.774892  0.0166616
1503  0.202878  0.0150095  0.774892  0.0166616
1504  0.202878  0.0150095  0.774892  0.0166616
1505  0.202878  0.0150095  0.774892  0.0166616
1506  0.202878  0.0150095  0.774892  0.0166616
1507  0.202878  0.0150095  0.774892  0.0166616
1508  0.202875  0.0150093  0.774892  0.0166616
1509  0.202865  0.0150088  0.774892  0.0166616
1510  0.202849  0.0150078  0.774892  0.0166616
1511  0.202849  0.0150078  0.774892  0.0166616
1512  0.202849  0.0150078  0.774892  0.0166616
1513  0.202819  0.0150064  0.774892  0.0166616
1514  0.202806  0.0150059  0.774892  0.0166616
1515  0.202792  0.0150052  0.774892  0.0166616
1516  0.202762  0.0150039  0.774892  0.0166616
1517  0.202743  0.015003  0.774892  0.0166616
1518  0.202735  0.0150026  0.774892  0.0166616
1519  0.202715  0.0150017  0.774892  0.0166616
1520  0.202715  0.0150017  0.774892  0.0166616
1521  0.202697  0.0150009  0.774892  0.0166616
1522  0.202697  0.0150009  0.774892  0.0166616
1523  0.202697  0.0150009  0.774892  0.0166616
1524  0.202697  0.0150009  0.774892  0.0166616
1525  0.202697  0.0150009  0.774892  0.0166616
1526  0.202697  0.0150009  0.774892  0.0166616
1527  0.202692  0.0150005  0.774892  0.0166616
1528  0.202692  0.0150005  0.774892  0.0166616
1529  0.202688  0.0150002  0.774892  0.0166616
1530  0.202688  0.0150002  0.774892  0.0166616
1531  0.202681  0.0149996  0.774892  0.0166616
1532  0.202681  0.0149996  0.774892  0.0166616
1533  0.202681  0.0149995  0.774892  0.0166616
1534  0.202681  0.0149995  0.774892  0.0166616
1535  0.202677  0.0149993  0.774892  0.0166616
1536  0.202677  0.0149993  0.774892  0.0166616
1537  0.202677  0.0149993  0.774892  0.0166616
1538  0.202677  0.0149993  0.774892  0.0166616
1539  0.202677  0.0149993  0.774892  0.0166616
1540  0.202677  0.0149993  0.774892  0.0166616
1541  0.202677  0.0149993  0.774892  0.0166616
1542  0.202675  0.0149991  0.774892  0.0166616
1543  0.202675  0.0149991  0.774892  0.0166616
1544  0.202675  0.0149991  0.774892  0.0166616
1545  0.202675  0.0149991  0.774892  0.0166616
1546  0.202669  0.0149985  0.774892  0.0166616
1547  0.202669  0.0149985  0.774892  0.0166616
1548  0.202668  0.0149985  0.774892  0.0166616
1549  0.202664  0.0149981  0.774892  0.0166616
1550  0.202664  0.0149981  0.774892  0.0166616
1551  0.202661  0.0149979  0.774892  0.0166616
1552  0.20266  0.0149978  0.774892  0.0166616
1553  0.20266  0.0149978  0.774892  0.0166616
1554  0.202657  0.0149975  0.774892  0.0166616
1555  0.202657  0.0149975  0.774892  0.0166616
1556  0.202655  0.0149973  0.774892  0.0166616
1557  0.202653  0.0149972  0.774892  0.0166616
1558  0.202649  0.0149968  0.774892  0.0166616
1559  0.202644  0.0149964  0.774892  0.0166616
1560  0.202642  0.0149962  0.774892  0.0166616
1561  0.202642  0.0149962  0.774892  0.0166616
1562  0.202641  0.0149961  0.774892  0.0166616
1563  0.202641  0.0149961  0.774892  0.0166616
1564  0.202638  0.0149958  0.774892  0.0166616
1565  0.202637  0.0149958  0.774892  0.0166616
1566  0.202633  0.0149954  0.774892  0.0166616
1567  0.202633  0.0149954  0.774892  0.0166616
1568  0.202622  0.0149948  0.774892  0.0166616
1569  0.202613  0.0149943  0.774892  0.0166616
1570  0.202607  0.0149938  0.774892  0.0166616
1571  0.202591  0.0149925  0.774892  0.0166616
1572  0.202586  0.0149921  0.774892  0.0166616
1573  0.202586  0.014992  0.774892  0.0166616
1574  0.202586  0.014992  0.774892  0.0166616
1575  0.202586  0.014992  0.774892  0.0166616
1576  0.202586  0.014992  0.774892  0.0166616
1577  0.202586  0.014992  0.774892  0.0166616
1578  0.202576  0.0149913  0.774892  0.0166616
1579  0.202576  0.0149913  0.774892  0.0166616
1580  0.202576  0.0149913  0.774892  0.0166616
1581  0.202564  0.0149909  0.774892  0.0166616
1582  0.202541  0.0149902  0.774892  0.0166616
1583  0.202541  0.0149902  0.774892  0.0166616
1584  0.202541  0.0149902  0.774892  0.0166616
1585  0.202541  0.0149902  0.774892  0.0166616
1586  0.202541  0.0149902  0.774892  0.0166616
1587  0.202541  0.0149902  0.774892  0.0166616
1588  0.202541  0.0149902  0.774892  0.0166616
1589  0.202541  0.0149902  0.774892  0.0166616
1590  0.202541  0.0149902  0.774892  0.0166616
1591  0.202541  0.0149902  0.774892  0.0166616
1592  0.202541  0.0149902  0.774892  0.0166616
1593  0.202541  0.0149902  0.774892  0.0166616
1594  0.202541  0.0149902  0.774892  0.0166616
1595  0.202541  0.0149902  0.774892  0.0166616
1596  0.202541  0.0149902  0.774892  0.0166616
1597  0.202541  0.0149902  0.774892  0.0166616
1598  0.202541  0.0149902  0.774892  0.0166616
1599  0.202541  0.0149902  0.774892  0.0166616
1600  0.202541  0.0149902  0.774892  0.0166616
1601  0.202541  0.0149902  0.774892  0.0166616
1602  0.202541  0.0149902  0.774892  0.0166616
1603  0.202541  0.0149902  0.774892  0.0166616
1604  0.202541  0.0149902  0.774892  0.0166616
1605  0.202541  0.0149902  0.774892  0.0166616
1606  0.202541  0.0149902  0.774892  0.0166616
1607  0.202541  0.0149903  0.774892  0.0166616
1608  0.202541  0.0149903  0.774892  0.0166616
1609  0.202531  0.0149902  0.774892  0.0166616
1610  0.202444  0.0149902  0.774892  0.0166616
1611  0.202442  0.0149901  0.774892  0.0166616
1612  0.202442  0.0149901  0.774892  0.0166616
1613  0.202442  0.0149901  0.774892  0.0166616
1614  0.202442  0.0149901  0.774892  0.0166616
1615  0.202442  0.0149901  0.774892  0.0166616
1616  0.202442  0.0149901  0.774892  0.0166616
1617  0.202442  0.0149901  0.774892  0.0166616
1618  0.202442  0.0149901  0.774892  0.0166616
1619  0.202442  0.0149901  0.774892  0.0166616
1620  0.202442  0.0149901  0.774892  0.0166616
1621  0.202442  0.0149901  0.774892  0.0166616
1622  0.202442  0.0149901  0.774892  0.0166616
1623  0.202442  0.0149901  0.774892  0.0166616
1624  0.202442  0.0149901  0.774892  0.0166616
1625  0.202442  0.0149901  0.774892  0.0166616
1626  0.202442  0.0149901  0.774892  0.0166616
1627  0.202442  0.0149901  0.774892  0.0166616
1628  0.202442  0.0149901  0.774892  0.0166616
1629  0.202442  0.0149901  0.774892  0.0166616
1630  0.202442  0.0149901  0.774892  0.0166616
1631  0.202442  0.0149901  0.774892  0.0166616
1632  0.202442  0.0149901  0.774892  0.0166616
1633  0.202442  0.0149901  0.774892  0.0166616
1634  0.202442  0.0149901  0.774892  0.0166616
1635  0.202442  0.0149901  0.774892  0.0166616
1636  0.202442  0.0149901  0.774892  0.0166616
1637  0.202442  0.0149901  0.774892  0.0166616
1638  0.202442  0.0149901  0.774892  0.0166616
1639  0.202442  0.0149901  0.774892  0.0166616
1640  0.202442  0.0149901  0.774892  0.0166616
1641  0.202442  0.0149901  0.774892  0.0166616
1642  0.202442  0.0149901  0.774892  0.0166616
1643  0.20244  0.0149899  0.774892  0.0166616
1644  0.20244  0.0149899  0.774892  0.0166616
1645  0.20244  0.0149899  0.774892  0.0166616
1646  0.20244  0.0149899  0.774892  0.0166616
1647  0.20244  0.0149899  0.774892  0.0166616
1648  0.20244  0.0149899  0.774892  0.0166616
1649  0.20244  0.0149899  0.774892  0.0166616
1650  0.20244  0.0149899  0.774892  0.0166616
1651  0.20241  0.014989  0.774892  0.0166616
1652  0.20241  0.014989  0.774892  0.0166616
1653  0.20241  0.014989  0.774892  0.0166616
1654  0.20241  0.014989  0.774892  0.0166616
1655  0.20241  0.014989  0.774892  0.0166616
1656  0.20241  0.014989  0.774892  0.0166616
1657  0.202408  0.0149889  0.774892  0.0166616
1658  0.202408  0.0149889  0.774892  0.0166616
1659  0.202408  0.0149889  0.774892  0.0166616
1660  0.202406  0.0149887  0.774892  0.0166616
1661  0.202389  0.0149877  0.774892  0.0166616
1662  0.202389  0.0149877  0.774892  0.0166616
1663  0.202389  0.0149877  0.774892  0.0166616
1664  0.202389  0.0149877  0.774892  0.0166616
1665  0.202389  0.0149877  0.774892  0.0166616
1666  0.202389  0.0149877  0.774892  0.0166616
1667  0.202386  0.0149875  0.774892  0.0166616
1668  0.202384  0.0149873  0.774892  0.0166616
1669  0.20238  0.0149869  0.774892  0.0166616
1670  0.202378  0.0149867  0.774892  0.0166616
1671  0.202376  0.0149865  0.774892  0.0166616
1672  0.202371  0.0149861  0.774892  0.0166616
1673  0.202371  0.0149861  0.774892  0.0166616
1674  0.202366  0.0149857  0.774892  0.0166616
1675  0.202365  0.0149856  0.774892  0.0166616
1676  0.202355  0.0149847  0.774892  0.0166616
1677  0.202347  0.014984  0.774892  0.0166616
1678  0.202336  0.0149831  0.774892  0.0166616
1679  0.202333  0.0149829  0.774892  0.0166616
1680  0.202328  0.0149825  0.774892  0.0166616
1681  0.202325  0.0149822  0.774892  0.0166616
1682  0.202323  0.0149821  0.774892  0.0166616
1683  0.202322  0.0149819  0.774892  0.0166616
1684  0.202322  0.0149819  0.774892  0.0166616
1685  0.202322  0.0149819  0.774892  0.0166616
1686  0.202315  0.0149817  0.774892  0.0166616
1687  0.202315  0.0149817  0.774892  0.0166616
1688  0.202315  0.0149817  0.774892  0.0166616
1689  0.202315  0.0149817  0.774892  0.0166616
1690  0.202315  0.0149817  0.774892  0.0166616
1691  0.202315  0.0149817  0.774892  0.0166616
1692  0.202315  0.0149817  0.774892  0.0166616
1693  0.202315  0.0149817  0.774892  0.0166616
1694  0.202315  0.0149817  0.774892  0.0166616
1695  0.202315  0.0149817  0.774892  0.0166616
1696  0.202315  0.0149817  0.774892  0.0166616
1697  0.202315  0.0149817  0.774892  0.0166616
1698  0.202315  0.0149817  0.774892  0.0166616
1699  0.202315  0.0149817  0.774892  0.0166616
1700  0.202315  0.0149817  0.774892  0.0166616
1701  0.202315  0.0149817  0.774892  0.0166616
1702  0.202315  0.0149817  0.774892  0.0166616
1703  0.202315  0.0149817  0.774892  0.0166616
1704  0.202315  0.0149817  0.774892  0.0166616
1705  0.202315  0.0149817  0.774892  0.0166616
1706  0.202315  0.0149817  0.774892  0.0166616
1707  0.202315  0.0149817  0.774892  0.0166616
1708  0.202307  0.0149811  0.774892  0.0166616
1709  0.202294  0.0149802  0.774892  0.0166616
1710  0.20228  0.0149792  0.774892  0.0166616
1711  0.202241  0.0149769  0.774892  0.0166616
1712  0.202235  0.0149764  0.774892  0.0166616
1713  0.202234  0.0149764  0.774892  0.0166616
1714  0.202234  0.0149764  0.774892  0.0166616
1715  0.202234  0.0149764  0.774892  0.0166616
1716  0.202234  0.0149764  0.774892  0.0166616
1717  0.202234  0.0149764  0.774892  0.0166616
1718  0.20223  0.014976  0.774892  0.0166616
1719  0.202226  0.0149757  0.774892  0.0166616
1720  0.20222  0.0149752  0.774892  0.0166616
1721  0.20222  0.0149752  0.774892  0.0166616
1722  0.20222  0.0149752  0.774892  0.0166616
1723  0.20222  0.0149752  0.774892  0.0166616
1724  0.20222  0.0149752  0.774892  0.0166616
1725  0.202215  0.0149749  0.774892  0.0166616
1726  0.20221  0.0149746  0.774892  0.0166616
1727  0.20221  0.0149746  0.774892  0.0166616
1728  0.20221  0.0149746  0.774892  0.0166616
1729  0.20221  0.0149746  0.774892  0.0166616
1730  0.202208  0.0149745  0.774892  0.0166616
1731  0.202208  0.0149744  0.774892  0.0166616
1732  0.202201  0.0149738  0.774892  0.0166616
1733  0.202201  0.0149738  0.774892  0.0166616
1734  0.202192  0.0149734  0.774892  0.0166616
1735  0.202175  0.0149725  0.774892  0.0166616
1736  0.202163  0.014972  0.774892  0.0166616
1737  0.202131  0.0149705  0.774892  0.0166616
1738  0.202131  0.0149705  0.774892  0.0166616
1739  0.202131  0.0149705  0.774892  0.0166616
1740  0.202131  0.0149705  0.774892  0.0166616
1741  0.202131  0.0149705  0.774892  0.0166616
1742  0.202131  0.0149705  0.774892  0.0166616
1743  0.202131  0.0149705  0.774892  0.0166616
1744  0.202131  0.0149705  0.774892  0.0166616
1745  0.202131  0.0149705  0.774892  0.0166616
1746  0.202131  0.0149705  0.774892  0.0166616
1747  0.202131  0.0149705  0.774892  0.0166616
1748  0.202131  0.0149705  0.774892  0.0166616
1749  0.202125  0.0149701  0.774892  0.0166616
1750  0.202122  0.0149699  0.774892  0.0166616
1751  0.202109  0.0149691  0.774892  0.0166616
1752  0.202103  0.0149686  0.774892  0.0166616
1753  0.202096  0.0149681  0.774892  0.0166616
1754  0.202084  0.0149672  0.774892  0.0166616
1755  0.202079  0.0149668  0.774892  0.0166616
1756  0.202079  0.0149668  0.774892  0.0166616
1757  0.202076  0.0149665  0.774892  0.0166616
1758  0.202072  0.0149662  0.774892  0.0166616
1759  0.202072  0.0149662  0.774892  0.0166616
1760  0.202072  0.0149662  0.774892  0.0166616
1761  0.202069  0.014966  0.774892  0.0166616
1762  0.202069  0.014966  0.774892  0.0166616
1763  0.202069  0.014966  0.774892  0.0166616
1764  0.202067  0.0149658  0.774892  0.0166616
1765  0.202067  0.0149658  0.774892  0.0166616
1766  0.202067  0.0149658  0.774892  0.0166616
1767  0.202063  0.0149655  0.774892  0.0166616
1768  0.202051  0.0149651  0.774892  0.0166616
1769  0.202035  0.0149641  0.774892  0.0166616
1770  0.202018  0.0149634  0.774892  0.0166616
1771  0.202011  0.014963  0.774892  0.0166616
1772  0.202004  0.0149626  0.774892  0.0166616
1773  0.201988  0.0149617  0.774892  0.0166616
1774  0.201988  0.0149617  0.774892  0.0166616
1775  0.201988  0.0149617  0.774892  0.0166616
1776  0.201988  0.0149617  0.774892  0.0166616
1777  0.201988  0.0149617  0.774892  0.0166616
1778  0.201988  0.0149617  0.774892  0.0166616
1779  0.201988  0.0149617  0.774892  0.0166616
1780  0.201988  0.0149617  0.774892  0.0166616
1781  0.201988  0.0149617  0.774892  0.0166616
1782  0.201988  0.0149617  0.774892  0.0166616
1783  0.201988  0.0149617  0.774892  0.0166616
1784  0.201988  0.0149617  0.774892  0.0166616
1785  0.201988  0.0149617  0.774892  0.0166616
1786  0.201988  0.0149617  0.774892  0.0166616
1787  0.201988  0.0149617  0.774892  0.0166616
1788  0.201968  0.0149606  0.774892  0.0166616
1789  0.201968  0.0149606  0.774892  0.0166616
1790  0.201968  0.0149606  0.774892  0.0166616
1791  0.201968  0.0149606  0.774892  0.0166616
1792  0.201968  0.0149606  0.774892  0.0166616
1793  0.201968  0.0149606  0.774892  0.0166616
1794  0.201968  0.0149606  0.774892  0.0166616
1795  0.201968  0.0149606  0.774892  0.0166616
1796  0.201968  0.0149606  0.774892  0.0166616
1797  0.201968  0.0149606  0.774892  0.0166616
1798  0.201968  0.0149606  0.774892  0.0166616
1799  0.201968  0.0149606  0.774892  0.0166616
1800  0.201968  0.0149606  0.774892  0.0166616
1801  0.201968  0.0149606  0.774892  0.0166616
1802  0.201967  0.0149606  0.774892  0.0166616
1803  0.201966  0.0149605  0.774892  0.0166616
1804  0.201963  0.0149602  0.774892  0.0166616
1805  0.201963  0.0149602  0.774892  0.0166616
1806  0.201957  0.0149597  0.774892  0.0166616
1807  0.201948  0.0149589  0.774892  0.0166616
1808  0.201941  0.0149582  0.774892  0.0166616
1809  0.201941  0.0149582  0.774892  0.0166616
1810  0.20194  0.0149581  0.774892  0.0166616
1811  0.20194  0.0149581  0.774892  0.0166616
1812  0.201932  0.0149574  0.774892  0.0166616
1813  0.201932  0.0149574  0.774892  0.0166616
1814  0.201932  0.0149574  0.774892  0.0166616
1815  0.201932  0.0149574  0.774892  0.0166616
1816  0.201932  0.0149574  0.774892  0.0166616
1817  0.201932  0.0149574  0.774892  0.0166616
1818  0.201932  0.0149574  0.774892  0.0166616
1819  0.201932  0.0149574  0.774892  0.0166616
1820  0.201932  0.0149574  0.774892  0.0166616
1821  0.201932  0.0149574  0.774892  0.0166616
1822  0.201927  0.0149572  0.774892  0.0166616
1823  0.201914  0.0149565  0.774892  0.0166616
1824  0.201914  0.0149565  0.774892  0.0166616
1825  0.201914  0.0149565  0.774892  0.0166616
1826  0.201914  0.0149565  0.774892  0.0166616
1827  0.201914  0.0149565  0.774892  0.0166616
1828  0.201914  0.0149565  0.774892  0.0166616
1829  0.201914  0.0149565  0.774892  0.0166616
1830  0.201914  0.0149565  0.774892  0.0166616
1831  0.201904  0.0149556  0.774892  0.0166616
1832  0.201904  0.0149556  0.774892  0.0166616
1833  0.201899  0.0149552  0.774892  0.0166616
1834  0.201897  0.014955  0.774892  0.0166616
1835  0.201894  0.0149548  0.774892  0.0166616
1836  0.20189  0.0149545  0.774892  0.0166616
1837  0.20189  0.0149544  0.774892  0.0166616
1838  0.20189  0.0149544  0.774892  0.0166616
1839  0.20189  0.0149544  0.774892  0.0166616
1840  0.20189  0.0149544  0.774892  0.0166616
1841  0.20189  0.0149544  0.774892  0.0166616
1842  0.20189  0.0149544  0.774892  0.0166616
1843  0.20189  0.0149544  0.774892  0.0166616
1844  0.20189  0.0149544  0.774892  0.0166616
1845  0.20189  0.0149544  0.774892  0.0166616
1846  0.201879  0.0149538  0.774892  0.0166616
1847  0.201865  0.0149531  0.774892  0.0166616
1848  0.20186  0.0149529  0.774892  0.0166616
1849  0.201858  0.0149527  0.774892  0.0166616
1850  0.201846  0.0149517  0.774892  0.0166616
1851  0.201844  0.0149515  0.774892  0.0166616
1852  0.201841  0.0149513  0.774892  0.0166616
1853  0.201838  0.014951  0.774892  0.0166616
1854  0.201835  0.0149507  0.774892  0.0166616
1855  0.201835  0.0149507  0.774892  0.0166616
1856  0.201835  0.0149507  0.774892  0.0166616
1857  0.201834  0.0149506  0.774892  0.0166616
1858  0.201833  0.0149505  0.774892  0.0166616
1859  0.201827  0.0149499  0.774892  0.0166616
1860  0.201825  0.0149497  0.774892  0.0166616
1861  0.201825  0.0149497  0.774892  0.0166616
1862  0.201825  0.0149497  0.774892  0.0166616
1863  0.201825  0.0149497  0.774892  0.0166616
1864  0.201825  0.0149497  0.774892  0.0166616
1865  0.201825  0.0149497  0.774892  0.0166616
1866  0.201825  0.0149497  0.774892  0.0166616
1867  0.201825  0.0149497  0.774892  0.0166616
1868  0.201825  0.0149497  0.774892  0.0166616
1869  0.201825  0.0149497  0.774892  0.0166616
1870  0.201825  0.0149497  0.774892  0.0166616
1871  0.201825  0.0149497  0.774892  0.0166616
1872  0.201825  0.0149497  0.774892  0.0166616
1873  0.201825  0.0149497  0.774892  0.0166616
1874  0.201825  0.0149497  0.774892  0.0166616
1875  0.201825  0.0149497  0.774892  0.0166616
1876  0.201818  0.0149491  0.774892  0.0166616
1877  0.201818  0.0149491  0.774892  0.0166616
1878  0.201818  0.0149491  0.774892  0.0166616
1879  0.201818  0.0149491  0.774892  0.0166616
1880  0.201818  0.0149491  0.774892  0.0166616
1881  0.201818  0.0149491  0.774892  0.0166616
1882  0.201818  0.0149491  0.774892  0.0166616
1883  0.201818  0.0149491  0.774892  0.0166616
1884  0.201818  0.0149491  0.774892  0.0166616
1885  0.201818  0.0149491  0.774892  0.0166616
1886  0.201818  0.0149491  0.774892  0.0166616
1887  0.20181  0.0149485  0.774892  0.0166616
1888  0.20181  0.0149485  0.774892  0.0166616
1889  0.201806  0.0149482  0.774892  0.0166616
1890  0.201806  0.0149482  0.774892  0.0166616
1891  0.201806  0.0149482  0.774892  0.0166616
1892  0.201806  0.0149482  0.774892  0.0166616
1893  0.201805  0.0149481  0.774892  0.0166616
1894  0.201801  0.0149479  0.774892  0.0166616
1895  0.201799  0.0149478  0.774892  0.0166616
1896  0.201799  0.0149478  0.774892  0.0166616
1897  0.201798  0.0149477  0.774892  0.0166616
1898  0.201792  0.0149472  0.774892  0.0166616
1899  0.201792  0.0149472  0.774892  0.0166616
1900  0.201792  0.0149472  0.774892  0.0166616
1901  0.201789  0.014947  0.774892  0.0166616
1902  0.201785  0.0149466  0.774892  0.0166616
1903  0.201785  0.0149466  0.774892  0.0166616
1904  0.201785  0.0149466  0.774892  0.0166616
1905  0.201785  0.0149466  0.774892  0.0166616
1906  0.201785  0.0149466  0.774892  0.0166616
1907  0.201771  0.0149456  0.774892  0.0166616
1908  0.201771  0.0149456  0.774892  0.0166616
1909  0.201771  0.0149456  0.774892  0.0166616
1910  0.201771  0.0149456  0.774892  0.0166616
1911  0.201771  0.0149456  0.774892  0.0166616
1912  0.201771  0.0149456  0.774892  0.0166616
1913  0.201771  0.0149456  0.774892  0.0166616
1914  0.20177  0.0149456  0.774892  0.0166616
1915  0.20177  0.0149456  0.774892  0.0166616
1916  0.201753  0.0149442  0.774892  0.0166616
1917  0.201753  0.0149442  0.774892  0.0166616
1918  0.201753  0.0149442  0.774892  0.0166616
1919  0.201732  0.0149427  0.774892  0.0166616
1920  0.201723  0.014942  0.774892  0.0166616
1921  0.201723  0.014942  0.774892  0.0166616
1922  0.201723  0.014942  0.774892  0.0166616
1923  0.201723  0.014942  0.774892  0.0166616
1924  0.201723  0.014942  0.774892  0.0166616
1925  0.201723  0.014942  0.774892  0.0166616
1926  0.201718  0.0149416  0.774892  0.0166616
1927  0.201718  0.0149416  0.774892  0.0166616
1928  0.201718  0.0149416  0.774892  0.0166616
1929  0.201711  0.0149411  0.774892  0.0166616
1930  0.201699  0.0149401  0.774892  0.0166616
1931  0.201692  0.0149396  0.774892  0.0166616
1932  0.201686  0.0149391  0.774892  0.0166616
1933  0.201686  0.0149391  0.774892  0.0166616
1934  0.201682  0.0149388  0.774892  0.0166616
1935  0.201682  0.0149388  0.774892  0.0166616
1936  0.201682  0.0149388  0.774892  0.0166616
1937  0.201682  0.0149388  0.774892  0.0166616
1938  0.201682  0.0149388  0.774892  0.0166616
1939  0.201681  0.0149387  0.774892  0.0166616
1940  0.201681  0.0149387  0.774892  0.0166616
1941  0.201678  0.0149385  0.774892  0.0166616
1942  0.201678  0.0149385  0.774892  0.0166616
1943  0.201678  0.0149385  0.774892  0.0166616
1944  0.201676  0.0149384  0.774892  0.0166616
1945  0.201676  0.0149384  0.774892  0.0166616
1946  0.201676  0.0149384  0.774892  0.0166616
1947  0.201676  0.0149384  0.774892  0.0166616
1948  0.201676  0.0149384  0.774892  0.0166616
1949  0.201676  0.0149384  0.774892  0.0166616
1950  0.201676  0.0149384  0.774892  0.0166616
1951  0.201676  0.0149384  0.774892  0.0166616
1952  0.201676  0.0149384  0.774892  0.0166616
1953  0.201676  0.0149384  0.774892  0.0166616
1954  0.201676  0.0149384  0.774892  0.0166616
1955  0.201676  0.0149384  0.774892  0.0166616
1956  0.201676  0.0149384  0.774892  0.0166616
1957  0.201676  0.0149384  0.774892  0.0166616
1958  0.201676  0.0149384  0.774892  0.0166616
1959  0.201676  0.0149384  0.774892  0.0166616
1960  0.201676  0.0149384  0.774892  0.0166616
1961  0.201676  0.0149384  0.774892  0.0166616
1962  0.201676  0.0149384  0.774892  0.0166616
1963  0.201676  0.0149384  0.774892  0.0166616
1964  0.201676  0.0149384  0.774892  0.0166616
1965  0.201676  0.0149384  0.774892  0.0166616
1966  0.201676  0.0149384  0.774892  0.0166616
1967  0.201676  0.0149384  0.774892  0.0166616
1968  0.201676  0.0149384  0.774892  0.0166616
1969  0.201676  0.0149384  0.774892  0.0166616
1970  0.201676  0.0149384  0.774892  0.0166616
1971  0.201676  0.0149384  0.774892  0.0166616
1972  0.201676  0.0149384  0.774892  0.0166616
1973  0.201676  0.0149384  0.774892  0.0166616
1974  0.201676  0.0149384  0.774892  0.0166616
1975  0.201676  0.0149384  0.774892  0.0166616
1976  0.201676  0.0149384  0.774892  0.0166616
1977  0.201676  0.0149384  0.774892  0.0166616
1978  0.201676  0.0149384  0.774892  0.0166616
1979  0.201676  0.0149384  0.774892  0.0166616
1980  0.201676  0.0149384  0.774892  0.0166616
1981  0.201676  0.0149384  0.774892  0.0166616
1982  0.201676  0.0149384  0.774892  0.0166616
1983  0.201676  0.0149384  0.774892  0.0166616
1984  0.201676  0.0149384  0.774892  0.0166616
1985  0.201676  0.0149384  0.774892  0.0166616
1986  0.201676  0.0149384  0.774892  0.0166616
1987  0.201676  0.0149384  0.774892  0.0166616
1988  0.201676  0.0149384  0.774892  0.0166616
1989  0.201676  0.0149384  0.774892  0.0166616
1990  0.201676  0.0149384  0.774892  0.0166616
1991  0.201676  0.0149384  0.774892  0.0166616
1992  0.201676  0.0149384  0.774892  0.0166616
1993  0.201676  0.0149384  0.774892  0.0166616
1994  0.201676  0.0149384  0.774892  0.0166616
1995  0.201672  0.0149382  0.774892  0.0166616
1996  0.201667  0.0149378  0.774892  0.0166616
1997  0.201657  0.0149373  0.774892  0.0166616
1998  0.201657  0.0149373  0.774892  0.0166616
1999  0.201657  0.0149373  0.774892  0.0166616
