#sample=1933
0  0.470492  0.00191739  0.239386  0.00526468
1  0.442924  0.00223407  0.32128  0.00626167
2  0.422175  0.00249421  0.382506  0.00669833
3  0.406124  0.00267949  0.42641  0.00683287
4  0.393308  0.00281218  0.46527  0.00670508
5  0.383479  0.00288436  0.493594  0.00666501
6  0.375784  0.00293119  0.51133  0.0066098
7  0.369672  0.00294662  0.523314  0.00659146
8  0.364931  0.00294786  0.530022  0.0065847
9  0.361099  0.00294928  0.535342  0.00657965
10  0.357923  0.00295061  0.538015  0.00657532
11  0.355175  0.00294766  0.541317  0.00654156
12  0.353012  0.00294707  0.542619  0.00654323
13  0.351094  0.00294687  0.543559  0.00655151
14  0.349337  0.00294193  0.544904  0.0065611
15  0.347858  0.0029428  0.545585  0.00655752
16  0.346604  0.0029402  0.546836  0.00654369
17  0.345586  0.00293719  0.547646  0.00653298
18  0.344709  0.0029341  0.548198  0.00652123
19  0.344009  0.00293277  0.547594  0.00653588
20  0.343243  0.00292933  0.54831  0.00652425
21  0.342617  0.00292715  0.548836  0.00652771
22  0.342053  0.0029244  0.548482  0.00654185
23  0.341579  0.00292119  0.549  0.00652814
24  0.341126  0.00291888  0.54881  0.00654099
25  0.340707  0.00291749  0.549052  0.00654158
26  0.340297  0.00291564  0.549681  0.006529
27  0.33994  0.00291384  0.549914  0.00653147
28  0.339599  0.00291237  0.550121  0.00652693
29  0.33926  0.00291027  0.550233  0.00652619
30  0.338973  0.00290782  0.550414  0.00652274
31  0.338622  0.00290615  0.550733  0.00652216
32  0.33829  0.00290382  0.550785  0.00652785
33  0.338081  0.00290241  0.550673  0.00653038
34  0.337842  0.00290072  0.550457  0.00654483
35  0.337595  0.00289865  0.550802  0.00653375
36  0.337368  0.00289712  0.550905  0.00653057
37  0.337142  0.00289537  0.551224  0.00651966
38  0.336967  0.00289427  0.551707  0.00651418
39  0.336814  0.00289336  0.55225  0.00650366
40  0.33665  0.00289246  0.552181  0.00650517
41  0.336462  0.00289116  0.552233  0.00650752
42  0.336308  0.00289011  0.552794  0.00648889
43  0.336178  0.00288929  0.552681  0.00649458
44  0.336058  0.00288845  0.552207  0.00650374
45  0.335944  0.00288736  0.552  0.00651263
46  0.335811  0.00288613  0.55244  0.00650308
47  0.335652  0.00288432  0.552587  0.00650282
48  0.335528  0.00288314  0.5525  0.00650142
49  0.335379  0.00288122  0.552578  0.00650312
50  0.335203  0.0028795  0.552535  0.00650441
51  0.335074  0.00287803  0.552992  0.00649099
52  0.334924  0.00287665  0.552983  0.00649215
53  0.334792  0.00287485  0.552992  0.0064928
54  0.334671  0.00287343  0.552147  0.00651377
55  0.33455  0.00287278  0.551931  0.0065197
56  0.334445  0.00287102  0.552526  0.0065039
57  0.334309  0.00286947  0.55294  0.00649513
58  0.334178  0.00286781  0.55319  0.00649122
59  0.334084  0.00286656  0.552897  0.00649844
60  0.333991  0.00286557  0.553095  0.00649412
61  0.333888  0.0028645  0.553466  0.00648255
62  0.333801  0.00286363  0.554096  0.00646686
63  0.33369  0.00286243  0.554121  0.00646497
64  0.333596  0.00286101  0.554294  0.00646173
65  0.333513  0.00285996  0.554492  0.00645747
66  0.333365  0.00285855  0.554673  0.00645637
67  0.33327  0.00285777  0.554621  0.00646017
68  0.333174  0.0028569  0.55526  0.00644443
69  0.333112  0.00285614  0.555501  0.00643797
70  0.332991  0.00285378  0.555837  0.00642903
71  0.332939  0.0028533  0.555992  0.00642498
72  0.332876  0.00285254  0.555648  0.00643398
73  0.332814  0.00285203  0.555535  0.00643551
74  0.332738  0.0028513  0.555432  0.00643871
75  0.332663  0.00285049  0.555208  0.00644515
76  0.332612  0.00285007  0.555518  0.00643683
77  0.332557  0.00284961  0.555501  0.0064372
78  0.332488  0.00284904  0.555122  0.00644729
79  0.332425  0.00284841  0.555527  0.00643385
80  0.332356  0.0028472  0.55557  0.00643076
81  0.332284  0.00284643  0.555854  0.00642158
82  0.332222  0.00284567  0.556053  0.00641807
83  0.332118  0.00284495  0.556122  0.0064161
84  0.33206  0.00284406  0.556217  0.00641045
85  0.331965  0.00284308  0.556363  0.00640698
86  0.331908  0.00284257  0.556605  0.00639695
87  0.331829  0.00284146  0.557027  0.00638855
88  0.331763  0.00284095  0.557105  0.00638687
89  0.33171  0.00284026  0.557251  0.00638577
90  0.331656  0.00283999  0.55682  0.00639778
91  0.33158  0.00283959  0.557044  0.00639153
92  0.331536  0.00283892  0.557915  0.00636848
93  0.331489  0.00283828  0.557932  0.00636951
94  0.331436  0.00283776  0.557889  0.00637068
95  0.331371  0.00283702  0.558243  0.0063615
96  0.331326  0.00283673  0.558139  0.00637106
97  0.331248  0.00283595  0.558295  0.00636836
98  0.331213  0.00283518  0.558553  0.00636214
99  0.331167  0.0028347  0.558691  0.00635902
100  0.33113  0.00283416  0.558881  0.00635565
101  0.331063  0.00283335  0.559105  0.00635223
102  0.331003  0.00283295  0.559114  0.00635368
103  0.330957  0.00283249  0.559217  0.00635215
104  0.33092  0.00283189  0.55945  0.00634481
105  0.33088  0.00283139  0.559683  0.00633728
106  0.330831  0.00283091  0.559346  0.00634881
107  0.330787  0.00283061  0.559208  0.00635333
108  0.330712  0.00282994  0.55951  0.00634492
109  0.330667  0.00282937  0.559648  0.00634102
110  0.330614  0.00282846  0.559829  0.00633761
111  0.33058  0.00282818  0.560166  0.00632928
112  0.330523  0.00282742  0.560416  0.00632261
113  0.330482  0.00282722  0.560571  0.00631693
114  0.330436  0.00282646  0.560545  0.00631654
115  0.330383  0.00282573  0.560795  0.00630956
116  0.330334  0.00282506  0.56089  0.0063069
117  0.33027  0.00282444  0.560976  0.00630453
118  0.330235  0.00282394  0.560631  0.00631637
119  0.330179  0.00282303  0.561105  0.00630474
120  0.330133  0.00282236  0.56139  0.00629799
121  0.330099  0.00282194  0.561304  0.00629923
122  0.330046  0.00282088  0.561467  0.00629808
123  0.330009  0.00282017  0.56164  0.00629188
124  0.329942  0.00281917  0.561278  0.00630281
125  0.329911  0.00281859  0.561252  0.00630015
126  0.32988  0.00281823  0.561079  0.00630514
127  0.329841  0.00281752  0.561183  0.00630138
128  0.329817  0.00281715  0.561062  0.0063071
129  0.329771  0.00281668  0.56133  0.00629785
130  0.329737  0.00281624  0.561459  0.00629032
131  0.329697  0.00281561  0.5612  0.00629774
132  0.329673  0.00281542  0.561424  0.00628912
133  0.32963  0.00281525  0.561399  0.00629058
134  0.329581  0.00281463  0.561355  0.00629324
135  0.329522  0.00281465  0.561519  0.00629019
136  0.329484  0.00281397  0.561528  0.00628805
137  0.329457  0.00281368  0.561769  0.00628059
138  0.329417  0.00281309  0.561761  0.00628414
139  0.329361  0.00281231  0.562054  0.00627469
140  0.329323  0.00281161  0.562243  0.0062698
141  0.329289  0.00281101  0.562588  0.00625919
142  0.329241  0.00281066  0.562649  0.00625494
143  0.329215  0.00281042  0.562718  0.00625339
144  0.329171  0.0028097  0.562942  0.00624458
145  0.329136  0.00280917  0.563166  0.00623938
146  0.329112  0.0028087  0.563356  0.00623347
147  0.329066  0.0028081  0.563632  0.00622511
148  0.329038  0.00280792  0.56364  0.00622479
149  0.329019  0.00280774  0.56377  0.00622025
150  0.32898  0.00280723  0.563804  0.00621907
151  0.328933  0.00280682  0.563821  0.00621675
152  0.328893  0.00280656  0.564304  0.00620382
153  0.328862  0.00280598  0.564304  0.00620521
154  0.328842  0.0028058  0.564296  0.00620402
155  0.328816  0.00280563  0.564304  0.00620412
156  0.328793  0.00280525  0.564252  0.00620719
157  0.328774  0.00280501  0.564287  0.00620408
158  0.328748  0.00280483  0.564278  0.00620189
159  0.328719  0.00280444  0.564408  0.00619963
160  0.32869  0.0028039  0.564123  0.00620732
161  0.328664  0.00280369  0.564235  0.0062038
162  0.328652  0.00280344  0.564649  0.00619149
163  0.328631  0.00280313  0.564649  0.00619145
164  0.328617  0.00280313  0.564528  0.0061958
165  0.328599  0.00280299  0.564347  0.00619992
166  0.328574  0.0028026  0.564408  0.00619687
167  0.328531  0.00280226  0.564546  0.00619246
168  0.328512  0.00280209  0.564649  0.00619084
169  0.328493  0.00280198  0.564753  0.00618638
170  0.328483  0.00280184  0.564916  0.00618109
171  0.328468  0.00280185  0.564804  0.00618634
172  0.328449  0.00280163  0.564977  0.00618182
173  0.328417  0.00280128  0.56502  0.00617881
174  0.328396  0.00280116  0.565123  0.00617667
175  0.328376  0.00280113  0.565054  0.00617865
176  0.328343  0.0028005  0.565063  0.00618051
177  0.328327  0.00280037  0.564925  0.00618439
178  0.328306  0.00279993  0.564796  0.00618835
179  0.328283  0.00279961  0.564839  0.00618826
180  0.328254  0.00279902  0.565089  0.00617889
181  0.328234  0.00279866  0.56508  0.0061755
182  0.328221  0.00279855  0.565072  0.00617637
183  0.328191  0.00279824  0.564951  0.00618008
184  0.328164  0.0027979  0.564959  0.00617671
185  0.328152  0.00279759  0.565184  0.00617062
186  0.32814  0.00279741  0.565184  0.00617151
187  0.328116  0.00279702  0.56527  0.00617057
188  0.328089  0.00279675  0.56558  0.00616491
189  0.328029  0.00279616  0.565899  0.00615806
190  0.328016  0.00279612  0.565942  0.00615767
191  0.327991  0.00279608  0.565994  0.00615531
192  0.327978  0.00279591  0.566037  0.00615383
193  0.327958  0.0027958  0.566046  0.00615355
194  0.32793  0.00279581  0.566037  0.00615383
195  0.327898  0.0027954  0.565744  0.00615961
196  0.327883  0.00279517  0.565598  0.0061619
197  0.327869  0.00279493  0.565615  0.00616138
198  0.327847  0.00279444  0.565675  0.0061605
199  0.327839  0.00279435  0.565632  0.00615998
200  0.327818  0.0027939  0.565804  0.00615346
201  0.32781  0.00279385  0.565865  0.0061518
202  0.327787  0.00279354  0.566011  0.00614884
203  0.327752  0.00279281  0.566615  0.00613242
204  0.327725  0.00279273  0.566563  0.00613086
205  0.32769  0.00279234  0.566503  0.00612957
206  0.327655  0.00279165  0.566598  0.00612596
207  0.327642  0.00279142  0.566908  0.00612008
208  0.327635  0.00279133  0.566925  0.00611907
209  0.327615  0.00279099  0.566718  0.00612612
210  0.327597  0.00279066  0.56696  0.00611749
211  0.32755  0.0027898  0.567201  0.00611174
212  0.327533  0.00278947  0.567193  0.00611244
213  0.327517  0.00278927  0.567175  0.0061141
214  0.327494  0.00278895  0.567356  0.00610987
215  0.327474  0.00278875  0.567408  0.00610949
216  0.327436  0.00278822  0.567417  0.00610822
217  0.327403  0.00278795  0.567218  0.00611317
218  0.327395  0.0027879  0.567236  0.00611324
219  0.327376  0.00278775  0.567227  0.00611354
220  0.327361  0.00278767  0.567339  0.00611164
221  0.327352  0.00278763  0.567201  0.00611398
222  0.327323  0.00278711  0.567425  0.00610826
223  0.327298  0.00278681  0.567529  0.00610484
224  0.327282  0.00278671  0.567512  0.0061057
225  0.327277  0.00278665  0.5674  0.00611013
226  0.327268  0.00278649  0.567615  0.00610239
227  0.327261  0.00278632  0.567736  0.00610072
228  0.327243  0.00278586  0.567796  0.00609785
229  0.327228  0.00278586  0.567796  0.00609785
230  0.327186  0.00278558  0.567831  0.00609907
231  0.327173  0.00278536  0.568124  0.00609183
232  0.32716  0.00278514  0.568253  0.00608752
233  0.32715  0.00278507  0.56827  0.00608917
234  0.327125  0.002785  0.568477  0.00608225
235  0.327096  0.0027846  0.568727  0.00607442
236  0.327082  0.00278439  0.568762  0.00607314
237  0.327057  0.00278392  0.568736  0.00607564
238  0.327033  0.00278346  0.56871  0.00607747
239  0.327024  0.00278331  0.568814  0.00607453
240  0.326988  0.00278329  0.568814  0.0060768
241  0.326967  0.00278304  0.568857  0.00607554
242  0.326948  0.00278272  0.568727  0.00607927
243  0.326929  0.00278264  0.568658  0.00607993
244  0.326898  0.00278215  0.568667  0.00607892
245  0.326879  0.0027819  0.568727  0.00608103
246  0.326869  0.00278173  0.568839  0.00607678
247  0.32686  0.00278159  0.568874  0.00607482
248  0.326853  0.00278139  0.568926  0.00607233
249  0.326847  0.00278131  0.568848  0.00607508
250  0.326834  0.00278104  0.568857  0.00607467
251  0.326818  0.00278074  0.568633  0.00608021
252  0.326792  0.00278047  0.568495  0.00608418
253  0.32677  0.00278043  0.568495  0.00608418
254  0.32675  0.00277997  0.568762  0.00607368
255  0.326721  0.00277962  0.568848  0.00607011
256  0.326702  0.00277931  0.568934  0.00606747
257  0.326677  0.00277916  0.568822  0.0060708
258  0.326667  0.00277903  0.568736  0.00607254
259  0.326652  0.00277878  0.569021  0.00606429
260  0.326607  0.00277851  0.569202  0.00605809
261  0.326593  0.00277823  0.569193  0.00605715
262  0.326567  0.00277771  0.569288  0.00605438
263  0.326555  0.0027774  0.569262  0.00605489
264  0.326532  0.00277686  0.569072  0.00605829
265  0.326513  0.00277677  0.56934  0.00605094
266  0.326503  0.00277648  0.5694  0.00604881
267  0.326488  0.00277623  0.569391  0.00604846
268  0.32647  0.00277603  0.569503  0.00604613
269  0.326442  0.00277557  0.569452  0.00604903
270  0.326427  0.0027754  0.569288  0.00605468
271  0.326407  0.00277497  0.569288  0.00605457
272  0.3264  0.00277488  0.569219  0.00605743
273  0.326392  0.00277485  0.569227  0.00605703
274  0.326381  0.00277474  0.569193  0.00605812
275  0.326372  0.00277453  0.569409  0.0060526
276  0.326358  0.00277433  0.569426  0.00605209
277  0.326343  0.0027739  0.569728  0.00604119
278  0.326327  0.00277366  0.56959  0.00604693
279  0.326319  0.00277348  0.5694  0.0060532
280  0.326298  0.00277294  0.569409  0.00605282
281  0.326288  0.00277287  0.569495  0.00604924
282  0.326252  0.00277235  0.569417  0.00605115
283  0.326244  0.00277209  0.569771  0.00603935
284  0.326231  0.00277181  0.569978  0.00603257
285  0.326219  0.00277169  0.569969  0.00603288
286  0.32621  0.00277144  0.570047  0.00603073
287  0.326205  0.00277141  0.569762  0.00603821
288  0.326181  0.00277102  0.569848  0.00603584
289  0.326166  0.00277066  0.57015  0.0060264
290  0.326145  0.00277038  0.570193  0.00602504
291  0.326126  0.00277014  0.570185  0.00602475
292  0.326104  0.00276985  0.570029  0.00603018
293  0.326085  0.00276938  0.569865  0.00603467
294  0.326064  0.00276886  0.570271  0.0060197
295  0.326055  0.00276878  0.570245  0.006022
296  0.326032  0.00276831  0.570236  0.00602285
297  0.326025  0.0027682  0.570228  0.0060241
298  0.326016  0.00276806  0.570133  0.00602688
299  0.326006  0.00276785  0.569891  0.00603469
300  0.325995  0.00276763  0.569969  0.00603261
301  0.325971  0.00276758  0.570038  0.00603021
302  0.325962  0.00276741  0.570072  0.00603032
303  0.325947  0.00276711  0.570141  0.00602977
304  0.325938  0.00276693  0.570348  0.00602043
305  0.325912  0.00276674  0.570391  0.00601964
306  0.325906  0.00276665  0.570357  0.00602076
307  0.325891  0.00276644  0.570486  0.00601908
308  0.325881  0.00276626  0.570547  0.00601675
309  0.325865  0.00276598  0.571029  0.00599976
310  0.325853  0.00276579  0.571073  0.00599847
311  0.32583  0.00276573  0.571159  0.00599668
312  0.325818  0.00276553  0.571323  0.00599226
313  0.325804  0.00276535  0.571193  0.00599612
314  0.32578  0.00276504  0.571331  0.00599346
315  0.325769  0.00276486  0.571305  0.00599428
316  0.325755  0.0027646  0.571288  0.00599609
317  0.325737  0.00276446  0.571124  0.00600068
318  0.325727  0.00276428  0.571081  0.00600234
319  0.325717  0.00276425  0.571193  0.00599768
320  0.325708  0.00276406  0.571288  0.00599522
321  0.325694  0.00276372  0.571245  0.00599649
322  0.325661  0.00276369  0.57134  0.00599466
323  0.325646  0.00276356  0.571409  0.00599364
324  0.32564  0.00276347  0.571426  0.00599282
325  0.325628  0.00276331  0.571555  0.00598623
326  0.325626  0.00276326  0.571624  0.00598443
327  0.325609  0.00276307  0.571805  0.00597792
328  0.325598  0.00276306  0.571728  0.005981
329  0.325569  0.00276283  0.571711  0.00598308
330  0.325556  0.00276249  0.572081  0.00597499
331  0.32555  0.00276238  0.572125  0.00597394
332  0.325532  0.00276218  0.572021  0.00597832
333  0.325513  0.00276228  0.571995  0.00597917
334  0.325484  0.00276207  0.57215  0.0059735
335  0.32547  0.00276186  0.572038  0.00597719
336  0.32546  0.00276175  0.572038  0.00597719
337  0.325451  0.00276173  0.572038  0.00597719
338  0.325437  0.00276152  0.572185  0.00597209
339  0.325421  0.00276153  0.572125  0.00597215
340  0.325416  0.00276148  0.571909  0.00597944
341  0.325408  0.00276136  0.571823  0.00598329
342  0.325396  0.00276112  0.571814  0.00598299
343  0.325372  0.00276065  0.571633  0.00598735
344  0.325356  0.00276033  0.571538  0.00599105
345  0.325341  0.00276013  0.571581  0.00599002
346  0.325333  0.00275999  0.571469  0.0059933
347  0.325321  0.00275966  0.571668  0.00598676
348  0.325316  0.00275957  0.572021  0.00597734
349  0.325301  0.00275945  0.572116  0.00597307
350  0.325287  0.00275925  0.571909  0.00597974
351  0.32528  0.00275914  0.571909  0.00597725
352  0.32526  0.00275892  0.571926  0.00597791
353  0.325256  0.00275885  0.572012  0.00597426
354  0.325239  0.00275846  0.57209  0.0059707
355  0.325202  0.00275829  0.57209  0.0059728
356  0.32518  0.00275795  0.571961  0.00597577
357  0.325166  0.00275779  0.57184  0.00597946
358  0.325144  0.00275757  0.571762  0.00598044
359  0.325131  0.00275726  0.571857  0.00597707
360  0.325116  0.00275711  0.571909  0.00597496
361  0.325094  0.00275683  0.571969  0.00597019
362  0.325075  0.00275659  0.571883  0.00597374
363  0.325069  0.00275657  0.571909  0.00597278
364  0.325052  0.00275636  0.571823  0.0059764
365  0.325041  0.00275607  0.571909  0.0059736
366  0.325017  0.00275576  0.572064  0.00597017
367  0.32498  0.00275503  0.572159  0.00596598
368  0.324973  0.0027549  0.572349  0.00595967
369  0.324956  0.00275468  0.572383  0.00595802
370  0.324942  0.0027546  0.572547  0.00595486
371  0.324938  0.00275452  0.572538  0.00595516
372  0.324932  0.00275445  0.572495  0.00595614
373  0.324928  0.00275443  0.572599  0.00595294
374  0.324923  0.00275439  0.572452  0.0059593
375  0.324917  0.00275427  0.572452  0.0059593
376  0.324913  0.00275416  0.572452  0.0059593
377  0.324912  0.00275413  0.572478  0.0059593
378  0.3249  0.00275398  0.57259  0.00595669
379  0.324897  0.00275394  0.572633  0.00595533
380  0.324896  0.00275394  0.572633  0.00595533
381  0.324881  0.00275385  0.572659  0.00595545
382  0.324869  0.00275365  0.572926  0.00594779
383  0.324847  0.00275363  0.572745  0.00595132
384  0.324829  0.00275354  0.572901  0.00594798
385  0.324813  0.00275349  0.572771  0.00595046
386  0.324811  0.00275347  0.572771  0.00595046
387  0.324794  0.00275334  0.572642  0.00595456
388  0.324784  0.0027532  0.572728  0.00595089
389  0.324774  0.00275306  0.572987  0.00594312
390  0.324759  0.0027531  0.572987  0.00594312
391  0.324752  0.00275301  0.573082  0.00593987
392  0.324748  0.00275289  0.573228  0.00593475
393  0.324734  0.0027526  0.573151  0.005937
394  0.324724  0.00275247  0.573116  0.00593863
395  0.324718  0.0027523  0.572987  0.00594528
396  0.32471  0.00275225  0.572987  0.00594528
397  0.324692  0.00275214  0.572823  0.00594894
398  0.324677  0.00275207  0.572754  0.00595078
399  0.324673  0.00275211  0.572969  0.00594576
400  0.32465  0.00275165  0.572952  0.00594655
401  0.324627  0.00275132  0.573064  0.00594506
402  0.324601  0.00275096  0.573013  0.00594653
403  0.324587  0.00275088  0.573021  0.00594651
404  0.324578  0.00275068  0.573349  0.00593705
405  0.324559  0.00275079  0.573435  0.00593473
406  0.324548  0.00275086  0.573444  0.00593467
407  0.324543  0.00275079  0.573349  0.00593742
408  0.324538  0.0027507  0.573306  0.00593766
409  0.324523  0.00275043  0.573383  0.00593394
410  0.32452  0.00275037  0.573383  0.00593394
411  0.324511  0.00275049  0.573401  0.00593335
412  0.324493  0.00275028  0.573478  0.0059292
413  0.32447  0.00274991  0.573366  0.00593447
414  0.324469  0.0027499  0.573366  0.00593447
415  0.324462  0.00274975  0.573185  0.00593735
416  0.324437  0.00274911  0.573366  0.00593042
417  0.324422  0.00274909  0.573349  0.00593081
418  0.324412  0.00274893  0.573271  0.00593169
419  0.324401  0.0027489  0.573444  0.00592946
420  0.324393  0.00274872  0.57353  0.00592727
421  0.324389  0.00274867  0.573547  0.00592706
422  0.324382  0.00274863  0.573564  0.00592693
423  0.324371  0.00274863  0.573487  0.00592917
424  0.324368  0.00274857  0.573504  0.00592901
425  0.324361  0.00274857  0.573513  0.00592884
426  0.324345  0.0027484  0.573521  0.00592727
427  0.324339  0.00274834  0.57347  0.00592708
428  0.324327  0.00274833  0.573513  0.00592745
429  0.32432  0.00274828  0.573444  0.00592929
430  0.324307  0.0027482  0.573418  0.00592949
431  0.324292  0.00274785  0.573297  0.00593454
432  0.324282  0.00274765  0.573125  0.00593815
433  0.324271  0.0027474  0.573176  0.00593669
434  0.324267  0.00274731  0.573142  0.00593831
435  0.324239  0.00274713  0.573116  0.00593829
436  0.324219  0.00274674  0.573349  0.00593227
437  0.3242  0.00274641  0.573288  0.00593364
438  0.32418  0.00274613  0.573228  0.00593345
439  0.324176  0.00274611  0.573271  0.00593352
440  0.32417  0.00274603  0.573168  0.00593764
441  0.324161  0.00274594  0.57309  0.00594047
442  0.324157  0.00274585  0.573237  0.00593397
443  0.324152  0.00274576  0.573288  0.00593341
444  0.324148  0.00274574  0.573306  0.00593267
445  0.324144  0.0027458  0.573306  0.00593267
446  0.324133  0.00274583  0.573392  0.00593237
447  0.324127  0.00274575  0.573409  0.00593173
448  0.324101  0.00274524  0.573521  0.00592718
449  0.324095  0.00274511  0.573426  0.00593122
450  0.324061  0.00274453  0.573547  0.00592631
451  0.324052  0.0027444  0.573599  0.00592567
452  0.324048  0.0027444  0.573521  0.00592781
453  0.324037  0.00274429  0.57328  0.00593382
454  0.32403  0.00274428  0.573357  0.00593169
455  0.324029  0.00274426  0.573357  0.00593169
456  0.324024  0.00274415  0.57353  0.00592557
457  0.32402  0.00274413  0.57353  0.00592557
458  0.324001  0.00274392  0.573651  0.00592311
459  0.32399  0.00274376  0.573694  0.00592186
460  0.323972  0.00274366  0.573771  0.00591694
461  0.323957  0.00274347  0.57378  0.00591689
462  0.323939  0.00274344  0.573771  0.00591683
463  0.323937  0.0027434  0.573771  0.00591683
464  0.323934  0.0027433  0.573771  0.00591683
465  0.323933  0.00274328  0.573771  0.00591683
466  0.323921  0.00274314  0.573608  0.00592303
467  0.323915  0.002743  0.573642  0.0059217
468  0.323911  0.00274289  0.573642  0.0059217
469  0.32389  0.00274258  0.573633  0.00592176
470  0.323885  0.0027424  0.573651  0.00592073
471  0.323845  0.0027419  0.573875  0.00591648
472  0.323833  0.00274162  0.573944  0.0059142
473  0.323812  0.00274142  0.573927  0.00591512
474  0.323803  0.00274136  0.573875  0.0059164
475  0.323783  0.00274105  0.574039  0.00591034
476  0.323775  0.00274097  0.574297  0.00590587
477  0.323763  0.00274088  0.574375  0.00590372
478  0.323748  0.00274076  0.57447  0.00590247
479  0.323739  0.00274066  0.57459  0.00590039
480  0.323733  0.00274051  0.574703  0.00589309
481  0.323723  0.00274039  0.574815  0.00588856
482  0.323706  0.0027402  0.574772  0.00588991
483  0.323697  0.00274012  0.574815  0.00588947
484  0.32369  0.00274011  0.574953  0.00588565
485  0.323681  0.00274011  0.574978  0.00588462
486  0.323673  0.00274011  0.574892  0.00588835
487  0.323654  0.00273989  0.575047  0.00588528
488  0.323636  0.00273964  0.575039  0.00588208
489  0.323609  0.00273899  0.575142  0.00587925
490  0.323596  0.00273892  0.575237  0.00587871
491  0.323578  0.00273883  0.575228  0.00587903
492  0.323563  0.00273887  0.575142  0.00587958
493  0.323551  0.00273886  0.575263  0.00587647
494  0.323549  0.00273878  0.575237  0.00587769
495  0.323544  0.00273873  0.575228  0.00587812
496  0.323541  0.00273876  0.575228  0.00587812
497  0.323535  0.00273876  0.575228  0.00587812
498  0.323515  0.00273874  0.575203  0.00587873
499  0.323513  0.00273872  0.575323  0.00587745
500  0.323509  0.0027387  0.575168  0.00588326
501  0.323505  0.00273861  0.575254  0.00587952
502  0.323492  0.00273839  0.575341  0.00587705
503  0.323482  0.00273812  0.575315  0.00587822
504  0.323475  0.00273799  0.575099  0.00588518
505  0.323473  0.00273797  0.575099  0.00588518
506  0.323467  0.00273787  0.575082  0.00588647
507  0.323465  0.00273785  0.575082  0.00588647
508  0.323455  0.00273759  0.575254  0.00588027
509  0.323448  0.00273749  0.575254  0.00588036
510  0.323442  0.00273739  0.575211  0.00588137
511  0.323428  0.00273735  0.574978  0.00588826
512  0.323412  0.00273707  0.575134  0.00588596
513  0.323404  0.00273683  0.575099  0.00588735
514  0.323392  0.00273666  0.575289  0.00588094
515  0.323386  0.0027366  0.57553  0.00587417
516  0.323377  0.00273655  0.575634  0.00587247
517  0.323373  0.00273654  0.575625  0.00587278
518  0.323364  0.00273649  0.57553  0.00587557
519  0.323352  0.00273636  0.57553  0.00587557
520  0.323348  0.00273642  0.575582  0.00587575
521  0.323329  0.00273624  0.575668  0.00587417
522  0.323313  0.00273599  0.575884  0.00586845
523  0.323293  0.00273559  0.576108  0.00586274
524  0.323287  0.00273541  0.576194  0.00585898
525  0.323277  0.00273536  0.576289  0.00585508
526  0.323254  0.00273508  0.576496  0.00584895
527  0.323239  0.00273508  0.576418  0.00585242
528  0.323233  0.002735  0.576522  0.00584805
529  0.323215  0.00273505  0.576599  0.00584472
530  0.323212  0.00273504  0.576634  0.00584357
531  0.323205  0.00273508  0.576643  0.00584332
532  0.323192  0.00273479  0.576694  0.00584151
533  0.323177  0.00273464  0.576599  0.00584281
534  0.32317  0.00273448  0.576634  0.00584166
535  0.323168  0.00273443  0.576634  0.00584166
536  0.323163  0.00273431  0.576798  0.0058357
537  0.323161  0.00273427  0.57678  0.0058361
538  0.323161  0.00273427  0.57678  0.0058361
539  0.323159  0.00273428  0.57678  0.0058361
540  0.323154  0.00273416  0.576574  0.00584118
541  0.32315  0.00273415  0.576574  0.00584118
542  0.323145  0.00273415  0.576574  0.00584118
543  0.32314  0.00273416  0.576401  0.00584869
544  0.323135  0.00273412  0.576401  0.00584869
545  0.323126  0.00273393  0.576392  0.00584913
546  0.323122  0.00273384  0.576306  0.00585162
547  0.323113  0.00273366  0.576384  0.00584886
548  0.323106  0.00273359  0.57647  0.0058451
549  0.323082  0.00273314  0.576349  0.0058504
550  0.32307  0.00273289  0.576341  0.00585154
551  0.323048  0.00273268  0.57616  0.00585552
552  0.323037  0.00273245  0.576237  0.00585448
553  0.323031  0.00273246  0.576237  0.00585448
554  0.323025  0.00273234  0.576168  0.00585657
555  0.323017  0.00273215  0.576151  0.00585743
556  0.323013  0.00273215  0.576151  0.00585743
557  0.323008  0.00273206  0.576013  0.00586267
558  0.323001  0.00273202  0.575927  0.00586642
559  0.322988  0.00273206  0.575867  0.00586537
560  0.322979  0.00273201  0.575953  0.00586289
561  0.322974  0.0027319  0.576022  0.00585978
562  0.322968  0.0027318  0.576022  0.00585978
563  0.322964  0.0027317  0.576013  0.00585997
564  0.32295  0.00273147  0.576091  0.00585764
565  0.322944  0.0027314  0.576082  0.00585783
566  0.322933  0.00273119  0.576065  0.00585825
567  0.322916  0.00273106  0.576168  0.00585523
568  0.322911  0.00273093  0.576168  0.00585523
569  0.322908  0.00273086  0.576229  0.00585335
570  0.322902  0.00273082  0.57616  0.00585626
571  0.322896  0.00273076  0.576082  0.00585807
572  0.322888  0.00273075  0.576073  0.00585849
573  0.322877  0.00273074  0.576039  0.00586073
574  0.322869  0.00273073  0.576039  0.00586073
575  0.322867  0.00273071  0.575944  0.00586109
576  0.322866  0.00273073  0.575944  0.00586109
577  0.322866  0.00273074  0.575944  0.00586109
578  0.322862  0.0027306  0.576117  0.00585485
579  0.322858  0.00273056  0.576082  0.0058562
580  0.322854  0.00273044  0.576168  0.00585245
581  0.322844  0.0027305  0.57622  0.00585151
582  0.322829  0.00273022  0.576341  0.0058466
583  0.322822  0.00273006  0.576358  0.005846
584  0.322815  0.00272998  0.576427  0.00584391
585  0.322812  0.00272991  0.576444  0.00584351
586  0.322811  0.00272989  0.576617  0.00583725
587  0.322802  0.00272976  0.576617  0.00583725
588  0.322788  0.00272946  0.576694  0.00583379
589  0.322781  0.0027293  0.576694  0.00583379
590  0.322775  0.00272919  0.576806  0.00583139
591  0.322765  0.00272915  0.57678  0.00583239
592  0.322754  0.00272907  0.576789  0.00583301
593  0.322733  0.00272861  0.576461  0.0058467
594  0.32273  0.00272856  0.576203  0.00585158
595  0.322724  0.00272856  0.576289  0.00585163
596  0.32271  0.0027283  0.576418  0.00584806
597  0.322701  0.00272811  0.576487  0.00584698
598  0.322689  0.00272785  0.57647  0.00584734
599  0.322685  0.0027278  0.576582  0.00584336
600  0.322674  0.00272769  0.576746  0.0058434
601  0.322674  0.00272769  0.576832  0.00584218
602  0.322672  0.00272766  0.576798  0.00584284
603  0.322667  0.0027276  0.576694  0.00584446
604  0.322655  0.00272758  0.576694  0.00584446
605  0.322653  0.00272758  0.576651  0.00584567
606  0.322651  0.00272758  0.576651  0.00584567
607  0.322637  0.00272725  0.576686  0.00584348
608  0.322629  0.00272713  0.57666  0.00584536
609  0.322626  0.00272706  0.57666  0.00584536
610  0.322613  0.00272707  0.57666  0.00584536
611  0.32261  0.00272702  0.576651  0.00584556
612  0.322608  0.00272696  0.576574  0.00584777
613  0.322602  0.00272682  0.576694  0.0058455
614  0.32259  0.00272662  0.576694  0.0058455
615  0.322581  0.00272659  0.576694  0.0058455
616  0.322563  0.00272666  0.576694  0.0058455
617  0.322556  0.00272666  0.576677  0.00584559
618  0.322549  0.0027266  0.576686  0.00584626
619  0.322543  0.00272652  0.576634  0.00584765
620  0.322538  0.00272641  0.576677  0.00584656
621  0.322531  0.00272625  0.576806  0.00584425
622  0.322528  0.00272622  0.576789  0.00584506
623  0.322524  0.00272615  0.576798  0.00584463
624  0.322512  0.00272609  0.576798  0.00584463
625  0.322508  0.00272606  0.576625  0.00585089
626  0.322499  0.00272593  0.576617  0.00585132
627  0.322494  0.00272599  0.576617  0.00585132
628  0.322486  0.00272594  0.576617  0.00585132
629  0.322484  0.00272589  0.576763  0.00584695
630  0.322484  0.00272589  0.576763  0.00584695
631  0.322483  0.00272589  0.576763  0.00584695
632  0.322479  0.0027259  0.576737  0.00584718
633  0.322478  0.0027259  0.576737  0.00584718
634  0.322473  0.00272577  0.576686  0.00584722
635  0.322469  0.00272571  0.576712  0.00584637
636  0.322462  0.00272558  0.577048  0.00583719
637  0.322448  0.00272525  0.577074  0.00583648
638  0.322432  0.00272507  0.577125  0.00583384
639  0.322421  0.00272497  0.577212  0.00583388
640  0.32242  0.00272495  0.577203  0.00583382
641  0.322411  0.00272488  0.577263  0.00583223
642  0.322403  0.00272486  0.577255  0.00583217
643  0.3224  0.00272484  0.577151  0.00583458
644  0.322376  0.00272467  0.577229  0.00583262
645  0.322364  0.00272457  0.577539  0.0058247
646  0.322358  0.00272439  0.577617  0.00582253
647  0.322357  0.00272436  0.577617  0.00582253
648  0.322351  0.00272425  0.577884  0.0058135
649  0.322349  0.00272422  0.577927  0.00581319
650  0.322343  0.00272407  0.578057  0.0058074
651  0.322338  0.00272394  0.578057  0.0058074
652  0.322333  0.0027238  0.57791  0.0058131
653  0.322328  0.00272371  0.578022  0.0058086
654  0.322324  0.00272359  0.57816  0.00580267
655  0.322321  0.00272351  0.578143  0.00580304
656  0.322317  0.00272344  0.578134  0.00580311
657  0.322317  0.00272344  0.578134  0.00580311
658  0.322307  0.00272327  0.57822  0.00580187
659  0.322298  0.00272316  0.578229  0.0058018
660  0.322294  0.00272313  0.578229  0.0058018
661  0.322277  0.0027229  0.578082  0.00580591
662  0.32227  0.00272271  0.578246  0.00579862
663  0.32225  0.00272245  0.578427  0.00579195
664  0.322238  0.0027223  0.578514  0.00579071
665  0.322228  0.00272218  0.578462  0.00579269
666  0.322221  0.00272219  0.57847  0.00579275
667  0.322205  0.00272188  0.578436  0.0057942
668  0.322195  0.00272167  0.578358  0.00579653
669  0.32217  0.00272139  0.578367  0.00579664
670  0.322166  0.00272138  0.578332  0.00579781
671  0.32215  0.00272132  0.578401  0.00579543
672  0.322139  0.00272118  0.578401  0.00579543
673  0.322137  0.00272113  0.57841  0.0057951
674  0.322127  0.00272097  0.578453  0.00579438
675  0.322111  0.00272072  0.578453  0.0057931
676  0.322103  0.00272066  0.578263  0.0057973
677  0.322097  0.00272056  0.578332  0.00579651
678  0.322085  0.00272047  0.578367  0.00579412
679  0.322074  0.00272035  0.578281  0.00579793
680  0.322053  0.00272016  0.578367  0.0057954
681  0.322042  0.00271998  0.578453  0.00579415
682  0.322041  0.00271997  0.578453  0.00579415
683  0.322006  0.00271941  0.578384  0.00579362
684  0.322002  0.00271941  0.578393  0.00579344
685  0.321989  0.00271921  0.578496  0.00578917
686  0.321967  0.00271891  0.578496  0.00578917
687  0.321956  0.00271887  0.578522  0.00578765
688  0.321953  0.00271885  0.578539  0.00578768
689  0.321951  0.00271878  0.578591  0.0057871
690  0.321943  0.00271868  0.578505  0.00578834
691  0.321929  0.00271871  0.578522  0.00578817
692  0.321916  0.00271859  0.578522  0.00578817
693  0.321898  0.00271855  0.578445  0.00579096
694  0.321893  0.00271852  0.578505  0.00579022
695  0.321887  0.00271844  0.578574  0.00578666
696  0.321885  0.00271841  0.578505  0.00578972
697  0.321878  0.00271841  0.57841  0.00579255
698  0.32187  0.00271839  0.57841  0.00579255
699  0.321863  0.0027183  0.578453  0.00579176
700  0.32185  0.00271802  0.578712  0.00578416
701  0.321846  0.00271791  0.578712  0.00578416
702  0.321841  0.00271783  0.578858  0.00577971
703  0.321839  0.0027178  0.578858  0.00577971
704  0.321838  0.00271778  0.578945  0.00577589
705  0.321836  0.00271774  0.578936  0.00577595
706  0.321835  0.00271774  0.578936  0.00577595
707  0.321823  0.00271764  0.578884  0.00577815
708  0.321821  0.00271757  0.578807  0.00578165
709  0.321814  0.00271759  0.578807  0.00578165
710  0.321803  0.00271745  0.578893  0.00577795
711  0.321788  0.00271728  0.578893  0.00577795
712  0.321784  0.0027172  0.578893  0.00577795
713  0.321783  0.00271721  0.578893  0.00577795
714  0.321773  0.00271704  0.578988  0.00577381
715  0.321765  0.00271694  0.579091  0.00576991
716  0.321764  0.00271691  0.579091  0.00576991
717  0.321763  0.00271686  0.578962  0.00577498
718  0.321762  0.00271686  0.578962  0.00577498
719  0.321762  0.00271685  0.578962  0.00577498
720  0.321749  0.00271662  0.578936  0.00577522
721  0.321735  0.00271661  0.579022  0.0057701
722  0.321735  0.00271661  0.579022  0.0057701
723  0.321727  0.00271646  0.579272  0.0057629
724  0.321716  0.00271621  0.579264  0.00576357
725  0.321708  0.00271604  0.579496  0.00575626
726  0.321701  0.00271589  0.579522  0.00575665
727  0.321698  0.00271584  0.579531  0.00575622
728  0.321694  0.00271574  0.579531  0.00575622
729  0.321686  0.00271563  0.579626  0.00575334
730  0.321677  0.00271543  0.579626  0.00575324
731  0.321672  0.00271531  0.579798  0.00574926
732  0.321664  0.00271524  0.579893  0.00574792
733  0.321661  0.00271524  0.579893  0.00574792
734  0.321661  0.00271523  0.579893  0.00574792
735  0.32166  0.00271521  0.579893  0.00574792
736  0.321659  0.00271517  0.580048  0.00574191
737  0.321657  0.00271516  0.580117  0.00573872
738  0.321654  0.00271511  0.580143  0.00573886
739  0.321646  0.0027149  0.580385  0.00573026
740  0.321626  0.00271473  0.580376  0.0057302
741  0.321622  0.0027147  0.58029  0.00573407
742  0.321614  0.00271467  0.58029  0.00573407
743  0.32161  0.00271458  0.58029  0.00573407
744  0.321608  0.00271454  0.580281  0.00573405
745  0.321597  0.00271445  0.580367  0.00573018
746  0.321593  0.00271439  0.580402  0.005729
747  0.321587  0.00271429  0.580419  0.00572848
748  0.321585  0.00271423  0.580445  0.00572781
749  0.321575  0.00271415  0.580445  0.00572781
750  0.321567  0.00271397  0.580462  0.00572798
751  0.321549  0.00271398  0.580376  0.00573185
752  0.321542  0.00271391  0.580402  0.00573022
753  0.321534  0.00271382  0.580531  0.00572683
754  0.321533  0.0027138  0.580523  0.00572691
755  0.321532  0.00271377  0.580523  0.00572691
756  0.321525  0.00271379  0.580488  0.00572862
757  0.321524  0.0027138  0.580488  0.00572862
758  0.321523  0.00271377  0.580514  0.00572755
759  0.321516  0.00271366  0.580454  0.00572922
760  0.321512  0.00271364  0.580454  0.00572922
761  0.321508  0.00271361  0.580281  0.00573307
762  0.321503  0.0027135  0.580186  0.00573441
763  0.321496  0.00271343  0.580126  0.00573634
764  0.321495  0.00271343  0.580126  0.00573634
765  0.321485  0.00271338  0.580298  0.0057299
766  0.321468  0.00271307  0.580445  0.00572453
767  0.321468  0.00271307  0.580445  0.00572453
768  0.321459  0.00271286  0.580488  0.00572187
769  0.321446  0.00271264  0.580617  0.00571748
770  0.321432  0.00271245  0.580591  0.00571804
771  0.321422  0.00271235  0.580669  0.0057176
772  0.321415  0.00271229  0.580626  0.00571892
773  0.321409  0.00271228  0.580635  0.00571832
774  0.3214  0.00271218  0.580626  0.00571766
775  0.32139  0.00271202  0.58054  0.00571905
776  0.321386  0.00271193  0.580514  0.00572168
777  0.321376  0.00271173  0.580566  0.00572021
778  0.321374  0.00271167  0.5806  0.0057185
779  0.32137  0.00271164  0.580574  0.00571937
780  0.321357  0.0027115  0.580488  0.00572065
781  0.321356  0.00271148  0.580471  0.00572132
782  0.321355  0.00271145  0.580462  0.00572047
783  0.321346  0.00271147  0.580462  0.00572047
784  0.321343  0.00271146  0.580471  0.00572002
785  0.321342  0.00271143  0.580471  0.00572002
786  0.321341  0.00271142  0.580471  0.00572002
787  0.321338  0.00271136  0.580471  0.00572002
788  0.32133  0.00271118  0.5806  0.00571586
789  0.321324  0.00271111  0.580617  0.00571571
790  0.321324  0.00271111  0.580617  0.00571571
791  0.321318  0.00271096  0.580617  0.00571571
792  0.321308  0.00271085  0.580617  0.00571571
793  0.321302  0.00271083  0.580617  0.00571571
794  0.321297  0.00271075  0.5806  0.00571589
795  0.321293  0.00271072  0.5806  0.00571589
796  0.321281  0.00271068  0.5806  0.00571598
797  0.321276  0.00271058  0.58085  0.00570867
798  0.321271  0.0027105  0.58085  0.00570867
799  0.321267  0.00271042  0.58104  0.00570413
800  0.321263  0.00271038  0.580945  0.0057059
801  0.321263  0.00271038  0.580945  0.0057059
802  0.321258  0.00271025  0.580945  0.0057059
803  0.321245  0.00271027  0.580945  0.0057059
804  0.321238  0.00271016  0.580876  0.00570787
805  0.321234  0.00271007  0.580962  0.00570658
806  0.321227  0.00271005  0.5811  0.0057077
807  0.321226  0.00271005  0.581092  0.00570754
808  0.321221  0.00270996  0.580833  0.0057179
809  0.321217  0.00270996  0.580781  0.00571719
810  0.321213  0.00270993  0.580712  0.00571936
811  0.321213  0.00270992  0.580712  0.00571936
812  0.321206  0.00271015  0.580591  0.00572312
813  0.321205  0.00271011  0.580591  0.00572312
814  0.321205  0.00271011  0.580591  0.00572312
815  0.321202  0.00271011  0.580609  0.0057225
816  0.321188  0.00271016  0.580609  0.0057225
817  0.321178  0.00271009  0.580497  0.00572515
818  0.321175  0.00271002  0.580523  0.00572644
819  0.321162  0.00270999  0.580583  0.0057245
820  0.321161  0.00271003  0.580583  0.0057245
821  0.321154  0.00271006  0.580591  0.00572419
822  0.321144  0.00270988  0.580695  0.00571972
823  0.32114  0.00270986  0.580695  0.00571972
824  0.321133  0.00270974  0.580729  0.005719
825  0.321125  0.00270964  0.580902  0.00571513
826  0.321122  0.00270959  0.580902  0.00571513
827  0.32112  0.00270966  0.580902  0.00571513
828  0.321114  0.0027096  0.581066  0.0057098
829  0.321102  0.00270937  0.581109  0.00570814
830  0.321099  0.00270935  0.581204  0.00570409
831  0.321096  0.00270943  0.581204  0.00570409
832  0.321093  0.00270937  0.58104  0.00571037
833  0.321088  0.00270934  0.581005  0.00571156
834  0.321087  0.00270932  0.580988  0.00571218
835  0.321082  0.00270925  0.581074  0.0057096
836  0.321078  0.00270921  0.581152  0.00570615
837  0.321077  0.00270919  0.581238  0.00570226
838  0.321075  0.00270919  0.581238  0.00570226
839  0.321074  0.00270917  0.581238  0.00570226
840  0.321074  0.00270917  0.581238  0.00570226
841  0.321062  0.0027091  0.581178  0.00570412
842  0.321055  0.00270933  0.581178  0.00570412
843  0.321043  0.00270921  0.581169  0.00570323
844  0.321036  0.00270901  0.581126  0.00570456
845  0.321032  0.00270889  0.581126  0.00570404
846  0.321028  0.00270879  0.581092  0.00570502
847  0.321027  0.00270878  0.581169  0.00570287
848  0.321023  0.00270868  0.581152  0.00570326
849  0.321023  0.00270868  0.581152  0.00570326
850  0.321021  0.00270864  0.581324  0.00569546
851  0.321021  0.00270864  0.581324  0.00569546
852  0.321017  0.00270864  0.581411  0.00569547
853  0.321014  0.00270868  0.581411  0.00569547
854  0.321004  0.00270864  0.581411  0.00569547
855  0.320999  0.00270861  0.581411  0.00569547
856  0.320996  0.0027085  0.58135  0.00569807
857  0.320993  0.00270845  0.58135  0.00569807
858  0.320982  0.00270846  0.58135  0.00569807
859  0.320981  0.00270848  0.58135  0.00569807
860  0.320978  0.00270841  0.581342  0.00569827
861  0.320975  0.0027083  0.581342  0.00569827
862  0.320973  0.00270828  0.58135  0.00569807
863  0.320968  0.00270822  0.581402  0.00569816
864  0.320967  0.00270819  0.581505  0.0056952
865  0.320947  0.00270808  0.5816  0.00569097
866  0.320945  0.00270802  0.581626  0.00569021
867  0.320943  0.00270802  0.581618  0.00569054
868  0.320938  0.00270796  0.581514  0.00569515
869  0.320937  0.00270796  0.581514  0.00569515
870  0.320927  0.00270794  0.581643  0.00569241
871  0.320925  0.00270793  0.581643  0.00569241
872  0.320923  0.00270792  0.581643  0.00569241
873  0.320918  0.00270781  0.581643  0.00569223
874  0.320911  0.00270768  0.581695  0.00569142
875  0.320904  0.00270759  0.581781  0.00569013
876  0.3209  0.00270749  0.581635  0.00569449
877  0.320894  0.00270738  0.58154  0.0056975
878  0.32089  0.00270725  0.581454  0.0057001
879  0.320876  0.00270745  0.581454  0.0057001
880  0.320873  0.00270747  0.581454  0.0057001
881  0.320873  0.00270747  0.581454  0.0057001
882  0.320863  0.00270716  0.581454  0.0057001
883  0.320859  0.00270717  0.581454  0.0057001
884  0.320853  0.00270715  0.581307  0.00570291
885  0.320848  0.00270707  0.581436  0.00569978
886  0.320841  0.00270691  0.581298  0.00570357
887  0.320837  0.00270697  0.581298  0.00570357
888  0.320816  0.0027069  0.581307  0.0057034
889  0.320815  0.00270691  0.581307  0.0057034
890  0.320811  0.00270684  0.581557  0.00569569
891  0.320805  0.00270671  0.58173  0.0056918
892  0.320794  0.00270644  0.581704  0.00569271
893  0.320784  0.00270644  0.581781  0.00569149
894  0.320781  0.00270635  0.581721  0.00569353
895  0.320777  0.00270636  0.581721  0.00569353
896  0.320774  0.00270631  0.58173  0.00569346
897  0.320764  0.00270648  0.581893  0.00568716
898  0.320757  0.00270631  0.58198  0.00568417
899  0.320749  0.00270621  0.582161  0.00567951
900  0.320742  0.0027062  0.582169  0.00567956
901  0.320738  0.00270619  0.582178  0.00567962
902  0.320735  0.00270623  0.582178  0.00567962
903  0.320734  0.00270623  0.582178  0.00567962
904  0.320733  0.0027062  0.582161  0.00567768
905  0.32073  0.00270613  0.582161  0.00567768
906  0.320719  0.00270586  0.582092  0.00567995
907  0.320712  0.00270571  0.582006  0.00568387
908  0.320695  0.00270545  0.582092  0.00568126
909  0.320686  0.00270551  0.582023  0.0056824
910  0.32068  0.00270539  0.582109  0.00567849
911  0.320678  0.00270533  0.582169  0.00567744
912  0.320672  0.00270533  0.582187  0.00567681
913  0.32067  0.00270529  0.582256  0.00567462
914  0.320668  0.00270527  0.582238  0.00567509
915  0.32066  0.00270508  0.582161  0.00567738
916  0.320652  0.00270505  0.582143  0.0056779
917  0.320648  0.00270505  0.582143  0.0056779
918  0.320643  0.00270499  0.582212  0.00567738
919  0.320636  0.00270489  0.582299  0.00567608
920  0.320636  0.00270487  0.582299  0.00567608
921  0.320632  0.00270488  0.582299  0.00567608
922  0.320629  0.00270491  0.582359  0.00567347
923  0.320629  0.00270491  0.582359  0.00567347
924  0.320624  0.00270489  0.582514  0.00566851
925  0.320622  0.00270484  0.582592  0.00566622
926  0.320614  0.00270461  0.582557  0.00566726
927  0.32061  0.00270472  0.582557  0.00566726
928  0.32061  0.00270472  0.582652  0.00566575
929  0.320609  0.00270471  0.582661  0.00566542
930  0.320606  0.0027047  0.582661  0.00566542
931  0.320599  0.00270471  0.582747  0.00566149
932  0.320595  0.00270455  0.582661  0.00566411
933  0.320593  0.00270449  0.582661  0.00566411
934  0.320592  0.00270446  0.582678  0.00566348
935  0.320585  0.00270438  0.582575  0.00566521
936  0.32058  0.00270434  0.582592  0.00566464
937  0.320564  0.00270415  0.582609  0.00566485
938  0.320554  0.00270387  0.582868  0.00565739
939  0.320544  0.00270383  0.583135  0.00564931
940  0.320539  0.00270385  0.583135  0.00564931
941  0.320538  0.00270383  0.583221  0.00564536
942  0.320533  0.00270378  0.583178  0.00564665
943  0.320527  0.00270369  0.583178  0.00564665
944  0.32052  0.00270376  0.583195  0.0056461
945  0.320517  0.00270368  0.583023  0.00565004
946  0.320514  0.00270367  0.583023  0.00565004
947  0.320508  0.00270366  0.583023  0.00565004
948  0.320508  0.00270366  0.582799  0.00565619
949  0.320504  0.00270363  0.582825  0.00565503
950  0.320492  0.00270378  0.582678  0.00566093
951  0.320489  0.00270378  0.582661  0.00566169
952  0.320487  0.00270372  0.582764  0.00565697
953  0.320486  0.00270369  0.582756  0.00565731
954  0.320449  0.00270327  0.58304  0.00564908
955  0.320444  0.00270329  0.583066  0.00564871
956  0.320442  0.00270325  0.583014  0.00565123
957  0.320437  0.00270319  0.58298  0.00565276
958  0.320434  0.00270319  0.58298  0.00565276
959  0.320434  0.0027032  0.58298  0.00565276
960  0.320428  0.00270315  0.582963  0.00565186
961  0.320423  0.00270315  0.582963  0.00565186
962  0.32042  0.00270312  0.582919  0.00565307
963  0.320414  0.00270299  0.582971  0.00565141
964  0.320407  0.0027031  0.582971  0.00565141
965  0.320403  0.00270307  0.582971  0.00565141
966  0.3204  0.00270307  0.582971  0.00565141
967  0.320396  0.00270294  0.582885  0.00565535
968  0.320389  0.0027028  0.58304  0.00564956
969  0.320386  0.00270273  0.58304  0.00564956
970  0.320381  0.00270262  0.582971  0.00565178
971  0.320379  0.00270259  0.583014  0.0056503
972  0.320377  0.00270253  0.583014  0.0056503
973  0.320376  0.00270253  0.582868  0.0056551
974  0.320376  0.00270253  0.582868  0.0056551
975  0.320365  0.00270243  0.582868  0.00565379
976  0.320356  0.00270242  0.58304  0.00564985
977  0.320341  0.00270213  0.58304  0.00564985
978  0.320335  0.00270201  0.583187  0.00564849
979  0.320334  0.00270198  0.583187  0.00564849
980  0.320334  0.00270196  0.583109  0.00565198
981  0.320326  0.00270176  0.583023  0.00565461
982  0.320325  0.00270172  0.583032  0.00565469
983  0.320321  0.00270169  0.583032  0.00565469
984  0.320314  0.00270153  0.583118  0.00565206
985  0.320304  0.00270148  0.583109  0.00565214
986  0.320303  0.00270146  0.583109  0.00565214
987  0.320302  0.00270142  0.583118  0.00565168
988  0.3203  0.00270137  0.583152  0.00565132
989  0.320291  0.00270127  0.583144  0.00565139
990  0.320288  0.0027012  0.583144  0.00565139
991  0.320283  0.00270104  0.583101  0.00565222
992  0.320282  0.002701  0.583101  0.00565222
993  0.320279  0.00270092  0.583161  0.00565031
994  0.320271  0.00270094  0.583161  0.00565031
995  0.320263  0.00270069  0.583204  0.00564843
996  0.320259  0.00270063  0.58317  0.00564938
997  0.320253  0.00270053  0.583282  0.00564837
998  0.320241  0.00270043  0.58323  0.00564889
999  0.320232  0.0027003  0.58323  0.00564889
1000  0.320227  0.00270021  0.583264  0.00564799
1001  0.320217  0.00270018  0.583256  0.0056482
1002  0.320212  0.00270009  0.583066  0.005653
1003  0.320208  0.00270002  0.583195  0.00564757
1004  0.320201  0.00269991  0.583195  0.00564757
1005  0.320201  0.00269989  0.583178  0.00564799
1006  0.320197  0.00269981  0.583256  0.00564559
1007  0.320192  0.00269974  0.583299  0.00564444
1008  0.320189  0.00269967  0.58317  0.00564622
1009  0.320188  0.00269967  0.58317  0.00564622
1010  0.320186  0.00269965  0.58317  0.00564622
1011  0.320184  0.00269961  0.583187  0.00564559
1012  0.320183  0.0026996  0.583187  0.00564559
1013  0.320171  0.00269948  0.583109  0.00564754
1014  0.32017  0.00269945  0.583118  0.00564727
1015  0.320166  0.00269938  0.583213  0.00564335
1016  0.320164  0.00269937  0.583221  0.00564302
1017  0.32016  0.00269929  0.58323  0.00564267
1018  0.320155  0.00269915  0.583075  0.00564621
1019  0.320152  0.00269908  0.582954  0.00564673
1020  0.32015  0.00269909  0.582954  0.00564673
1021  0.32015  0.00269909  0.582954  0.00564673
1022  0.320148  0.00269909  0.582954  0.00564673
1023  0.320143  0.00269898  0.583083  0.00564414
1024  0.320132  0.00269889  0.583014  0.00564884
1025  0.320128  0.00269884  0.583032  0.00564894
1026  0.320127  0.00269878  0.58298  0.00565115
1027  0.32012  0.00269856  0.58298  0.00565115
1028  0.32012  0.00269856  0.58298  0.00565115
1029  0.320113  0.00269851  0.58298  0.00565115
1030  0.320112  0.00269851  0.58298  0.00565115
1031  0.320104  0.00269841  0.583118  0.00564921
1032  0.320096  0.00269833  0.583135  0.0056491
1033  0.320095  0.00269832  0.583204  0.00564921
1034  0.320091  0.00269836  0.583368  0.00564283
1035  0.320087  0.00269836  0.583368  0.00564283
1036  0.320074  0.00269808  0.583428  0.00564177
1037  0.320062  0.00269782  0.58373  0.00563203
1038  0.320058  0.00269778  0.58373  0.00563203
1039  0.320047  0.00269769  0.583902  0.00562541
1040  0.320038  0.00269761  0.583971  0.00562319
1041  0.320035  0.00269765  0.583971  0.00562319
1042  0.320026  0.00269758  0.583971  0.00562319
1043  0.320022  0.00269759  0.583954  0.00562361
1044  0.320016  0.00269743  0.584032  0.00562117
1045  0.320015  0.0026974  0.584032  0.00562117
1046  0.320012  0.00269731  0.584144  0.00561798
1047  0.320009  0.00269725  0.584282  0.00561309
1048  0.320003  0.00269713  0.584299  0.00560922
1049  0.319998  0.00269711  0.584385  0.00560656
1050  0.319997  0.00269708  0.584308  0.00561009
1051  0.319992  0.00269704  0.584316  0.00560989
1052  0.31999  0.002697  0.58448  0.00560588
1053  0.319988  0.00269702  0.58448  0.00560588
1054  0.319984  0.00269695  0.58448  0.00560588
1055  0.319979  0.00269691  0.584359  0.00560979
1056  0.319979  0.00269691  0.584359  0.00560979
1057  0.319976  0.00269682  0.584532  0.00560314
1058  0.319973  0.00269678  0.584609  0.00560068
1059  0.319971  0.00269688  0.584609  0.00560068
1060  0.319964  0.00269679  0.584644  0.0056
1061  0.319961  0.00269687  0.584644  0.0056
1062  0.319959  0.00269679  0.584661  0.00559945
1063  0.319951  0.00269662  0.584661  0.00559945
1064  0.319938  0.00269654  0.584704  0.00559722
1065  0.319931  0.00269643  0.584747  0.00559432
1066  0.319918  0.00269625  0.584799  0.00559468
1067  0.31991  0.00269611  0.584799  0.00559468
1068  0.319898  0.00269588  0.584825  0.00559463
1069  0.319879  0.00269572  0.584868  0.00559304
1070  0.31987  0.00269552  0.584903  0.00559261
1071  0.319861  0.00269532  0.585092  0.00558926
1072  0.319856  0.00269531  0.585178  0.00558924
1073  0.319854  0.00269527  0.585178  0.00558924
1074  0.319853  0.00269525  0.585178  0.00558924
1075  0.319836  0.00269501  0.584963  0.00559181
1076  0.319835  0.00269501  0.584972  0.00559162
1077  0.319834  0.00269496  0.585118  0.00558786
1078  0.31981  0.00269492  0.584989  0.00559091
1079  0.319805  0.00269487  0.584989  0.00559091
1080  0.319804  0.00269486  0.584989  0.00559091
1081  0.319803  0.00269483  0.584911  0.00559206
1082  0.319796  0.00269473  0.584946  0.00559224
1083  0.319784  0.00269444  0.584928  0.00559278
1084  0.31978  0.00269442  0.584963  0.00559181
1085  0.31978  0.00269442  0.584963  0.00559181
1086  0.319779  0.00269442  0.584963  0.00559181
1087  0.319771  0.00269445  0.584989  0.00559127
1088  0.31977  0.00269445  0.584989  0.00559127
1089  0.319763  0.00269453  0.584989  0.00559127
1090  0.319761  0.00269446  0.584989  0.00559127
1091  0.319752  0.00269423  0.585023  0.00558951
1092  0.319744  0.00269422  0.58511  0.00558683
1093  0.319732  0.00269406  0.585153  0.00558495
1094  0.319732  0.00269404  0.585092  0.00558781
1095  0.319731  0.00269403  0.585006  0.00558915
1096  0.319724  0.00269387  0.585066  0.00558577
1097  0.319713  0.00269381  0.585204  0.00558377
1098  0.319706  0.00269371  0.585394  0.00557505
1099  0.319695  0.0026935  0.585377  0.00557941
1100  0.31969  0.00269343  0.585368  0.00557974
1101  0.319685  0.00269334  0.585299  0.00558154
1102  0.319678  0.00269322  0.585463  0.00557779
1103  0.319674  0.00269315  0.585342  0.00557964
1104  0.319662  0.00269295  0.585411  0.00557952
1105  0.319657  0.00269287  0.585411  0.00557952
1106  0.319652  0.0026928  0.585411  0.00557952
1107  0.319641  0.00269259  0.585394  0.00558019
1108  0.319634  0.0026926  0.585429  0.00557896
1109  0.319632  0.0026926  0.585429  0.00557896
1110  0.319628  0.00269248  0.585644  0.00557474
1111  0.319624  0.00269234  0.585618  0.00557572
1112  0.31962  0.00269226  0.585618  0.00557572
1113  0.319618  0.0026922  0.585618  0.00557572
1114  0.319617  0.00269219  0.585756  0.00557002
1115  0.319611  0.00269212  0.585765  0.00557235
1116  0.319604  0.00269199  0.585679  0.00557409
1117  0.319603  0.00269199  0.585679  0.00557409
1118  0.3196  0.00269191  0.585644  0.005576
1119  0.319596  0.00269179  0.585644  0.005576
1120  0.319587  0.00269174  0.585653  0.00557559
1121  0.319586  0.0026917  0.585644  0.00557606
1122  0.319586  0.00269169  0.585644  0.00557606
1123  0.319585  0.00269167  0.585644  0.00557606
1124  0.319585  0.00269165  0.585765  0.00557229
1125  0.31958  0.00269158  0.585696  0.00557319
1126  0.319575  0.00269147  0.585661  0.00557417
1127  0.319574  0.00269144  0.585722  0.00557255
1128  0.31957  0.00269144  0.58573  0.00557245
1129  0.319568  0.00269139  0.585722  0.00557279
1130  0.319554  0.00269135  0.58573  0.00557245
1131  0.319551  0.00269126  0.585817  0.00556842
1132  0.319547  0.00269127  0.585817  0.00556842
1133  0.319547  0.00269126  0.585739  0.0055697
1134  0.319542  0.00269113  0.585739  0.0055697
1135  0.31954  0.00269113  0.585739  0.0055697
1136  0.319537  0.00269106  0.585739  0.0055697
1137  0.319536  0.00269103  0.585739  0.0055697
1138  0.319535  0.002691  0.585739  0.0055697
1139  0.319531  0.00269091  0.585739  0.0055697
1140  0.319526  0.00269077  0.585679  0.00557238
1141  0.319514  0.00269059  0.585497  0.00557712
1142  0.319513  0.00269059  0.585497  0.00557712
1143  0.319512  0.00269062  0.585497  0.00557712
1144  0.31951  0.00269061  0.585627  0.00557439
1145  0.319509  0.00269062  0.585627  0.00557439
1146  0.319507  0.00269061  0.585627  0.00557439
1147  0.319503  0.00269065  0.585627  0.00557439
1148  0.319492  0.00269047  0.585696  0.00557351
1149  0.319492  0.00269047  0.585696  0.00557351
1150  0.319492  0.00269047  0.585696  0.00557351
1151  0.319491  0.00269047  0.585696  0.00557351
1152  0.31949  0.00269044  0.585696  0.00557351
1153  0.319488  0.00269045  0.585696  0.00557351
1154  0.319487  0.00269046  0.585696  0.00557351
1155  0.319485  0.00269041  0.585696  0.00557351
1156  0.31948  0.00269037  0.585523  0.00557755
1157  0.319479  0.00269037  0.585523  0.00557755
1158  0.319477  0.00269037  0.58561  0.00557353
1159  0.319473  0.00269035  0.58561  0.00557353
1160  0.319466  0.00269024  0.58567  0.00557244
1161  0.319464  0.00269023  0.585704  0.00557067
1162  0.319462  0.00269017  0.585704  0.00557067
1163  0.319447  0.00268986  0.585998  0.00556399
1164  0.319441  0.00268979  0.586023  0.00556264
1165  0.319439  0.00268978  0.586075  0.00556038
1166  0.319438  0.00268976  0.586058  0.00556108
1167  0.31943  0.00268967  0.586118  0.00555919
1168  0.319427  0.00268965  0.586049  0.00556049
1169  0.319425  0.0026896  0.586075  0.00555989
1170  0.319421  0.00268962  0.586075  0.00555989
1171  0.31942  0.00268962  0.586075  0.00555989
1172  0.319418  0.00268964  0.586075  0.00555989
1173  0.319417  0.00268962  0.586092  0.00555953
1174  0.319415  0.00268959  0.586248  0.00555558
1175  0.319402  0.00268946  0.586187  0.00555827
1176  0.319402  0.00268946  0.586187  0.00555827
1177  0.319402  0.00268945  0.586187  0.00555827
1178  0.319389  0.00268915  0.586127  0.00555918
1179  0.319389  0.00268915  0.586127  0.00555918
1180  0.319386  0.00268909  0.586256  0.00555425
1181  0.31938  0.00268907  0.58623  0.0055548
1182  0.319363  0.00268901  0.58623  0.0055548
1183  0.31935  0.00268893  0.586256  0.00555385
1184  0.319343  0.00268892  0.586256  0.00555385
1185  0.319341  0.0026889  0.586256  0.00555385
1186  0.31934  0.00268888  0.586265  0.00555338
1187  0.319338  0.00268887  0.586265  0.00555338
1188  0.319337  0.00268884  0.586265  0.00555338
1189  0.319335  0.00268878  0.586273  0.00555262
1190  0.319334  0.00268876  0.586239  0.00555421
1191  0.319331  0.00268873  0.586411  0.0055504
1192  0.319329  0.00268869  0.586403  0.00555048
1193  0.319325  0.00268866  0.586403  0.00555048
1194  0.319323  0.00268861  0.586308  0.00555231
1195  0.319319  0.0026885  0.586342  0.00555085
1196  0.319316  0.00268848  0.586342  0.00555085
1197  0.319315  0.00268848  0.586248  0.00555524
1198  0.319315  0.00268848  0.586248  0.00555524
1199  0.319312  0.00268847  0.586075  0.00556197
1200  0.319311  0.00268848  0.586075  0.00556197
1201  0.319309  0.00268846  0.585963  0.005564
1202  0.319304  0.00268842  0.58592  0.0055665
1203  0.319304  0.00268842  0.58592  0.0055665
1204  0.3193  0.00268844  0.58592  0.0055665
1205  0.319295  0.00268843  0.585808  0.00556934
1206  0.319291  0.00268833  0.585799  0.00556955
1207  0.319289  0.00268828  0.585894  0.00556798
1208  0.319284  0.00268818  0.585894  0.00556798
1209  0.319281  0.00268808  0.585885  0.00556806
1210  0.319278  0.00268805  0.585885  0.00556806
1211  0.319275  0.00268799  0.585894  0.00556798
1212  0.319271  0.00268794  0.585894  0.00556798
1213  0.319268  0.00268791  0.58586  0.0055689
1214  0.319259  0.00268771  0.586067  0.00556227
1215  0.319257  0.00268766  0.586041  0.00556334
1216  0.319252  0.00268764  0.586032  0.00556416
1217  0.319251  0.00268762  0.586058  0.00556278
1218  0.31925  0.00268759  0.586058  0.00556278
1219  0.319249  0.00268758  0.586101  0.005562
1220  0.319248  0.00268754  0.586092  0.00556246
1221  0.319244  0.00268743  0.586136  0.00555921
1222  0.319242  0.00268739  0.586136  0.00555921
1223  0.319241  0.00268732  0.586308  0.00555515
1224  0.319227  0.00268696  0.586213  0.00555792
1225  0.319226  0.00268696  0.586213  0.00555792
1226  0.319223  0.00268691  0.586179  0.00556045
1227  0.319217  0.00268671  0.586153  0.00556047
1228  0.319214  0.00268672  0.586127  0.00556062
1229  0.319213  0.0026867  0.586127  0.00556062
1230  0.319213  0.0026867  0.586127  0.00556062
1231  0.319197  0.00268662  0.586127  0.00556062
1232  0.319196  0.00268662  0.586127  0.00556062
1233  0.31918  0.00268657  0.586222  0.00555905
1234  0.319172  0.00268659  0.586222  0.00555905
1235  0.319169  0.00268649  0.586222  0.00555905
1236  0.319168  0.00268649  0.586205  0.00555895
1237  0.319167  0.00268648  0.586205  0.00555895
1238  0.319166  0.00268648  0.586205  0.00555895
1239  0.319166  0.00268648  0.586205  0.00555895
1240  0.319163  0.0026865  0.586205  0.00555895
1241  0.319162  0.0026865  0.58617  0.00555965
1242  0.319159  0.00268645  0.586299  0.00555644
1243  0.319154  0.00268645  0.586239  0.00555819
1244  0.319154  0.00268645  0.586239  0.00555819
1245  0.319154  0.00268645  0.586239  0.00555819
1246  0.319154  0.00268645  0.586239  0.00555819
1247  0.319153  0.00268645  0.586403  0.0055542
1248  0.31915  0.00268635  0.586575  0.00554745
1249  0.319148  0.00268629  0.586515  0.00554836
1250  0.319144  0.00268614  0.586342  0.00555243
1251  0.319142  0.0026861  0.586342  0.00555243
1252  0.319141  0.00268609  0.586377  0.00555119
1253  0.319138  0.00268599  0.586472  0.00554886
1254  0.319137  0.002686  0.586472  0.00554886
1255  0.319132  0.00268587  0.586636  0.00554378
1256  0.31913  0.00268587  0.586636  0.00554378
1257  0.319128  0.00268583  0.586636  0.00554378
1258  0.319122  0.00268579  0.586636  0.00554378
1259  0.31912  0.00268582  0.586636  0.00554378
1260  0.31912  0.00268581  0.586636  0.00554378
1261  0.319117  0.00268582  0.586636  0.00554378
1262  0.319115  0.0026858  0.586636  0.00554378
1263  0.319114  0.0026858  0.586636  0.00554378
1264  0.319112  0.0026858  0.586498  0.00554897
1265  0.319108  0.00268571  0.586541  0.00554812
1266  0.319103  0.00268561  0.586541  0.00554812
1267  0.319099  0.00268561  0.586541  0.00554812
1268  0.31909  0.00268552  0.586541  0.00554812
1269  0.319087  0.00268546  0.586541  0.00554812
1270  0.319087  0.00268544  0.586541  0.00554812
1271  0.319085  0.00268545  0.586618  0.00554574
1272  0.319083  0.0026854  0.586618  0.00554574
1273  0.319082  0.00268539  0.586549  0.0055478
1274  0.31908  0.00268538  0.586549  0.0055478
1275  0.31907  0.00268534  0.586601  0.00554634
1276  0.319069  0.00268531  0.586774  0.00554065
1277  0.319069  0.00268529  0.586774  0.00554065
1278  0.31906  0.00268504  0.586756  0.00554358
1279  0.319058  0.00268498  0.586765  0.00554337
1280  0.319053  0.00268489  0.586765  0.00554337
1281  0.319053  0.00268489  0.586765  0.00554337
1282  0.319042  0.00268466  0.586851  0.00554165
1283  0.319038  0.00268456  0.586886  0.00554048
1284  0.319038  0.00268456  0.586886  0.00554048
1285  0.319036  0.00268457  0.586886  0.00554048
1286  0.319034  0.00268458  0.586886  0.00554048
1287  0.31903  0.00268454  0.586929  0.00553963
1288  0.319029  0.00268454  0.586929  0.00553963
1289  0.319029  0.00268454  0.586929  0.00553963
1290  0.319023  0.00268444  0.586843  0.005541
1291  0.319019  0.00268446  0.586843  0.005541
1292  0.319019  0.00268446  0.586843  0.005541
1293  0.319019  0.00268446  0.586843  0.005541
1294  0.319018  0.00268445  0.586843  0.005541
1295  0.319017  0.00268445  0.586843  0.005541
1296  0.319017  0.00268445  0.586817  0.00554167
1297  0.319008  0.00268457  0.586817  0.00554167
1298  0.319006  0.00268453  0.586765  0.00554349
1299  0.318999  0.0026844  0.586808  0.00554273
1300  0.318997  0.00268437  0.586808  0.00554273
1301  0.318994  0.00268437  0.586808  0.00554273
1302  0.318994  0.00268437  0.586808  0.00554273
1303  0.318986  0.00268425  0.586834  0.0055421
1304  0.318977  0.00268424  0.586981  0.00553745
1305  0.318967  0.00268437  0.586998  0.00553675
1306  0.318964  0.00268429  0.587084  0.00553537
1307  0.318956  0.00268413  0.587049  0.00553876
1308  0.31895  0.00268398  0.586963  0.00554281
1309  0.318948  0.00268394  0.586972  0.00554235
1310  0.318945  0.0026839  0.586989  0.00554146
1311  0.318942  0.00268382  0.586791  0.0055486
1312  0.318935  0.00268369  0.586808  0.00554797
1313  0.318932  0.00268362  0.586437  0.00555892
1314  0.318927  0.00268348  0.586403  0.00556073
1315  0.31892  0.00268337  0.58642  0.00555982
1316  0.318904  0.0026833  0.586446  0.00555887
1317  0.318901  0.00268322  0.586282  0.00556539
1318  0.318897  0.00268312  0.586187  0.00556814
1319  0.318894  0.00268307  0.586273  0.00556411
1320  0.318893  0.00268305  0.586273  0.00556411
1321  0.318889  0.00268297  0.586256  0.00556478
1322  0.318873  0.00268272  0.586187  0.00556838
1323  0.318865  0.00268248  0.586282  0.00556567
1324  0.318862  0.00268239  0.586368  0.00556164
1325  0.318858  0.00268238  0.586368  0.00556164
1326  0.318852  0.00268232  0.586368  0.00556164
1327  0.318836  0.00268222  0.586549  0.00555676
1328  0.318832  0.00268213  0.586541  0.00555697
1329  0.318832  0.00268212  0.586524  0.00555743
1330  0.318826  0.00268203  0.586515  0.00555865
1331  0.318821  0.0026819  0.586627  0.005554
1332  0.318819  0.00268192  0.586627  0.005554
1333  0.318819  0.00268191  0.586661  0.00555303
1334  0.318819  0.00268191  0.586661  0.00555303
1335  0.318819  0.00268191  0.586661  0.00555303
1336  0.318819  0.00268191  0.586661  0.00555303
1337  0.318818  0.00268191  0.586661  0.00555303
1338  0.318817  0.00268191  0.586661  0.00555303
1339  0.318816  0.00268191  0.586661  0.00555303
1340  0.318813  0.00268191  0.586661  0.00555303
1341  0.318812  0.00268191  0.586661  0.00555303
1342  0.31881  0.00268191  0.586661  0.00555303
1343  0.318809  0.00268194  0.586661  0.00555303
1344  0.318807  0.0026819  0.586653  0.00555336
1345  0.318807  0.00268189  0.586618  0.00555444
1346  0.318803  0.00268178  0.586765  0.00554904
1347  0.318802  0.00268178  0.586765  0.00554904
1348  0.318802  0.00268178  0.586765  0.00554904
1349  0.318802  0.00268178  0.586765  0.00554904
1350  0.318802  0.00268178  0.586765  0.00554904
1351  0.318802  0.00268178  0.586765  0.00554904
1352  0.318798  0.0026818  0.586765  0.00554904
1353  0.318797  0.00268175  0.586722  0.00554895
1354  0.318778  0.00268167  0.586799  0.00554778
1355  0.318777  0.00268166  0.586808  0.00554584
1356  0.318776  0.00268164  0.586782  0.0055468
1357  0.318773  0.00268163  0.58673  0.00554858
1358  0.318764  0.00268141  0.586799  0.00554593
1359  0.318764  0.00268141  0.586799  0.00554593
1360  0.318761  0.00268137  0.58673  0.00554925
1361  0.318759  0.00268136  0.58673  0.00554925
1362  0.318758  0.00268135  0.58673  0.00554925
1363  0.318756  0.00268135  0.58673  0.00554925
1364  0.318753  0.00268132  0.586808  0.00554808
1365  0.318752  0.0026813  0.586808  0.00554808
1366  0.318752  0.00268129  0.586817  0.00554774
1367  0.318752  0.00268129  0.586817  0.00554774
1368  0.318748  0.00268125  0.586817  0.00554774
1369  0.318747  0.00268123  0.586644  0.00555208
1370  0.318746  0.00268123  0.586696  0.00554981
1371  0.318739  0.00268107  0.586696  0.00554981
1372  0.318728  0.00268092  0.586653  0.005551
1373  0.318723  0.00268088  0.586653  0.005551
1374  0.318722  0.00268085  0.586653  0.005551
1375  0.318719  0.00268084  0.586653  0.005551
1376  0.318716  0.00268072  0.586601  0.00555214
1377  0.318715  0.00268071  0.586601  0.00555214
1378  0.318715  0.00268071  0.586601  0.00555214
1379  0.318715  0.00268071  0.586601  0.00555214
1380  0.318711  0.00268062  0.586593  0.00555247
1381  0.318709  0.00268058  0.586593  0.00555247
1382  0.318699  0.0026803  0.586541  0.00555498
1383  0.318694  0.00268024  0.586541  0.00555498
1384  0.318692  0.00268022  0.586541  0.00555498
1385  0.31869  0.00268021  0.586541  0.00555498
1386  0.318689  0.00268021  0.586541  0.00555498
1387  0.318687  0.00268021  0.586541  0.00555498
1388  0.318682  0.00268016  0.586446  0.00555655
1389  0.318682  0.00268016  0.586446  0.00555655
1390  0.318676  0.00268009  0.586437  0.00555676
1391  0.318676  0.00268009  0.586437  0.00555676
1392  0.318673  0.00267998  0.58661  0.00555001
1393  0.318672  0.00267998  0.58661  0.00555001
1394  0.318672  0.00267998  0.586532  0.00555251
1395  0.318666  0.00267993  0.586429  0.0055572
1396  0.318665  0.00267998  0.586429  0.0055572
1397  0.318663  0.00267991  0.586429  0.0055572
1398  0.318658  0.00267982  0.586377  0.00555898
1399  0.318657  0.00267982  0.586377  0.00555898
1400  0.318653  0.0026798  0.586377  0.00555898
1401  0.318642  0.00267964  0.586351  0.0055585
1402  0.318641  0.00267965  0.586394  0.00555832
1403  0.318638  0.00267961  0.58648  0.00555696
1404  0.318637  0.0026796  0.58648  0.00555696
1405  0.318635  0.00267959  0.586472  0.00555717
1406  0.318635  0.00267958  0.58648  0.00555696
1407  0.318624  0.0026795  0.586472  0.0055573
1408  0.318614  0.00267938  0.58648  0.00555684
1409  0.318612  0.00267936  0.58648  0.00555684
1410  0.318606  0.00267929  0.586403  0.00555692
1411  0.318601  0.00267924  0.586446  0.00555586
1412  0.318593  0.00267955  0.586437  0.00555593
1413  0.318593  0.00267954  0.586437  0.00555593
1414  0.31859  0.00267947  0.586446  0.00555586
1415  0.318588  0.0026794  0.586446  0.00555586
1416  0.318586  0.00267932  0.586532  0.00555181
1417  0.318576  0.00267904  0.586627  0.00555116
1418  0.318571  0.00267893  0.586549  0.00555233
1419  0.318569  0.00267888  0.586636  0.00554828
1420  0.31856  0.00267894  0.586653  0.00554793
1421  0.318557  0.00267893  0.586661  0.00554797
1422  0.318556  0.00267899  0.586661  0.00554797
1423  0.318549  0.00267901  0.586661  0.00554797
1424  0.318538  0.00267893  0.586817  0.00554205
1425  0.318534  0.00267885  0.586877  0.00554104
1426  0.318534  0.00267885  0.586877  0.00554104
1427  0.318533  0.00267884  0.586877  0.00554104
1428  0.31853  0.00267884  0.586998  0.00553574
1429  0.31853  0.00267884  0.586998  0.00553574
1430  0.31853  0.00267885  0.586998  0.00553574
1431  0.318527  0.00267879  0.586946  0.00553745
1432  0.318515  0.00267867  0.587101  0.00553256
1433  0.318515  0.00267866  0.58711  0.00553228
1434  0.318514  0.00267864  0.587024  0.00553634
1435  0.318512  0.0026786  0.587006  0.00553678
1436  0.31851  0.00267854  0.586937  0.0055404
1437  0.318507  0.00267848  0.586989  0.00553743
1438  0.318507  0.00267848  0.586989  0.00553743
1439  0.318503  0.00267847  0.586989  0.00553743
1440  0.3185  0.00267847  0.586989  0.00553743
1441  0.3185  0.00267847  0.586989  0.00553743
1442  0.318492  0.0026784  0.586998  0.0055372
1443  0.318489  0.00267835  0.586981  0.00553726
1444  0.318488  0.00267835  0.586981  0.00553726
1445  0.318483  0.00267822  0.587015  0.00553634
1446  0.318481  0.00267821  0.587015  0.00553634
1447  0.318475  0.00267815  0.587015  0.00553634
1448  0.318475  0.00267815  0.587015  0.00553634
1449  0.318471  0.00267809  0.587015  0.00553634
1450  0.318471  0.00267809  0.587015  0.00553634
1451  0.318469  0.00267805  0.586903  0.00553934
1452  0.318467  0.00267799  0.586817  0.00554205
1453  0.318448  0.00267781  0.586998  0.00553802
1454  0.318447  0.00267779  0.586998  0.00553802
1455  0.318447  0.00267779  0.586998  0.00553802
1456  0.318446  0.00267776  0.586998  0.00553802
1457  0.318443  0.00267773  0.586946  0.0055403
1458  0.31844  0.0026777  0.586955  0.00553988
1459  0.318439  0.00267768  0.586955  0.00553988
1460  0.318438  0.00267763  0.586955  0.00553988
1461  0.318435  0.00267762  0.586929  0.00554031
1462  0.318435  0.00267761  0.586929  0.00554031
1463  0.318429  0.00267759  0.586981  0.00553957
1464  0.318427  0.00267759  0.586981  0.00553957
1465  0.318418  0.00267733  0.586998  0.00553876
1466  0.318415  0.00267725  0.587084  0.0055347
1467  0.318413  0.00267717  0.587084  0.0055347
1468  0.318407  0.00267704  0.587162  0.00553098
1469  0.318407  0.00267704  0.587162  0.00553098
1470  0.3184  0.00267691  0.587256  0.00552926
1471  0.318393  0.0026768  0.58736  0.00552732
1472  0.31839  0.00267674  0.58736  0.00552732
1473  0.318389  0.00267676  0.587351  0.00552754
1474  0.318389  0.00267676  0.587351  0.00552754
1475  0.318389  0.00267676  0.587351  0.00552754
1476  0.318388  0.0026768  0.587351  0.00552754
1477  0.318387  0.0026768  0.587351  0.00552754
1478  0.318386  0.00267677  0.587351  0.00552754
1479  0.318381  0.00267676  0.587386  0.00552682
1480  0.318381  0.00267676  0.587386  0.00552682
1481  0.318381  0.00267676  0.587386  0.00552682
1482  0.31838  0.00267673  0.587369  0.00552748
1483  0.31838  0.00267673  0.587369  0.00552748
1484  0.318373  0.00267656  0.587369  0.00552748
1485  0.318369  0.00267643  0.587463  0.00552589
1486  0.318366  0.00267635  0.587196  0.00553305
1487  0.318366  0.00267635  0.587187  0.00553314
1488  0.318364  0.0026763  0.5873  0.0055283
1489  0.318362  0.00267631  0.5873  0.0055283
1490  0.318358  0.00267625  0.587205  0.00553144
1491  0.318352  0.00267619  0.587205  0.00553144
1492  0.31835  0.00267616  0.587049  0.00553752
1493  0.31835  0.00267615  0.587049  0.00553752
1494  0.318348  0.0026761  0.586937  0.00553977
1495  0.318341  0.00267616  0.586886  0.00554255
1496  0.31834  0.00267613  0.586886  0.00554255
1497  0.31833  0.002676  0.586851  0.00554345
1498  0.318328  0.00267599  0.586851  0.00554345
1499  0.318324  0.00267591  0.58692  0.00554117
1500  0.31832  0.00267579  0.586877  0.00554306
1501  0.318319  0.00267576  0.586782  0.00554596
1502  0.318315  0.0026758  0.586782  0.00554596
1503  0.318311  0.00267573  0.586808  0.00554569
1504  0.318305  0.00267569  0.586808  0.00554569
1505  0.318302  0.00267564  0.586808  0.00554569
1506  0.318295  0.0026757  0.586782  0.00554665
1507  0.318293  0.00267563  0.586782  0.00554665
1508  0.318292  0.00267562  0.586713  0.00554678
1509  0.318291  0.00267562  0.586713  0.00554678
1510  0.318286  0.00267553  0.586713  0.00554678
1511  0.318286  0.00267553  0.586713  0.00554678
1512  0.318285  0.00267551  0.586713  0.00554678
1513  0.318285  0.00267551  0.586713  0.00554678
1514  0.318285  0.00267551  0.586713  0.00554678
1515  0.318285  0.0026755  0.586713  0.00554678
1516  0.318283  0.00267546  0.586627  0.0055468
1517  0.318273  0.00267528  0.586696  0.00554474
1518  0.318268  0.00267525  0.586782  0.00554069
1519  0.318264  0.00267518  0.586782  0.00554069
1520  0.31826  0.00267513  0.58686  0.0055394
1521  0.318255  0.00267504  0.586955  0.00553501
1522  0.318255  0.00267504  0.586955  0.00553501
1523  0.318245  0.00267501  0.587101  0.00553347
1524  0.318245  0.00267501  0.587101  0.00553347
1525  0.318239  0.00267491  0.587136  0.00553201
1526  0.318238  0.00267491  0.587058  0.00553572
1527  0.318231  0.0026748  0.587118  0.00553462
1528  0.318221  0.00267469  0.587403  0.00552753
1529  0.318219  0.0026747  0.587403  0.00552753
1530  0.318216  0.00267459  0.587403  0.00552753
1531  0.318211  0.00267443  0.587489  0.00552615
1532  0.318206  0.00267433  0.587653  0.00551956
1533  0.318204  0.00267431  0.587757  0.00551645
1534  0.318203  0.00267429  0.587757  0.00551645
1535  0.318201  0.00267428  0.587722  0.00551727
1536  0.3182  0.0026743  0.587636  0.00552
1537  0.318197  0.00267425  0.587713  0.0055176
1538  0.318195  0.0026742  0.587713  0.0055176
1539  0.31819  0.00267421  0.587713  0.0055176
1540  0.318188  0.00267424  0.587713  0.0055176
1541  0.318188  0.00267423  0.587713  0.0055176
1542  0.318187  0.00267421  0.587627  0.00551899
1543  0.318187  0.00267421  0.587619  0.00551933
1544  0.318186  0.00267419  0.587627  0.00551899
1545  0.318185  0.00267416  0.587627  0.00551899
1546  0.318185  0.00267416  0.587627  0.00551899
1547  0.318179  0.00267416  0.587627  0.00551899
1548  0.318168  0.00267398  0.58767  0.00551846
1549  0.318161  0.00267395  0.58767  0.00551846
1550  0.318161  0.00267395  0.58767  0.00551846
1551  0.318161  0.00267395  0.58767  0.00551846
1552  0.318158  0.00267391  0.587662  0.00551867
1553  0.318146  0.00267358  0.58786  0.00551225
1554  0.318145  0.00267357  0.58786  0.00551225
1555  0.318144  0.00267354  0.587791  0.00551448
1556  0.31814  0.00267369  0.587791  0.00551448
1557  0.318134  0.0026738  0.587877  0.00551444
1558  0.318131  0.00267377  0.587877  0.00551444
1559  0.318128  0.00267373  0.587877  0.00551444
1560  0.318128  0.00267372  0.587877  0.00551444
1561  0.318128  0.00267372  0.587877  0.00551444
1562  0.318125  0.00267371  0.587877  0.00551444
1563  0.318125  0.00267371  0.587877  0.00551444
1564  0.318122  0.00267371  0.587877  0.00551444
1565  0.318122  0.00267371  0.587877  0.00551444
1566  0.318121  0.00267371  0.587877  0.00551444
1567  0.318119  0.00267368  0.588015  0.00551157
1568  0.318119  0.00267367  0.588015  0.00551157
1569  0.318108  0.00267362  0.587929  0.00551161
1570  0.318105  0.00267362  0.587929  0.00551161
1571  0.318105  0.00267361  0.588015  0.00551022
1572  0.318105  0.00267361  0.588015  0.00551022
1573  0.3181  0.00267366  0.588015  0.00551022
1574  0.3181  0.00267366  0.588015  0.00551022
1575  0.318097  0.00267361  0.588015  0.00551022
1576  0.318097  0.00267361  0.588015  0.00551022
1577  0.318094  0.00267359  0.588076  0.00550722
1578  0.318089  0.00267356  0.588136  0.00550516
1579  0.318083  0.00267355  0.588153  0.00550469
1580  0.318065  0.00267338  0.588369  0.00549773
1581  0.318058  0.00267344  0.588412  0.00549653
1582  0.318055  0.00267342  0.588403  0.00549673
1583  0.318051  0.00267341  0.588403  0.00549673
1584  0.31805  0.00267338  0.588222  0.00550536
1585  0.318049  0.00267338  0.588239  0.00550495
1586  0.318049  0.00267338  0.588239  0.00550495
1587  0.318047  0.0026734  0.588239  0.00550495
1588  0.318047  0.00267341  0.588239  0.00550495
1589  0.318047  0.00267341  0.588239  0.00550495
1590  0.318044  0.00267341  0.588239  0.00550495
1591  0.318042  0.00267338  0.588265  0.00550382
1592  0.318042  0.00267338  0.588265  0.00550382
1593  0.318039  0.00267339  0.588265  0.00550382
1594  0.318035  0.00267328  0.588265  0.00550382
1595  0.318032  0.00267324  0.588265  0.00550382
1596  0.318031  0.00267323  0.588265  0.00550382
1597  0.318029  0.00267325  0.588265  0.00550382
1598  0.318027  0.00267321  0.588265  0.00550382
1599  0.318018  0.00267302  0.588265  0.00550382
1600  0.318011  0.00267295  0.588265  0.00550382
1601  0.318009  0.0026729  0.588351  0.00550243
1602  0.318008  0.00267289  0.588377  0.00550228
1603  0.318  0.00267295  0.588377  0.00550228
1604  0.317999  0.00267294  0.58842  0.00550229
1605  0.317996  0.00267293  0.588369  0.00550231
1606  0.317996  0.00267293  0.588369  0.00550231
1607  0.317993  0.00267286  0.588576  0.00549724
1608  0.317993  0.00267286  0.588576  0.00549724
1609  0.317993  0.00267286  0.588576  0.00549724
1610  0.317993  0.00267286  0.588576  0.00549724
1611  0.317993  0.00267286  0.588576  0.00549724
1612  0.317991  0.00267285  0.588558  0.00549735
1613  0.317991  0.00267284  0.588558  0.00549735
1614  0.317986  0.00267269  0.588558  0.00549735
1615  0.317986  0.00267268  0.588558  0.00549735
1616  0.317984  0.00267264  0.588593  0.00549644
1617  0.317981  0.00267263  0.588558  0.0054963
1618  0.317979  0.0026726  0.588593  0.00549644
1619  0.31797  0.00267257  0.588688  0.00549483
1620  0.317968  0.00267259  0.588688  0.00549483
1621  0.317968  0.00267259  0.588688  0.00549483
1622  0.317958  0.00267236  0.588688  0.00549483
1623  0.317952  0.00267227  0.588688  0.00549483
1624  0.317952  0.00267227  0.588688  0.00549483
1625  0.317952  0.00267227  0.588688  0.00549483
1626  0.317951  0.00267227  0.588688  0.00549483
1627  0.317944  0.00267243  0.588688  0.00549483
1628  0.317939  0.0026723  0.588731  0.00549315
1629  0.317932  0.00267214  0.588696  0.00549253
1630  0.317928  0.00267202  0.588696  0.00549253
1631  0.317924  0.002672  0.588696  0.00549253
1632  0.317923  0.00267201  0.588696  0.00549253
1633  0.317921  0.00267196  0.588645  0.00549354
1634  0.317919  0.00267196  0.588653  0.00549346
1635  0.317919  0.00267196  0.588653  0.00549346
1636  0.317917  0.00267193  0.588653  0.00549346
1637  0.317917  0.00267192  0.588653  0.00549346
1638  0.317917  0.00267192  0.588653  0.00549346
1639  0.317917  0.00267192  0.588653  0.00549346
1640  0.317917  0.00267192  0.588653  0.00549346
1641  0.317912  0.00267177  0.588576  0.00549709
1642  0.317905  0.00267156  0.588834  0.00548883
1643  0.317897  0.0026715  0.588998  0.00548503
1644  0.317893  0.00267151  0.588998  0.00548503
1645  0.317893  0.00267151  0.588998  0.00548503
1646  0.317893  0.00267151  0.588998  0.00548503
1647  0.317889  0.00267144  0.588998  0.00548503
1648  0.317883  0.00267142  0.588921  0.00548501
1649  0.317883  0.00267142  0.588921  0.00548501
1650  0.317882  0.00267142  0.588921  0.00548501
1651  0.317882  0.00267142  0.588921  0.00548501
1652  0.317875  0.00267129  0.588912  0.00548522
1653  0.317875  0.00267127  0.588912  0.00548522
1654  0.317874  0.00267123  0.588998  0.00548111
1655  0.317872  0.00267121  0.589015  0.00548093
1656  0.317867  0.0026711  0.589179  0.00547575
1657  0.317867  0.0026711  0.589179  0.00547575
1658  0.317853  0.00267115  0.589188  0.00547561
1659  0.317852  0.00267111  0.589153  0.00547628
1660  0.317851  0.00267108  0.589162  0.00547595
1661  0.317851  0.00267108  0.589162  0.00547595
1662  0.317849  0.00267106  0.589162  0.00547595
1663  0.317845  0.00267101  0.589162  0.00547595
1664  0.317839  0.00267093  0.589265  0.00547386
1665  0.317828  0.00267094  0.589309  0.0054719
1666  0.317823  0.00267102  0.589274  0.00547366
1667  0.317823  0.00267101  0.589274  0.00547366
1668  0.31782  0.002671  0.589291  0.00547305
1669  0.31782  0.002671  0.589334  0.00547177
1670  0.31782  0.00267098  0.589334  0.00547177
1671  0.317815  0.00267099  0.589283  0.00547245
1672  0.317813  0.00267096  0.589283  0.00547245
1673  0.317808  0.00267099  0.589283  0.00547245
1674  0.317806  0.00267097  0.589283  0.00547245
1675  0.317805  0.00267096  0.589283  0.00547245
1676  0.317805  0.00267096  0.589283  0.00547245
1677  0.317801  0.00267085  0.589102  0.00547714
1678  0.3178  0.00267084  0.589093  0.00547752
1679  0.317797  0.00267085  0.589093  0.00547752
1680  0.317796  0.00267083  0.589171  0.00547631
1681  0.317794  0.00267079  0.589171  0.00547631
1682  0.317792  0.00267076  0.589171  0.00547631
1683  0.317789  0.00267078  0.58911  0.00547839
1684  0.317786  0.00267078  0.589119  0.00547805
1685  0.317781  0.00267067  0.589033  0.00548217
1686  0.317779  0.00267063  0.589033  0.00548217
1687  0.317778  0.00267063  0.589033  0.00548217
1688  0.317776  0.00267059  0.58911  0.00547963
1689  0.317775  0.00267057  0.58911  0.00547963
1690  0.317774  0.00267057  0.58911  0.00547963
1691  0.317774  0.00267056  0.58911  0.00547963
1692  0.317771  0.00267048  0.58905  0.00548075
1693  0.317764  0.0026705  0.58905  0.00548075
1694  0.31776  0.0026705  0.58905  0.00548075
1695  0.31776  0.0026705  0.58905  0.00548075
1696  0.31774  0.00267047  0.588972  0.00548073
1697  0.317739  0.00267052  0.588972  0.00548073
1698  0.317738  0.00267051  0.58886  0.00548564
1699  0.317738  0.00267051  0.58886  0.00548564
1700  0.317736  0.00267048  0.588834  0.00548601
1701  0.317734  0.00267045  0.588817  0.00548673
1702  0.317733  0.00267043  0.588731  0.00548948
1703  0.317733  0.00267043  0.588739  0.00548928
1704  0.317725  0.0026703  0.588739  0.00548928
1705  0.317725  0.0026703  0.588739  0.00548928
1706  0.317724  0.00267031  0.588739  0.00548928
1707  0.317724  0.00267032  0.588739  0.00548928
1708  0.317724  0.00267032  0.588739  0.00548928
1709  0.317724  0.00267032  0.588739  0.00548928
1710  0.317724  0.00267032  0.588826  0.00548653
1711  0.317722  0.00267034  0.588826  0.00548653
1712  0.317722  0.00267034  0.588817  0.00548674
1713  0.317722  0.00267034  0.588817  0.00548674
1714  0.317722  0.00267033  0.588869  0.00548517
1715  0.317722  0.00267033  0.588843  0.00548626
1716  0.317721  0.00267033  0.588843  0.00548626
1717  0.317719  0.00267027  0.588852  0.00548605
1718  0.317719  0.00267027  0.588765  0.00548745
1719  0.317714  0.00267019  0.588946  0.00548066
1720  0.317714  0.00267019  0.588946  0.00548066
1721  0.317714  0.00267019  0.588946  0.00548066
1722  0.317707  0.00267006  0.588981  0.00547993
1723  0.317707  0.00267004  0.588895  0.00548269
1724  0.317707  0.00267004  0.588912  0.00548203
1725  0.317694  0.0026699  0.589058  0.00547789
1726  0.317694  0.00266989  0.589188  0.00547425
1727  0.317691  0.00266985  0.589188  0.00547425
1728  0.317689  0.00266985  0.589188  0.00547425
1729  0.317685  0.00266976  0.589067  0.0054785
1730  0.317685  0.00266976  0.589058  0.00547891
1731  0.31768  0.00266975  0.588972  0.00548167
1732  0.317679  0.00266974  0.588972  0.00548167
1733  0.317678  0.00266973  0.588972  0.00548167
1734  0.317674  0.00266967  0.588998  0.00548139
1735  0.317672  0.0026696  0.588912  0.00548551
1736  0.317667  0.00266958  0.588912  0.00548551
1737  0.317665  0.00266957  0.588912  0.00548551
1738  0.317663  0.00266951  0.588843  0.00548869
1739  0.317659  0.00266949  0.588826  0.00548962
1740  0.317652  0.00266935  0.588964  0.00548464
1741  0.31765  0.00266931  0.589041  0.00548222
1742  0.317649  0.00266929  0.589093  0.00547958
1743  0.317645  0.00266926  0.589231  0.00547477
1744  0.317645  0.00266926  0.589231  0.00547477
1745  0.317641  0.00266925  0.589231  0.00547477
1746  0.317641  0.00266925  0.589231  0.00547477
1747  0.317634  0.00266926  0.589231  0.00547477
1748  0.317634  0.00266926  0.589231  0.00547477
1749  0.317632  0.00266927  0.589231  0.00547477
1750  0.317632  0.00266927  0.589231  0.00547477
1751  0.317631  0.00266927  0.589231  0.00547477
1752  0.317626  0.00266929  0.589231  0.00547477
1753  0.31762  0.00266918  0.589231  0.00547477
1754  0.317618  0.00266915  0.589317  0.00547336
1755  0.317617  0.00266915  0.589317  0.00547336
1756  0.317606  0.00266899  0.589309  0.00547383
1757  0.317603  0.00266892  0.58936  0.0054717
1758  0.317599  0.00266887  0.5893  0.00547342
1759  0.317599  0.00266885  0.5893  0.00547342
1760  0.317598  0.00266884  0.5893  0.00547342
1761  0.317596  0.00266879  0.5893  0.00547342
1762  0.317594  0.00266875  0.5893  0.00547342
1763  0.317594  0.00266875  0.5893  0.00547342
1764  0.317594  0.00266875  0.5893  0.00547342
1765  0.317594  0.00266875  0.5893  0.00547342
1766  0.317594  0.00266875  0.5893  0.00547342
1767  0.317593  0.00266874  0.5893  0.00547342
1768  0.317593  0.00266872  0.5893  0.00547342
1769  0.31759  0.00266879  0.5893  0.00547342
1770  0.31759  0.00266879  0.5893  0.00547342
1771  0.317588  0.00266876  0.5893  0.00547342
1772  0.317586  0.00266876  0.5893  0.00547342
1773  0.317585  0.00266876  0.5893  0.00547342
1774  0.317585  0.00266876  0.5893  0.00547342
1775  0.317585  0.00266876  0.589377  0.00547197
1776  0.317582  0.00266869  0.589421  0.00547152
1777  0.317579  0.00266865  0.58936  0.00547261
1778  0.317568  0.00266839  0.589541  0.00546563
1779  0.317567  0.00266838  0.589541  0.00546563
1780  0.317565  0.00266833  0.589541  0.00546563
1781  0.317565  0.00266833  0.589541  0.00546563
1782  0.317564  0.00266831  0.589541  0.00546563
1783  0.317564  0.0026683  0.589541  0.00546563
1784  0.317559  0.00266822  0.589498  0.00546786
1785  0.317558  0.0026682  0.589498  0.00546786
1786  0.317556  0.00266814  0.589498  0.00546786
1787  0.317551  0.00266813  0.589438  0.00546985
1788  0.317549  0.00266813  0.589429  0.00547019
1789  0.317546  0.00266817  0.589429  0.00547019
1790  0.317546  0.00266817  0.589429  0.00547019
1791  0.317546  0.00266816  0.589421  0.00547053
1792  0.317544  0.0026681  0.589429  0.00547425
1793  0.317542  0.00266808  0.589257  0.00547843
1794  0.317542  0.00266808  0.589257  0.00547843
1795  0.317538  0.002668  0.58924  0.00547485
1796  0.317537  0.00266798  0.58936  0.00547285
1797  0.317535  0.00266793  0.58936  0.00547285
1798  0.317532  0.00266788  0.58936  0.00547285
1799  0.317532  0.00266786  0.589352  0.0054732
1800  0.317531  0.00266784  0.589352  0.0054732
1801  0.31753  0.00266783  0.589352  0.0054732
1802  0.317528  0.00266779  0.589507  0.00546817
1803  0.317526  0.00266773  0.589507  0.00546817
1804  0.317523  0.00266771  0.589507  0.00546817
1805  0.317521  0.00266771  0.589584  0.00546806
1806  0.317517  0.00266764  0.589524  0.00546805
1807  0.317509  0.00266764  0.589507  0.00546817
1808  0.317506  0.00266766  0.589653  0.00546496
1809  0.3175  0.00266769  0.589653  0.00546496
1810  0.317495  0.00266772  0.589628  0.00546593
1811  0.317493  0.00266768  0.589628  0.00546593
1812  0.317492  0.00266765  0.589679  0.00546525
1813  0.317487  0.00266766  0.589765  0.00546519
1814  0.317487  0.00266766  0.589765  0.00546519
1815  0.317487  0.00266766  0.589765  0.00546519
1816  0.317487  0.00266766  0.589765  0.00546519
1817  0.317486  0.00266765  0.589765  0.00546519
1818  0.317474  0.00266759  0.589765  0.00546519
1819  0.317459  0.0026675  0.58986  0.0054637
1820  0.317458  0.00266748  0.58986  0.0054637
1821  0.317458  0.00266748  0.58986  0.0054637
1822  0.317456  0.00266742  0.589774  0.00546511
1823  0.317455  0.00266742  0.589774  0.00546511
1824  0.317448  0.00266737  0.58986  0.00546392
1825  0.317444  0.00266732  0.589817  0.00546377
1826  0.317442  0.00266728  0.589834  0.00546379
1827  0.317437  0.00266717  0.589998  0.00545822
1828  0.317436  0.00266714  0.589981  0.00545823
1829  0.31743  0.00266715  0.589981  0.00545823
1830  0.317413  0.00266725  0.590033  0.00545836
1831  0.317407  0.00266713  0.590033  0.00545836
1832  0.317405  0.00266713  0.590033  0.00545836
1833  0.317403  0.00266711  0.590119  0.00545694
1834  0.317403  0.00266711  0.590119  0.00545694
1835  0.317402  0.0026671  0.590119  0.00545694
1836  0.317394  0.00266708  0.59024  0.00545507
1837  0.31739  0.00266709  0.59024  0.00545507
1838  0.317382  0.00266709  0.59024  0.00545507
1839  0.317382  0.00266709  0.59024  0.00545507
1840  0.317379  0.00266707  0.59024  0.00545507
1841  0.317375  0.00266701  0.59024  0.00545507
1842  0.317368  0.00266703  0.59024  0.00545507
1843  0.317366  0.00266702  0.59024  0.00545507
1844  0.317362  0.00266712  0.59024  0.00545507
1845  0.317362  0.00266712  0.59024  0.00545507
1846  0.317362  0.00266712  0.59024  0.00545507
1847  0.31736  0.00266706  0.59024  0.00545507
1848  0.317344  0.00266683  0.589981  0.00546341
1849  0.317342  0.0026668  0.589878  0.00546706
1850  0.31734  0.00266674  0.589809  0.00546809
1851  0.317328  0.00266648  0.589843  0.00546681
1852  0.317327  0.00266647  0.589843  0.00546681
1853  0.317323  0.00266648  0.589809  0.00546754
1854  0.31732  0.00266639  0.589869  0.0054667
1855  0.317319  0.00266635  0.589852  0.00546741
1856  0.317306  0.00266608  0.589972  0.00546353
1857  0.3173  0.00266595  0.5898  0.00547044
1858  0.317299  0.00266595  0.5898  0.00547044
1859  0.317296  0.00266589  0.5898  0.00547044
1860  0.317283  0.00266573  0.5898  0.00546987
1861  0.317281  0.00266572  0.589809  0.00546966
1862  0.317281  0.00266572  0.589809  0.00546966
1863  0.317281  0.00266571  0.589809  0.00546966
1864  0.317277  0.00266564  0.589843  0.00546948
1865  0.317271  0.00266549  0.589921  0.00546537
1866  0.317265  0.00266537  0.589921  0.00546537
1867  0.317262  0.0026653  0.589921  0.00546537
1868  0.31726  0.00266526  0.589921  0.00546537
1869  0.317256  0.00266522  0.59005  0.00546274
1870  0.317249  0.0026651  0.590119  0.0054616
1871  0.317249  0.0026651  0.590119  0.0054616
1872  0.317249  0.00266508  0.590205  0.00545882
1873  0.317248  0.00266506  0.590205  0.00545882
1874  0.317248  0.00266506  0.590205  0.00545882
1875  0.317248  0.00266506  0.590205  0.00545882
1876  0.317248  0.00266506  0.590205  0.00545882
1877  0.317245  0.002665  0.590222  0.00545843
1878  0.317241  0.00266491  0.590145  0.00546099
1879  0.317236  0.00266485  0.590136  0.0054612
1880  0.317236  0.00266485  0.590343  0.00545419
1881  0.317233  0.00266484  0.590343  0.00545419
1882  0.317233  0.00266484  0.590343  0.00545419
1883  0.317232  0.00266483  0.59036  0.00545325
1884  0.317232  0.00266483  0.59036  0.00545325
1885  0.317232  0.00266483  0.59036  0.00545325
1886  0.31723  0.00266477  0.590516  0.00544848
1887  0.317218  0.00266455  0.590585  0.00544614
1888  0.317217  0.00266454  0.590576  0.00544639
1889  0.317216  0.00266454  0.590602  0.00544569
1890  0.317215  0.00266447  0.590619  0.0054453
1891  0.317215  0.00266447  0.590619  0.0054453
1892  0.317215  0.00266447  0.590619  0.0054453
1893  0.317213  0.00266452  0.590602  0.00544569
1894  0.317212  0.00266451  0.590602  0.00544569
1895  0.317211  0.00266453  0.590602  0.00544569
1896  0.317208  0.00266451  0.590602  0.00544569
1897  0.317208  0.00266451  0.590602  0.00544569
1898  0.317208  0.00266451  0.590602  0.00544569
1899  0.317202  0.00266436  0.590619  0.0054453
1900  0.317197  0.00266424  0.590619  0.0054453
1901  0.317196  0.0026642  0.590533  0.00544809
1902  0.317196  0.0026642  0.590524  0.00544828
1903  0.317196  0.0026642  0.590524  0.00544828
1904  0.317187  0.00266432  0.590541  0.00544791
1905  0.317183  0.00266435  0.590541  0.00544791
1906  0.317182  0.00266435  0.590541  0.00544791
1907  0.317181  0.00266433  0.590481  0.00544972
1908  0.317181  0.00266433  0.590481  0.00544972
1909  0.317181  0.00266433  0.590481  0.00544972
1910  0.31718  0.00266433  0.590481  0.00544972
1911  0.317179  0.00266433  0.590481  0.00544972
1912  0.317168  0.00266406  0.590654  0.00544277
1913  0.317161  0.00266386  0.590541  0.00544791
1914  0.317159  0.00266383  0.590541  0.00544791
1915  0.317156  0.0026639  0.590541  0.00544791
1916  0.317155  0.0026639  0.590541  0.00544791
1917  0.317154  0.00266387  0.590619  0.00544423
1918  0.317154  0.00266387  0.590619  0.00544423
1919  0.317147  0.00266383  0.590619  0.00544423
1920  0.317147  0.00266383  0.590619  0.00544423
1921  0.317143  0.00266374  0.590645  0.00544313
1922  0.317143  0.00266374  0.590645  0.00544313
1923  0.317139  0.00266363  0.590645  0.00544313
1924  0.317139  0.00266363  0.590645  0.00544313
1925  0.317137  0.00266362  0.590602  0.00544367
1926  0.317134  0.00266361  0.590628  0.0054433
1927  0.317126  0.00266365  0.590636  0.00544321
1928  0.317124  0.00266359  0.590559  0.00544729
1929  0.317121  0.00266359  0.590559  0.00544729
1930  0.317121  0.00266359  0.590507  0.0054488
1931  0.317119  0.00266361  0.590498  0.00544888
1932  0.317119  0.00266362  0.590498  0.00544888
1933  0.317118  0.00266359  0.590585  0.00544609
1934  0.317113  0.00266346  0.590533  0.00544756
1935  0.317113  0.00266346  0.590533  0.00544756
1936  0.317112  0.00266343  0.590447  0.00544898
1937  0.317112  0.00266343  0.590447  0.00544898
1938  0.317112  0.00266343  0.590447  0.00544898
1939  0.317112  0.00266343  0.590447  0.00544898
1940  0.3171  0.00266314  0.590317  0.00545265
1941  0.317099  0.00266313  0.590317  0.00545265
1942  0.317098  0.00266313  0.590317  0.00545265
1943  0.317091  0.00266301  0.590317  0.00545265
1944  0.317091  0.00266301  0.590317  0.00545265
1945  0.31709  0.00266297  0.590317  0.00545265
1946  0.317087  0.00266297  0.590317  0.00545265
1947  0.317084  0.00266298  0.590317  0.00545265
1948  0.317082  0.00266291  0.590231  0.00545407
1949  0.31708  0.00266286  0.590231  0.00545407
1950  0.31708  0.00266286  0.590231  0.00545407
1951  0.317077  0.00266283  0.590231  0.00545407
1952  0.317074  0.00266276  0.590317  0.00545265
1953  0.317067  0.00266277  0.590317  0.00545265
1954  0.317067  0.00266275  0.590317  0.00545265
1955  0.317065  0.00266272  0.590317  0.00545265
1956  0.317063  0.00266266  0.590309  0.005453
1957  0.317062  0.00266266  0.590464  0.00544946
1958  0.31706  0.00266262  0.590464  0.00544946
1959  0.317048  0.00266252  0.590481  0.00544879
1960  0.317048  0.00266252  0.590481  0.00544879
1961  0.317047  0.0026625  0.590404  0.00545247
1962  0.317044  0.00266244  0.590404  0.00545247
1963  0.317039  0.00266238  0.59036  0.00545383
1964  0.317039  0.00266235  0.590369  0.00545335
1965  0.317034  0.00266222  0.590343  0.00545433
1966  0.317033  0.00266221  0.59036  0.00545366
1967  0.317031  0.00266219  0.59036  0.00545353
1968  0.317031  0.00266219  0.59036  0.00545353
1969  0.317031  0.00266219  0.59036  0.00545353
1970  0.317026  0.00266205  0.59036  0.00545353
1971  0.317026  0.00266205  0.59036  0.00545353
1972  0.317023  0.00266196  0.590386  0.00545218
1973  0.317021  0.00266189  0.590636  0.00544417
1974  0.31702  0.00266188  0.590636  0.00544417
1975  0.317019  0.00266186  0.590636  0.00544417
1976  0.317016  0.00266178  0.59061  0.00544552
1977  0.317015  0.00266175  0.590524  0.00544967
1978  0.317015  0.00266175  0.590524  0.00544967
1979  0.317009  0.0026616  0.590541  0.00544966
1980  0.317007  0.00266157  0.59055  0.00544967
1981  0.317003  0.00266157  0.590567  0.00544974
1982  0.317  0.00266147  0.590576  0.0054494
1983  0.317  0.00266147  0.590576  0.0054494
1984  0.316999  0.00266147  0.590498  0.00545185
1985  0.316999  0.00266147  0.590498  0.00545185
1986  0.316998  0.00266149  0.590498  0.00545185
1987  0.316995  0.00266145  0.59055  0.00544993
1988  0.316989  0.0026614  0.590498  0.00545177
1989  0.316987  0.00266136  0.590498  0.00545177
1990  0.316987  0.00266135  0.590498  0.00545177
1991  0.316986  0.00266133  0.590559  0.00544901
1992  0.316986  0.00266133  0.590559  0.00544901
1993  0.316984  0.00266132  0.590559  0.00544901
1994  0.316979  0.0026612  0.590472  0.00545043
1995  0.316978  0.00266119  0.590472  0.00545043
1996  0.316977  0.00266117  0.590516  0.00544941
1997  0.316977  0.00266116  0.59049  0.00544998
1998  0.316977  0.00266116  0.59049  0.00544998
1999  0.316977  0.00266116  0.59049  0.00544998
