#sample=4085
0  0.407714  0.00226508  0.346891  0.00603661
1  0.341359  0.00285461  0.508225  0.00687005
2  0.299871  0.00329952  0.552228  0.00699958
3  0.277137  0.00355089  0.564578  0.00703807
4  0.264724  0.00368222  0.570465  0.00705614
5  0.258464  0.00373884  0.571787  0.0070713
6  0.254766  0.00376383  0.572497  0.00708259
7  0.252236  0.00377386  0.573035  0.00708458
8  0.250329  0.00378201  0.572987  0.00708836
9  0.248632  0.00378607  0.574737  0.00707969
10  0.247168  0.00378769  0.574847  0.00708686
11  0.24592  0.00378758  0.57519  0.00709022
12  0.244933  0.00378793  0.575692  0.00709011
13  0.243946  0.00378467  0.575483  0.00709176
14  0.243109  0.00378262  0.575386  0.00709261
15  0.242313  0.00378085  0.576353  0.00708391
16  0.24168  0.003779  0.576401  0.00708539
17  0.241166  0.00377601  0.576304  0.00708565
18  0.240695  0.00377372  0.576095  0.00708866
19  0.240136  0.00376932  0.576512  0.00708446
20  0.239608  0.00376583  0.575679  0.00709508
21  0.239176  0.00376332  0.576377  0.00708831
22  0.238774  0.00375946  0.576695  0.00708561
23  0.238405  0.00375574  0.577124  0.00708057
24  0.237965  0.00375135  0.57694  0.00708625
25  0.237669  0.00374818  0.577356  0.00708239
26  0.237342  0.00374417  0.577185  0.00708477
27  0.23699  0.00373983  0.577075  0.00708673
28  0.23669  0.00373647  0.577417  0.0070816
29  0.236386  0.00373227  0.577625  0.00708067
30  0.236093  0.00372869  0.577674  0.00708008
31  0.235781  0.00372499  0.578556  0.00707115
32  0.235556  0.003722  0.578446  0.00707152
33  0.235322  0.00371948  0.578654  0.0070697
34  0.235067  0.00371621  0.5788  0.00706754
35  0.234834  0.00371319  0.579315  0.00706097
36  0.234575  0.00371017  0.578739  0.0070678
37  0.234352  0.0037071  0.5788  0.00706728
38  0.23413  0.00370432  0.578739  0.00707147
39  0.233957  0.00370195  0.579045  0.00706886
40  0.233767  0.00369935  0.579143  0.00706846
41  0.233579  0.00369722  0.579474  0.00706468
42  0.233385  0.00369488  0.580061  0.00705901
43  0.233195  0.00369209  0.579914  0.00705825
44  0.233019  0.00368952  0.580465  0.00705105
45  0.232852  0.00368718  0.580624  0.00704936
46  0.232663  0.00368453  0.580771  0.00704723
47  0.232502  0.00368211  0.580967  0.0070447
48  0.232336  0.00367968  0.581554  0.007038
49  0.232171  0.00367729  0.58186  0.00703511
50  0.232022  0.0036752  0.581946  0.0070352
51  0.231891  0.00367329  0.58235  0.00702979
52  0.231757  0.00367131  0.583182  0.00701973
53  0.231623  0.00366933  0.58355  0.00701632
54  0.231518  0.0036676  0.583978  0.00701219
55  0.231392  0.00366586  0.584651  0.00700496
56  0.231291  0.00366443  0.584382  0.00700868
57  0.231176  0.00366263  0.58492  0.00700209
58  0.231058  0.00366102  0.584688  0.00700304
59  0.230938  0.00365929  0.584296  0.00700754
60  0.230797  0.00365758  0.584308  0.00700678
61  0.230669  0.00365588  0.585324  0.00699715
62  0.230567  0.00365445  0.58552  0.00699491
63  0.230457  0.0036529  0.586095  0.00698775
64  0.230358  0.00365161  0.585716  0.00699293
65  0.230253  0.00365019  0.586426  0.00698372
66  0.230142  0.00364886  0.586756  0.00698131
67  0.230015  0.00364712  0.587246  0.00697573
68  0.2299  0.00364556  0.586695  0.00698273
69  0.229785  0.0036438  0.586634  0.00698552
70  0.229663  0.00364219  0.586426  0.00698773
71  0.229551  0.00364075  0.586585  0.00698738
72  0.229481  0.0036397  0.586634  0.00698625
73  0.229347  0.00363815  0.586659  0.00698639
74  0.229231  0.00363665  0.587136  0.00697902
75  0.229133  0.00363518  0.587576  0.00697563
76  0.229032  0.00363378  0.587931  0.006971
77  0.228962  0.00363287  0.588164  0.00696847
78  0.228846  0.00363127  0.588091  0.00696919
79  0.22874  0.00362974  0.588066  0.00697137
80  0.228671  0.00362885  0.588029  0.00697033
81  0.228582  0.00362761  0.588188  0.00696884
82  0.228502  0.00362661  0.58836  0.00696629
83  0.228391  0.003625  0.588543  0.00696379
84  0.228329  0.00362417  0.588605  0.00696294
85  0.228241  0.00362297  0.588874  0.00695997
86  0.228158  0.00362182  0.589241  0.00695514
87  0.228074  0.0036208  0.589155  0.00695443
88  0.228004  0.00361972  0.589045  0.00695808
89  0.227925  0.00361854  0.589266  0.00695355
90  0.22782  0.00361703  0.589131  0.00695657
91  0.227745  0.00361586  0.589327  0.00695367
92  0.227666  0.00361489  0.589131  0.00695552
93  0.22758  0.00361371  0.589351  0.00695049
94  0.227483  0.0036124  0.589657  0.00694684
95  0.227405  0.00361135  0.590245  0.00694112
96  0.227311  0.00361006  0.59011  0.00694244
97  0.227273  0.00360954  0.589939  0.00694499
98  0.2272  0.00360843  0.590734  0.00693547
99  0.22714  0.0036075  0.590759  0.00693479
100  0.227045  0.00360606  0.591506  0.00692567
101  0.226973  0.0036051  0.591946  0.00691987
102  0.226923  0.00360458  0.592607  0.00691199
103  0.226872  0.00360371  0.592815  0.00690984
104  0.226821  0.00360289  0.592889  0.00690904
105  0.226771  0.00360224  0.592938  0.00690872
106  0.226691  0.00360096  0.593023  0.00690795
107  0.226592  0.00359947  0.59328  0.00690662
108  0.226523  0.00359851  0.592889  0.00691196
109  0.226462  0.0035977  0.592999  0.0069097
110  0.22641  0.00359691  0.593231  0.00690604
111  0.226346  0.00359606  0.593917  0.00689725
112  0.22627  0.003595  0.593599  0.00689937
113  0.226187  0.00359396  0.593635  0.00689961
114  0.22614  0.00359332  0.593317  0.00690433
115  0.226092  0.00359266  0.593488  0.00690457
116  0.226038  0.00359208  0.593672  0.00689974
117  0.225963  0.0035912  0.594027  0.00689476
118  0.225915  0.0035906  0.594051  0.00689473
119  0.225873  0.00359016  0.594614  0.00688884
120  0.225811  0.00358933  0.594871  0.00688542
121  0.225761  0.00358861  0.594884  0.00688497
122  0.225721  0.00358799  0.595545  0.00687633
123  0.225681  0.00358737  0.595655  0.00687494
124  0.225646  0.0035869  0.596144  0.00686836
125  0.225605  0.00358633  0.59623  0.00686668
126  0.22556  0.00358569  0.596279  0.00686433
127  0.225498  0.00358479  0.595765  0.00687157
128  0.225449  0.00358412  0.596206  0.00686585
129  0.225412  0.00358368  0.596181  0.00686595
130  0.225368  0.00358327  0.595789  0.00687089
131  0.2253  0.00358244  0.595618  0.00687263
132  0.225234  0.00358164  0.595985  0.00686831
133  0.225169  0.00358067  0.596144  0.00686627
134  0.225115  0.00357997  0.595924  0.00686656
135  0.225072  0.00357936  0.596499  0.00685955
136  0.225026  0.00357873  0.596707  0.00685618
137  0.224958  0.00357773  0.596769  0.0068562
138  0.224934  0.00357743  0.59661  0.00685763
139  0.22491  0.00357711  0.596524  0.00685866
140  0.224856  0.00357639  0.597038  0.00685288
141  0.224782  0.00357533  0.597491  0.00684819
142  0.224734  0.00357457  0.597564  0.00684757
143  0.224677  0.00357379  0.598066  0.00684146
144  0.224632  0.00357319  0.598201  0.00683942
145  0.2246  0.00357272  0.598286  0.00683848
146  0.224546  0.0035719  0.598286  0.00683806
147  0.22448  0.00357111  0.598482  0.00683502
148  0.224442  0.00357059  0.598874  0.00683026
149  0.224386  0.00356988  0.598911  0.00682891
150  0.22433  0.00356913  0.599119  0.00682577
151  0.22428  0.00356851  0.59929  0.0068229
152  0.224232  0.00356785  0.599266  0.00682338
153  0.22416  0.00356693  0.598911  0.00682538
154  0.22411  0.00356629  0.598666  0.00682835
155  0.22408  0.00356585  0.598947  0.00682498
156  0.224053  0.0035654  0.599033  0.00682372
157  0.224012  0.00356477  0.599204  0.00682157
158  0.223959  0.00356406  0.599143  0.00682213
159  0.223917  0.00356341  0.599449  0.00681885
160  0.223871  0.0035628  0.599302  0.00682109
161  0.223825  0.00356222  0.599192  0.00682237
162  0.223776  0.00356152  0.599572  0.00681705
163  0.223731  0.00356088  0.60022  0.0068091
164  0.223702  0.00356054  0.60049  0.0068047
165  0.223643  0.00355963  0.601016  0.00679742
166  0.223593  0.00355888  0.601028  0.0067975
167  0.22355  0.00355825  0.60131  0.00679392
168  0.223496  0.00355738  0.601236  0.00679452
169  0.223473  0.00355708  0.601322  0.00679316
170  0.223442  0.00355659  0.601591  0.00678984
171  0.223411  0.00355618  0.601775  0.00678774
172  0.22338  0.0035557  0.602179  0.00678211
173  0.223338  0.00355504  0.602056  0.0067836
174  0.223293  0.00355444  0.602056  0.00678416
175  0.223262  0.00355396  0.60224  0.00678177
176  0.223195  0.00355298  0.601873  0.00678674
177  0.223154  0.00355238  0.602166  0.00678343
178  0.223111  0.00355172  0.602399  0.00678075
179  0.223064  0.00355103  0.602448  0.00677999
180  0.223037  0.00355069  0.602191  0.00678259
181  0.223011  0.00355031  0.602558  0.00677792
182  0.222957  0.00354963  0.602803  0.00677517
183  0.22293  0.00354917  0.602987  0.00677293
184  0.222887  0.0035486  0.602974  0.00677316
185  0.222857  0.00354815  0.603195  0.00676975
186  0.222823  0.00354768  0.603195  0.00676964
187  0.222786  0.00354724  0.603329  0.00676815
188  0.222737  0.00354652  0.603231  0.00676958
189  0.222682  0.00354579  0.603623  0.00676464
190  0.222628  0.00354501  0.603696  0.00676266
191  0.222583  0.00354446  0.603452  0.00676588
192  0.222542  0.00354385  0.603097  0.00676994
193  0.222499  0.00354327  0.603464  0.00676565
194  0.222462  0.00354274  0.603182  0.00676897
195  0.222415  0.00354211  0.603133  0.00676948
196  0.222361  0.00354145  0.603501  0.00676512
197  0.222314  0.00354076  0.603635  0.0067635
198  0.222276  0.00354023  0.603672  0.00676302
199  0.222249  0.00353984  0.603647  0.00676324
200  0.222221  0.00353937  0.60377  0.00676132
201  0.2222  0.00353905  0.6041  0.00675736
202  0.222157  0.00353841  0.604284  0.0067549
203  0.222128  0.00353797  0.604272  0.00675547
204  0.22209  0.00353743  0.604321  0.00675531
205  0.22204  0.00353661  0.604431  0.00675408
206  0.221989  0.00353592  0.604468  0.0067534
207  0.221945  0.00353536  0.604565  0.00675158
208  0.221909  0.00353487  0.604553  0.00675149
209  0.221872  0.00353441  0.60448  0.00675279
210  0.221819  0.00353372  0.604529  0.00675196
211  0.221776  0.00353321  0.604786  0.00675097
212  0.221739  0.00353281  0.604908  0.00674939
213  0.221718  0.00353243  0.605116  0.00674619
214  0.221687  0.00353199  0.605741  0.00673828
215  0.221636  0.00353138  0.605496  0.00674371
216  0.221606  0.0035309  0.605545  0.00674312
217  0.221563  0.00353036  0.605569  0.00674263
218  0.221526  0.00352991  0.605704  0.00674094
219  0.221499  0.0035295  0.6059  0.00673854
220  0.221462  0.00352896  0.606132  0.00673544
221  0.22144  0.00352869  0.606144  0.00673538
222  0.221389  0.00352796  0.606304  0.00673324
223  0.221337  0.00352725  0.606536  0.00672966
224  0.221293  0.00352655  0.606377  0.00673166
225  0.221264  0.00352615  0.606487  0.00673034
226  0.221234  0.00352572  0.606671  0.00672832
227  0.221214  0.00352543  0.60683  0.00672624
228  0.221183  0.00352496  0.60672  0.00672726
229  0.221146  0.0035245  0.606707  0.00672732
230  0.221114  0.00352401  0.607124  0.00672118
231  0.221071  0.00352333  0.60743  0.00671694
232  0.221043  0.00352288  0.607479  0.00671706
233  0.221008  0.00352228  0.607271  0.00672067
234  0.220969  0.00352176  0.607491  0.00671784
235  0.22093  0.00352115  0.607589  0.00671612
236  0.220907  0.00352073  0.607625  0.00671572
237  0.220869  0.00352021  0.60798  0.00671244
238  0.220841  0.00351981  0.608091  0.00671092
239  0.220813  0.00351942  0.607944  0.00671284
240  0.220778  0.00351893  0.607919  0.00671305
241  0.220753  0.00351858  0.608091  0.00671039
242  0.220722  0.00351811  0.60814  0.00670957
243  0.220706  0.00351787  0.608323  0.006707
244  0.220674  0.00351739  0.608739  0.00670164
245  0.220642  0.00351693  0.608996  0.00669859
246  0.220602  0.00351637  0.60896  0.0066994
247  0.220574  0.00351597  0.608886  0.0067001
248  0.220547  0.00351567  0.609192  0.00669629
249  0.220514  0.00351519  0.609106  0.00669803
250  0.22049  0.00351484  0.609168  0.00669686
251  0.220462  0.00351448  0.609253  0.00669548
252  0.220407  0.00351383  0.609547  0.00669148
253  0.220356  0.00351324  0.609474  0.00669408
254  0.220337  0.00351295  0.609266  0.00669651
255  0.220324  0.00351279  0.609327  0.00669583
256  0.220284  0.00351227  0.609461  0.00669421
257  0.220259  0.00351193  0.609572  0.00669266
258  0.220238  0.00351161  0.609694  0.00669105
259  0.220212  0.00351127  0.609633  0.00669202
260  0.220199  0.00351108  0.609486  0.00669413
261  0.220178  0.00351081  0.609376  0.00669548
262  0.220153  0.00351045  0.609229  0.00669759
263  0.220107  0.00350977  0.609351  0.00669589
264  0.22009  0.00350953  0.609327  0.00669603
265  0.220051  0.003509  0.609106  0.00669866
266  0.220018  0.00350846  0.609229  0.00669761
267  0.219979  0.00350804  0.609584  0.00669381
268  0.219949  0.00350765  0.609743  0.00669143
269  0.219934  0.00350741  0.609988  0.00668832
270  0.219909  0.00350703  0.609584  0.00669367
271  0.219886  0.00350673  0.609266  0.0066979
272  0.219858  0.00350642  0.609033  0.00670036
273  0.219835  0.00350608  0.609119  0.00669916
274  0.219812  0.00350572  0.609253  0.00669821
275  0.219789  0.00350541  0.609339  0.00669716
276  0.219775  0.00350521  0.609327  0.0066972
277  0.219748  0.00350474  0.609351  0.00669688
278  0.219721  0.00350433  0.609474  0.0066952
279  0.219699  0.003504  0.609731  0.00669217
280  0.219666  0.00350358  0.609731  0.00669167
281  0.219624  0.0035029  0.609755  0.00669101
282  0.219604  0.00350257  0.609829  0.00668973
283  0.219572  0.0035021  0.609461  0.00669407
284  0.219545  0.00350174  0.609608  0.00669241
285  0.219522  0.00350136  0.610012  0.00668674
286  0.219499  0.00350104  0.610257  0.00668401
287  0.219476  0.00350076  0.610269  0.00668366
288  0.219453  0.00350049  0.610551  0.00668006
289  0.219423  0.00350006  0.610624  0.00667913
290  0.219403  0.00349984  0.61033  0.00668122
291  0.219359  0.00349935  0.610245  0.00668286
292  0.219338  0.00349915  0.610208  0.00668306
293  0.219318  0.00349885  0.61033  0.00668106
294  0.219307  0.0034987  0.610269  0.00668164
295  0.219286  0.00349844  0.610159  0.00668382
296  0.219268  0.00349825  0.610257  0.00668331
297  0.219238  0.0034978  0.610306  0.00668311
298  0.219215  0.00349752  0.610257  0.00668437
299  0.219194  0.00349729  0.610416  0.0066825
300  0.219169  0.00349702  0.610441  0.00668204
301  0.219148  0.00349674  0.610465  0.00668167
302  0.219131  0.0034965  0.61022  0.00668423
303  0.219122  0.00349633  0.610245  0.00668378
304  0.219102  0.00349604  0.610367  0.00668216
305  0.219079  0.00349572  0.610502  0.0066808
306  0.219062  0.0034955  0.610832  0.00667619
307  0.21904  0.00349515  0.610845  0.00667602
308  0.219013  0.00349477  0.610894  0.00667575
309  0.218987  0.00349445  0.610918  0.00667552
310  0.218953  0.00349409  0.610894  0.00667436
311  0.218925  0.00349372  0.611114  0.00667128
312  0.218896  0.0034934  0.611334  0.00666798
313  0.218867  0.00349304  0.611432  0.00666686
314  0.218841  0.00349272  0.611432  0.00666727
315  0.218826  0.00349259  0.611579  0.00666487
316  0.218815  0.00349238  0.611628  0.00666395
317  0.218803  0.00349223  0.611591  0.00666451
318  0.218791  0.00349207  0.611616  0.00666419
319  0.218777  0.0034919  0.611518  0.00666549
320  0.218759  0.00349164  0.611665  0.00666349
321  0.218727  0.00349119  0.611775  0.00666202
322  0.218685  0.00349066  0.611677  0.00666334
323  0.218649  0.00349021  0.612032  0.00665861
324  0.218636  0.00349001  0.611971  0.0066595
325  0.218614  0.00348969  0.612203  0.00665621
326  0.218595  0.00348942  0.612203  0.0066565
327  0.21857  0.00348911  0.612179  0.00665692
328  0.218532  0.00348869  0.612093  0.00665805
329  0.2185  0.00348827  0.612264  0.00665563
330  0.218474  0.00348793  0.612326  0.00665465
331  0.218449  0.00348764  0.612411  0.00665579
332  0.21841  0.00348716  0.612534  0.00665436
333  0.218399  0.00348701  0.612424  0.00665591
334  0.218372  0.00348666  0.612705  0.00665192
335  0.218346  0.00348634  0.612705  0.0066516
336  0.21831  0.00348588  0.612803  0.00665041
337  0.21828  0.00348546  0.612987  0.00664792
338  0.218248  0.00348504  0.613207  0.00664518
339  0.218224  0.0034848  0.613084  0.00664688
340  0.218209  0.00348459  0.61317  0.00664568
341  0.218167  0.0034842  0.613158  0.00664572
342  0.218152  0.00348397  0.613403  0.00664197
343  0.218114  0.00348347  0.613525  0.00664069
344  0.218105  0.00348333  0.613745  0.00663794
345  0.218081  0.00348309  0.613905  0.00663829
346  0.218062  0.00348285  0.614162  0.00663458
347  0.218021  0.00348241  0.614247  0.00663324
348  0.217987  0.00348188  0.614308  0.00663247
349  0.217971  0.00348161  0.614211  0.00663383
350  0.217962  0.00348141  0.614235  0.00663384
351  0.217945  0.00348115  0.614296  0.00663339
352  0.217929  0.00348092  0.614419  0.00663175
353  0.217908  0.00348064  0.614565  0.0066293
354  0.217895  0.00348043  0.61459  0.00662962
355  0.21787  0.00348008  0.614663  0.00662829
356  0.217838  0.00347964  0.61492  0.00662475
357  0.217819  0.00347931  0.615055  0.00662303
358  0.217798  0.00347893  0.615104  0.00662201
359  0.21778  0.00347861  0.614994  0.00662317
360  0.217763  0.00347836  0.615018  0.00662162
361  0.217747  0.00347818  0.615239  0.0066183
362  0.217733  0.00347801  0.615459  0.0066148
363  0.217713  0.0034777  0.615386  0.00661623
364  0.217699  0.00347751  0.615226  0.00662025
365  0.21768  0.00347721  0.615153  0.00662097
366  0.217666  0.00347702  0.615226  0.00661957
367  0.217634  0.00347667  0.615275  0.00661918
368  0.217609  0.00347629  0.615373  0.0066177
369  0.2176  0.00347616  0.615422  0.0066166
370  0.217588  0.00347597  0.615435  0.00661634
371  0.217572  0.00347572  0.615569  0.00661462
372  0.217555  0.00347548  0.615594  0.0066151
373  0.217529  0.0034751  0.61552  0.00661598
374  0.217501  0.00347475  0.615373  0.00661688
375  0.217484  0.00347444  0.615435  0.0066169
376  0.217458  0.0034741  0.615667  0.00661368
377  0.217448  0.00347392  0.615508  0.00661589
378  0.217433  0.00347366  0.615875  0.00661087
379  0.217416  0.00347341  0.616169  0.00660725
380  0.217377  0.00347287  0.616548  0.00660152
381  0.217346  0.00347248  0.616622  0.00660115
382  0.217314  0.00347203  0.616426  0.00660452
383  0.217297  0.00347182  0.616573  0.00660286
384  0.217265  0.00347136  0.616879  0.00660069
385  0.217243  0.00347111  0.616756  0.00660235
386  0.217221  0.00347081  0.616879  0.00660069
387  0.217186  0.00347037  0.616879  0.0066013
388  0.217166  0.00347011  0.617111  0.00659823
389  0.217145  0.00346979  0.61672  0.00660311
390  0.217108  0.00346925  0.616952  0.00659998
391  0.217095  0.00346908  0.617038  0.00659853
392  0.217069  0.00346871  0.617295  0.00659493
393  0.217051  0.00346843  0.617528  0.00659186
394  0.217031  0.00346812  0.617662  0.00658946
395  0.217025  0.00346803  0.617687  0.00658931
396  0.217006  0.00346776  0.617503  0.00659153
397  0.216992  0.00346758  0.61776  0.00658846
398  0.216977  0.00346736  0.618188  0.00658284
399  0.216962  0.00346714  0.618262  0.00658165
400  0.216947  0.00346696  0.618213  0.0065818
401  0.216926  0.00346671  0.618543  0.00657796
402  0.216905  0.00346647  0.618788  0.0065746
403  0.2169  0.00346637  0.618911  0.00657292
404  0.216886  0.00346618  0.619131  0.00657014
405  0.216871  0.00346601  0.619302  0.00656817
406  0.216853  0.00346577  0.619412  0.00656719
407  0.216831  0.00346567  0.619364  0.00656759
408  0.216812  0.00346545  0.619388  0.00656744
409  0.216791  0.0034652  0.619461  0.00656656
410  0.216763  0.00346482  0.619241  0.0065696
411  0.21673  0.00346443  0.619351  0.00656818
412  0.216707  0.00346408  0.619351  0.0065685
413  0.216694  0.00346388  0.619461  0.00656654
414  0.216675  0.00346359  0.61951  0.00656614
415  0.216661  0.0034634  0.619523  0.00656596
416  0.216644  0.00346313  0.61967  0.00656407
417  0.216627  0.00346285  0.619792  0.00656238
418  0.216601  0.00346249  0.619816  0.00656223
419  0.216591  0.00346236  0.619939  0.00656054
420  0.21658  0.00346219  0.619976  0.00656084
421  0.216555  0.00346185  0.619853  0.00656255
422  0.216548  0.00346174  0.61989  0.00656197
423  0.216533  0.00346151  0.620233  0.00655733
424  0.216514  0.00346121  0.620379  0.0065555
425  0.216499  0.00346098  0.620086  0.00655984
426  0.21649  0.00346083  0.620135  0.00655902
427  0.216464  0.00346042  0.620282  0.00655685
428  0.216454  0.00346025  0.620282  0.00655727
429  0.216438  0.00346007  0.620282  0.0065572
430  0.216413  0.00345982  0.620539  0.00655532
431  0.216403  0.00345968  0.62049  0.00655618
432  0.216381  0.00345942  0.620624  0.00655442
433  0.216368  0.00345925  0.620808  0.00655388
434  0.216354  0.00345908  0.620894  0.00655405
435  0.216347  0.00345898  0.620894  0.00655405
436  0.216331  0.00345878  0.620894  0.00655405
437  0.216314  0.00345859  0.621102  0.00655369
438  0.216297  0.00345834  0.621126  0.0065529
439  0.216279  0.00345804  0.620967  0.00655527
440  0.216255  0.00345766  0.621016  0.00655425
441  0.216249  0.00345756  0.621224  0.00655129
442  0.216222  0.00345722  0.621175  0.00655249
443  0.216212  0.00345703  0.621432  0.00654882
444  0.216185  0.00345668  0.621554  0.00654712
445  0.216174  0.00345651  0.621457  0.00654867
446  0.216161  0.00345629  0.621506  0.00654817
447  0.216157  0.00345622  0.621726  0.00654511
448  0.216151  0.00345613  0.621799  0.00654381
449  0.216146  0.00345606  0.621799  0.00654402
450  0.21614  0.00345594  0.621909  0.00654238
451  0.216131  0.00345576  0.621983  0.0065412
452  0.216105  0.00345542  0.621897  0.00654291
453  0.216085  0.00345508  0.621897  0.00654291
454  0.21607  0.00345486  0.622191  0.00653854
455  0.21604  0.00345452  0.622399  0.00653475
456  0.216017  0.00345424  0.62257  0.00653268
457  0.215995  0.00345399  0.622693  0.0065312
458  0.215968  0.0034537  0.622901  0.00652867
459  0.215946  0.00345334  0.622681  0.00653219
460  0.215927  0.00345312  0.622791  0.00653261
461  0.215915  0.00345297  0.622815  0.00653209
462  0.215894  0.00345268  0.622766  0.00653071
463  0.215857  0.00345226  0.62317  0.00652509
464  0.215839  0.00345206  0.623305  0.00652315
465  0.215824  0.00345181  0.623317  0.00652308
466  0.215804  0.00345153  0.623158  0.00652555
467  0.215795  0.00345137  0.623133  0.00652603
468  0.215771  0.00345104  0.622974  0.00652838
469  0.215756  0.00345087  0.622852  0.00653009
470  0.215744  0.00345071  0.62284  0.00653037
471  0.215728  0.00345049  0.62306  0.00652703
472  0.215697  0.00345016  0.622644  0.00653285
473  0.215684  0.00344998  0.622644  0.00653285
474  0.215664  0.00344969  0.622791  0.00653084
475  0.215641  0.00344936  0.623023  0.00652703
476  0.215623  0.00344914  0.622681  0.00653141
477  0.215606  0.00344894  0.622766  0.00653011
478  0.215594  0.00344878  0.622742  0.00653091
479  0.215571  0.00344848  0.622301  0.00653743
480  0.215555  0.00344828  0.622326  0.00653699
481  0.215536  0.00344808  0.62246  0.00653469
482  0.215511  0.00344769  0.622876  0.00652812
483  0.215494  0.00344744  0.622852  0.00652899
484  0.215487  0.00344735  0.622754  0.00653052
485  0.215478  0.00344725  0.622766  0.00653045
486  0.215454  0.00344695  0.622644  0.00653216
487  0.215444  0.00344679  0.622962  0.00652744
488  0.215428  0.00344661  0.623244  0.00652353
489  0.215419  0.00344645  0.62317  0.00652438
490  0.215413  0.00344635  0.623256  0.00652326
491  0.2154  0.00344616  0.623415  0.00652095
492  0.215386  0.00344599  0.623293  0.00652266
493  0.215376  0.0034458  0.623121  0.00652488
494  0.215361  0.00344561  0.622913  0.00652826
495  0.215353  0.0034455  0.622913  0.00652826
496  0.215342  0.00344532  0.622668  0.00653168
497  0.215318  0.00344493  0.622619  0.00653209
498  0.215301  0.00344466  0.622681  0.00653168
499  0.215295  0.00344458  0.622876  0.00652922
500  0.215285  0.00344441  0.62328  0.00652381
501  0.215274  0.00344425  0.623231  0.00652422
502  0.215256  0.00344396  0.623133  0.00652545
503  0.215239  0.0034437  0.623403  0.00652168
504  0.215231  0.00344362  0.623329  0.00652239
505  0.215215  0.00344338  0.623562  0.00651923
506  0.215204  0.00344323  0.623464  0.00652047
507  0.215192  0.00344306  0.623415  0.00652088
508  0.215176  0.00344282  0.623525  0.00651939
509  0.215172  0.00344275  0.623647  0.00651767
510  0.215161  0.00344257  0.623586  0.00651845
511  0.215149  0.00344236  0.623623  0.00651769
512  0.215137  0.0034422  0.623782  0.0065157
513  0.215128  0.00344206  0.623525  0.00651672
514  0.215108  0.00344186  0.623647  0.00651682
515  0.215089  0.00344163  0.623831  0.00651492
516  0.215083  0.00344153  0.623843  0.00651465
517  0.21507  0.00344133  0.623819  0.00651481
518  0.215054  0.00344111  0.623868  0.00651384
519  0.215037  0.00344083  0.624027  0.00651254
520  0.215028  0.00344069  0.624088  0.00651139
521  0.21501  0.00344038  0.623745  0.00651602
522  0.214999  0.00344019  0.623819  0.00651352
523  0.214994  0.00344012  0.623782  0.006514
524  0.214983  0.00343995  0.623794  0.00651361
525  0.214976  0.00343986  0.623856  0.00651248
526  0.214958  0.00343962  0.624027  0.00651065
527  0.214943  0.00343941  0.624027  0.00651065
528  0.214938  0.00343934  0.624027  0.00651065
529  0.214933  0.00343926  0.623953  0.00651196
530  0.214926  0.00343915  0.623978  0.00651157
531  0.214917  0.00343905  0.6241  0.006511
532  0.214911  0.00343899  0.624284  0.00650813
533  0.214894  0.00343874  0.624308  0.00650831
534  0.214876  0.0034385  0.624443  0.0065059
535  0.214867  0.0034384  0.624247  0.00650928
536  0.214832  0.00343796  0.624333  0.00650815
537  0.214822  0.00343781  0.624088  0.00651127
538  0.214811  0.00343765  0.624088  0.00651107
539  0.2148  0.00343749  0.6241  0.00651054
540  0.21478  0.00343719  0.624333  0.00650727
541  0.214759  0.00343695  0.624247  0.00650872
542  0.214749  0.00343682  0.624357  0.00650688
543  0.214739  0.00343666  0.62437  0.00650682
544  0.21472  0.00343636  0.624357  0.00650709
545  0.214711  0.00343622  0.624235  0.00650881
546  0.214695  0.00343598  0.624296  0.00650838
547  0.214684  0.00343579  0.624296  0.00650838
548  0.214675  0.0034357  0.624247  0.00650902
549  0.214664  0.00343559  0.624113  0.00651102
550  0.214649  0.00343541  0.624113  0.00651102
551  0.214633  0.00343522  0.62399  0.00651274
552  0.21461  0.00343497  0.624357  0.0065079
553  0.2146  0.00343481  0.624235  0.00650962
554  0.214594  0.00343471  0.624113  0.00651134
555  0.214557  0.00343433  0.623782  0.00651602
556  0.214548  0.00343419  0.623672  0.00651735
557  0.214528  0.00343392  0.623647  0.00651751
558  0.214514  0.00343373  0.623623  0.00651767
559  0.21449  0.00343347  0.623733  0.00651623
560  0.214482  0.00343336  0.623721  0.0065165
561  0.214471  0.00343319  0.623856  0.00651467
562  0.214467  0.00343311  0.623745  0.0065163
563  0.214456  0.003433  0.623745  0.0065163
564  0.214437  0.00343274  0.623868  0.00651458
565  0.21441  0.00343242  0.62399  0.00651286
566  0.214398  0.00343225  0.62388  0.00651451
567  0.214382  0.00343208  0.624002  0.00651279
568  0.214364  0.00343183  0.623635  0.00651795
569  0.214356  0.0034317  0.623635  0.00651795
570  0.214341  0.00343149  0.623525  0.00651939
571  0.214331  0.00343135  0.623574  0.00651935
572  0.214312  0.00343117  0.623574  0.00651935
573  0.214303  0.00343104  0.623403  0.00652147
574  0.214297  0.00343096  0.623452  0.00652106
575  0.21429  0.0034309  0.623452  0.00652106
576  0.214274  0.00343067  0.62328  0.00652386
577  0.214265  0.00343049  0.623158  0.00652557
578  0.214248  0.00343023  0.623158  0.00652557
579  0.21424  0.0034301  0.623109  0.00652598
580  0.214219  0.00342984  0.623133  0.00652545
581  0.214195  0.00342951  0.623146  0.00652545
582  0.214185  0.00342937  0.623268  0.00652374
583  0.214175  0.00342922  0.623146  0.00652545
584  0.214167  0.00342918  0.623109  0.00652573
585  0.214156  0.00342909  0.623305  0.00652216
586  0.21414  0.00342885  0.62355  0.00651813
587  0.214133  0.00342878  0.623562  0.00651879
588  0.214111  0.00342871  0.623807  0.00651536
589  0.214095  0.00342861  0.623856  0.00651506
590  0.214077  0.0034284  0.624039  0.00651231
591  0.214065  0.00342822  0.624039  0.00651231
592  0.214056  0.00342813  0.624113  0.00651118
593  0.214049  0.00342804  0.623941  0.00651387
594  0.214037  0.00342792  0.623819  0.00651559
595  0.214026  0.00342776  0.623696  0.00651804
596  0.214016  0.00342759  0.623733  0.00651729
597  0.214012  0.00342753  0.623831  0.00651573
598  0.214005  0.00342741  0.624064  0.00651288
599  0.213993  0.00342725  0.624088  0.00651426
600  0.213982  0.00342714  0.624284  0.00651031
601  0.213959  0.00342683  0.624235  0.00651073
602  0.213947  0.00342662  0.624211  0.00651121
603  0.213934  0.00342643  0.624406  0.0065102
604  0.213917  0.00342631  0.624419  0.00651004
605  0.213904  0.00342618  0.624529  0.00651055
606  0.213882  0.00342587  0.624468  0.00651112
607  0.213877  0.0034258  0.624541  0.00650981
608  0.213863  0.00342561  0.624308  0.00651298
609  0.213848  0.00342541  0.62448  0.00651029
610  0.213834  0.00342527  0.624431  0.00651022
611  0.213817  0.00342498  0.624602  0.00650901
612  0.21381  0.00342488  0.624737  0.00650728
613  0.213798  0.00342472  0.624896  0.00650738
614  0.213788  0.00342457  0.625018  0.00650565
615  0.213778  0.00342443  0.625141  0.00650392
616  0.213767  0.00342436  0.625263  0.00650449
617  0.213754  0.00342421  0.6253  0.00650332
618  0.213739  0.00342405  0.6253  0.0065039
619  0.213718  0.00342381  0.625373  0.00650074
620  0.213712  0.00342373  0.625373  0.00650074
621  0.213707  0.00342365  0.625606  0.00649804
622  0.213694  0.00342345  0.625765  0.00649589
623  0.213683  0.0034233  0.625716  0.00649663
624  0.213678  0.00342322  0.625716  0.00649663
625  0.213663  0.003423  0.625594  0.00649836
626  0.213658  0.0034229  0.625716  0.00649663
627  0.213651  0.00342279  0.625814  0.00649496
628  0.213641  0.00342267  0.625851  0.00649602
629  0.213623  0.0034225  0.625973  0.00649429
630  0.213615  0.00342238  0.625851  0.00649602
631  0.213602  0.00342231  0.625863  0.00649574
632  0.213594  0.00342222  0.625814  0.00649672
633  0.213578  0.00342198  0.625985  0.00649433
634  0.213569  0.00342186  0.625753  0.00649752
635  0.213566  0.00342181  0.625704  0.00649829
636  0.213557  0.00342166  0.625581  0.00650002
637  0.213541  0.00342142  0.62563  0.00649905
638  0.213527  0.00342128  0.625814  0.0064969
639  0.213519  0.00342115  0.625961  0.00649516
640  0.213499  0.00342092  0.625985  0.00649454
641  0.213479  0.00342065  0.625961  0.0064951
642  0.213464  0.00342056  0.625936  0.0064953
643  0.213447  0.00342045  0.626181  0.00649121
644  0.213423  0.00342017  0.626059  0.00649352
645  0.213399  0.0034199  0.626108  0.00649292
646  0.213385  0.0034197  0.626108  0.00649292
647  0.213379  0.00341961  0.625838  0.00649683
648  0.213376  0.00341956  0.625838  0.00649683
649  0.213348  0.00341922  0.625838  0.00649683
650  0.213341  0.00341911  0.625765  0.0064975
651  0.213323  0.00341889  0.625594  0.00650039
652  0.213312  0.00341875  0.625594  0.00650039
653  0.213309  0.00341871  0.625716  0.00649866
654  0.2133  0.00341858  0.625741  0.00649826
655  0.213283  0.00341833  0.6259  0.00649609
656  0.213269  0.00341812  0.626157  0.00649315
657  0.213252  0.00341788  0.626304  0.00649125
658  0.213245  0.00341775  0.625949  0.00649639
659  0.213223  0.0034175  0.625936  0.00649646
660  0.21321  0.00341731  0.625924  0.00649673
661  0.2132  0.00341718  0.626169  0.00649557
662  0.213185  0.00341698  0.626157  0.00649585
663  0.213166  0.00341671  0.625912  0.00649701
664  0.213155  0.00341657  0.625912  0.00649701
665  0.213146  0.00341643  0.626034  0.00649528
666  0.213142  0.00341636  0.625912  0.00649701
667  0.213136  0.00341631  0.625814  0.00649591
668  0.213133  0.00341625  0.625679  0.00649773
669  0.213125  0.00341613  0.625679  0.00649773
670  0.213112  0.00341591  0.625936  0.00649415
671  0.213109  0.00341587  0.625924  0.00649427
672  0.213102  0.00341574  0.625802  0.006496
673  0.213099  0.0034157  0.625887  0.00649441
674  0.213095  0.00341563  0.625961  0.00649336
675  0.21308  0.00341542  0.625961  0.00649336
676  0.213062  0.00341519  0.625728  0.00649552
677  0.21305  0.00341505  0.625716  0.00649575
678  0.213042  0.00341493  0.625838  0.00649402
679  0.213022  0.00341468  0.626071  0.00649061
680  0.213014  0.00341457  0.626083  0.00649054
681  0.212997  0.00341434  0.626267  0.0064877
682  0.212985  0.00341415  0.626548  0.00648415
683  0.212972  0.003414  0.626573  0.00648421
684  0.212962  0.00341388  0.626879  0.00647996
685  0.212945  0.00341361  0.626903  0.00647897
686  0.21294  0.00341354  0.626952  0.00647813
687  0.212924  0.00341339  0.626928  0.00647853
688  0.21291  0.00341321  0.626903  0.00647917
689  0.212901  0.00341305  0.626928  0.00647901
690  0.212894  0.00341299  0.62683  0.00648145
691  0.212874  0.00341278  0.626891  0.00648096
692  0.212857  0.00341262  0.626891  0.00648096
693  0.212847  0.00341243  0.62683  0.00648221
694  0.212841  0.00341232  0.626879  0.00648117
695  0.212827  0.00341212  0.626977  0.00647991
696  0.212819  0.00341198  0.626989  0.00647965
697  0.212799  0.00341172  0.627148  0.00647768
698  0.212785  0.00341151  0.627197  0.0064767
699  0.212777  0.00341142  0.627185  0.00647679
700  0.212767  0.00341127  0.627319  0.00647472
701  0.212738  0.00341099  0.627209  0.00647631
702  0.212729  0.00341083  0.627087  0.00647805
703  0.212721  0.0034107  0.627246  0.00647748
704  0.21271  0.00341055  0.627124  0.00647923
705  0.212694  0.0034103  0.627099  0.00647766
706  0.212675  0.00341  0.627148  0.00647668
707  0.212648  0.00340959  0.627062  0.00647766
708  0.212635  0.00340935  0.627075  0.0064778
709  0.212617  0.00340913  0.627087  0.00647752
710  0.212602  0.00340896  0.62716  0.0064768
711  0.212594  0.00340881  0.627197  0.00647651
712  0.212572  0.00340851  0.627393  0.00647365
713  0.212568  0.00340846  0.627332  0.00647463
714  0.21256  0.00340834  0.62743  0.00647349
715  0.212545  0.00340815  0.62754  0.00647181
716  0.212539  0.00340804  0.627882  0.00646645
717  0.212532  0.00340792  0.627858  0.00646698
718  0.212527  0.00340785  0.627858  0.00646698
719  0.212517  0.00340769  0.627956  0.00646539
720  0.212509  0.00340756  0.627858  0.00646698
721  0.212498  0.00340744  0.627895  0.00646621
722  0.212491  0.00340736  0.627895  0.00646621
723  0.212477  0.00340719  0.627895  0.00646621
724  0.212464  0.00340704  0.628103  0.00646304
725  0.212459  0.00340698  0.628103  0.00646304
726  0.212442  0.00340675  0.628225  0.00646128
727  0.212425  0.00340649  0.628237  0.00646114
728  0.212416  0.00340639  0.628494  0.00645698
729  0.212407  0.00340625  0.628617  0.00645754
730  0.212382  0.00340599  0.628531  0.00645925
731  0.21236  0.00340583  0.628384  0.00646117
732  0.212351  0.0034057  0.628299  0.00646248
733  0.21233  0.00340545  0.628299  0.00646267
734  0.212313  0.00340522  0.628556  0.00645915
735  0.212307  0.00340513  0.6288  0.00645564
736  0.212295  0.00340496  0.62869  0.00645712
737  0.212289  0.00340489  0.628543  0.00645904
738  0.212281  0.00340477  0.628666  0.00645728
739  0.212276  0.00340469  0.628776  0.00645559
740  0.212255  0.00340442  0.628752  0.00645616
741  0.212231  0.00340411  0.62918  0.00645342
742  0.212207  0.00340388  0.62929  0.0064515
743  0.212196  0.00340377  0.629168  0.00645326
744  0.212185  0.00340368  0.629168  0.00645326
745  0.21217  0.00340346  0.62929  0.0064515
746  0.212146  0.00340314  0.62929  0.0064515
747  0.212135  0.00340301  0.629315  0.00645133
748  0.212118  0.00340286  0.629437  0.00644957
749  0.212108  0.00340276  0.629327  0.00644917
750  0.212103  0.0034027  0.629119  0.00645241
751  0.212099  0.00340265  0.629106  0.00645248
752  0.212096  0.00340259  0.629119  0.00645241
753  0.212093  0.00340254  0.629119  0.00645241
754  0.212087  0.00340245  0.628972  0.00645443
755  0.212085  0.00340243  0.628972  0.00645443
756  0.212077  0.00340231  0.628849  0.00645619
757  0.212068  0.00340218  0.628727  0.00645795
758  0.212062  0.00340209  0.628727  0.00645795
759  0.21206  0.00340205  0.628727  0.00645795
760  0.212042  0.00340185  0.628605  0.0064597
761  0.212037  0.00340177  0.628605  0.0064597
762  0.21203  0.00340167  0.628727  0.00645982
763  0.212023  0.00340156  0.628849  0.00645807
764  0.212017  0.00340144  0.628972  0.00645654
765  0.212016  0.00340143  0.628972  0.00645654
766  0.212009  0.00340134  0.628972  0.00645654
767  0.211997  0.00340116  0.629119  0.00645429
768  0.21199  0.00340106  0.629119  0.00645429
769  0.211985  0.00340099  0.628776  0.00645734
770  0.211976  0.00340095  0.628666  0.00645902
771  0.211972  0.00340091  0.628776  0.00645734
772  0.211959  0.00340072  0.628862  0.00645586
773  0.21195  0.00340064  0.628862  0.00645586
774  0.211936  0.00340049  0.629045  0.00645305
775  0.211912  0.00340027  0.629364  0.00644842
776  0.2119  0.00340024  0.629425  0.00644783
777  0.211891  0.00340013  0.629559  0.00644599
778  0.211869  0.00340008  0.629486  0.00644733
779  0.211856  0.00339987  0.629425  0.00644804
780  0.211845  0.00339974  0.629351  0.00644937
781  0.211838  0.00339964  0.629584  0.00644592
782  0.211834  0.00339959  0.629584  0.00644592
783  0.211823  0.00339944  0.629584  0.00644592
784  0.211813  0.00339928  0.629461  0.00644768
785  0.211802  0.00339914  0.629364  0.00644937
786  0.211801  0.00339911  0.629486  0.00644761
787  0.211793  0.00339897  0.629608  0.00644584
788  0.211783  0.00339881  0.629608  0.00644584
789  0.211767  0.00339859  0.629865  0.00644436
790  0.21175  0.00339838  0.629988  0.00644259
791  0.21172  0.00339791  0.630196  0.00643969
792  0.211714  0.00339781  0.630073  0.00644164
793  0.211701  0.00339766  0.629963  0.00644278
794  0.211689  0.00339749  0.630012  0.00644235
795  0.211681  0.00339735  0.630024  0.00644207
796  0.211676  0.00339727  0.629853  0.00644436
797  0.21166  0.00339705  0.630159  0.00643986
798  0.211652  0.00339693  0.630184  0.00643939
799  0.211643  0.0033968  0.630367  0.00643702
800  0.211635  0.0033967  0.630367  0.00643702
801  0.211628  0.00339658  0.630208  0.00643894
802  0.211617  0.00339644  0.63022  0.00643896
803  0.211607  0.0033963  0.630318  0.00643922
804  0.211604  0.00339625  0.63033  0.00643894
805  0.211591  0.00339609  0.630636  0.00643448
806  0.211583  0.00339599  0.63071  0.00643341
807  0.211579  0.00339591  0.63071  0.00643341
808  0.211567  0.00339576  0.630845  0.00643219
809  0.211557  0.00339562  0.630698  0.00643293
810  0.211549  0.00339555  0.630563  0.0064347
811  0.211543  0.00339546  0.630649  0.00643338
812  0.211531  0.00339533  0.630539  0.00643517
813  0.21152  0.00339524  0.630649  0.00643347
814  0.211502  0.00339499  0.630649  0.00643347
815  0.211489  0.00339481  0.630526  0.00643292
816  0.211473  0.00339462  0.630649  0.00643114
817  0.211464  0.0033945  0.630649  0.00643114
818  0.211447  0.00339429  0.630698  0.00643036
819  0.21144  0.00339418  0.630759  0.00642949
820  0.211428  0.003394  0.630514  0.00643303
821  0.211413  0.00339378  0.6306  0.00643206
822  0.211401  0.00339359  0.630759  0.0064297
823  0.211394  0.00339351  0.630698  0.00643029
824  0.211387  0.00339342  0.630698  0.00643029
825  0.211369  0.00339319  0.630747  0.00642944
826  0.211357  0.00339309  0.630881  0.0064279
827  0.211347  0.00339296  0.631236  0.00642285
828  0.211342  0.0033929  0.631297  0.00642178
829  0.211333  0.00339276  0.63142  0.00642
830  0.211327  0.00339266  0.631432  0.00641977
831  0.211315  0.00339247  0.63131  0.00642155
832  0.211301  0.00339229  0.631261  0.00642254
833  0.21127  0.00339192  0.631261  0.00642254
834  0.211257  0.00339174  0.631261  0.00642254
835  0.211245  0.00339158  0.631408  0.00642022
836  0.211233  0.00339142  0.631567  0.0064177
837  0.211216  0.0033912  0.631775  0.00641471
838  0.211204  0.00339106  0.631799  0.00641454
839  0.211188  0.00339085  0.631799  0.00641454
840  0.211185  0.0033908  0.631799  0.00641454
841  0.21118  0.00339073  0.631603  0.00641776
842  0.211167  0.00339057  0.631603  0.00641776
843  0.211155  0.00339045  0.631603  0.00641776
844  0.211149  0.00339034  0.631603  0.00641776
845  0.211147  0.0033903  0.631603  0.00641776
846  0.211134  0.00339013  0.631665  0.00641833
847  0.211122  0.00339001  0.631909  0.00641477
848  0.211111  0.00338983  0.631909  0.00641477
849  0.211105  0.00338975  0.632032  0.00641298
850  0.211092  0.00338956  0.631946  0.00641398
851  0.211085  0.00338945  0.631812  0.00641605
852  0.211077  0.00338934  0.631873  0.00641487
853  0.211061  0.00338913  0.631824  0.00641577
854  0.211044  0.00338891  0.631946  0.00641398
855  0.211024  0.00338872  0.631946  0.00641398
856  0.211009  0.0033885  0.632191  0.00641034
857  0.211005  0.00338843  0.632252  0.00640965
858  0.210995  0.00338829  0.63246  0.006408
859  0.210985  0.00338816  0.632668  0.00640481
860  0.210956  0.00338781  0.632717  0.00640367
861  0.210953  0.00338776  0.632656  0.0064045
862  0.210944  0.00338764  0.632411  0.0064082
863  0.210942  0.00338759  0.632411  0.0064082
864  0.210938  0.00338755  0.632509  0.00640705
865  0.210929  0.00338743  0.63246  0.00640814
866  0.210917  0.00338728  0.63257  0.00640666
867  0.210912  0.00338722  0.63257  0.00640666
868  0.210907  0.00338712  0.632619  0.00640585
869  0.210901  0.00338702  0.632619  0.00640585
870  0.210892  0.00338691  0.632705  0.00640484
871  0.210881  0.00338677  0.632705  0.00640484
872  0.210874  0.00338669  0.632766  0.00640365
873  0.210865  0.00338655  0.632827  0.00640305
874  0.21086  0.00338648  0.632925  0.00640143
875  0.210856  0.00338644  0.632938  0.00640133
876  0.210842  0.00338625  0.632938  0.00640133
877  0.210838  0.0033862  0.632938  0.00640133
878  0.21083  0.00338611  0.632938  0.00640133
879  0.210826  0.00338606  0.632938  0.00639899
880  0.21082  0.00338595  0.633256  0.00639531
881  0.21081  0.00338585  0.633317  0.00639587
882  0.210799  0.00338568  0.633501  0.00639279
883  0.210792  0.00338558  0.633635  0.0063908
884  0.21078  0.0033854  0.633758  0.00639088
885  0.210768  0.0033852  0.63388  0.00638877
886  0.210738  0.00338498  0.633733  0.00639157
887  0.210731  0.00338493  0.633782  0.00639113
888  0.210721  0.00338473  0.634027  0.00638753
889  0.210704  0.00338466  0.634039  0.00638677
890  0.210701  0.00338462  0.634039  0.00638677
891  0.210691  0.00338448  0.634162  0.00638497
892  0.210684  0.0033844  0.634174  0.00638468
893  0.210677  0.00338428  0.634284  0.00638316
894  0.210667  0.00338414  0.634284  0.00638316
895  0.210654  0.00338396  0.634284  0.00638316
896  0.210644  0.00338381  0.634382  0.00637956
897  0.210628  0.00338371  0.63459  0.00637859
898  0.210622  0.00338363  0.63459  0.00637859
899  0.210615  0.00338349  0.634786  0.00637542
900  0.210608  0.00338343  0.634663  0.00637685
901  0.210586  0.00338317  0.634737  0.00637626
902  0.210584  0.00338314  0.634737  0.00637626
903  0.210573  0.00338297  0.634737  0.00637626
904  0.210564  0.00338283  0.634614  0.00637807
905  0.210559  0.00338277  0.63459  0.00637843
906  0.210549  0.0033826  0.634578  0.00637853
907  0.210542  0.00338255  0.634663  0.00637751
908  0.210534  0.00338245  0.634541  0.00637931
909  0.210524  0.00338232  0.634639  0.00637745
910  0.210521  0.00338228  0.634737  0.00637605
911  0.210521  0.00338228  0.634737  0.00637605
912  0.21052  0.00338227  0.634737  0.00637605
913  0.210509  0.00338218  0.634712  0.00637606
914  0.210502  0.00338213  0.63459  0.00637786
915  0.210497  0.00338204  0.63448  0.00637938
916  0.210489  0.00338193  0.634431  0.00637982
917  0.210484  0.00338188  0.634468  0.00637946
918  0.210472  0.00338172  0.63437  0.00638119
919  0.210459  0.0033816  0.634272  0.00638244
920  0.210444  0.00338137  0.634174  0.00638367
921  0.210429  0.00338113  0.634321  0.00638179
922  0.210415  0.00338101  0.634394  0.00638113
923  0.210402  0.00338092  0.634578  0.00638127
924  0.210393  0.00338076  0.6347  0.00637989
925  0.210386  0.00338064  0.634933  0.00637635
926  0.210374  0.00338045  0.635067  0.00637446
927  0.210367  0.00338039  0.635092  0.00637405
928  0.210357  0.00338028  0.635116  0.00637374
929  0.210354  0.00338024  0.635226  0.00637207
930  0.210353  0.00338023  0.635226  0.00637207
931  0.210349  0.00338017  0.635226  0.00637207
932  0.210343  0.00338016  0.635214  0.00637419
933  0.210326  0.00338001  0.635361  0.00637183
934  0.210316  0.00337985  0.635239  0.00637364
935  0.210303  0.00337966  0.635251  0.00637357
936  0.210295  0.00337956  0.6353  0.00637256
937  0.210288  0.00337945  0.634969  0.0063777
938  0.210283  0.00337938  0.63492  0.0063787
939  0.210279  0.0033793  0.634835  0.00637972
940  0.210275  0.00337924  0.634969  0.00637763
941  0.210274  0.00337924  0.634957  0.00637791
942  0.210264  0.00337907  0.635349  0.00637212
943  0.21026  0.00337904  0.635349  0.00637212
944  0.210243  0.00337884  0.635373  0.00637157
945  0.210235  0.00337875  0.635459  0.00637038
946  0.210226  0.00337864  0.635545  0.00636929
947  0.210215  0.00337848  0.635826  0.00636487
948  0.210209  0.00337837  0.636132  0.00636062
949  0.210205  0.0033783  0.636193  0.00636
950  0.210204  0.00337827  0.636071  0.00636182
951  0.210192  0.00337816  0.636316  0.00636054
952  0.210181  0.00337807  0.636304  0.00636038
953  0.210168  0.00337801  0.636304  0.0063583
954  0.210158  0.00337787  0.636389  0.00635728
955  0.210152  0.00337777  0.636536  0.00635542
956  0.210147  0.0033777  0.636377  0.00635874
957  0.210126  0.00337744  0.636279  0.0063601
958  0.210121  0.00337737  0.636401  0.00635828
959  0.210117  0.00337731  0.636401  0.00635828
960  0.210112  0.00337721  0.636597  0.00635565
961  0.2101  0.00337703  0.63661  0.00635557
962  0.210094  0.00337694  0.636732  0.00635375
963  0.210087  0.00337681  0.636867  0.00635164
964  0.210081  0.00337673  0.636842  0.00635219
965  0.210081  0.00337673  0.636842  0.00635219
966  0.210076  0.00337665  0.63683  0.00635227
967  0.210064  0.00337646  0.636952  0.00635044
968  0.21006  0.0033764  0.636952  0.00635044
969  0.210057  0.00337633  0.636952  0.00635044
970  0.210053  0.00337627  0.636952  0.00635044
971  0.21004  0.00337603  0.636952  0.00635044
972  0.210012  0.00337562  0.637185  0.00634741
973  0.209997  0.00337536  0.63694  0.00635106
974  0.209985  0.00337524  0.637013  0.00635015
975  0.209969  0.00337512  0.636781  0.00635146
976  0.209955  0.00337501  0.636928  0.00634908
977  0.209943  0.00337487  0.637038  0.00634755
978  0.209935  0.0033748  0.637087  0.00634672
979  0.209927  0.00337471  0.637442  0.00634433
980  0.209921  0.00337463  0.637454  0.00634404
981  0.20991  0.00337447  0.637479  0.00634387
982  0.209902  0.00337435  0.637552  0.00634305
983  0.209898  0.0033743  0.637552  0.00634305
984  0.209883  0.00337414  0.637662  0.00634066
985  0.20987  0.003374  0.637723  0.00633968
986  0.209861  0.00337391  0.637723  0.00633968
987  0.209859  0.00337389  0.637723  0.00633968
988  0.209845  0.00337366  0.637601  0.00634152
989  0.209833  0.00337354  0.637723  0.00633968
990  0.209822  0.00337343  0.637723  0.00634205
991  0.2098  0.00337324  0.637711  0.00634212
992  0.209794  0.00337316  0.637711  0.00634212
993  0.209789  0.00337308  0.637466  0.00634579
994  0.209779  0.00337295  0.637466  0.00634579
995  0.209775  0.0033729  0.637552  0.00634435
996  0.209766  0.00337278  0.637442  0.00634615
997  0.209763  0.00337274  0.637258  0.00634907
998  0.20975  0.00337256  0.637295  0.00634825
999  0.209746  0.0033725  0.637197  0.00634962
1000  0.209742  0.00337243  0.637356  0.00634716
1001  0.209729  0.00337227  0.637503  0.00634515
1002  0.209725  0.0033722  0.637136  0.00635064
1003  0.209718  0.00337209  0.637136  0.00635064
1004  0.209711  0.003372  0.637258  0.00634881
1005  0.209708  0.00337194  0.637381  0.00634698
1006  0.209705  0.0033719  0.637491  0.00634523
1007  0.209704  0.00337187  0.637491  0.00634523
1008  0.209696  0.00337176  0.637283  0.00634859
1009  0.209688  0.00337164  0.63716  0.00635042
1010  0.209687  0.00337162  0.63716  0.00635042
1011  0.209681  0.00337153  0.63716  0.00635042
1012  0.209674  0.00337144  0.637111  0.00635086
1013  0.209663  0.00337127  0.637111  0.00635086
1014  0.209656  0.00337119  0.637099  0.00635115
1015  0.209651  0.00337109  0.637332  0.0063476
1016  0.209646  0.00337103  0.637356  0.00634704
1017  0.209643  0.00337097  0.637393  0.00634639
1018  0.209641  0.00337095  0.637454  0.00634577
1019  0.209636  0.00337087  0.637197  0.00635019
1020  0.209621  0.00337072  0.637111  0.00635185
1021  0.209615  0.00337062  0.637295  0.00634905
1022  0.209613  0.00337061  0.637295  0.00634905
1023  0.209608  0.00337053  0.637393  0.00634778
1024  0.209594  0.00337032  0.637393  0.00634778
1025  0.209579  0.0033701  0.637393  0.00634778
1026  0.209566  0.00336993  0.637528  0.00634587
1027  0.20956  0.00336983  0.637479  0.00634632
1028  0.209551  0.00336969  0.637576  0.00634521
1029  0.209548  0.00336965  0.63743  0.0063479
1030  0.209541  0.00336953  0.63743  0.0063479
1031  0.209532  0.0033694  0.637368  0.00634926
1032  0.209502  0.00336895  0.637368  0.00634949
1033  0.209494  0.00336883  0.63743  0.00634814
1034  0.209487  0.00336873  0.637283  0.00634951
1035  0.209475  0.00336858  0.637234  0.00634939
1036  0.209464  0.00336847  0.637111  0.00635143
1037  0.209454  0.00336836  0.637111  0.00635143
1038  0.209451  0.00336832  0.637111  0.00635143
1039  0.20944  0.00336813  0.637111  0.00635143
1040  0.20943  0.00336798  0.637013  0.00635268
1041  0.209421  0.00336781  0.637136  0.00635085
1042  0.209413  0.00336769  0.637295  0.00634865
1043  0.20941  0.00336764  0.637332  0.00634807
1044  0.209406  0.00336758  0.637417  0.00634704
1045  0.20939  0.00336734  0.637148  0.00635125
1046  0.209382  0.00336724  0.637148  0.00635125
1047  0.209369  0.00336706  0.637295  0.00635066
1048  0.209363  0.00336696  0.637246  0.00635139
1049  0.209354  0.00336686  0.637234  0.00635123
1050  0.209339  0.00336667  0.637234  0.00635123
1051  0.209319  0.00336639  0.637356  0.0063494
1052  0.209316  0.00336636  0.637479  0.00634757
1053  0.209306  0.00336623  0.637356  0.0063494
1054  0.209293  0.0033661  0.637234  0.00635123
1055  0.209286  0.003366  0.637234  0.00635123
1056  0.209265  0.00336571  0.637234  0.00635123
1057  0.209259  0.00336562  0.637417  0.00634831
1058  0.209252  0.00336552  0.637393  0.00634868
1059  0.209244  0.00336541  0.637356  0.00634898
1060  0.20923  0.00336516  0.637356  0.00634898
1061  0.209229  0.00336514  0.637356  0.00634898
1062  0.209216  0.00336493  0.637466  0.00634749
1063  0.209208  0.00336483  0.637711  0.00634534
1064  0.209203  0.00336473  0.637858  0.00634304
1065  0.209185  0.0033646  0.637748  0.00634459
1066  0.209181  0.00336452  0.637748  0.00634459
1067  0.209177  0.00336445  0.637821  0.0063432
1068  0.20917  0.00336432  0.637821  0.0063432
1069  0.209168  0.0033643  0.637821  0.0063432
1070  0.20916  0.0033642  0.637944  0.00634137
1071  0.209154  0.00336415  0.637944  0.00634137
1072  0.209149  0.00336408  0.637834  0.0063431
1073  0.209142  0.00336397  0.637846  0.00634291
1074  0.209136  0.00336389  0.637882  0.00634246
1075  0.209132  0.00336383  0.637882  0.00634246
1076  0.209121  0.0033637  0.63776  0.0063443
1077  0.209107  0.0033636  0.637882  0.00634246
1078  0.209101  0.00336351  0.637895  0.0063421
1079  0.209094  0.00336341  0.637821  0.00634301
1080  0.209092  0.00336337  0.637809  0.00634309
1081  0.209081  0.00336324  0.637846  0.00634234
1082  0.20907  0.00336307  0.638054  0.00633883
1083  0.209064  0.00336297  0.638433  0.0063336
1084  0.209056  0.00336283  0.638568  0.00633169
1085  0.209048  0.00336271  0.63847  0.00633297
1086  0.209037  0.00336253  0.638494  0.0063326
1087  0.209032  0.00336244  0.638482  0.00633268
1088  0.209025  0.00336234  0.638519  0.00633188
1089  0.209024  0.00336232  0.638531  0.00633223
1090  0.209018  0.00336221  0.63847  0.00633358
1091  0.209013  0.00336213  0.638482  0.00633351
1092  0.209006  0.00336203  0.638384  0.00633479
1093  0.209002  0.00336196  0.638323  0.006336
1094  0.208994  0.00336183  0.63836  0.00633515
1095  0.208985  0.00336172  0.638323  0.00633595
1096  0.208977  0.0033616  0.638372  0.0063355
1097  0.208968  0.00336152  0.63825  0.00633734
1098  0.208958  0.00336138  0.638409  0.0063347
1099  0.208951  0.00336125  0.638286  0.00633654
1100  0.208943  0.00336114  0.638164  0.00633838
1101  0.20894  0.0033611  0.63798  0.00634119
1102  0.208924  0.00336085  0.638066  0.0063402
1103  0.208921  0.00336078  0.637944  0.00634203
1104  0.208914  0.00336068  0.638091  0.00633964
1105  0.208908  0.00336059  0.63798  0.00633882
1106  0.208899  0.00336039  0.637919  0.00634018
1107  0.208892  0.00336032  0.637919  0.00634018
1108  0.208889  0.00336028  0.638042  0.00633872
1109  0.20888  0.0033602  0.637931  0.00634027
1110  0.208873  0.00336013  0.637931  0.00634008
1111  0.208869  0.00336009  0.637931  0.00634008
1112  0.208861  0.00335995  0.637956  0.0063395
1113  0.208845  0.00335977  0.638103  0.00633758
1114  0.208834  0.00335961  0.638091  0.00633766
1115  0.208825  0.00335949  0.638103  0.00633758
1116  0.208822  0.00335945  0.638103  0.00633758
1117  0.208811  0.00335932  0.638103  0.00633758
1118  0.208807  0.00335924  0.63798  0.00633941
1119  0.208804  0.00335921  0.63798  0.00634178
1120  0.208796  0.00335912  0.637968  0.00634207
1121  0.208783  0.00335898  0.637846  0.0063439
1122  0.208777  0.00335891  0.637968  0.00634207
1123  0.208771  0.00335885  0.637968  0.00634207
1124  0.208769  0.00335881  0.637968  0.00634207
1125  0.208769  0.0033588  0.638091  0.00634023
1126  0.208762  0.0033587  0.638176  0.0063392
1127  0.208748  0.00335848  0.638384  0.00633521
1128  0.208745  0.00335843  0.638629  0.00633154
1129  0.208739  0.00335832  0.638727  0.00632992
1130  0.208738  0.00335831  0.638727  0.00632992
1131  0.208735  0.00335828  0.638727  0.0063303
1132  0.208734  0.00335826  0.638813  0.00632926
1133  0.208722  0.0033581  0.638703  0.00633081
1134  0.208717  0.00335801  0.63858  0.00633265
1135  0.208711  0.0033579  0.638556  0.00633302
1136  0.208703  0.00335777  0.63858  0.00633435
1137  0.208698  0.00335771  0.638458  0.00633619
1138  0.208683  0.00335752  0.63858  0.00633435
1139  0.208676  0.00335741  0.63858  0.00633435
1140  0.208672  0.00335735  0.638629  0.0063339
1141  0.20867  0.00335732  0.638739  0.00633214
1142  0.208667  0.00335728  0.638727  0.00633179
1143  0.208655  0.0033571  0.638837  0.00633071
1144  0.208649  0.00335698  0.63896  0.00632887
1145  0.20864  0.00335687  0.63896  0.00632887
1146  0.208635  0.00335679  0.63896  0.00632887
1147  0.208631  0.00335671  0.63896  0.00632887
1148  0.208623  0.00335657  0.63896  0.00632887
1149  0.208618  0.00335648  0.63896  0.00632887
1150  0.208605  0.00335632  0.638837  0.00633071
1151  0.208604  0.0033563  0.638837  0.00633071
1152  0.208602  0.00335627  0.638837  0.00633071
1153  0.2086  0.00335625  0.638886  0.00633026
1154  0.208593  0.00335615  0.639009  0.00632842
1155  0.208591  0.00335611  0.638947  0.00632964
1156  0.208589  0.0033561  0.638947  0.00632964
1157  0.20858  0.00335613  0.638862  0.00633117
1158  0.208568  0.00335617  0.638862  0.00633117
1159  0.208561  0.00335607  0.638739  0.00633301
1160  0.208555  0.00335597  0.638617  0.00633485
1161  0.208546  0.00335584  0.638494  0.00633669
1162  0.208544  0.00335582  0.638519  0.00633614
1163  0.208535  0.00335568  0.638629  0.00633414
1164  0.208529  0.00335559  0.638568  0.00633476
1165  0.208519  0.00335544  0.638641  0.00633337
1166  0.208518  0.00335542  0.638641  0.00633337
1167  0.208516  0.00335537  0.638494  0.00633525
1168  0.208514  0.00335534  0.638507  0.00633515
1169  0.208513  0.00335532  0.638458  0.00633569
1170  0.208506  0.00335529  0.638458  0.00633569
1171  0.208492  0.00335504  0.638703  0.00633202
1172  0.208483  0.00335495  0.638703  0.00633164
1173  0.208467  0.00335477  0.638629  0.00633314
1174  0.208458  0.00335468  0.638666  0.00633241
1175  0.208449  0.00335458  0.638666  0.00633241
1176  0.208427  0.0033543  0.638776  0.00633039
1177  0.20842  0.00335419  0.638813  0.00633009
1178  0.208413  0.00335408  0.638813  0.00633009
1179  0.208405  0.00335396  0.638911  0.00632843
1180  0.208383  0.00335368  0.63907  0.00632659
1181  0.208376  0.0033536  0.63907  0.00632659
1182  0.208369  0.00335352  0.63907  0.00632659
1183  0.208366  0.00335347  0.638923  0.00632823
1184  0.208361  0.00335338  0.638825  0.00632951
1185  0.20835  0.00335321  0.638825  0.00632951
1186  0.208343  0.00335308  0.638825  0.00632951
1187  0.208336  0.00335298  0.638825  0.00632951
1188  0.208328  0.00335285  0.639033  0.00632604
1189  0.208316  0.00335266  0.639241  0.00632315
1190  0.208304  0.0033525  0.639168  0.00632371
1191  0.208287  0.00335231  0.638947  0.00632699
1192  0.208278  0.00335223  0.638776  0.00632897
1193  0.208267  0.00335207  0.638727  0.00632957
1194  0.208252  0.00335192  0.638849  0.00633009
1195  0.208245  0.00335184  0.638776  0.00633162
1196  0.208237  0.00335177  0.639021  0.00632844
1197  0.208226  0.00335163  0.639009  0.00632873
1198  0.208215  0.00335151  0.639009  0.00632873
1199  0.208213  0.00335148  0.639009  0.00632873
1200  0.20821  0.00335145  0.639058  0.00632756
1201  0.2082  0.00335127  0.639033  0.00632789
1202  0.208191  0.00335116  0.638911  0.00632973
1203  0.208185  0.0033511  0.639021  0.00632796
1204  0.208184  0.00335108  0.639033  0.00632789
1205  0.20817  0.00335095  0.638874  0.00632809
1206  0.208165  0.00335087  0.638911  0.00632736
1207  0.208163  0.00335084  0.638911  0.00632736
1208  0.208159  0.00335076  0.638911  0.00632736
1209  0.208152  0.00335063  0.638837  0.00632811
1210  0.208148  0.00335058  0.639009  0.00632653
1211  0.208144  0.00335054  0.639045  0.00632679
1212  0.208142  0.00335052  0.639045  0.00632679
1213  0.208138  0.00335047  0.639143  0.0063255
1214  0.208136  0.00335045  0.639155  0.00632524
1215  0.208124  0.00335029  0.639302  0.00632283
1216  0.208118  0.0033502  0.639033  0.0063267
1217  0.208108  0.00335007  0.639058  0.00632652
1218  0.208098  0.00334991  0.639058  0.00632652
1219  0.208088  0.00334978  0.639058  0.00632652
1220  0.208076  0.00334965  0.63896  0.00632781
1221  0.208073  0.00334961  0.639033  0.00632935
1222  0.208066  0.00334953  0.639266  0.00632596
1223  0.208066  0.00334952  0.639266  0.00632596
1224  0.20806  0.00334943  0.639327  0.00632474
1225  0.208051  0.00334925  0.639278  0.00632562
1226  0.208047  0.00334917  0.639278  0.00632562
1227  0.20804  0.00334904  0.639364  0.00632458
1228  0.208034  0.00334894  0.639474  0.00632281
1229  0.208029  0.00334888  0.639474  0.00632281
1230  0.208023  0.00334877  0.639376  0.0063241
1231  0.208014  0.00334861  0.639376  0.0063241
1232  0.208011  0.00334856  0.639498  0.00632225
1233  0.208002  0.0033484  0.639498  0.00632225
1234  0.207993  0.00334824  0.639388  0.00632402
1235  0.207988  0.00334815  0.639535  0.00632164
1236  0.207984  0.00334808  0.639535  0.00632164
1237  0.207979  0.00334799  0.639657  0.00631979
1238  0.207975  0.00334795  0.639645  0.00632003
1239  0.207961  0.00334778  0.63967  0.00631957
1240  0.207956  0.00334768  0.639767  0.0063179
1241  0.207949  0.00334755  0.639792  0.00631739
1242  0.207944  0.00334748  0.639792  0.00631739
1243  0.207939  0.00334738  0.639914  0.00631554
1244  0.207934  0.00334734  0.63989  0.00631589
1245  0.207921  0.00334718  0.640012  0.00631404
1246  0.207915  0.00334709  0.640135  0.00631218
1247  0.207901  0.00334686  0.640147  0.00631203
1248  0.207893  0.00334673  0.640012  0.00631415
1249  0.207884  0.00334661  0.640294  0.00630953
1250  0.207874  0.00334647  0.640343  0.00630907
1251  0.207863  0.00334633  0.640392  0.00630866
1252  0.207855  0.00334621  0.640404  0.00630858
1253  0.207851  0.00334613  0.640453  0.00630812
1254  0.207846  0.00334609  0.640306  0.00630816
1255  0.207837  0.00334598  0.640343  0.0063085
1256  0.207823  0.00334588  0.640588  0.00630503
1257  0.20782  0.00334584  0.640539  0.00630605
1258  0.20782  0.00334583  0.640539  0.00630605
1259  0.207801  0.0033456  0.640428  0.00630762
1260  0.207798  0.00334556  0.640428  0.00630762
1261  0.20779  0.00334545  0.640392  0.00630842
1262  0.207787  0.00334543  0.640392  0.00630842
1263  0.20778  0.00334535  0.640526  0.00630627
1264  0.207751  0.00334509  0.640636  0.00630471
1265  0.207741  0.00334495  0.640636  0.00630471
1266  0.207738  0.00334491  0.640796  0.00630276
1267  0.207734  0.00334484  0.640906  0.00630148
1268  0.207731  0.00334482  0.640918  0.00630157
1269  0.207729  0.0033448  0.640955  0.00630197
1270  0.207723  0.00334471  0.640955  0.00630197
1271  0.207721  0.00334469  0.640979  0.00630141
1272  0.207715  0.00334461  0.640979  0.00630141
1273  0.207712  0.00334457  0.640979  0.00630141
1274  0.207704  0.0033445  0.640979  0.00630141
1275  0.2077  0.00334445  0.641077  0.00630011
1276  0.207692  0.00334435  0.641102  0.00629955
1277  0.207687  0.00334426  0.641077  0.00630011
1278  0.20768  0.00334416  0.641016  0.00630122
1279  0.207677  0.0033441  0.64104  0.00630071
1280  0.207672  0.00334406  0.64104  0.00630071
1281  0.207668  0.00334401  0.64104  0.00630071
1282  0.207667  0.003344  0.64104  0.00630071
1283  0.207665  0.00334397  0.641163  0.00629884
1284  0.207658  0.00334389  0.641163  0.00629884
1285  0.207657  0.00334388  0.641163  0.00629884
1286  0.207652  0.0033438  0.641126  0.00629965
1287  0.207649  0.00334375  0.641053  0.00630048
1288  0.207647  0.0033437  0.641175  0.00629862
1289  0.207645  0.00334368  0.641151  0.00629909
1290  0.207632  0.00334351  0.641151  0.00629909
1291  0.207619  0.00334336  0.641151  0.00629909
1292  0.207607  0.00334324  0.641261  0.00629895
1293  0.207604  0.00334321  0.641261  0.00629895
1294  0.207595  0.00334317  0.641248  0.00629903
1295  0.207593  0.00334317  0.641248  0.00629903
1296  0.207591  0.00334317  0.641273  0.00629847
1297  0.207589  0.00334317  0.641273  0.00629847
1298  0.207586  0.00334314  0.641138  0.00630043
1299  0.20757  0.00334291  0.640942  0.00630381
1300  0.207566  0.00334284  0.640942  0.00630381
1301  0.207561  0.00334278  0.640906  0.00630436
1302  0.207557  0.00334273  0.641016  0.00630258
1303  0.207556  0.00334272  0.641016  0.00630258
1304  0.207554  0.0033427  0.640991  0.00630295
1305  0.207544  0.00334261  0.640991  0.00630295
1306  0.207538  0.00334251  0.641126  0.00630101
1307  0.207536  0.00334248  0.641126  0.00630101
1308  0.207515  0.00334219  0.641224  0.00630007
1309  0.20751  0.00334209  0.641077  0.00630249
1310  0.207507  0.00334205  0.640955  0.00630435
1311  0.207504  0.00334201  0.6412  0.00630063
1312  0.207496  0.00334194  0.6412  0.00630063
1313  0.207492  0.0033419  0.6412  0.00630063
1314  0.207488  0.00334183  0.6412  0.00630063
1315  0.207481  0.00334173  0.641224  0.00630092
1316  0.20747  0.00334159  0.641053  0.00630381
1317  0.207464  0.00334148  0.641053  0.00630381
1318  0.207461  0.00334143  0.641175  0.00630195
1319  0.207458  0.00334139  0.641285  0.00630017
1320  0.207454  0.00334135  0.641285  0.00630017
1321  0.20745  0.00334131  0.641285  0.00630017
1322  0.207441  0.00334115  0.641297  0.00629988
1323  0.207434  0.00334104  0.641175  0.00630174
1324  0.207416  0.00334081  0.641175  0.00630174
1325  0.207408  0.00334073  0.6412  0.00630118
1326  0.207391  0.00334056  0.641261  0.00630026
1327  0.207389  0.00334051  0.641285  0.00629998
1328  0.207375  0.00334034  0.641408  0.00629812
1329  0.207371  0.00334026  0.641506  0.00629644
1330  0.207366  0.00334015  0.641493  0.00629673
1331  0.20736  0.00334006  0.641493  0.00629673
1332  0.207352  0.00333995  0.641616  0.00629487
1333  0.207343  0.00333983  0.641579  0.00629568
1334  0.207324  0.00333962  0.641726  0.00629372
1335  0.207317  0.00333954  0.641579  0.00629568
1336  0.207307  0.00333938  0.641616  0.00629522
1337  0.207301  0.00333928  0.641738  0.00629336
1338  0.207288  0.00333906  0.641652  0.00629475
1339  0.207271  0.00333885  0.641775  0.00629288
1340  0.207268  0.00333882  0.641836  0.00629165
1341  0.207264  0.00333879  0.641836  0.00629165
1342  0.207253  0.00333865  0.641701  0.00629381
1343  0.207249  0.00333857  0.641603  0.00629511
1344  0.207244  0.00333848  0.64153  0.00629604
1345  0.207225  0.00333822  0.641775  0.00629291
1346  0.207223  0.0033382  0.641775  0.00629291
1347  0.207221  0.00333816  0.641726  0.00629299
1348  0.207219  0.00333811  0.641726  0.00629299
1349  0.207213  0.0033381  0.641726  0.00629299
1350  0.207211  0.00333808  0.641726  0.00629299
1351  0.207206  0.00333798  0.641665  0.0062941
1352  0.207202  0.00333792  0.641775  0.00629214
1353  0.207198  0.00333786  0.641652  0.00629401
1354  0.207197  0.00333784  0.641652  0.00629401
1355  0.207194  0.00333778  0.641652  0.00629401
1356  0.207173  0.00333747  0.641763  0.00629244
1357  0.207164  0.00333738  0.641763  0.00629244
1358  0.207158  0.00333728  0.641787  0.00629226
1359  0.207156  0.00333724  0.641787  0.00629226
1360  0.207152  0.00333717  0.641665  0.00629412
1361  0.207132  0.00333686  0.641787  0.00629226
1362  0.207129  0.00333681  0.641665  0.00629412
1363  0.207126  0.00333676  0.641579  0.00629401
1364  0.207119  0.00333671  0.641579  0.00629163
1365  0.207118  0.00333669  0.641579  0.00629163
1366  0.207116  0.00333664  0.641579  0.00629163
1367  0.207115  0.00333662  0.641567  0.00629192
1368  0.207112  0.0033366  0.641665  0.00629024
1369  0.20711  0.00333657  0.641677  0.00628995
1370  0.207104  0.00333653  0.641677  0.00628995
1371  0.2071  0.00333648  0.641665  0.00629003
1372  0.207099  0.00333645  0.641542  0.00629189
1373  0.207094  0.00333637  0.641542  0.00629189
1374  0.207091  0.00333632  0.641542  0.00629189
1375  0.207088  0.0033363  0.641542  0.00629189
1376  0.207088  0.0033363  0.641542  0.00629189
1377  0.207088  0.0033363  0.641542  0.00629189
1378  0.207082  0.00333627  0.641542  0.00629189
1379  0.207067  0.00333608  0.641297  0.00629562
1380  0.207058  0.00333599  0.641297  0.00629562
1381  0.207054  0.00333593  0.64153  0.00629218
1382  0.207048  0.00333583  0.641432  0.00629368
1383  0.207046  0.0033358  0.641322  0.00629546
1384  0.207045  0.00333577  0.641322  0.00629546
1385  0.20704  0.00333571  0.641322  0.00629546
1386  0.207032  0.00333564  0.641273  0.00629763
1387  0.207025  0.00333555  0.641383  0.00629566
1388  0.207015  0.00333547  0.641506  0.00629451
1389  0.207011  0.00333542  0.64153  0.00629438
1390  0.206996  0.0033352  0.641677  0.00629233
1391  0.206994  0.00333517  0.641677  0.00629233
1392  0.206987  0.00333508  0.641652  0.00629246
1393  0.206982  0.00333501  0.641787  0.00629076
1394  0.206972  0.00333488  0.641812  0.00629057
1395  0.206962  0.00333475  0.641726  0.00629213
1396  0.20696  0.00333473  0.641603  0.00629399
1397  0.206955  0.00333469  0.641603  0.00629399
1398  0.206951  0.00333463  0.641554  0.00629503
1399  0.206945  0.00333454  0.641554  0.00629503
1400  0.206925  0.00333429  0.641689  0.00629318
1401  0.20692  0.00333422  0.641689  0.00629318
1402  0.206906  0.00333404  0.641738  0.00629272
1403  0.206899  0.00333392  0.641616  0.00629458
1404  0.206898  0.00333391  0.641603  0.00629488
1405  0.206897  0.0033339  0.641603  0.00629488
1406  0.206897  0.0033339  0.641603  0.00629488
1407  0.206891  0.00333385  0.641603  0.00629488
1408  0.206883  0.00333378  0.641493  0.00629645
1409  0.206881  0.00333375  0.641506  0.00629615
1410  0.206874  0.00333372  0.64164  0.0062964
1411  0.20686  0.00333359  0.641701  0.00629636
1412  0.206858  0.00333358  0.641701  0.00629636
1413  0.206853  0.00333351  0.641824  0.00629449
1414  0.206848  0.00333344  0.641873  0.00629346
1415  0.206845  0.00333339  0.641971  0.00629197
1416  0.206834  0.00333326  0.642154  0.00629149
1417  0.20683  0.00333321  0.642118  0.0062918
1418  0.206827  0.00333315  0.642154  0.00629149
1419  0.206822  0.00333307  0.642154  0.00629149
1420  0.206816  0.00333301  0.642154  0.00629149
1421  0.206803  0.00333286  0.642301  0.00628953
1422  0.206794  0.0033328  0.642424  0.00628995
1423  0.206791  0.00333273  0.642485  0.00628946
1424  0.206785  0.00333267  0.642607  0.00628759
1425  0.206783  0.00333262  0.642607  0.00628759
1426  0.206776  0.00333254  0.642485  0.00628946
1427  0.20676  0.0033323  0.642375  0.00629125
1428  0.206746  0.00333214  0.642509  0.00628908
1429  0.206742  0.00333209  0.642387  0.00629095
1430  0.206736  0.003332  0.642375  0.00629125
1431  0.206734  0.00333198  0.642264  0.00629304
1432  0.206727  0.00333189  0.642387  0.00629117
1433  0.206719  0.00333179  0.642289  0.00629247
1434  0.206717  0.00333176  0.642289  0.00629247
1435  0.206703  0.00333164  0.64257  0.0062893
1436  0.206693  0.00333152  0.64257  0.0062893
1437  0.206691  0.00333148  0.64257  0.0062893
1438  0.20669  0.00333147  0.642448  0.00629117
1439  0.206687  0.00333144  0.642583  0.00628941
1440  0.206686  0.00333143  0.642509  0.00629082
1441  0.206684  0.00333142  0.642534  0.00629111
1442  0.206682  0.00333139  0.642534  0.00629111
1443  0.206677  0.00333135  0.642534  0.00629111
1444  0.206669  0.00333132  0.642534  0.00629111
1445  0.206665  0.00333132  0.642534  0.00629111
1446  0.206659  0.00333123  0.642534  0.00629111
1447  0.20665  0.00333109  0.642864  0.00628631
1448  0.206646  0.00333105  0.642803  0.00628635
1449  0.206645  0.00333102  0.642803  0.00628635
1450  0.20664  0.00333094  0.642681  0.00628823
1451  0.206639  0.00333093  0.642681  0.00628823
1452  0.206633  0.00333086  0.642778  0.00628692
1453  0.206627  0.00333076  0.642656  0.00628879
1454  0.206623  0.00333067  0.642717  0.00628756
1455  0.20662  0.00333065  0.642754  0.0062871
1456  0.206617  0.00333059  0.642766  0.00628683
1457  0.206611  0.0033305  0.642742  0.00628702
1458  0.20661  0.00333048  0.642778  0.0062862
1459  0.206606  0.00333043  0.642778  0.0062862
1460  0.206604  0.0033304  0.642778  0.0062862
1461  0.2066  0.00333034  0.642778  0.0062862
1462  0.2066  0.00333033  0.642778  0.0062862
1463  0.206598  0.0033303  0.642656  0.00628808
1464  0.206594  0.00333023  0.642729  0.00628667
1465  0.206592  0.00333021  0.642742  0.00628652
1466  0.206587  0.0033301  0.642742  0.00628652
1467  0.206583  0.00333003  0.642742  0.00628652
1468  0.206581  0.00332998  0.642778  0.00628566
1469  0.206579  0.00332994  0.642778  0.00628566
1470  0.206573  0.00332983  0.642778  0.00628566
1471  0.206571  0.0033298  0.642778  0.00628566
1472  0.206563  0.00332971  0.642534  0.0062894
1473  0.20656  0.00332966  0.642742  0.0062864
1474  0.206553  0.00332956  0.642717  0.00628677
1475  0.206545  0.00332946  0.642717  0.00628677
1476  0.20654  0.00332939  0.64284  0.0062849
1477  0.206536  0.00332934  0.642901  0.00628366
1478  0.206528  0.0033292  0.643023  0.00628179
1479  0.206526  0.00332917  0.643023  0.00628179
1480  0.206525  0.00332915  0.643023  0.00628179
1481  0.20652  0.00332908  0.643023  0.00628179
1482  0.206507  0.00332896  0.643146  0.00627991
1483  0.206501  0.00332888  0.643341  0.00627636
1484  0.206493  0.00332881  0.643341  0.00627636
1485  0.206491  0.00332878  0.643341  0.00627636
1486  0.206485  0.00332874  0.643341  0.00627636
1487  0.206477  0.00332859  0.643329  0.0062763
1488  0.206469  0.00332843  0.643256  0.00627771
1489  0.206466  0.00332839  0.643244  0.00627786
1490  0.206462  0.00332833  0.643439  0.00627495
1491  0.206459  0.00332828  0.643439  0.00627495
1492  0.206455  0.00332822  0.643439  0.00627495
1493  0.206449  0.00332813  0.643317  0.00627683
1494  0.206447  0.00332809  0.643341  0.00627636
1495  0.206446  0.00332808  0.643341  0.00627636
1496  0.20644  0.003328  0.64355  0.0062754
1497  0.206438  0.00332795  0.643525  0.00627597
1498  0.206435  0.0033279  0.643378  0.00627836
1499  0.206432  0.00332786  0.643378  0.00627836
1500  0.206423  0.00332774  0.643244  0.00627984
1501  0.206422  0.00332773  0.643244  0.00627977
1502  0.206421  0.00332772  0.643231  0.00627747
1503  0.206418  0.0033277  0.643244  0.00627719
1504  0.206417  0.00332769  0.643293  0.00627635
1505  0.206415  0.00332763  0.643293  0.00627635
1506  0.206408  0.00332755  0.643378  0.00627457
1507  0.206406  0.00332754  0.643403  0.006275
1508  0.206405  0.00332753  0.643501  0.00627331
1509  0.206403  0.00332748  0.643501  0.00627331
1510  0.2064  0.00332742  0.643501  0.00627331
1511  0.206391  0.00332729  0.643501  0.00627331
1512  0.206383  0.00332718  0.643635  0.00627113
1513  0.20638  0.00332714  0.643758  0.00626925
1514  0.206376  0.00332707  0.643978  0.00626567
1515  0.206374  0.00332703  0.644002  0.00626548
1516  0.206367  0.00332697  0.64399  0.00626556
1517  0.206363  0.00332691  0.644113  0.00626607
1518  0.206355  0.00332683  0.644235  0.00626419
1519  0.206352  0.00332681  0.644235  0.00626419
1520  0.206347  0.00332673  0.644235  0.00626419
1521  0.206342  0.00332663  0.644235  0.00626419
1522  0.20634  0.0033266  0.644382  0.00626211
1523  0.206333  0.00332649  0.644382  0.00626211
1524  0.20633  0.00332643  0.644296  0.00626318
1525  0.206323  0.00332635  0.644296  0.00626318
1526  0.206318  0.0033263  0.644296  0.00626364
1527  0.206314  0.00332627  0.644296  0.00626364
1528  0.206312  0.00332625  0.644272  0.00626382
1529  0.20631  0.00332625  0.644198  0.00626467
1530  0.206307  0.00332622  0.644223  0.00626429
1531  0.206299  0.00332612  0.64399  0.00626776
1532  0.206297  0.00332607  0.644039  0.0062673
1533  0.206293  0.00332601  0.643917  0.00626918
1534  0.206292  0.00332599  0.643917  0.00626918
1535  0.206278  0.0033258  0.644027  0.00626738
1536  0.206274  0.00332574  0.644015  0.00626746
1537  0.20627  0.00332568  0.644039  0.00626727
1538  0.206265  0.00332565  0.644039  0.00626727
1539  0.206248  0.0033255  0.644211  0.00626581
1540  0.206243  0.00332544  0.64437  0.00626361
1541  0.20623  0.0033253  0.64437  0.00626361
1542  0.206226  0.00332525  0.64437  0.00626361
1543  0.206221  0.00332518  0.644357  0.00626369
1544  0.206213  0.00332504  0.644357  0.00626369
1545  0.206208  0.00332496  0.644468  0.00626188
1546  0.206201  0.00332487  0.644419  0.00626244
1547  0.206194  0.00332476  0.644406  0.00626207
1548  0.206193  0.00332475  0.644455  0.00626141
1549  0.206187  0.00332467  0.644468  0.00626131
1550  0.206184  0.00332463  0.644468  0.00626131
1551  0.206172  0.00332449  0.644553  0.00625973
1552  0.206165  0.00332443  0.644565  0.00625944
1553  0.206161  0.00332438  0.64481  0.00625565
1554  0.206151  0.00332423  0.644578  0.00625914
1555  0.206146  0.00332414  0.644627  0.0062581
1556  0.206135  0.003324  0.644627  0.00625795
1557  0.206132  0.00332395  0.644651  0.00625757
1558  0.206125  0.00332387  0.644774  0.00625626
1559  0.206121  0.0033238  0.644823  0.00625579
1560  0.206111  0.00332368  0.644994  0.00625285
1561  0.206107  0.00332364  0.644994  0.00625285
1562  0.206102  0.00332357  0.644994  0.00625285
1563  0.206098  0.0033235  0.644994  0.00625285
1564  0.206096  0.00332346  0.644994  0.00625285
1565  0.206093  0.00332341  0.644994  0.00625285
1566  0.206092  0.00332338  0.644994  0.00625266
1567  0.206089  0.00332334  0.645129  0.00625069
1568  0.206087  0.00332332  0.645312  0.00624778
1569  0.206083  0.00332327  0.645214  0.00624944
1570  0.206075  0.00332315  0.645239  0.00624887
1571  0.206072  0.0033231  0.645251  0.00624879
1572  0.206067  0.00332303  0.645263  0.00624849
1573  0.206056  0.00332286  0.645263  0.0062483
1574  0.206048  0.00332274  0.645288  0.00624783
1575  0.206047  0.00332273  0.645165  0.00624972
1576  0.206043  0.00332269  0.645239  0.00624887
1577  0.206039  0.00332263  0.645263  0.0062483
1578  0.206038  0.00332262  0.645263  0.0062483
1579  0.206036  0.0033226  0.645239  0.00624849
1580  0.206035  0.00332257  0.645129  0.0062503
1581  0.206028  0.0033225  0.645043  0.00624977
1582  0.206024  0.00332243  0.64508  0.00624909
1583  0.20602  0.00332236  0.645202  0.0062472
1584  0.206012  0.00332226  0.645165  0.00624795
1585  0.206003  0.00332214  0.645153  0.00624824
1586  0.205993  0.00332201  0.645153  0.00624824
1587  0.205984  0.0033219  0.645275  0.00624635
1588  0.205975  0.00332177  0.6453  0.00624616
1589  0.205973  0.00332173  0.6453  0.00624616
1590  0.205966  0.00332164  0.645055  0.00624995
1591  0.20596  0.00332154  0.645104  0.00624948
1592  0.205959  0.00332152  0.645226  0.00624759
1593  0.205957  0.0033215  0.645226  0.00624759
1594  0.205954  0.00332144  0.645251  0.0062474
1595  0.20595  0.00332138  0.645459  0.00624443
1596  0.205946  0.0033213  0.645459  0.00624443
1597  0.205939  0.00332123  0.645373  0.0062455
1598  0.205937  0.0033212  0.645373  0.0062455
1599  0.205931  0.0033211  0.645496  0.0062436
1600  0.205918  0.00332097  0.645496  0.0062436
1601  0.205914  0.0033209  0.645373  0.0062455
1602  0.205914  0.0033209  0.645373  0.0062455
1603  0.205913  0.00332088  0.645373  0.0062455
1604  0.205908  0.00332082  0.645373  0.0062455
1605  0.205908  0.00332082  0.645435  0.00624425
1606  0.205904  0.00332077  0.645349  0.00624533
1607  0.205899  0.00332072  0.645349  0.00624533
1608  0.205895  0.00332066  0.645361  0.00624525
1609  0.205895  0.00332066  0.645361  0.00624525
1610  0.205891  0.0033206  0.645361  0.00624525
1611  0.205891  0.0033206  0.645361  0.00624525
1612  0.205887  0.00332052  0.645471  0.00624343
1613  0.205887  0.00332052  0.645471  0.00624343
1614  0.205886  0.00332051  0.645471  0.00624343
1615  0.205886  0.00332051  0.645471  0.00624343
1616  0.205884  0.00332048  0.645496  0.00624324
1617  0.20588  0.0033204  0.645483  0.00624354
1618  0.205878  0.00332037  0.645361  0.00624544
1619  0.205874  0.00332031  0.645373  0.00624514
1620  0.20587  0.00332025  0.645496  0.00624324
1621  0.205864  0.00332017  0.645618  0.00624135
1622  0.205859  0.0033201  0.645581  0.00624217
1623  0.205853  0.00332  0.645581  0.00624217
1624  0.205852  0.00331998  0.645704  0.00624027
1625  0.205849  0.00331994  0.645704  0.00624027
1626  0.205846  0.00331989  0.645704  0.00624027
1627  0.205845  0.00331986  0.645581  0.00624217
1628  0.205842  0.00331982  0.645667  0.00624109
1629  0.205841  0.0033198  0.645765  0.00623938
1630  0.205837  0.00331974  0.645973  0.0062356
1631  0.205837  0.00331973  0.645973  0.0062356
1632  0.205836  0.00331972  0.646022  0.00623484
1633  0.205835  0.00331971  0.646047  0.00623461
1634  0.205824  0.00331957  0.646047  0.00623461
1635  0.205818  0.00331951  0.64612  0.00623077
1636  0.205812  0.00331945  0.64612  0.00623077
1637  0.205806  0.00331937  0.646169  0.0062303
1638  0.205801  0.00331929  0.646291  0.00622839
1639  0.2058  0.00331928  0.646291  0.00622839
1640  0.205799  0.00331926  0.64634  0.00622792
1641  0.205796  0.00331922  0.646218  0.00622982
1642  0.205795  0.00331919  0.646132  0.00623061
1643  0.20579  0.00331914  0.646132  0.00623061
1644  0.205785  0.00331905  0.64623  0.00622887
1645  0.205783  0.00331902  0.646157  0.00623031
1646  0.205781  0.00331901  0.646279  0.0062284
1647  0.205767  0.00331878  0.646255  0.00622859
1648  0.205761  0.00331871  0.646255  0.00622859
1649  0.205757  0.00331869  0.646255  0.00622859
1650  0.205751  0.00331867  0.646255  0.00622859
1651  0.20575  0.00331865  0.646255  0.00622859
1652  0.205747  0.00331859  0.646255  0.00622859
1653  0.205746  0.00331858  0.646255  0.00622859
1654  0.205744  0.00331854  0.646255  0.00622859
1655  0.205742  0.00331851  0.646255  0.00622859
1656  0.205737  0.00331844  0.646316  0.00622794
1657  0.20573  0.00331832  0.646316  0.00622794
1658  0.20572  0.00331823  0.646414  0.00622383
1659  0.205709  0.00331815  0.646267  0.00622362
1660  0.205706  0.00331814  0.646279  0.00622359
1661  0.205703  0.00331813  0.646401  0.00622168
1662  0.205701  0.00331812  0.646389  0.00622171
1663  0.2057  0.0033181  0.646389  0.00622171
1664  0.205699  0.00331809  0.646414  0.00622114
1665  0.205696  0.00331804  0.646291  0.00622305
1666  0.205696  0.00331803  0.646291  0.00622305
1667  0.205693  0.003318  0.646291  0.00622305
1668  0.205689  0.00331795  0.646291  0.00622305
1669  0.205687  0.00331792  0.646291  0.00622305
1670  0.20568  0.00331786  0.646291  0.00622305
1671  0.20568  0.00331786  0.646291  0.00622305
1672  0.205674  0.00331779  0.646414  0.00622114
1673  0.205666  0.00331767  0.646524  0.00621953
1674  0.20566  0.00331759  0.646524  0.00621953
1675  0.205655  0.00331753  0.646646  0.00621761
1676  0.205649  0.00331745  0.646401  0.00622144
1677  0.205646  0.00331741  0.646279  0.00622335
1678  0.205644  0.00331739  0.646316  0.00622252
1679  0.20564  0.00331733  0.646304  0.00622277
1680  0.205634  0.00331725  0.646426  0.00622062
1681  0.205632  0.00331722  0.646487  0.00621936
1682  0.205621  0.00331713  0.646365  0.00622127
1683  0.205615  0.00331709  0.646377  0.00622098
1684  0.205605  0.00331698  0.646414  0.00622022
1685  0.205598  0.0033169  0.646548  0.00621811
1686  0.205593  0.00331686  0.646548  0.00621811
1687  0.205587  0.00331681  0.646548  0.00621811
1688  0.205582  0.00331674  0.646597  0.00621754
1689  0.205582  0.00331674  0.646597  0.00621754
1690  0.205576  0.00331668  0.646475  0.00621945
1691  0.205574  0.00331667  0.646475  0.00621945
1692  0.205571  0.00331663  0.64634  0.00622166
1693  0.205569  0.0033166  0.64634  0.00622166
1694  0.205565  0.00331653  0.646365  0.00622108
1695  0.20556  0.00331647  0.646316  0.00622117
1696  0.205555  0.00331637  0.646316  0.00622117
1697  0.205553  0.00331635  0.646267  0.00622222
1698  0.205549  0.0033163  0.646144  0.00622413
1699  0.205539  0.00331616  0.646181  0.00622348
1700  0.205531  0.00331608  0.646193  0.00622322
1701  0.205526  0.00331598  0.646218  0.00622265
1702  0.205512  0.00331582  0.646095  0.00622456
1703  0.205503  0.0033157  0.64612  0.00622398
1704  0.205498  0.00331563  0.64612  0.00622398
1705  0.205495  0.00331558  0.646242  0.00622208
1706  0.20549  0.00331551  0.646242  0.00622208
1707  0.205488  0.00331549  0.64623  0.00622235
1708  0.205485  0.00331543  0.64623  0.00622235
1709  0.205484  0.00331541  0.64623  0.00622235
1710  0.205477  0.00331541  0.646108  0.00622185
1711  0.205476  0.00331539  0.646169  0.00622096
1712  0.205473  0.00331534  0.646071  0.00622268
1713  0.205467  0.00331526  0.646157  0.00622109
1714  0.205463  0.00331519  0.646169  0.00622096
1715  0.205458  0.00331514  0.646169  0.00622096
1716  0.205448  0.00331501  0.646291  0.00621905
1717  0.205442  0.0033149  0.646316  0.00621886
1718  0.20544  0.00331485  0.646316  0.00621886
1719  0.205437  0.00331481  0.646316  0.00621886
1720  0.205435  0.00331479  0.646475  0.00621627
1721  0.205432  0.00331474  0.646475  0.00621627
1722  0.205429  0.00331469  0.646475  0.00621627
1723  0.205418  0.00331458  0.646353  0.00621818
1724  0.205415  0.00331454  0.646512  0.00621616
1725  0.205409  0.00331446  0.646512  0.00621616
1726  0.205401  0.00331434  0.646573  0.00621529
1727  0.20539  0.00331417  0.646561  0.00621559
1728  0.205381  0.00331413  0.646585  0.00621502
1729  0.205378  0.00331409  0.646585  0.00621502
1730  0.205376  0.00331407  0.646585  0.00621502
1731  0.20536  0.00331382  0.646683  0.00621329
1732  0.205358  0.00331379  0.646707  0.0062131
1733  0.205355  0.00331373  0.646707  0.0062131
1734  0.205353  0.00331368  0.64672  0.0062128
1735  0.205352  0.00331367  0.646842  0.00621089
1736  0.20535  0.00331363  0.646842  0.00621089
1737  0.205345  0.00331358  0.647062  0.00620766
1738  0.205341  0.00331352  0.647148  0.00620606
1739  0.205339  0.0033135  0.647111  0.00620689
1740  0.205333  0.00331341  0.647026  0.00620832
1741  0.205328  0.00331333  0.647136  0.00620648
1742  0.205326  0.00331329  0.647148  0.00620618
1743  0.205323  0.00331328  0.647148  0.00620618
1744  0.20532  0.00331323  0.647148  0.00620618
1745  0.205317  0.00331317  0.647258  0.00620435
1746  0.205314  0.00331312  0.647197  0.006205
1747  0.205313  0.00331311  0.647197  0.006205
1748  0.205307  0.00331304  0.647197  0.006205
1749  0.205306  0.00331302  0.647197  0.006205
1750  0.205302  0.00331295  0.647075  0.00620692
1751  0.205293  0.00331283  0.646842  0.00621067
1752  0.205287  0.00331273  0.646854  0.00621037
1753  0.205283  0.00331268  0.646854  0.00621037
1754  0.205277  0.00331259  0.646879  0.00620979
1755  0.205269  0.00331248  0.647124  0.00620596
1756  0.205266  0.00331243  0.647124  0.00620596
1757  0.205265  0.00331242  0.647124  0.00620596
1758  0.20526  0.00331233  0.647001  0.00620788
1759  0.205259  0.00331231  0.647099  0.00620615
1760  0.205253  0.00331221  0.647307  0.00620297
1761  0.205248  0.00331214  0.647381  0.00620298
1762  0.205246  0.00331213  0.647381  0.00620298
1763  0.205243  0.00331207  0.647381  0.00620298
1764  0.205235  0.00331198  0.647381  0.00620298
1765  0.205224  0.0033118  0.64743  0.0062025
1766  0.205222  0.00331179  0.64743  0.0062025
1767  0.20522  0.00331175  0.647417  0.00620278
1768  0.205217  0.00331171  0.647417  0.00620278
1769  0.205211  0.00331163  0.647479  0.00620152
1770  0.20521  0.00331161  0.64754  0.00620086
1771  0.205206  0.00331156  0.647785  0.00619701
1772  0.205197  0.00331159  0.647785  0.00619701
1773  0.205193  0.00331155  0.647797  0.00619671
1774  0.20519  0.00331151  0.647797  0.00619671
1775  0.205183  0.00331144  0.647674  0.00619864
1776  0.205179  0.00331138  0.647674  0.00619864
1777  0.205178  0.00331137  0.647552  0.00620056
1778  0.205176  0.00331134  0.647552  0.00620056
1779  0.205172  0.00331129  0.647674  0.00619864
1780  0.205167  0.0033112  0.647576  0.00620037
1781  0.205165  0.00331117  0.647491  0.00620151
1782  0.205159  0.00331105  0.647479  0.00620181
1783  0.20515  0.00331093  0.647479  0.00620181
1784  0.20515  0.00331092  0.647479  0.00620181
1785  0.205149  0.00331091  0.647356  0.00620131
1786  0.205146  0.00331086  0.647466  0.00619947
1787  0.205141  0.00331081  0.647564  0.00619774
1788  0.205127  0.00331066  0.647589  0.00619755
1789  0.205119  0.00331058  0.647601  0.00619747
1790  0.205117  0.00331054  0.647601  0.00619747
1791  0.205106  0.00331041  0.647601  0.00619747
1792  0.205096  0.00331027  0.647674  0.00619603
1793  0.205095  0.00331025  0.647674  0.00619603
1794  0.205094  0.00331023  0.647687  0.00619572
1795  0.205093  0.00331021  0.647687  0.00619572
1796  0.205091  0.00331019  0.647687  0.00619572
1797  0.205087  0.00331011  0.647589  0.00619746
1798  0.205082  0.00331004  0.647601  0.00619716
1799  0.205079  0.00331001  0.647601  0.00619716
1800  0.205079  0.00331  0.647601  0.00619716
1801  0.205075  0.00330993  0.647601  0.00619716
1802  0.205067  0.00330981  0.647601  0.00619716
1803  0.20506  0.00330974  0.647625  0.00619757
1804  0.205059  0.00330974  0.647613  0.00619758
1805  0.205055  0.00330972  0.647662  0.00619783
1806  0.20505  0.00330963  0.64765  0.00619861
1807  0.205044  0.00330957  0.647772  0.0061991
1808  0.205039  0.00330953  0.647772  0.0061991
1809  0.205032  0.00330942  0.647772  0.00619932
1810  0.205031  0.00330941  0.64765  0.00619883
1811  0.205021  0.0033093  0.647528  0.00620075
1812  0.205018  0.00330927  0.647638  0.00619891
1813  0.205018  0.00330926  0.647662  0.00619833
1814  0.205014  0.00330919  0.647564  0.00619987
1815  0.205007  0.00330911  0.64754  0.00619992
1816  0.205005  0.00330908  0.647564  0.00619973
1817  0.205001  0.00330904  0.647576  0.00619964
1818  0.204984  0.00330883  0.647797  0.00619637
1819  0.204981  0.00330878  0.647797  0.00619637
1820  0.204977  0.00330873  0.647674  0.0061983
1821  0.204972  0.00330866  0.647613  0.00619896
1822  0.204966  0.00330857  0.64765  0.00619849
1823  0.204962  0.00330854  0.64765  0.00619849
1824  0.204962  0.00330854  0.64765  0.00619849
1825  0.204962  0.00330854  0.64765  0.00619849
1826  0.204961  0.00330853  0.64765  0.00619849
1827  0.204958  0.00330847  0.647528  0.00620041
1828  0.204955  0.00330842  0.647834  0.0061953
1829  0.204952  0.00330836  0.647674  0.00619752
1830  0.204948  0.0033083  0.647797  0.0061956
1831  0.204945  0.00330826  0.647797  0.0061956
1832  0.204937  0.00330815  0.64765  0.0061981
1833  0.204935  0.00330811  0.64765  0.0061981
1834  0.204929  0.00330804  0.64765  0.0061981
1835  0.204922  0.00330798  0.64765  0.0061981
1836  0.204922  0.00330798  0.64765  0.0061981
1837  0.204919  0.00330794  0.647613  0.00619857
1838  0.204906  0.00330785  0.647479  0.00619833
1839  0.204895  0.00330768  0.647381  0.00619931
1840  0.204889  0.00330758  0.647381  0.00619931
1841  0.204878  0.00330745  0.647283  0.00620104
1842  0.204871  0.00330735  0.647185  0.00620257
1843  0.204861  0.00330719  0.647307  0.00620307
1844  0.204858  0.00330714  0.64743  0.00620357
1845  0.204855  0.0033071  0.64754  0.00620195
1846  0.204854  0.00330709  0.64754  0.00620195
1847  0.204852  0.00330706  0.64754  0.00620195
1848  0.204848  0.00330701  0.647662  0.00620003
1849  0.204848  0.00330701  0.647662  0.00620003
1850  0.204846  0.00330698  0.647785  0.0061981
1851  0.204842  0.00330689  0.647846  0.00619684
1852  0.204837  0.00330686  0.647834  0.00619692
1853  0.204831  0.00330684  0.647882  0.00619683
1854  0.204822  0.00330672  0.647736  0.00619846
1855  0.204819  0.0033067  0.647797  0.00619841
1856  0.204817  0.00330669  0.647858  0.0061985
1857  0.204806  0.00330652  0.64787  0.00619822
1858  0.204797  0.00330641  0.647882  0.00619814
1859  0.204792  0.00330637  0.64776  0.00620006
1860  0.204792  0.00330637  0.647748  0.00619992
1861  0.204787  0.0033063  0.647736  0.00619981
1862  0.20478  0.00330625  0.647772  0.00620022
1863  0.204777  0.00330622  0.647772  0.00620022
1864  0.204768  0.00330607  0.647687  0.00620182
1865  0.204766  0.00330604  0.647736  0.00620076
1866  0.204764  0.00330602  0.647662  0.00620177
1867  0.204764  0.00330601  0.647662  0.00620177
1868  0.204763  0.00330601  0.647662  0.00620177
1869  0.204758  0.00330592  0.647662  0.00620177
1870  0.204755  0.00330588  0.647662  0.00620177
1871  0.204746  0.0033058  0.647785  0.00619984
1872  0.204741  0.00330577  0.647882  0.00619867
1873  0.204738  0.00330573  0.647895  0.00619837
1874  0.204734  0.00330569  0.647944  0.00619885
1875  0.204728  0.00330559  0.648042  0.00619751
1876  0.204724  0.00330557  0.648042  0.00619751
1877  0.204719  0.00330552  0.648042  0.00619751
1878  0.204716  0.0033055  0.648042  0.00619751
1879  0.204714  0.00330548  0.648042  0.00619751
1880  0.204711  0.00330542  0.648042  0.00619751
1881  0.204707  0.00330539  0.648042  0.00619751
1882  0.204704  0.00330535  0.648042  0.00619751
1883  0.2047  0.00330528  0.647919  0.00619943
1884  0.204697  0.00330524  0.647797  0.00620135
1885  0.20469  0.00330512  0.647797  0.00620135
1886  0.20469  0.00330512  0.647797  0.00620135
1887  0.204688  0.00330509  0.647797  0.00620135
1888  0.204683  0.003305  0.647797  0.00620135
1889  0.204679  0.00330496  0.647797  0.00620135
1890  0.204677  0.00330493  0.647797  0.00620135
1891  0.204675  0.00330489  0.647907  0.00619973
1892  0.204674  0.00330487  0.647968  0.00619847
1893  0.204661  0.00330475  0.647968  0.00619847
1894  0.204655  0.00330465  0.647968  0.00619847
1895  0.20465  0.00330459  0.647858  0.00620031
1896  0.204644  0.00330452  0.647858  0.00620031
1897  0.204643  0.00330451  0.647858  0.00620031
1898  0.204641  0.00330447  0.647858  0.00620031
1899  0.20464  0.00330445  0.647956  0.00619858
1900  0.204633  0.00330437  0.647858  0.00620009
1901  0.204617  0.00330422  0.647968  0.00619847
1902  0.204613  0.00330416  0.647956  0.00619855
1903  0.20461  0.00330412  0.647968  0.00619847
1904  0.204608  0.00330411  0.647968  0.00619847
1905  0.204606  0.00330407  0.647968  0.00619847
1906  0.204599  0.00330396  0.647968  0.00619847
1907  0.204597  0.00330393  0.647968  0.00619847
1908  0.204596  0.00330391  0.647968  0.00619847
1909  0.204595  0.00330389  0.647968  0.00619847
1910  0.204594  0.00330388  0.648017  0.00619799
1911  0.20459  0.00330383  0.648054  0.00619767
1912  0.204588  0.0033038  0.64814  0.00619606
1913  0.204587  0.00330379  0.64814  0.00619606
1914  0.204587  0.00330378  0.648152  0.00619576
1915  0.204584  0.00330374  0.648152  0.00619542
1916  0.204582  0.00330371  0.648274  0.0061935
1917  0.204581  0.00330371  0.648274  0.0061935
1918  0.204573  0.0033036  0.648274  0.0061935
1919  0.204571  0.0033036  0.648274  0.0061935
1920  0.204562  0.00330353  0.648274  0.0061935
1921  0.204559  0.00330351  0.648274  0.0061935
1922  0.204551  0.00330348  0.648274  0.0061935
1923  0.204551  0.00330347  0.648274  0.0061935
1924  0.204543  0.0033034  0.648274  0.0061935
1925  0.204538  0.00330333  0.648274  0.0061935
1926  0.204528  0.00330318  0.648152  0.00619542
1927  0.204522  0.00330308  0.648152  0.00619542
1928  0.204514  0.00330295  0.648274  0.0061935
1929  0.204507  0.00330288  0.648274  0.0061935
1930  0.204504  0.00330286  0.648286  0.0061932
1931  0.204497  0.00330277  0.648348  0.00619253
1932  0.204497  0.00330276  0.648225  0.00619446
1933  0.204485  0.00330262  0.648017  0.00619586
1934  0.204484  0.00330261  0.648017  0.00619586
1935  0.204482  0.00330257  0.648005  0.00619616
1936  0.204481  0.00330256  0.648005  0.00619616
1937  0.204474  0.00330252  0.648005  0.00619616
1938  0.204465  0.00330241  0.648017  0.0061961
1939  0.204463  0.00330238  0.648029  0.00619607
1940  0.204456  0.00330231  0.648164  0.00619413
1941  0.204453  0.00330228  0.648286  0.0061922
1942  0.204449  0.00330225  0.648286  0.0061922
1943  0.204444  0.00330225  0.648286  0.0061922
1944  0.204436  0.00330231  0.648286  0.0061922
1945  0.204431  0.00330223  0.648335  0.00619143
1946  0.204431  0.00330223  0.648335  0.00619143
1947  0.20443  0.00330222  0.648213  0.00619336
1948  0.204428  0.0033022  0.648213  0.00619336
1949  0.204427  0.00330218  0.648103  0.00619498
1950  0.204423  0.00330213  0.648286  0.00619206
1951  0.204418  0.00330207  0.648286  0.00619206
1952  0.204414  0.00330199  0.64825  0.00619255
1953  0.204412  0.00330197  0.648274  0.00619236
1954  0.204409  0.00330192  0.648286  0.00619228
1955  0.204404  0.00330184  0.648384  0.00619054
1956  0.204397  0.00330171  0.648372  0.00619067
1957  0.204386  0.0033016  0.648409  0.00619035
1958  0.20437  0.00330158  0.648531  0.00619084
1959  0.204365  0.00330153  0.648531  0.00619084
1960  0.204364  0.00330151  0.648482  0.00619142
1961  0.204357  0.00330142  0.648519  0.00619058
1962  0.204356  0.0033014  0.648617  0.00618923
1963  0.204355  0.00330139  0.648519  0.00619073
1964  0.204353  0.00330135  0.648494  0.00619092
1965  0.204344  0.00330118  0.648348  0.00619343
1966  0.204338  0.00330107  0.648384  0.00619277
1967  0.204334  0.003301  0.648446  0.0061921
1968  0.204333  0.00330099  0.648543  0.00619056
1969  0.204331  0.00330096  0.648641  0.00618887
1970  0.204325  0.00330092  0.648715  0.006188
1971  0.204324  0.00330092  0.648715  0.006188
1972  0.204321  0.00330088  0.648715  0.006188
1973  0.20432  0.00330086  0.648715  0.006188
1974  0.204316  0.0033008  0.648592  0.00618993
1975  0.204308  0.00330075  0.648715  0.00619043
1976  0.204305  0.0033007  0.648617  0.00619253
1977  0.204302  0.00330066  0.648617  0.00619253
1978  0.204298  0.00330064  0.648605  0.00619237
1979  0.204291  0.00330059  0.648605  0.00619237
1980  0.204288  0.00330053  0.648727  0.00619044
1981  0.204285  0.00330047  0.648727  0.00619044
1982  0.204282  0.00330044  0.648727  0.00619044
1983  0.204273  0.00330036  0.648617  0.00619011
1984  0.204262  0.00330033  0.64858  0.00619094
1985  0.20426  0.00330033  0.64858  0.00619094
1986  0.204257  0.00330027  0.64858  0.00619094
1987  0.204256  0.00330026  0.64858  0.00619094
1988  0.204252  0.00330022  0.64858  0.00619094
1989  0.204247  0.00330013  0.648703  0.00618901
1990  0.204244  0.00330006  0.648825  0.00618708
1991  0.204237  0.00329996  0.648825  0.00618708
1992  0.204232  0.00329991  0.648825  0.00618708
1993  0.204231  0.00329989  0.648825  0.00618708
1994  0.204227  0.00329982  0.648825  0.00618708
1995  0.204222  0.00329976  0.648825  0.00618708
1996  0.20422  0.00329972  0.648837  0.00618678
1997  0.20422  0.00329971  0.648592  0.00619064
1998  0.204214  0.00329961  0.648617  0.00619054
1999  0.20421  0.00329957  0.648629  0.00619053
