#sample=8877
0  0.41186  0.00179957  0.378512  0.00403269
1  0.347425  0.0020529  0.509125  0.00439006
2  0.305876  0.00227934  0.571077  0.00447434
3  0.281237  0.00243154  0.591624  0.00449968
4  0.267301  0.00251245  0.599775  0.00451242
5  0.259846  0.00254489  0.603937  0.00450906
6  0.255381  0.00255946  0.606798  0.00450767
7  0.252017  0.00256404  0.609874  0.00449974
8  0.249307  0.00256603  0.611761  0.00449648
9  0.247128  0.00256653  0.612606  0.00449822
10  0.245183  0.00256678  0.614904  0.00448872
11  0.243508  0.00256593  0.616295  0.00448416
12  0.241909  0.00256369  0.617269  0.00448589
13  0.240494  0.00256134  0.617714  0.00448674
14  0.239215  0.00255903  0.619393  0.00447641
15  0.238049  0.00255587  0.619832  0.00447672
16  0.237006  0.00255201  0.620514  0.00447333
17  0.236046  0.00254863  0.620992  0.00447229
18  0.235143  0.00254473  0.622068  0.00446637
19  0.234451  0.0025423  0.622136  0.00446736
20  0.23377  0.00253918  0.622389  0.00446841
21  0.233076  0.00253562  0.623583  0.00445972
22  0.232437  0.0025323  0.624113  0.00445709
23  0.231834  0.00252951  0.624789  0.00445465
24  0.231325  0.00252653  0.625245  0.00445333
25  0.230771  0.00252298  0.625555  0.00445281
26  0.230299  0.00252039  0.626298  0.00444832
27  0.229845  0.00251729  0.626833  0.00444525
28  0.229453  0.00251484  0.62774  0.00444098
29  0.229053  0.00251228  0.628416  0.00443553
30  0.228677  0.00250967  0.628608  0.00443574
31  0.228277  0.00250683  0.628799  0.00443585
32  0.227917  0.00250434  0.628872  0.00443563
33  0.227613  0.00250233  0.628585  0.00443948
34  0.227282  0.00249955  0.629537  0.00443294
35  0.226984  0.00249725  0.629481  0.00443418
36  0.226676  0.00249456  0.629751  0.00443179
37  0.226441  0.0024928  0.62961  0.00443376
38  0.226168  0.00249054  0.630602  0.00442597
39  0.225902  0.00248848  0.630562  0.00442715
40  0.225639  0.00248634  0.63112  0.00442171
41  0.225362  0.00248432  0.631779  0.00441622
42  0.225074  0.00248217  0.632043  0.00441428
43  0.224871  0.00248075  0.632117  0.00441472
44  0.224625  0.00247879  0.632528  0.0044126
45  0.224411  0.00247712  0.633035  0.00440914
46  0.224229  0.00247551  0.633615  0.00440444
47  0.224029  0.002474  0.63384  0.00440397
48  0.22383  0.00247222  0.634099  0.00440182
49  0.223626  0.00247033  0.634156  0.00439981
50  0.223416  0.0024686  0.633806  0.00440314
51  0.223203  0.00246687  0.634139  0.00439896
52  0.222994  0.00246494  0.634325  0.00439809
53  0.222824  0.0024634  0.63424  0.00439941
54  0.22264  0.00246178  0.634578  0.00439659
55  0.222465  0.00246038  0.634584  0.0043975
56  0.222298  0.0024589  0.635136  0.00439136
57  0.22211  0.00245711  0.635648  0.00438619
58  0.22194  0.00245559  0.636189  0.00438118
59  0.221738  0.00245388  0.636347  0.00438116
60  0.221525  0.00245254  0.636685  0.00437801
61  0.221331  0.0024508  0.637045  0.00437515
62  0.221153  0.00244929  0.637107  0.00437568
63  0.220948  0.00244754  0.637558  0.00436846
64  0.220788  0.00244604  0.638065  0.00436436
65  0.22064  0.00244476  0.638448  0.00436128
66  0.220481  0.0024433  0.638752  0.00435754
67  0.220338  0.00244196  0.639388  0.00435169
68  0.220197  0.00244067  0.639659  0.00434782
69  0.220026  0.00243913  0.639923  0.00434602
70  0.219893  0.00243782  0.640025  0.00434479
71  0.219737  0.00243652  0.640425  0.00434078
72  0.219613  0.0024356  0.640802  0.00433774
73  0.219478  0.00243436  0.640971  0.00433501
74  0.219332  0.00243297  0.641027  0.00433586
75  0.219199  0.00243178  0.64163  0.00433242
76  0.219047  0.00243032  0.64141  0.00433515
77  0.218893  0.00242898  0.641286  0.00433556
78  0.218753  0.00242766  0.641692  0.00433333
79  0.218624  0.00242637  0.641979  0.00432999
80  0.218498  0.00242526  0.642098  0.00432765
81  0.218346  0.00242394  0.642571  0.00432366
82  0.218184  0.00242257  0.64243  0.00432502
83  0.218064  0.00242163  0.642779  0.00432148
84  0.217947  0.00242065  0.642706  0.00432301
85  0.217814  0.00241959  0.643049  0.00431955
86  0.217696  0.00241859  0.642909  0.00432064
87  0.217575  0.00241743  0.643247  0.00431663
88  0.217453  0.00241632  0.643641  0.00431325
89  0.217333  0.00241531  0.643596  0.0043129
90  0.21721  0.00241414  0.64408  0.00430936
91  0.217067  0.00241298  0.644356  0.00430829
92  0.216971  0.00241218  0.644553  0.00430712
93  0.216884  0.00241138  0.644711  0.00430568
94  0.216751  0.00241032  0.645156  0.00430186
95  0.216648  0.0024095  0.645562  0.0042977
96  0.216549  0.00240846  0.645545  0.00429828
97  0.216441  0.00240744  0.646125  0.00429404
98  0.21634  0.0024065  0.646677  0.00429019
99  0.21625  0.00240578  0.646744  0.00428984
100  0.216147  0.00240479  0.647032  0.00428729
101  0.216026  0.00240372  0.647043  0.00428711
102  0.215923  0.00240288  0.647274  0.00428414
103  0.215826  0.00240207  0.647567  0.00428209
104  0.215727  0.00240112  0.647555  0.00428224
105  0.215619  0.00240015  0.647781  0.00428077
106  0.21553  0.00239933  0.648372  0.00427473
107  0.215415  0.00239826  0.648761  0.00427134
108  0.215324  0.00239741  0.649048  0.00427035
109  0.215207  0.00239649  0.648952  0.00427227
110  0.215102  0.00239566  0.648947  0.00427354
111  0.214997  0.0023948  0.649313  0.00426991
112  0.214897  0.00239385  0.649392  0.00426854
113  0.214785  0.00239307  0.64951  0.00426737
114  0.214671  0.00239207  0.650084  0.0042622
115  0.214583  0.00239128  0.650163  0.00426165
116  0.214463  0.00239017  0.64987  0.00426484
117  0.214368  0.00238935  0.650349  0.00426004
118  0.214287  0.00238866  0.650473  0.00425815
119  0.214181  0.00238783  0.650529  0.00425854
120  0.214106  0.00238712  0.650513  0.00425947
121  0.214016  0.00238626  0.650822  0.00425583
122  0.213949  0.0023855  0.650822  0.00425573
123  0.213817  0.0023844  0.651448  0.00424965
124  0.213734  0.00238371  0.651577  0.00424965
125  0.213647  0.00238291  0.652135  0.00424411
126  0.213575  0.00238225  0.652236  0.00424282
127  0.213503  0.00238162  0.652383  0.00423965
128  0.21345  0.0023811  0.652371  0.00423876
129  0.213362  0.00238025  0.652523  0.00423801
130  0.213286  0.0023796  0.652766  0.00423518
131  0.213206  0.00237879  0.652777  0.00423521
132  0.213134  0.00237808  0.652946  0.00423387
133  0.213039  0.00237717  0.653194  0.00423054
134  0.212955  0.0023764  0.65352  0.00422667
135  0.212871  0.00237559  0.653796  0.00422459
136  0.2128  0.00237499  0.653881  0.00422274
137  0.212717  0.00237423  0.653706  0.00422478
138  0.212627  0.00237362  0.653954  0.00422267
139  0.212574  0.00237307  0.654095  0.00422118
140  0.212479  0.00237212  0.65445  0.0042178
141  0.212424  0.00237156  0.654636  0.00421609
142  0.212316  0.00237072  0.655013  0.00421259
143  0.21223  0.00236996  0.655204  0.00421193
144  0.21215  0.00236938  0.655334  0.00421128
145  0.212085  0.00236881  0.655295  0.00421249
146  0.212007  0.00236819  0.655492  0.00421181
147  0.211935  0.00236769  0.655616  0.00421092
148  0.211856  0.00236719  0.65588  0.00420897
149  0.211793  0.00236666  0.656061  0.00420739
150  0.211714  0.002366  0.656506  0.0042034
151  0.211645  0.00236543  0.656601  0.00420456
152  0.21157  0.00236482  0.657086  0.00419961
153  0.211495  0.00236417  0.657198  0.00419829
154  0.211433  0.00236365  0.657525  0.00419512
155  0.211373  0.0023631  0.657795  0.00419237
156  0.211291  0.00236238  0.657891  0.00419167
157  0.211214  0.00236167  0.657846  0.00419185
158  0.211158  0.00236116  0.657852  0.00419233
159  0.211099  0.00236063  0.658077  0.00419067
160  0.21103  0.00236003  0.658466  0.00418614
161  0.210973  0.00235955  0.658928  0.00417977
162  0.210893  0.00235886  0.659125  0.00417813
163  0.210836  0.00235832  0.659587  0.0041746
164  0.210782  0.00235784  0.659772  0.00417358
165  0.210712  0.00235731  0.659913  0.0041727
166  0.210669  0.00235687  0.660094  0.00417121
167  0.210619  0.00235641  0.660178  0.00417109
168  0.210556  0.00235591  0.66033  0.0041715
169  0.210483  0.00235527  0.660437  0.00417098
170  0.210435  0.00235488  0.660482  0.00417081
171  0.210343  0.00235407  0.660538  0.00417024
172  0.210275  0.0023535  0.660567  0.00416835
173  0.210215  0.00235294  0.660893  0.00416504
174  0.210148  0.0023523  0.661124  0.0041641
175  0.210082  0.00235169  0.661406  0.00416195
176  0.210009  0.00235118  0.661682  0.00415925
177  0.209957  0.00235072  0.661654  0.00415935
178  0.209901  0.00235025  0.661783  0.00415873
179  0.209834  0.00234966  0.661958  0.00415796
180  0.20978  0.0023492  0.66202  0.00415696
181  0.209737  0.00234874  0.662307  0.00415331
182  0.209683  0.00234826  0.662628  0.00414959
183  0.209624  0.00234771  0.662735  0.00414761
184  0.209569  0.00234721  0.662763  0.00414663
185  0.209516  0.00234676  0.663203  0.00414218
186  0.209452  0.00234629  0.663169  0.00414269
187  0.209398  0.00234576  0.663422  0.00414015
188  0.209351  0.0023453  0.663248  0.00414231
189  0.209291  0.00234473  0.663456  0.00414058
190  0.209244  0.00234426  0.663214  0.0041435
191  0.209205  0.00234392  0.66327  0.0041428
192  0.20915  0.00234351  0.66345  0.00414039
193  0.209081  0.00234295  0.663603  0.00413824
194  0.209039  0.00234257  0.663529  0.00413852
195  0.208975  0.00234206  0.663738  0.00413592
196  0.208911  0.00234152  0.663467  0.0041394
197  0.208859  0.00234107  0.66349  0.00413788
198  0.208808  0.00234064  0.663698  0.00413583
199  0.208765  0.00234027  0.663772  0.00413615
200  0.208714  0.00233974  0.663918  0.00413403
201  0.208672  0.00233932  0.664233  0.00413103
202  0.208618  0.00233887  0.664188  0.0041307
203  0.20854  0.00233817  0.664284  0.00412866
204  0.208478  0.00233755  0.664318  0.00412915
205  0.208422  0.00233705  0.664476  0.00412761
206  0.208379  0.00233663  0.664763  0.00412435
207  0.208332  0.0023362  0.66474  0.00412331
208  0.208267  0.00233567  0.664909  0.00412049
209  0.20823  0.00233534  0.664791  0.00412213
210  0.208166  0.00233489  0.664949  0.00412082
211  0.208112  0.00233443  0.66514  0.00411879
212  0.208067  0.00233404  0.665084  0.00412008
213  0.208004  0.00233359  0.665174  0.00412055
214  0.207937  0.00233305  0.66536  0.00412148
215  0.207865  0.00233244  0.665371  0.00412207
216  0.207803  0.00233196  0.665152  0.00412374
217  0.207747  0.00233153  0.665056  0.00412373
218  0.207685  0.002331  0.665292  0.00412171
219  0.207646  0.00233065  0.665388  0.0041208
220  0.207594  0.00233014  0.665681  0.00411756
221  0.207555  0.00232977  0.665799  0.00411589
222  0.207501  0.00232937  0.665816  0.00411804
223  0.207459  0.002329  0.665979  0.00411575
224  0.207425  0.00232867  0.665979  0.00411586
225  0.207377  0.0023282  0.666379  0.00411094
226  0.207319  0.00232774  0.666396  0.00411033
227  0.207262  0.0023273  0.666858  0.00410643
228  0.207225  0.00232701  0.667157  0.00410372
229  0.207174  0.00232659  0.667196  0.00410241
230  0.20714  0.00232623  0.667078  0.00410297
231  0.207097  0.00232591  0.667095  0.00410391
232  0.207032  0.00232543  0.667337  0.00410241
233  0.206987  0.00232503  0.66794  0.00409636
234  0.206932  0.0023246  0.667957  0.00409754
235  0.20689  0.00232422  0.667968  0.00409824
236  0.206844  0.0023238  0.668187  0.004095
237  0.206804  0.00232349  0.668182  0.00409491
238  0.206768  0.00232314  0.668266  0.00409465
239  0.206728  0.00232281  0.668362  0.00409393
240  0.206689  0.00232245  0.668655  0.0040911
241  0.206643  0.00232205  0.669021  0.00408763
242  0.206612  0.00232176  0.669072  0.00408801
243  0.206567  0.00232132  0.669432  0.00408373
244  0.206513  0.00232084  0.669415  0.00408475
245  0.206464  0.00232039  0.6699  0.00407901
246  0.206408  0.0023199  0.670103  0.00407663
247  0.206374  0.00231959  0.670052  0.00407746
248  0.206325  0.00231915  0.670418  0.00407338
249  0.206277  0.00231875  0.670333  0.00407529
250  0.206229  0.00231837  0.670514  0.00407319
251  0.206182  0.00231793  0.670407  0.00407472
252  0.206125  0.00231736  0.670452  0.00407372
253  0.20607  0.00231701  0.670288  0.00407576
254  0.206022  0.00231665  0.670457  0.00407476
255  0.205969  0.00231633  0.67039  0.00407623
256  0.205915  0.00231589  0.670784  0.00407298
257  0.205868  0.0023155  0.670942  0.00407017
258  0.205833  0.00231518  0.670925  0.00407002
259  0.205801  0.00231488  0.670902  0.00407027
260  0.205765  0.00231453  0.671026  0.00406887
261  0.205722  0.00231412  0.671223  0.00406692
262  0.205686  0.00231387  0.671336  0.00406617
263  0.205641  0.00231352  0.671505  0.0040644
264  0.205614  0.0023133  0.671787  0.00406084
265  0.205578  0.00231291  0.67186  0.00405939
266  0.205543  0.00231258  0.672001  0.00405841
267  0.2055  0.00231226  0.672001  0.00405822
268  0.205465  0.00231195  0.67213  0.00405769
269  0.205426  0.00231166  0.67208  0.00405778
270  0.205388  0.00231127  0.672102  0.00405619
271  0.205348  0.00231094  0.672457  0.00405198
272  0.20533  0.00231079  0.672615  0.00405035
273  0.205298  0.0023105  0.672682  0.00405031
274  0.205242  0.00231005  0.672519  0.00405132
275  0.205202  0.00230969  0.673043  0.00404599
276  0.205172  0.00230942  0.673319  0.00404378
277  0.205138  0.00230908  0.673313  0.00404398
278  0.205088  0.00230858  0.673099  0.00404717
279  0.205046  0.00230825  0.673437  0.00404553
280  0.205005  0.00230788  0.673426  0.00404597
281  0.204953  0.00230747  0.673848  0.00404183
282  0.204912  0.00230713  0.674045  0.00403925
283  0.204861  0.0023067  0.674406  0.00403532
284  0.204821  0.00230637  0.674693  0.0040318
285  0.204772  0.00230593  0.674749  0.0040313
286  0.204729  0.00230554  0.67489  0.00403006
287  0.204694  0.00230522  0.674772  0.00403162
288  0.204648  0.00230487  0.675014  0.00402962
289  0.20462  0.00230462  0.675099  0.00402847
290  0.204599  0.00230441  0.675082  0.0040291
291  0.204574  0.00230418  0.675093  0.00402923
292  0.204534  0.00230381  0.675177  0.00402693
293  0.204473  0.00230333  0.675459  0.00402421
294  0.204427  0.00230299  0.675831  0.00402044
295  0.204391  0.00230265  0.67596  0.0040182
296  0.204349  0.00230223  0.676135  0.00401695
297  0.204302  0.0023018  0.67636  0.00401421
298  0.204266  0.0023015  0.676321  0.00401493
299  0.204216  0.00230108  0.67636  0.00401451
300  0.204186  0.00230091  0.676535  0.00401259
301  0.204156  0.00230064  0.676602  0.00401217
302  0.20411  0.00230024  0.676839  0.00400766
303  0.20407  0.00229991  0.677138  0.0040042
304  0.204025  0.00229956  0.677278  0.00400427
305  0.203977  0.00229921  0.677419  0.00400412
306  0.20393  0.00229885  0.677673  0.00400139
307  0.203892  0.00229855  0.677611  0.00400099
308  0.203839  0.00229811  0.677436  0.00400346
309  0.203802  0.0022978  0.677521  0.00400254
310  0.203776  0.00229756  0.677678  0.00400021
311  0.203746  0.00229729  0.677797  0.00399855
312  0.203724  0.00229713  0.677859  0.00399737
313  0.203677  0.00229677  0.67805  0.00399597
314  0.203637  0.00229641  0.678146  0.00399447
315  0.203591  0.00229604  0.67841  0.0039934
316  0.203557  0.00229574  0.678275  0.00399509
317  0.203531  0.00229554  0.678422  0.00399427
318  0.203496  0.00229531  0.678512  0.00399465
319  0.203473  0.00229507  0.678608  0.00399343
320  0.203433  0.00229484  0.678878  0.00399087
321  0.203403  0.00229455  0.678872  0.00399195
322  0.203369  0.00229427  0.678867  0.0039918
323  0.203325  0.00229394  0.678867  0.00399171
324  0.203285  0.00229357  0.678816  0.00399242
325  0.203242  0.00229313  0.678737  0.0039933
326  0.20319  0.00229273  0.678946  0.00399033
327  0.203161  0.0022925  0.67912  0.00398914
328  0.203139  0.00229235  0.679171  0.00398891
329  0.20312  0.00229217  0.679193  0.00398863
330  0.203087  0.00229189  0.679402  0.00398695
331  0.20305  0.00229155  0.679407  0.00398622
332  0.203007  0.00229117  0.679554  0.00398409
333  0.202979  0.00229092  0.679514  0.00398339
334  0.202953  0.0022907  0.679616  0.00398291
335  0.202928  0.00229048  0.679712  0.00398254
336  0.202898  0.00229019  0.680078  0.0039792
337  0.202863  0.00228995  0.680117  0.00397885
338  0.202821  0.00228961  0.679937  0.00398034
339  0.202799  0.00228938  0.680066  0.00397873
340  0.202762  0.00228901  0.6801  0.00397952
341  0.202736  0.00228879  0.680297  0.0039783
342  0.202676  0.00228831  0.680264  0.00397895
343  0.20264  0.00228798  0.680314  0.00397866
344  0.202593  0.0022876  0.680478  0.00397714
345  0.202554  0.00228727  0.680652  0.00397526
346  0.202521  0.00228704  0.68063  0.00397589
347  0.202482  0.0022867  0.680528  0.00397763
348  0.202449  0.00228641  0.680596  0.00397653
349  0.202401  0.00228594  0.680748  0.00397488
350  0.202369  0.00228566  0.680872  0.00397426
351  0.202341  0.00228539  0.680658  0.00397704
352  0.202314  0.00228512  0.680731  0.00397638
353  0.202291  0.0022849  0.68081  0.00397602
354  0.202252  0.00228458  0.680787  0.00397646
355  0.202224  0.00228435  0.680906  0.00397567
356  0.202193  0.0022841  0.68099  0.00397457
357  0.202162  0.00228378  0.681007  0.00397426
358  0.202137  0.00228357  0.681137  0.00397293
359  0.202098  0.00228321  0.681159  0.00397315
360  0.202059  0.00228286  0.681266  0.00397176
361  0.202036  0.00228264  0.681227  0.00397222
362  0.201999  0.00228224  0.681255  0.00397062
363  0.201981  0.00228207  0.681486  0.00396766
364  0.20196  0.00228188  0.681311  0.00396921
365  0.201927  0.00228154  0.681063  0.00397265
366  0.201891  0.00228127  0.681047  0.00397245
367  0.201856  0.00228095  0.681024  0.00397183
368  0.201816  0.00228073  0.680996  0.00397313
369  0.201774  0.00228034  0.680956  0.00397348
370  0.20174  0.00228011  0.681001  0.00397392
371  0.201701  0.00227985  0.681058  0.00397249
372  0.201669  0.00227959  0.680883  0.00397474
373  0.201616  0.00227924  0.680979  0.00397335
374  0.201575  0.00227892  0.681069  0.00397266
375  0.201545  0.00227868  0.681193  0.00397168
376  0.20151  0.00227843  0.681272  0.00397163
377  0.201479  0.00227822  0.681514  0.0039686
378  0.201449  0.00227798  0.681604  0.00396757
379  0.201426  0.00227774  0.681914  0.00396454
380  0.201411  0.00227759  0.681982  0.00396375
381  0.201395  0.00227744  0.681869  0.00396455
382  0.201363  0.00227721  0.682117  0.0039622
383  0.201333  0.00227698  0.682241  0.00396021
384  0.201301  0.00227675  0.682286  0.00395933
385  0.201274  0.00227654  0.682415  0.00395789
386  0.201226  0.00227612  0.682843  0.00395276
387  0.201199  0.00227592  0.682922  0.00395152
388  0.201158  0.00227557  0.682984  0.00395142
389  0.201123  0.00227536  0.682894  0.00395258
390  0.201102  0.0022752  0.682967  0.00395255
391  0.201074  0.00227497  0.682995  0.00395191
392  0.20104  0.0022747  0.682945  0.00395239
393  0.201002  0.00227443  0.683209  0.00394959
394  0.200974  0.00227417  0.683215  0.00394938
395  0.200942  0.002274  0.683108  0.00395089
396  0.200913  0.00227381  0.683311  0.0039497
397  0.200882  0.00227357  0.683333  0.00395097
398  0.200868  0.00227344  0.683463  0.00394932
399  0.200838  0.00227317  0.683576  0.00394812
400  0.200815  0.002273  0.683395  0.0039495
401  0.200792  0.00227284  0.683418  0.00394931
402  0.200773  0.00227266  0.683361  0.00395014
403  0.200735  0.00227245  0.683457  0.00394947
404  0.200696  0.00227226  0.683604  0.00394851
405  0.200664  0.002272  0.68353  0.00394853
406  0.200628  0.00227167  0.683654  0.0039476
407  0.200603  0.00227148  0.683699  0.00394676
408  0.200578  0.00227133  0.683654  0.00394636
409  0.200553  0.0022712  0.683694  0.00394617
410  0.200534  0.00227108  0.683733  0.00394552
411  0.200518  0.00227094  0.68379  0.00394561
412  0.200497  0.00227077  0.684077  0.00394271
413  0.200466  0.00227052  0.684358  0.00394017
414  0.200436  0.00227033  0.68433  0.00394057
415  0.200413  0.00227011  0.684133  0.00394272
416  0.200393  0.00226997  0.684156  0.00394223
417  0.200356  0.00226966  0.684381  0.00393974
418  0.200329  0.00226943  0.684482  0.00393869
419  0.200308  0.00226926  0.684477  0.00393937
420  0.200281  0.00226902  0.684584  0.00393876
421  0.200244  0.00226871  0.684567  0.00393958
422  0.20022  0.00226858  0.684623  0.00393971
423  0.200193  0.00226837  0.684623  0.00393976
424  0.20017  0.0022682  0.684803  0.00393883
425  0.20015  0.0022681  0.68491  0.00393832
426  0.200124  0.00226798  0.684922  0.00393746
427  0.200104  0.00226784  0.685085  0.00393534
428  0.200075  0.00226765  0.685119  0.00393598
429  0.20005  0.00226745  0.685186  0.00393574
430  0.200026  0.00226726  0.685226  0.00393588
431  0.199985  0.00226698  0.685186  0.00393489
432  0.199946  0.00226674  0.685124  0.00393519
433  0.19992  0.00226655  0.68513  0.00393512
434  0.1999  0.00226641  0.685119  0.00393536
435  0.199874  0.00226621  0.68513  0.00393522
436  0.199838  0.00226594  0.685226  0.00393465
437  0.19982  0.00226578  0.685372  0.00393304
438  0.199791  0.00226552  0.685519  0.00393174
439  0.199773  0.00226542  0.685626  0.00393039
440  0.199751  0.00226526  0.685789  0.00392994
441  0.19973  0.00226503  0.685924  0.00392815
442  0.199699  0.00226485  0.68593  0.0039272
443  0.199682  0.00226473  0.686037  0.00392607
444  0.19966  0.00226453  0.686093  0.00392537
445  0.199636  0.00226436  0.686341  0.00392276
446  0.199596  0.00226411  0.686504  0.00392195
447  0.199561  0.00226394  0.686521  0.003923
448  0.199543  0.00226386  0.686521  0.00392321
449  0.19952  0.00226368  0.686685  0.00392184
450  0.199503  0.00226354  0.686752  0.00392172
451  0.199474  0.00226334  0.686747  0.00392163
452  0.199456  0.00226318  0.686842  0.00392053
453  0.19944  0.00226301  0.686916  0.00391944
454  0.19941  0.00226272  0.686713  0.0039221
455  0.199389  0.00226252  0.686865  0.00392019
456  0.199376  0.00226241  0.686955  0.00391829
457  0.199351  0.0022622  0.687028  0.00391728
458  0.199331  0.00226207  0.687107  0.00391621
459  0.199319  0.00226196  0.687  0.00391754
460  0.199304  0.00226181  0.687068  0.00391653
461  0.199288  0.00226163  0.687101  0.00391625
462  0.199268  0.00226141  0.686955  0.00391802
463  0.199256  0.00226131  0.687068  0.0039166
464  0.199234  0.0022611  0.687135  0.00391648
465  0.199209  0.00226085  0.687417  0.00391438
466  0.199189  0.00226068  0.687423  0.00391354
467  0.199165  0.0022605  0.687225  0.00391536
468  0.199136  0.00226021  0.687434  0.00391177
469  0.199113  0.00226004  0.687608  0.00390934
470  0.199094  0.00225981  0.687783  0.00390745
471  0.199064  0.0022596  0.687896  0.0039054
472  0.199042  0.00225945  0.687901  0.00390568
473  0.199013  0.00225916  0.687986  0.00390431
474  0.198984  0.00225892  0.68811  0.00390303
475  0.19896  0.00225871  0.688335  0.00390051
476  0.198938  0.00225852  0.688555  0.00389636
477  0.198895  0.00225823  0.688791  0.00389552
478  0.198876  0.00225804  0.688938  0.00389451
479  0.198855  0.00225787  0.688943  0.00389464
480  0.198821  0.00225765  0.688746  0.00389773
481  0.198796  0.00225748  0.68865  0.00389892
482  0.198779  0.00225732  0.688786  0.00389705
483  0.19875  0.00225709  0.688797  0.00389602
484  0.198726  0.00225688  0.688921  0.00389566
485  0.198695  0.00225663  0.688825  0.00389647
486  0.198673  0.00225646  0.688831  0.00389637
487  0.198654  0.00225633  0.688763  0.0038976
488  0.198628  0.00225611  0.688808  0.00389591
489  0.198607  0.00225595  0.688808  0.00389595
490  0.198582  0.00225572  0.688977  0.00389456
491  0.198547  0.0022554  0.689056  0.0038937
492  0.198517  0.00225513  0.689022  0.00389414
493  0.19849  0.00225491  0.689264  0.00389185
494  0.198477  0.00225478  0.689202  0.00389263
495  0.198447  0.00225454  0.689157  0.00389301
496  0.19843  0.00225439  0.689214  0.00389159
497  0.198416  0.00225429  0.689298  0.0038906
498  0.198395  0.00225411  0.689394  0.0038893
499  0.198367  0.00225388  0.689501  0.00388851
500  0.198348  0.0022537  0.689467  0.0038888
501  0.198333  0.00225356  0.689433  0.00388924
502  0.198308  0.0022534  0.689355  0.0038912
503  0.198285  0.00225321  0.689422  0.00388986
504  0.198268  0.00225305  0.689653  0.00388702
505  0.198249  0.00225288  0.689822  0.0038856
506  0.198204  0.00225258  0.689929  0.00388494
507  0.198178  0.00225236  0.689912  0.00388467
508  0.198147  0.00225219  0.68994  0.00388508
509  0.198125  0.00225201  0.689968  0.00388461
510  0.198113  0.00225188  0.690002  0.00388347
511  0.198077  0.00225164  0.690098  0.00388355
512  0.198048  0.00225146  0.690194  0.00388315
513  0.198032  0.00225133  0.690273  0.00388222
514  0.198018  0.00225119  0.690402  0.00388071
515  0.197997  0.00225103  0.690368  0.00388126
516  0.197963  0.00225083  0.69056  0.00387885
517  0.197944  0.00225067  0.690481  0.00387958
518  0.197926  0.00225051  0.69043  0.00388077
519  0.197896  0.00225031  0.690425  0.00388152
520  0.197879  0.00225018  0.690374  0.00388188
521  0.197849  0.00224999  0.690436  0.00388129
522  0.19783  0.00224983  0.690509  0.00388081
523  0.197813  0.00224967  0.69029  0.00388378
524  0.197801  0.00224956  0.690301  0.0038837
525  0.197789  0.00224949  0.690194  0.00388468
526  0.197778  0.00224937  0.690233  0.00388416
527  0.197751  0.0022491  0.690425  0.00388154
528  0.197722  0.00224892  0.690357  0.00388267
529  0.197694  0.00224869  0.690385  0.00388268
530  0.197664  0.00224852  0.690312  0.00388285
531  0.197646  0.00224838  0.690228  0.00388382
532  0.197628  0.00224823  0.690278  0.00388331
533  0.197613  0.0022481  0.690374  0.003882
534  0.197595  0.00224791  0.69038  0.00388217
535  0.197572  0.00224778  0.690306  0.0038839
536  0.197566  0.00224773  0.69038  0.00388229
537  0.197532  0.0022475  0.690549  0.00388187
538  0.197497  0.00224726  0.690588  0.00388163
539  0.19746  0.00224704  0.690453  0.00388386
540  0.197431  0.00224688  0.690763  0.00388159
541  0.197408  0.00224671  0.690763  0.00388193
542  0.197384  0.00224652  0.69078  0.00388202
543  0.197343  0.00224627  0.690887  0.00388052
544  0.197322  0.00224611  0.691022  0.0038797
545  0.19729  0.00224583  0.691196  0.00387749
546  0.197274  0.00224568  0.691275  0.0038767
547  0.197249  0.00224554  0.691393  0.00387549
548  0.197224  0.00224532  0.691495  0.0038736
549  0.197193  0.0022451  0.691439  0.00387411
550  0.197173  0.0022449  0.691523  0.0038728
551  0.197155  0.00224473  0.691591  0.00387229
552  0.197129  0.00224451  0.691658  0.0038713
553  0.197112  0.00224436  0.691765  0.00386965
554  0.197088  0.00224416  0.69172  0.00386836
555  0.197067  0.00224403  0.691681  0.00386885
556  0.197026  0.00224388  0.691872  0.00386686
557  0.196999  0.00224365  0.692036  0.00386489
558  0.196976  0.00224348  0.691957  0.00386578
559  0.196952  0.00224329  0.692143  0.00386455
560  0.196931  0.00224314  0.692081  0.00386482
561  0.196912  0.00224294  0.692148  0.00386386
562  0.196899  0.00224282  0.692103  0.0038635
563  0.196883  0.00224266  0.692193  0.00386189
564  0.196866  0.00224252  0.692171  0.0038613
565  0.196846  0.00224234  0.692278  0.00385996
566  0.196835  0.00224224  0.692278  0.00386002
567  0.19682  0.00224208  0.692289  0.00385971
568  0.196796  0.00224184  0.692137  0.00386159
569  0.196774  0.00224164  0.692289  0.00386028
570  0.196766  0.00224156  0.692328  0.00385996
571  0.196745  0.00224137  0.692261  0.00386058
572  0.196733  0.00224127  0.692385  0.00385983
573  0.196715  0.00224111  0.692526  0.00385859
574  0.196699  0.00224096  0.692717  0.00385603
575  0.196678  0.0022408  0.692785  0.00385615
576  0.196662  0.00224064  0.692751  0.00385633
577  0.19665  0.00224052  0.692779  0.00385612
578  0.19663  0.00224035  0.693004  0.00385409
579  0.196618  0.00224023  0.692858  0.00385606
580  0.196604  0.00224009  0.692835  0.00385648
581  0.196584  0.00223992  0.692672  0.00385833
582  0.196569  0.0022398  0.692864  0.00385596
583  0.196558  0.00223971  0.692779  0.00385679
584  0.196527  0.0022394  0.692852  0.00385621
585  0.196513  0.00223925  0.692914  0.00385556
586  0.196493  0.00223907  0.692835  0.00385658
587  0.196472  0.00223888  0.692644  0.00385956
588  0.19646  0.00223879  0.692621  0.00385986
589  0.196444  0.00223867  0.692593  0.00386014
590  0.19643  0.00223857  0.692588  0.00386011
591  0.19642  0.00223845  0.692621  0.00386058
592  0.196406  0.00223833  0.692548  0.00386137
593  0.196388  0.00223817  0.692621  0.00386082
594  0.19637  0.002238  0.692852  0.00385822
595  0.196358  0.00223788  0.692999  0.00385637
596  0.196341  0.00223773  0.693078  0.00385585
597  0.196324  0.00223758  0.693134  0.00385506
598  0.196301  0.00223742  0.693263  0.00385315
599  0.196273  0.00223727  0.69332  0.00385252
600  0.196253  0.00223717  0.693348  0.00385253
601  0.196242  0.00223707  0.693539  0.00384973
602  0.196228  0.00223695  0.693635  0.00384948
603  0.196212  0.00223685  0.693703  0.00384939
604  0.196193  0.00223673  0.693787  0.00384797
605  0.196161  0.0022365  0.69372  0.00384905
606  0.196151  0.00223646  0.69377  0.00384962
607  0.196131  0.0022363  0.693934  0.0038477
608  0.196118  0.00223619  0.694018  0.00384716
609  0.196094  0.00223599  0.693917  0.00384855
610  0.19608  0.00223585  0.693934  0.00384823
611  0.196067  0.00223573  0.693939  0.00384836
612  0.196055  0.00223562  0.694007  0.00384836
613  0.19604  0.00223545  0.693956  0.00384898
614  0.196027  0.0022353  0.694041  0.003848
615  0.196013  0.00223514  0.694238  0.00384581
616  0.195994  0.00223495  0.694182  0.00384664
617  0.195969  0.00223471  0.694227  0.00384604
618  0.195953  0.00223456  0.694238  0.0038456
619  0.195938  0.00223443  0.694193  0.00384618
620  0.19592  0.00223429  0.694187  0.00384639
621  0.195904  0.00223419  0.694176  0.00384708
622  0.195883  0.002234  0.6943  0.0038472
623  0.195866  0.00223382  0.694446  0.00384629
624  0.195849  0.00223369  0.694373  0.00384694
625  0.195824  0.00223349  0.694508  0.00384607
626  0.195805  0.00223333  0.694593  0.00384496
627  0.195778  0.00223317  0.69466  0.00384441
628  0.195756  0.00223305  0.694655  0.00384477
629  0.195739  0.0022329  0.694812  0.00384348
630  0.195721  0.00223278  0.694779  0.00384381
631  0.195715  0.00223273  0.694863  0.00384253
632  0.1957  0.00223263  0.694998  0.00384081
633  0.195672  0.00223236  0.695195  0.00383874
634  0.195654  0.0022322  0.695269  0.00383943
635  0.195637  0.00223206  0.695314  0.00383791
636  0.195622  0.00223191  0.695466  0.00383679
637  0.195601  0.00223174  0.695449  0.00383628
638  0.195586  0.00223163  0.695556  0.00383425
639  0.195565  0.00223147  0.695556  0.00383419
640  0.195546  0.00223126  0.695663  0.00383298
641  0.195514  0.00223103  0.695753  0.00383248
642  0.195494  0.00223083  0.695702  0.00383357
643  0.195476  0.00223069  0.69586  0.00383174
644  0.195453  0.00223051  0.695905  0.00383118
645  0.195428  0.00223031  0.69595  0.00383132
646  0.195409  0.00223014  0.696018  0.0038304
647  0.195389  0.00223  0.696085  0.00383041
648  0.195378  0.00222989  0.696097  0.00383042
649  0.195356  0.00222972  0.696119  0.00382992
650  0.195335  0.00222963  0.696085  0.00383045
651  0.195322  0.00222953  0.696164  0.00382949
652  0.195304  0.00222945  0.696395  0.00382629
653  0.195285  0.00222929  0.696305  0.00382657
654  0.195271  0.00222917  0.696344  0.00382647
655  0.195255  0.00222904  0.696491  0.00382514
656  0.195233  0.0022289  0.69657  0.00382437
657  0.195213  0.00222877  0.696699  0.00382321
658  0.195192  0.00222856  0.696604  0.00382371
659  0.195175  0.00222842  0.69684  0.0038213
660  0.195149  0.00222823  0.696863  0.00382039
661  0.195136  0.00222809  0.696795  0.00382128
662  0.195099  0.00222785  0.697054  0.00381943
663  0.195088  0.00222778  0.697133  0.00381935
664  0.195063  0.00222762  0.697184  0.00381881
665  0.19504  0.00222747  0.697161  0.00381967
666  0.195032  0.00222743  0.69715  0.00381886
667  0.195019  0.00222737  0.697127  0.0038189
668  0.195003  0.00222725  0.697234  0.0038182
669  0.194973  0.00222712  0.697139  0.00381829
670  0.194956  0.00222695  0.697268  0.00381593
671  0.194939  0.00222681  0.697358  0.00381558
672  0.194928  0.00222673  0.697403  0.00381596
673  0.194907  0.00222655  0.697471  0.00381428
674  0.194897  0.00222648  0.697443  0.00381414
675  0.194874  0.00222627  0.697465  0.0038141
676  0.194853  0.00222612  0.697527  0.00381404
677  0.194825  0.00222591  0.697696  0.00381223
678  0.19481  0.00222579  0.697657  0.00381264
679  0.194805  0.00222572  0.697685  0.0038123
680  0.194788  0.00222557  0.697662  0.0038123
681  0.194755  0.0022253  0.697843  0.00381103
682  0.19473  0.00222507  0.697854  0.00381079
683  0.194704  0.00222487  0.697989  0.00380897
684  0.194681  0.00222469  0.697764  0.00381221
685  0.194669  0.0022246  0.697736  0.00381244
686  0.194659  0.00222451  0.697679  0.00381311
687  0.194644  0.00222439  0.697815  0.00381119
688  0.194632  0.00222428  0.69782  0.00381059
689  0.194617  0.00222414  0.697978  0.00380895
690  0.194607  0.00222408  0.698124  0.003807
691  0.194591  0.00222393  0.698158  0.00380665
692  0.194579  0.0022238  0.698175  0.00380652
693  0.194554  0.00222365  0.698181  0.00380686
694  0.19454  0.00222352  0.698102  0.0038082
695  0.194524  0.00222334  0.698091  0.00380828
696  0.194508  0.00222321  0.698136  0.00380774
697  0.194492  0.00222307  0.69826  0.00380703
698  0.194479  0.00222298  0.698344  0.00380597
699  0.19446  0.00222279  0.698412  0.00380501
700  0.194447  0.00222267  0.698355  0.00380576
701  0.194434  0.00222256  0.698406  0.00380512
702  0.194423  0.00222249  0.698417  0.00380407
703  0.194397  0.00222227  0.698344  0.00380565
704  0.19438  0.00222213  0.69849  0.00380427
705  0.194371  0.00222204  0.69844  0.00380484
706  0.194359  0.0022219  0.698474  0.00380457
707  0.194354  0.00222186  0.698457  0.00380475
708  0.194333  0.00222169  0.698519  0.00380377
709  0.194315  0.00222151  0.698547  0.00380303
710  0.194299  0.00222136  0.698716  0.00380159
711  0.194289  0.00222127  0.698716  0.00380079
712  0.194271  0.0022211  0.698817  0.0038005
713  0.194252  0.00222097  0.69893  0.003799
714  0.194241  0.0022209  0.698885  0.0037997
715  0.194213  0.00222068  0.699009  0.00379802
716  0.194185  0.00222054  0.699116  0.00379694
717  0.194163  0.00222037  0.699228  0.00379516
718  0.19414  0.00222018  0.699285  0.00379454
719  0.19412  0.00222001  0.699386  0.00379311
720  0.194103  0.00221986  0.699454  0.00379223
721  0.194088  0.00221977  0.699425  0.00379256
722  0.194079  0.0022197  0.699425  0.00379256
723  0.19407  0.00221961  0.699397  0.003793
724  0.19406  0.00221952  0.699459  0.00379221
725  0.194048  0.00221942  0.699521  0.00379149
726  0.194036  0.00221933  0.699471  0.00379221
727  0.194021  0.00221918  0.699431  0.00379279
728  0.194003  0.00221906  0.69942  0.0037927
729  0.193992  0.00221897  0.699454  0.00379126
730  0.19398  0.00221886  0.699482  0.00379072
731  0.193961  0.00221872  0.699482  0.00378998
732  0.19395  0.00221864  0.699578  0.00378922
733  0.193938  0.00221852  0.699437  0.00379113
734  0.193922  0.00221841  0.699482  0.00379109
735  0.193914  0.00221831  0.699606  0.00378914
736  0.193902  0.00221821  0.699651  0.0037886
737  0.193887  0.00221804  0.699589  0.00378942
738  0.193878  0.00221794  0.699589  0.00378957
739  0.193862  0.00221776  0.699544  0.00379011
740  0.193854  0.00221769  0.699583  0.00378967
741  0.193835  0.00221748  0.699747  0.00378822
742  0.193813  0.00221733  0.699701  0.00378859
743  0.193804  0.00221724  0.699628  0.0037896
744  0.193798  0.00221717  0.699583  0.00379015
745  0.193778  0.00221701  0.699532  0.00379157
746  0.19377  0.00221692  0.699516  0.00379165
747  0.19376  0.00221682  0.699459  0.00379206
748  0.193743  0.00221669  0.699532  0.00379133
749  0.193723  0.00221656  0.699459  0.00379282
750  0.193712  0.00221649  0.699566  0.00379192
751  0.193693  0.00221635  0.699656  0.00379078
752  0.193678  0.00221622  0.699662  0.00378915
753  0.193663  0.00221617  0.699763  0.00378831
754  0.193649  0.00221604  0.699854  0.00378744
755  0.193638  0.00221595  0.699961  0.00378588
756  0.193631  0.0022159  0.699916  0.00378649
757  0.193615  0.0022158  0.699994  0.00378588
758  0.193605  0.00221573  0.699966  0.00378614
759  0.193596  0.00221563  0.700011  0.00378571
760  0.193583  0.00221551  0.700152  0.00378383
761  0.193575  0.00221544  0.700135  0.00378409
762  0.193554  0.00221526  0.700068  0.00378484
763  0.193544  0.00221515  0.700214  0.00378307
764  0.193534  0.00221507  0.700344  0.0037815
765  0.193521  0.00221495  0.700287  0.00378178
766  0.193511  0.00221486  0.700287  0.00378178
767  0.193489  0.0022147  0.700276  0.00378132
768  0.193465  0.00221451  0.700451  0.00377904
769  0.193443  0.00221437  0.700518  0.00377849
770  0.193428  0.00221426  0.700541  0.00377861
771  0.193407  0.00221416  0.700591  0.00377872
772  0.193398  0.00221411  0.70058  0.00377883
773  0.193389  0.00221406  0.70058  0.0037789
774  0.193378  0.00221399  0.70062  0.00377806
775  0.193365  0.00221384  0.700743  0.00377719
776  0.193342  0.00221365  0.700608  0.00377902
777  0.193332  0.00221359  0.700727  0.00377759
778  0.193315  0.00221351  0.700693  0.0037774
779  0.193303  0.00221344  0.70067  0.0037777
780  0.193281  0.00221324  0.700659  0.00377793
781  0.193266  0.00221311  0.70076  0.00377651
782  0.193257  0.00221304  0.70076  0.00377651
783  0.193239  0.00221287  0.700743  0.00377666
784  0.193225  0.00221277  0.700834  0.00377578
785  0.193205  0.00221259  0.700856  0.00377522
786  0.193189  0.00221249  0.700867  0.00377396
787  0.193168  0.00221238  0.701081  0.00377191
788  0.193154  0.00221227  0.701053  0.00377235
789  0.193144  0.00221219  0.701065  0.00377213
790  0.193127  0.00221202  0.701076  0.00377188
791  0.193099  0.00221184  0.701121  0.00377176
792  0.193091  0.0022118  0.701143  0.00377152
793  0.193078  0.00221169  0.70107  0.00377256
794  0.193053  0.00221148  0.701295  0.0037698
795  0.193045  0.00221142  0.701357  0.00376941
796  0.19303  0.00221127  0.701397  0.00376822
797  0.193022  0.00221119  0.701498  0.0037671
798  0.193013  0.00221114  0.701566  0.00376712
799  0.193  0.00221099  0.701543  0.00376723
800  0.192986  0.00221085  0.701684  0.00376514
801  0.192963  0.00221062  0.701757  0.00376411
802  0.192956  0.00221054  0.701718  0.00376404
803  0.192939  0.00221036  0.701662  0.00376499
804  0.192925  0.00221025  0.70165  0.00376494
805  0.192911  0.00221011  0.701752  0.00376289
806  0.192902  0.00221002  0.701774  0.00376265
807  0.19289  0.00220991  0.70174  0.00376301
808  0.192872  0.00220976  0.701898  0.00376112
809  0.192852  0.00220964  0.701836  0.00376234
810  0.192839  0.00220958  0.702  0.00376012
811  0.192815  0.00220937  0.701971  0.00376043
812  0.192788  0.00220917  0.701949  0.00376084
813  0.19278  0.00220911  0.701893  0.0037616
814  0.192761  0.00220899  0.70214  0.00375911
815  0.192745  0.00220892  0.702123  0.00375969
816  0.19273  0.00220878  0.702101  0.00375984
817  0.192714  0.00220866  0.702045  0.00375992
818  0.1927  0.00220853  0.702005  0.00376159
819  0.192687  0.00220847  0.702067  0.00376144
820  0.192673  0.00220836  0.702123  0.00376055
821  0.192655  0.00220821  0.702101  0.0037618
822  0.192629  0.00220807  0.702185  0.00376116
823  0.192612  0.00220795  0.702197  0.00376113
824  0.192602  0.00220789  0.702208  0.00376091
825  0.192569  0.0022078  0.70223  0.00376141
826  0.192555  0.00220779  0.702247  0.0037611
827  0.19254  0.00220762  0.702433  0.00375934
828  0.192528  0.00220748  0.702371  0.00376014
829  0.192522  0.00220741  0.702461  0.00375902
830  0.192511  0.00220729  0.70254  0.00375886
831  0.192499  0.0022072  0.702478  0.00375881
832  0.192483  0.00220711  0.702478  0.00375973
833  0.192464  0.00220698  0.70249  0.0037598
834  0.192445  0.00220689  0.702608  0.00375917
835  0.192435  0.00220681  0.702636  0.00375966
836  0.192423  0.00220672  0.702619  0.0037599
837  0.192406  0.00220659  0.702653  0.00375899
838  0.192395  0.00220652  0.702811  0.00375856
839  0.192387  0.00220647  0.702822  0.0037578
840  0.192376  0.0022064  0.702844  0.00375637
841  0.192362  0.0022063  0.703002  0.00375413
842  0.19235  0.00220622  0.702901  0.00375544
843  0.192338  0.00220612  0.702873  0.00375641
844  0.19233  0.00220604  0.702721  0.00375844
845  0.192321  0.00220595  0.702732  0.0037584
846  0.192308  0.00220584  0.702811  0.00375704
847  0.192299  0.00220577  0.702828  0.00375676
848  0.192285  0.00220568  0.702743  0.00375809
849  0.192273  0.00220555  0.702721  0.00375816
850  0.192257  0.00220544  0.702822  0.00375663
851  0.192248  0.00220536  0.70285  0.00375635
852  0.192229  0.00220526  0.703047  0.00375519
853  0.192204  0.00220506  0.703233  0.00375345
854  0.19219  0.0022049  0.703194  0.00375426
855  0.192181  0.00220479  0.703295  0.00375277
856  0.19216  0.00220461  0.703244  0.0037534
857  0.192144  0.00220448  0.703289  0.00375279
858  0.192125  0.00220435  0.703301  0.0037527
859  0.192112  0.00220428  0.703413  0.00375201
860  0.192097  0.00220415  0.703458  0.00375086
861  0.192079  0.00220397  0.703441  0.00375118
862  0.192069  0.00220389  0.703503  0.00375025
863  0.192055  0.00220375  0.703582  0.00375005
864  0.192032  0.00220361  0.703526  0.00375152
865  0.192011  0.00220341  0.70352  0.00375164
866  0.191994  0.00220332  0.703605  0.00375187
867  0.191968  0.00220317  0.703689  0.00375075
868  0.191944  0.00220296  0.703779  0.00374994
869  0.191931  0.00220282  0.703734  0.00375039
870  0.191911  0.00220267  0.703751  0.0037501
871  0.191901  0.00220258  0.703723  0.00375059
872  0.191889  0.00220244  0.703672  0.00375135
873  0.191867  0.00220225  0.703808  0.00374947
874  0.191859  0.0022022  0.703774  0.00374983
875  0.19184  0.00220207  0.703723  0.0037498
876  0.191823  0.00220195  0.703746  0.00374985
877  0.191808  0.00220188  0.703836  0.00374811
878  0.191792  0.00220175  0.703729  0.00374954
879  0.191782  0.00220166  0.703723  0.00374968
880  0.191768  0.00220154  0.703701  0.0037501
881  0.191756  0.00220143  0.703695  0.00375026
882  0.19174  0.00220128  0.703639  0.00375096
883  0.191726  0.0022012  0.703768  0.0037496
884  0.191717  0.00220111  0.703841  0.00374923
885  0.191711  0.00220106  0.703915  0.00374805
886  0.191703  0.00220099  0.703943  0.00374772
887  0.191687  0.00220084  0.703915  0.00374821
888  0.191677  0.00220077  0.703999  0.00374786
889  0.191664  0.00220068  0.704055  0.00374709
890  0.19165  0.0022006  0.704078  0.00374673
891  0.191636  0.00220052  0.704129  0.00374594
892  0.191617  0.00220034  0.704146  0.00374562
893  0.191605  0.00220026  0.704219  0.00374448
894  0.191592  0.00220017  0.704253  0.00374412
895  0.191582  0.00220007  0.704337  0.00374291
896  0.191567  0.00219994  0.704292  0.00374261
897  0.191553  0.0021998  0.704275  0.00374366
898  0.191537  0.00219969  0.704281  0.00374418
899  0.191527  0.0021996  0.704258  0.0037443
900  0.191517  0.00219955  0.704371  0.00374276
901  0.191504  0.00219951  0.704371  0.00374276
902  0.191479  0.00219935  0.704472  0.00374176
903  0.191458  0.00219926  0.704422  0.00374242
904  0.191442  0.00219919  0.704371  0.00374343
905  0.191424  0.00219907  0.704591  0.00374155
906  0.191405  0.00219891  0.7045  0.00374283
907  0.191383  0.00219874  0.704489  0.00374278
908  0.191375  0.00219869  0.704574  0.00374141
909  0.191366  0.00219863  0.704658  0.00374011
910  0.191356  0.00219854  0.704698  0.00373948
911  0.191341  0.00219841  0.704782  0.00373834
912  0.191328  0.00219833  0.704681  0.00374004
913  0.191315  0.00219821  0.704686  0.00373908
914  0.191305  0.00219813  0.70485  0.00373714
915  0.191292  0.00219806  0.705069  0.00373589
916  0.191275  0.00219794  0.705047  0.00373621
917  0.191267  0.00219787  0.705052  0.00373619
918  0.191255  0.00219777  0.705086  0.00373559
919  0.19124  0.00219764  0.705081  0.00373556
920  0.191233  0.00219754  0.705081  0.0037357
921  0.191224  0.00219746  0.705075  0.00373581
922  0.191213  0.00219738  0.705019  0.00373574
923  0.191193  0.00219723  0.705148  0.00373399
924  0.191185  0.00219716  0.705075  0.00373502
925  0.191176  0.00219709  0.705092  0.00373525
926  0.191169  0.00219705  0.705035  0.00373602
927  0.19116  0.00219699  0.704985  0.00373675
928  0.191148  0.00219688  0.705007  0.00373664
929  0.191129  0.00219674  0.705075  0.00373595
930  0.191113  0.00219668  0.705092  0.00373664
931  0.191092  0.00219654  0.705114  0.00373633
932  0.191085  0.00219648  0.705199  0.00373503
933  0.191077  0.0021964  0.705255  0.00373426
934  0.191068  0.0021963  0.705255  0.00373426
935  0.19106  0.00219621  0.705272  0.00373433
936  0.191038  0.00219604  0.705362  0.00373305
937  0.191024  0.00219593  0.705334  0.00373368
938  0.191005  0.00219573  0.70534  0.00373403
939  0.190998  0.00219568  0.705402  0.00373397
940  0.190988  0.00219559  0.705368  0.00373443
941  0.190977  0.00219551  0.705373  0.0037344
942  0.190964  0.00219539  0.705334  0.00373498
943  0.190947  0.00219525  0.705216  0.00373682
944  0.190929  0.00219511  0.705159  0.00373752
945  0.190917  0.00219499  0.705092  0.00373774
946  0.190903  0.00219486  0.705024  0.00373867
947  0.190893  0.00219476  0.705047  0.00373834
948  0.190882  0.00219463  0.705041  0.00373861
949  0.190863  0.00219448  0.705126  0.00373744
950  0.190855  0.00219441  0.705103  0.00373757
951  0.190838  0.00219426  0.705165  0.00373686
952  0.190835  0.00219423  0.705148  0.003737
953  0.190828  0.00219417  0.705171  0.0037368
954  0.190822  0.00219412  0.705159  0.00373702
955  0.190802  0.00219397  0.705317  0.00373602
956  0.190785  0.00219391  0.705323  0.00373662
957  0.190774  0.00219384  0.705266  0.00373679
958  0.190764  0.00219374  0.705295  0.00373647
959  0.190743  0.00219361  0.705261  0.00373681
960  0.190729  0.0021935  0.705266  0.00373677
961  0.190713  0.00219337  0.705334  0.00373579
962  0.190698  0.00219328  0.705289  0.00373656
963  0.190686  0.0021932  0.705266  0.0037373
964  0.190668  0.00219309  0.705227  0.00373766
965  0.190649  0.00219298  0.705334  0.00373623
966  0.19063  0.00219287  0.705334  0.00373538
967  0.190615  0.00219276  0.705362  0.00373484
968  0.190595  0.00219263  0.705469  0.00373345
969  0.190581  0.00219254  0.705604  0.00373241
970  0.190567  0.00219249  0.705497  0.00373367
971  0.190557  0.00219243  0.705492  0.00373338
972  0.190541  0.00219233  0.705548  0.00373255
973  0.190525  0.00219223  0.705621  0.00373158
974  0.190504  0.00219211  0.705565  0.00373227
975  0.190485  0.00219199  0.705621  0.00373235
976  0.190471  0.0021919  0.705666  0.00373186
977  0.19046  0.00219182  0.70561  0.00373272
978  0.190448  0.00219171  0.705689  0.00373166
979  0.190435  0.00219163  0.705717  0.00373151
980  0.190425  0.00219158  0.705723  0.00373119
981  0.190418  0.0021915  0.705847  0.00372979
982  0.190409  0.00219141  0.70583  0.00373015
983  0.190402  0.00219135  0.705847  0.00372983
984  0.190394  0.00219128  0.705925  0.00372862
985  0.190377  0.00219113  0.70588  0.00372928
986  0.190367  0.00219103  0.705914  0.00372918
987  0.190348  0.00219088  0.705841  0.00373014
988  0.19034  0.00219081  0.705841  0.00373024
989  0.19033  0.00219073  0.705852  0.00373003
990  0.190314  0.0021906  0.706106  0.00372609
991  0.190297  0.00219042  0.706117  0.00372627
992  0.19028  0.00219029  0.706038  0.00372657
993  0.190263  0.00219011  0.7061  0.00372603
994  0.190257  0.00219006  0.706128  0.0037258
995  0.19025  0.00218999  0.706083  0.00372648
996  0.190239  0.00218992  0.706139  0.00372589
997  0.190232  0.00218988  0.706263  0.00372417
998  0.190218  0.00218975  0.706269  0.00372331
999  0.190208  0.0021897  0.706331  0.00372244
1000  0.190195  0.00218962  0.706444  0.00372088
1001  0.190183  0.00218947  0.706545  0.00371936
1002  0.190166  0.0021893  0.706551  0.00371952
1003  0.190144  0.00218914  0.706348  0.00372235
1004  0.190129  0.00218904  0.706376  0.00372181
1005  0.190121  0.00218897  0.706342  0.00372256
1006  0.190109  0.00218885  0.706353  0.0037224
1007  0.190097  0.00218876  0.706337  0.00372288
1008  0.190086  0.0021887  0.706461  0.00372261
1009  0.190074  0.0021886  0.706551  0.00372149
1010  0.190062  0.00218847  0.706601  0.00372136
1011  0.190045  0.00218834  0.706663  0.00372191
1012  0.190035  0.00218825  0.706798  0.00371997
1013  0.190019  0.00218814  0.706782  0.00372018
1014  0.190011  0.00218807  0.70681  0.00371962
1015  0.189985  0.00218785  0.706934  0.00371819
1016  0.189975  0.00218774  0.707142  0.00371535
1017  0.189956  0.00218759  0.707148  0.00371451
1018  0.189934  0.00218745  0.70721  0.00371451
1019  0.189921  0.00218733  0.707215  0.00371459
1020  0.18991  0.00218724  0.707249  0.00371456
1021  0.189897  0.00218715  0.70735  0.00371389
1022  0.189885  0.00218704  0.707238  0.0037146
1023  0.189875  0.00218695  0.707401  0.00371396
1024  0.189854  0.0021868  0.707356  0.00371368
1025  0.189836  0.00218666  0.707396  0.00371371
1026  0.189829  0.00218659  0.707396  0.00371371
1027  0.18982  0.00218651  0.707277  0.00371531
1028  0.189813  0.00218646  0.707305  0.00371454
1029  0.189798  0.00218635  0.707418  0.00371353
1030  0.189788  0.00218628  0.707401  0.0037137
1031  0.189782  0.00218622  0.707486  0.00371273
1032  0.189755  0.00218605  0.707711  0.00371176
1033  0.189742  0.00218595  0.707795  0.00371083
1034  0.189729  0.0021859  0.707846  0.00371053
1035  0.189717  0.00218585  0.707857  0.00371062
1036  0.189705  0.00218578  0.707897  0.00371044
1037  0.189696  0.00218575  0.707863  0.00371091
1038  0.189686  0.00218569  0.707886  0.00371094
1039  0.18967  0.0021856  0.707902  0.0037104
1040  0.189659  0.00218554  0.707902  0.00371026
1041  0.189647  0.00218547  0.707801  0.0037116
1042  0.189628  0.00218536  0.707767  0.00371185
1043  0.18962  0.00218531  0.707717  0.00371269
1044  0.189611  0.00218527  0.70788  0.0037117
1045  0.1896  0.0021852  0.707993  0.00371042
1046  0.189583  0.00218512  0.707964  0.00371024
1047  0.189566  0.00218501  0.708195  0.00370735
1048  0.189556  0.00218492  0.708207  0.00370721
1049  0.189545  0.00218483  0.708246  0.00370637
1050  0.189535  0.00218476  0.708246  0.0037064
1051  0.189525  0.00218471  0.708218  0.00370641
1052  0.189508  0.00218461  0.708325  0.00370566
1053  0.189493  0.00218454  0.708308  0.00370583
1054  0.18948  0.0021845  0.708336  0.00370574
1055  0.18946  0.0021844  0.708331  0.00370578
1056  0.189448  0.00218431  0.708477  0.00370468
1057  0.189437  0.00218425  0.708421  0.00370461
1058  0.189431  0.00218422  0.708477  0.00370382
1059  0.189414  0.00218408  0.708494  0.00370352
1060  0.18939  0.00218396  0.70855  0.00370363
1061  0.189373  0.00218387  0.708528  0.00370417
1062  0.189367  0.00218384  0.708426  0.0037047
1063  0.189355  0.00218373  0.708449  0.00370439
1064  0.189342  0.00218363  0.708421  0.00370446
1065  0.189337  0.00218358  0.708387  0.00370503
1066  0.189328  0.00218352  0.708409  0.0037045
1067  0.189318  0.00218348  0.708381  0.00370457
1068  0.189304  0.00218336  0.708331  0.00370437
1069  0.189297  0.00218331  0.70837  0.00370392
1070  0.189286  0.00218322  0.708331  0.00370453
1071  0.189268  0.00218302  0.708477  0.00370239
1072  0.18925  0.00218286  0.708516  0.00370178
1073  0.189236  0.00218281  0.70846  0.00370264
1074  0.18922  0.0021827  0.708421  0.00370319
1075  0.189203  0.0021825  0.708516  0.00370241
1076  0.189193  0.0021824  0.708584  0.00370123
1077  0.189185  0.00218234  0.708432  0.00370288
1078  0.189177  0.0021823  0.708438  0.00370278
1079  0.189161  0.0021822  0.708409  0.00370324
1080  0.189152  0.00218212  0.708443  0.0037027
1081  0.189138  0.00218201  0.708443  0.0037027
1082  0.189124  0.00218188  0.708528  0.00370168
1083  0.189103  0.00218176  0.708646  0.0037007
1084  0.189086  0.00218168  0.708618  0.00370099
1085  0.18907  0.00218162  0.70859  0.00370063
1086  0.189049  0.00218148  0.708533  0.00370104
1087  0.189033  0.00218137  0.708421  0.00370243
1088  0.189016  0.00218129  0.708561  0.00370083
1089  0.189011  0.00218124  0.708494  0.00370169
1090  0.188993  0.00218117  0.708426  0.00370217
1091  0.188974  0.00218106  0.708714  0.00369972
1092  0.188966  0.002181  0.708809  0.00369865
1093  0.188953  0.0021809  0.708877  0.00369778
1094  0.188941  0.00218078  0.708922  0.00369691
1095  0.188929  0.00218069  0.709006  0.00369582
1096  0.18892  0.0021806  0.708978  0.00369599
1097  0.188901  0.00218045  0.708944  0.00369623
1098  0.18889  0.00218037  0.708922  0.00369648
1099  0.18888  0.00218026  0.708781  0.00369855
1100  0.188873  0.00218023  0.708764  0.00369874
1101  0.188859  0.00218011  0.708815  0.00369819
1102  0.188853  0.00218005  0.708843  0.00369782
1103  0.188841  0.00217996  0.708804  0.00369844
1104  0.188823  0.00217981  0.708984  0.00369623
1105  0.188804  0.00217969  0.709012  0.00369613
1106  0.188783  0.00217958  0.709085  0.00369467
1107  0.188758  0.00217943  0.709175  0.00369352
1108  0.188745  0.00217937  0.709102  0.00369491
1109  0.18874  0.00217933  0.70913  0.00369434
1110  0.188733  0.00217929  0.709164  0.00369397
1111  0.188721  0.00217918  0.709305  0.00369285
1112  0.188711  0.00217913  0.709254  0.00369333
1113  0.188702  0.00217906  0.709356  0.00369264
1114  0.188692  0.00217899  0.709423  0.00369171
1115  0.188683  0.0021789  0.709429  0.00369082
1116  0.188674  0.00217882  0.70948  0.00369006
1117  0.188665  0.00217875  0.709536  0.00368927
1118  0.188656  0.00217871  0.709581  0.00368943
1119  0.188638  0.00217857  0.709581  0.00368943
1120  0.188617  0.00217836  0.709756  0.00368712
1121  0.188608  0.00217828  0.709908  0.00368507
1122  0.188592  0.0021782  0.710003  0.00368528
1123  0.188583  0.00217817  0.710122  0.00368324
1124  0.188577  0.00217818  0.710122  0.00368324
1125  0.188574  0.00217816  0.710178  0.00368336
1126  0.188564  0.00217804  0.71024  0.00368269
1127  0.188558  0.00217799  0.710291  0.00368202
1128  0.188545  0.00217788  0.710291  0.00368138
1129  0.188542  0.00217783  0.71024  0.00368176
1130  0.188533  0.00217777  0.710296  0.00368128
1131  0.188518  0.00217767  0.710324  0.00368103
1132  0.188509  0.00217758  0.710448  0.00367922
1133  0.1885  0.00217751  0.710617  0.00367759
1134  0.188479  0.00217738  0.710623  0.00367754
1135  0.188463  0.00217727  0.710753  0.00367673
1136  0.188452  0.00217719  0.710753  0.00367673
1137  0.18844  0.00217711  0.710741  0.00367682
1138  0.188423  0.00217694  0.71086  0.00367516
1139  0.188411  0.00217686  0.710803  0.00367596
1140  0.1884  0.00217676  0.71086  0.00367516
1141  0.188391  0.0021767  0.710938  0.00367407
1142  0.188373  0.00217657  0.710983  0.00367399
1143  0.188364  0.00217649  0.710905  0.00367466
1144  0.188359  0.00217642  0.710882  0.00367508
1145  0.188352  0.00217636  0.710944  0.00367423
1146  0.188336  0.00217627  0.710921  0.00367486
1147  0.188318  0.00217613  0.710978  0.00367432
1148  0.188304  0.00217608  0.711  0.00367399
1149  0.188298  0.00217605  0.711  0.00367399
1150  0.188285  0.00217592  0.711045  0.00367378
1151  0.188279  0.00217588  0.711062  0.00367358
1152  0.188265  0.00217579  0.711203  0.00367223
1153  0.188262  0.00217577  0.711186  0.00367209
1154  0.188246  0.00217566  0.711023  0.00367345
1155  0.18824  0.00217563  0.711017  0.00367349
1156  0.188229  0.00217553  0.711113  0.00367207
1157  0.188218  0.00217546  0.711085  0.00367297
1158  0.188208  0.00217535  0.711107  0.00367282
1159  0.188196  0.00217526  0.711164  0.00367271
1160  0.188178  0.00217513  0.711214  0.00367282
1161  0.188171  0.00217507  0.711214  0.00367282
1162  0.18816  0.002175  0.711214  0.00367282
1163  0.188146  0.00217494  0.711209  0.00367363
1164  0.188143  0.00217492  0.711209  0.00367363
1165  0.188133  0.00217483  0.711226  0.0036734
1166  0.188125  0.00217476  0.711282  0.0036718
1167  0.188116  0.00217468  0.711361  0.00367129
1168  0.188102  0.00217457  0.711468  0.00367014
1169  0.188095  0.00217451  0.711473  0.00367002
1170  0.188079  0.00217436  0.711519  0.00366936
1171  0.188071  0.00217428  0.711575  0.00366856
1172  0.188066  0.00217423  0.711519  0.00366927
1173  0.188057  0.00217414  0.711428  0.00366975
1174  0.188048  0.00217407  0.711597  0.003669
1175  0.188044  0.00217406  0.711642  0.0036683
1176  0.188032  0.00217397  0.711519  0.00366906
1177  0.188022  0.00217387  0.711671  0.00366708
1178  0.188014  0.00217381  0.711671  0.00366735
1179  0.188005  0.00217371  0.711806  0.00366545
1180  0.18799  0.00217356  0.711778  0.00366607
1181  0.187984  0.00217349  0.711659  0.00366687
1182  0.187974  0.00217341  0.711699  0.0036664
1183  0.187966  0.00217334  0.711704  0.00366636
1184  0.187959  0.0021733  0.711817  0.00366476
1185  0.187949  0.00217322  0.711783  0.00366606
1186  0.187929  0.00217309  0.711823  0.00366498
1187  0.187922  0.00217303  0.711851  0.00366447
1188  0.187915  0.00217297  0.711975  0.0036635
1189  0.187898  0.00217284  0.711964  0.0036636
1190  0.187879  0.0021727  0.711935  0.0036641
1191  0.187864  0.00217257  0.712059  0.00366221
1192  0.18785  0.00217247  0.712054  0.00366188
1193  0.187836  0.00217239  0.712025  0.00366248
1194  0.187828  0.00217231  0.712127  0.00366093
1195  0.187821  0.00217224  0.712144  0.00366149
1196  0.187801  0.00217204  0.712245  0.00365978
1197  0.18779  0.00217196  0.712369  0.00365877
1198  0.18778  0.00217189  0.712296  0.00365965
1199  0.187759  0.00217185  0.712256  0.00366056
1200  0.187743  0.00217174  0.71233  0.00365963
1201  0.18773  0.00217169  0.712414  0.00365841
1202  0.187726  0.00217164  0.712341  0.00365939
1203  0.187715  0.00217156  0.712375  0.003659
1204  0.187707  0.00217147  0.712454  0.00365777
1205  0.187701  0.00217141  0.712499  0.00365713
1206  0.187699  0.00217139  0.712561  0.00365621
1207  0.187692  0.00217133  0.712718  0.00365411
1208  0.187689  0.00217131  0.712775  0.00365409
1209  0.187685  0.00217128  0.71287  0.00365417
1210  0.187675  0.00217119  0.712808  0.00365453
1211  0.187666  0.00217115  0.712837  0.00365381
1212  0.18765  0.00217103  0.712882  0.0036535
1213  0.187646  0.00217098  0.712893  0.00365348
1214  0.18764  0.00217094  0.713039  0.00365296
1215  0.187626  0.00217087  0.713039  0.00365248
1216  0.187609  0.00217082  0.712983  0.00365323
1217  0.187601  0.00217077  0.713096  0.00365224
1218  0.187598  0.00217076  0.713141  0.00365245
1219  0.187591  0.00217075  0.713242  0.00365171
1220  0.187583  0.00217075  0.713214  0.00365156
1221  0.187572  0.00217071  0.713253  0.00365206
1222  0.187563  0.00217064  0.713236  0.00365249
1223  0.187552  0.00217053  0.713253  0.00365173
1224  0.187548  0.00217051  0.713253  0.00365173
1225  0.187544  0.00217047  0.713169  0.00365277
1226  0.187533  0.00217038  0.713191  0.00365228
1227  0.187525  0.00217032  0.713146  0.00365365
1228  0.18752  0.00217027  0.713203  0.00365371
1229  0.187517  0.00217025  0.713315  0.00365211
1230  0.187508  0.00217017  0.71336  0.00365153
1231  0.1875  0.00217012  0.71327  0.00365205
1232  0.187485  0.00217  0.713174  0.0036532
1233  0.187474  0.00216992  0.713191  0.00365346
1234  0.187462  0.00216981  0.713428  0.00365102
1235  0.187452  0.00216971  0.713349  0.0036517
1236  0.187446  0.00216964  0.713467  0.00364984
1237  0.187435  0.00216956  0.713603  0.00364824
1238  0.187428  0.00216947  0.713563  0.00364871
1239  0.18742  0.00216942  0.713574  0.00364849
1240  0.187415  0.0021694  0.713558  0.00364883
1241  0.18741  0.00216935  0.713591  0.00364834
1242  0.187396  0.00216922  0.71367  0.00364732
1243  0.187388  0.00216914  0.713614  0.00364807
1244  0.187375  0.00216908  0.713766  0.00364612
1245  0.18736  0.00216894  0.71367  0.00364761
1246  0.187345  0.00216884  0.713732  0.00364638
1247  0.187336  0.0021688  0.713879  0.00364515
1248  0.187315  0.00216869  0.713929  0.00364543
1249  0.187297  0.00216863  0.713935  0.00364554
1250  0.187277  0.0021685  0.713997  0.0036446
1251  0.18727  0.00216844  0.714031  0.00364401
1252  0.18725  0.00216829  0.714109  0.00364247
1253  0.187235  0.00216814  0.714115  0.00364249
1254  0.187231  0.0021681  0.714104  0.00364267
1255  0.187213  0.00216798  0.714087  0.00364214
1256  0.187206  0.00216792  0.714076  0.00364239
1257  0.187197  0.00216785  0.714048  0.00364281
1258  0.187193  0.00216782  0.714121  0.00364267
1259  0.187182  0.00216771  0.714126  0.00364253
1260  0.187178  0.00216768  0.714076  0.00364339
1261  0.187171  0.00216764  0.714138  0.0036426
1262  0.187164  0.00216759  0.714149  0.00364237
1263  0.187154  0.00216754  0.714109  0.00364304
1264  0.187144  0.00216749  0.714138  0.00364226
1265  0.187135  0.0021674  0.714126  0.00364291
1266  0.187127  0.00216734  0.714126  0.00364291
1267  0.187119  0.0021673  0.714064  0.0036436
1268  0.187109  0.00216717  0.714132  0.00364254
1269  0.187091  0.00216703  0.714138  0.00364309
1270  0.187078  0.00216691  0.714217  0.00364198
1271  0.187061  0.00216682  0.714414  0.00364016
1272  0.187055  0.00216678  0.714431  0.00363971
1273  0.187051  0.00216673  0.714385  0.00364043
1274  0.187041  0.00216664  0.714425  0.00364113
1275  0.187029  0.00216652  0.714459  0.0036407
1276  0.187024  0.00216646  0.71447  0.00364064
1277  0.187019  0.00216642  0.714498  0.00364022
1278  0.187006  0.00216637  0.714397  0.00364179
1279  0.186992  0.00216628  0.714425  0.00364088
1280  0.186985  0.00216622  0.714385  0.00364154
1281  0.18698  0.00216616  0.714329  0.00364231
1282  0.186973  0.00216613  0.714307  0.00364232
1283  0.186968  0.0021661  0.714312  0.00364228
1284  0.186964  0.00216605  0.714346  0.00364092
1285  0.18696  0.00216603  0.714352  0.00364087
1286  0.186946  0.00216594  0.714295  0.00364186
1287  0.186938  0.0021659  0.714329  0.00364148
1288  0.186932  0.00216586  0.714363  0.00364177
1289  0.18692  0.00216578  0.714391  0.00364082
1290  0.186914  0.00216573  0.714431  0.00364017
1291  0.186906  0.00216566  0.714543  0.00363855
1292  0.186892  0.00216553  0.714447  0.00364003
1293  0.186886  0.00216547  0.71438  0.0036408
1294  0.186875  0.00216542  0.714357  0.00364109
1295  0.186859  0.00216537  0.71447  0.00364035
1296  0.186853  0.00216531  0.714419  0.00364111
1297  0.18685  0.00216529  0.714476  0.0036403
1298  0.186839  0.00216522  0.714442  0.003641
1299  0.186831  0.00216516  0.714447  0.00364096
1300  0.186821  0.00216507  0.714504  0.00364011
1301  0.186815  0.00216501  0.714504  0.00364011
1302  0.186802  0.00216487  0.714498  0.00364
1303  0.186789  0.00216476  0.714391  0.00364178
1304  0.186777  0.00216468  0.714515  0.00364023
1305  0.186765  0.00216456  0.714487  0.00364029
1306  0.186759  0.00216451  0.714549  0.00363932
1307  0.186754  0.00216447  0.714509  0.00363995
1308  0.186743  0.00216441  0.714459  0.00363984
1309  0.18672  0.00216424  0.714498  0.00363918
1310  0.186709  0.00216416  0.714459  0.00363923
1311  0.186699  0.00216408  0.714554  0.00363844
1312  0.186688  0.00216399  0.714583  0.00363948
1313  0.186674  0.00216391  0.714712  0.00363888
1314  0.186664  0.00216381  0.714752  0.00363843
1315  0.186653  0.00216376  0.714678  0.00364005
1316  0.186643  0.00216368  0.714645  0.00364001
1317  0.186639  0.00216364  0.714695  0.00363932
1318  0.186628  0.00216356  0.714757  0.00363848
1319  0.186621  0.0021635  0.714836  0.00363759
1320  0.186614  0.00216345  0.714774  0.00363822
1321  0.186608  0.0021634  0.71483  0.00363741
1322  0.186596  0.00216327  0.714876  0.00363669
1323  0.186584  0.00216319  0.714943  0.00363652
1324  0.186576  0.00216312  0.714876  0.00363836
1325  0.186567  0.00216306  0.71496  0.00363703
1326  0.186563  0.00216302  0.714977  0.00363704
1327  0.186554  0.00216296  0.715022  0.00363653
1328  0.18655  0.00216292  0.715022  0.00363653
1329  0.186543  0.00216287  0.71496  0.00363738
1330  0.186536  0.0021628  0.714954  0.0036376
1331  0.18653  0.00216274  0.71496  0.00363755
1332  0.186523  0.00216268  0.714983  0.00363714
1333  0.186519  0.00216263  0.714949  0.00363767
1334  0.186506  0.00216253  0.71496  0.0036375
1335  0.186502  0.0021625  0.715033  0.00363645
1336  0.186489  0.00216242  0.715022  0.0036367
1337  0.186484  0.00216238  0.715033  0.00363675
1338  0.186478  0.00216233  0.714988  0.00363732
1339  0.186465  0.00216219  0.715033  0.00363698
1340  0.186453  0.00216208  0.715011  0.00363644
1341  0.186438  0.00216195  0.714983  0.00363705
1342  0.18643  0.00216186  0.714966  0.0036384
1343  0.186417  0.00216172  0.714971  0.00363836
1344  0.186414  0.00216169  0.715028  0.00363755
1345  0.186401  0.00216152  0.715084  0.00363682
1346  0.186388  0.00216137  0.715095  0.00363673
1347  0.18638  0.00216129  0.715225  0.00363493
1348  0.186372  0.00216122  0.715129  0.00363442
1349  0.186353  0.00216113  0.71527  0.00363384
1350  0.186335  0.00216093  0.715264  0.00363442
1351  0.18632  0.00216088  0.715281  0.00363407
1352  0.186304  0.00216084  0.715259  0.0036346
1353  0.186298  0.00216082  0.715292  0.00363439
1354  0.186289  0.00216074  0.715253  0.00363508
1355  0.186281  0.00216065  0.715501  0.00363154
1356  0.186268  0.00216055  0.715551  0.00363153
1357  0.186254  0.00216042  0.715523  0.00363188
1358  0.186248  0.00216034  0.715568  0.0036313
1359  0.186238  0.00216024  0.715568  0.0036313
1360  0.18623  0.00216015  0.715574  0.00363123
1361  0.186218  0.00216004  0.715647  0.00363008
1362  0.186207  0.00215993  0.715794  0.00362839
1363  0.186198  0.00215987  0.715895  0.00362763
1364  0.186182  0.00215974  0.71603  0.00362665
1365  0.186176  0.00215969  0.715996  0.00362713
1366  0.186164  0.00215958  0.715974  0.00362751
1367  0.186156  0.00215952  0.715974  0.0036282
1368  0.186153  0.0021595  0.715951  0.0036286
1369  0.186141  0.00215943  0.71594  0.0036282
1370  0.18613  0.00215932  0.716019  0.00362708
1371  0.186121  0.00215924  0.716047  0.00362682
1372  0.18611  0.00215913  0.716132  0.00362542
1373  0.186105  0.00215909  0.716132  0.00362542
1374  0.1861  0.00215903  0.716182  0.00362483
1375  0.186093  0.00215895  0.716188  0.0036248
1376  0.18609  0.00215891  0.716239  0.00362422
1377  0.186087  0.00215888  0.716261  0.00362379
1378  0.18608  0.00215881  0.716379  0.00362293
1379  0.186069  0.0021587  0.716351  0.00362265
1380  0.186058  0.00215863  0.716317  0.0036232
1381  0.186053  0.00215857  0.716346  0.0036229
1382  0.186032  0.00215837  0.716368  0.00362278
1383  0.186021  0.00215832  0.716368  0.00362278
1384  0.186008  0.0021582  0.716177  0.00362465
1385  0.186001  0.00215817  0.71616  0.00362595
1386  0.185996  0.00215816  0.716103  0.00362676
1387  0.185987  0.00215811  0.716143  0.00362637
1388  0.185974  0.00215808  0.716137  0.00362704
1389  0.185966  0.00215805  0.716188  0.00362736
1390  0.185962  0.00215803  0.716194  0.00362724
1391  0.185959  0.00215803  0.716227  0.00362733
1392  0.185954  0.00215797  0.716323  0.00362566
1393  0.185946  0.0021579  0.716329  0.00362557
1394  0.18594  0.00215784  0.716289  0.00362518
1395  0.185935  0.00215779  0.716255  0.00362561
1396  0.185924  0.00215771  0.716368  0.00362398
1397  0.185909  0.00215761  0.716436  0.00362214
1398  0.185903  0.00215758  0.716531  0.00362134
1399  0.185893  0.0021575  0.716616  0.00362082
1400  0.185882  0.00215744  0.716695  0.00362033
1401  0.185861  0.00215731  0.716751  0.00362026
1402  0.185847  0.00215723  0.716723  0.00362062
1403  0.185842  0.0021572  0.716858  0.00361867
1404  0.185821  0.00215709  0.716993  0.00361703
1405  0.185815  0.00215705  0.716976  0.00361699
1406  0.185803  0.00215698  0.716875  0.00361758
1407  0.185802  0.00215696  0.716881  0.00361754
1408  0.185799  0.00215693  0.716836  0.00361814
1409  0.185794  0.00215687  0.71692  0.00361677
1410  0.185791  0.00215685  0.716926  0.00361674
1411  0.185787  0.00215682  0.716807  0.00361841
1412  0.185779  0.00215673  0.716847  0.00361773
1413  0.185768  0.00215663  0.716746  0.0036192
1414  0.185753  0.00215648  0.716836  0.00361831
1415  0.185747  0.00215641  0.716774  0.00361862
1416  0.185743  0.00215638  0.71683  0.00361783
1417  0.185728  0.00215625  0.716729  0.0036193
1418  0.185712  0.00215615  0.716746  0.00361936
1419  0.185693  0.00215598  0.716717  0.00361973
1420  0.185686  0.00215593  0.716717  0.00361973
1421  0.18568  0.00215588  0.716717  0.00361973
1422  0.185672  0.00215579  0.71661  0.00362049
1423  0.18567  0.00215579  0.71661  0.00362049
1424  0.185665  0.00215572  0.716616  0.00362037
1425  0.185655  0.00215565  0.716734  0.00361955
1426  0.185648  0.0021556  0.716746  0.00361935
1427  0.185637  0.00215552  0.7167  0.00362004
1428  0.185631  0.00215549  0.716757  0.0036201
1429  0.185625  0.00215543  0.716869  0.00361846
1430  0.185619  0.00215538  0.716869  0.00361846
1431  0.185609  0.00215532  0.716937  0.00361812
1432  0.185601  0.00215528  0.716943  0.00361801
1433  0.185586  0.00215517  0.717033  0.00361689
1434  0.185576  0.0021551  0.717044  0.00361627
1435  0.185572  0.00215508  0.717117  0.00361569
1436  0.185561  0.00215499  0.71714  0.00361551
1437  0.185552  0.00215492  0.717067  0.00361596
1438  0.185545  0.00215487  0.717055  0.00361619
1439  0.185538  0.00215482  0.717106  0.00361558
1440  0.185529  0.00215478  0.71714  0.00361546
1441  0.185523  0.00215477  0.71714  0.00361546
1442  0.18552  0.00215474  0.71714  0.00361546
1443  0.185513  0.00215471  0.717196  0.00361464
1444  0.185509  0.00215467  0.717168  0.00361515
1445  0.185497  0.00215459  0.717247  0.00361396
1446  0.185491  0.00215457  0.717247  0.00361396
1447  0.185486  0.00215452  0.717252  0.00361384
1448  0.185478  0.00215445  0.717213  0.00361511
1449  0.185468  0.00215436  0.717134  0.00361607
1450  0.185454  0.00215423  0.717005  0.00361791
1451  0.185444  0.00215418  0.717022  0.00361755
1452  0.185424  0.00215405  0.717016  0.00361678
1453  0.185413  0.00215399  0.71692  0.00361826
1454  0.185406  0.00215396  0.716841  0.00361948
1455  0.185397  0.00215394  0.716892  0.0036187
1456  0.185394  0.0021539  0.716943  0.00361793
1457  0.185388  0.00215387  0.716965  0.00361757
1458  0.185383  0.00215385  0.717016  0.00361679
1459  0.185377  0.00215381  0.717022  0.00361676
1460  0.185372  0.00215377  0.717134  0.00361512
1461  0.185364  0.00215371  0.717134  0.00361512
1462  0.185356  0.00215364  0.717106  0.00361472
1463  0.185345  0.00215355  0.717151  0.00361399
1464  0.185333  0.00215344  0.717151  0.00361399
1465  0.185329  0.00215339  0.717151  0.00361426
1466  0.18532  0.0021533  0.717129  0.00361439
1467  0.185306  0.00215315  0.717224  0.00361348
1468  0.185303  0.00215312  0.717224  0.00361369
1469  0.185298  0.00215307  0.71719  0.00361412
1470  0.185276  0.00215298  0.717213  0.00361477
1471  0.185268  0.00215295  0.717219  0.00361493
1472  0.185257  0.00215283  0.717123  0.00361624
1473  0.185249  0.0021528  0.717168  0.00361606
1474  0.185237  0.00215274  0.71719  0.00361578
1475  0.185231  0.00215266  0.717382  0.00361417
1476  0.185218  0.00215258  0.717478  0.00361348
1477  0.185209  0.0021525  0.717461  0.00361353
1478  0.185194  0.00215238  0.717557  0.00361212
1479  0.185191  0.00215235  0.717545  0.00361218
1480  0.185187  0.00215233  0.717635  0.00361093
1481  0.185177  0.00215226  0.717742  0.00360941
1482  0.185157  0.00215209  0.717754  0.00360931
1483  0.185146  0.00215204  0.717697  0.00361013
1484  0.18514  0.002152  0.717697  0.00361013
1485  0.185135  0.00215195  0.717697  0.00361013
1486  0.185126  0.00215188  0.717737  0.00360965
1487  0.185117  0.0021518  0.717624  0.00361129
1488  0.185112  0.00215176  0.717709  0.00361039
1489  0.185107  0.00215171  0.717596  0.00361186
1490  0.185089  0.00215162  0.71759  0.00361189
1491  0.185081  0.00215155  0.717692  0.00361034
1492  0.185071  0.00215148  0.717692  0.00361034
1493  0.18506  0.00215145  0.717782  0.00360899
1494  0.185058  0.00215143  0.717793  0.00360883
1495  0.185045  0.00215135  0.717793  0.00360883
1496  0.185034  0.00215125  0.717844  0.00360815
1497  0.185024  0.0021512  0.717827  0.00360828
1498  0.185016  0.00215115  0.717962  0.00360838
1499  0.185014  0.00215115  0.717951  0.00360837
1500  0.185011  0.00215112  0.717973  0.00360786
1501  0.184998  0.00215102  0.718018  0.00360683
1502  0.184988  0.00215092  0.718171  0.00360523
1503  0.184985  0.00215089  0.718171  0.00360533
1504  0.184974  0.00215078  0.71821  0.00360457
1505  0.184968  0.00215076  0.718244  0.00360397
1506  0.184963  0.00215073  0.718283  0.0036033
1507  0.184951  0.00215065  0.718283  0.0036033
1508  0.184946  0.00215063  0.718283  0.0036033
1509  0.184941  0.00215058  0.718351  0.00360224
1510  0.184929  0.00215049  0.718452  0.0036009
1511  0.184912  0.00215038  0.718525  0.00360141
1512  0.184906  0.00215034  0.718514  0.00360157
1513  0.184897  0.00215034  0.718469  0.00360232
1514  0.184883  0.00215039  0.718497  0.00360184
1515  0.184878  0.00215038  0.718497  0.00360184
1516  0.184871  0.00215033  0.718582  0.00360063
1517  0.184855  0.00215027  0.71861  0.00360013
1518  0.184848  0.00215019  0.71861  0.00360013
1519  0.18484  0.00215012  0.718672  0.00359939
1520  0.184829  0.00215003  0.718694  0.00359903
1521  0.184819  0.00214996  0.718739  0.00359907
1522  0.18481  0.00214991  0.718739  0.00359922
1523  0.184798  0.00214984  0.71879  0.0035983
1524  0.184788  0.00214976  0.718965  0.00359593
1525  0.18478  0.00214971  0.718987  0.00359573
1526  0.184772  0.00214961  0.719038  0.00359482
1527  0.184768  0.00214959  0.718942  0.00359595
1528  0.184764  0.00214954  0.71888  0.00359705
1529  0.184758  0.00214948  0.718965  0.00359595
1530  0.18475  0.0021494  0.718959  0.00359596
1531  0.184745  0.00214936  0.718863  0.00359725
1532  0.184741  0.00214931  0.718886  0.00359685
1533  0.184735  0.00214927  0.718886  0.00359685
1534  0.18473  0.00214927  0.718886  0.00359685
1535  0.184727  0.00214923  0.71883  0.00359768
1536  0.184721  0.0021492  0.718768  0.00359855
1537  0.184714  0.00214915  0.718818  0.00359776
1538  0.184713  0.00214914  0.718869  0.00359706
1539  0.184707  0.00214911  0.718914  0.00359634
1540  0.184694  0.00214902  0.718914  0.00359719
1541  0.184689  0.00214899  0.718892  0.00359759
1542  0.184678  0.00214892  0.718937  0.003597
1543  0.184657  0.00214883  0.718953  0.00359616
1544  0.184643  0.00214876  0.719038  0.00359525
1545  0.184631  0.00214866  0.719083  0.00359465
1546  0.184621  0.00214856  0.719139  0.00359383
1547  0.18461  0.00214851  0.719184  0.00359323
1548  0.184598  0.00214844  0.719275  0.00359229
1549  0.184584  0.00214831  0.71928  0.0035916
1550  0.184577  0.00214826  0.719342  0.00359105
1551  0.184567  0.00214818  0.719336  0.00359129
1552  0.184555  0.00214809  0.719286  0.00359198
1553  0.184545  0.00214801  0.719331  0.00359203
1554  0.184537  0.00214795  0.719393  0.00359102
1555  0.184533  0.00214792  0.719387  0.00359106
1556  0.184524  0.00214786  0.719376  0.00359135
1557  0.184513  0.00214779  0.719376  0.00359135
1558  0.184509  0.00214776  0.71937  0.00359139
1559  0.1845  0.00214771  0.71937  0.00359139
1560  0.184495  0.00214766  0.719421  0.00359061
1561  0.184489  0.00214763  0.719415  0.00359048
1562  0.184486  0.00214762  0.719444  0.00359013
1563  0.184476  0.00214753  0.719393  0.00359091
1564  0.184468  0.00214749  0.719449  0.00359008
1565  0.184463  0.00214746  0.719438  0.00359014
1566  0.184457  0.00214743  0.719489  0.00359023
1567  0.184449  0.00214736  0.719455  0.00359036
1568  0.184441  0.00214731  0.719618  0.00358947
1569  0.184431  0.00214724  0.719635  0.00358966
1570  0.184424  0.0021472  0.719748  0.00358802
1571  0.18441  0.0021471  0.719765  0.00358855
1572  0.184403  0.00214706  0.719725  0.00358889
1573  0.18439  0.00214707  0.719765  0.00358851
1574  0.184378  0.00214699  0.719719  0.00358917
1575  0.18437  0.00214694  0.719686  0.00358978
1576  0.184367  0.00214691  0.719652  0.00359045
1577  0.184362  0.00214687  0.71968  0.00359064
1578  0.184356  0.00214681  0.719674  0.00359103
1579  0.18435  0.00214677  0.719725  0.00359132
1580  0.184339  0.00214668  0.719787  0.00359029
1581  0.184334  0.00214663  0.719827  0.00358962
1582  0.184332  0.00214661  0.719883  0.00358967
1583  0.184323  0.00214658  0.719855  0.00359011
1584  0.184308  0.00214653  0.719855  0.00359011
1585  0.184299  0.00214647  0.719877  0.00359002
1586  0.184294  0.00214645  0.719877  0.00359002
1587  0.184287  0.0021464  0.719821  0.00359085
1588  0.184276  0.00214633  0.719872  0.00359121
1589  0.184264  0.00214626  0.719911  0.00359072
1590  0.18426  0.00214625  0.719967  0.00358989
1591  0.184253  0.00214622  0.719956  0.00358991
1592  0.184242  0.00214614  0.719945  0.00359001
1593  0.184227  0.00214598  0.719956  0.00359006
1594  0.184216  0.00214592  0.720024  0.00359058
1595  0.184208  0.00214587  0.71999  0.00359118
1596  0.184199  0.00214582  0.719995  0.00359123
1597  0.184185  0.0021457  0.719995  0.00359123
1598  0.18417  0.00214561  0.7199  0.00359172
1599  0.18416  0.00214555  0.719894  0.00359168
1600  0.184147  0.00214547  0.719922  0.00359208
1601  0.184142  0.00214544  0.719922  0.00359272
1602  0.184133  0.00214539  0.719872  0.00359422
1603  0.184126  0.00214534  0.719815  0.00359505
1604  0.184123  0.00214533  0.719821  0.00359509
1605  0.184118  0.00214527  0.719765  0.00359603
1606  0.184117  0.00214526  0.719765  0.00359603
1607  0.184111  0.00214522  0.719669  0.0035975
1608  0.184104  0.00214518  0.719714  0.00359747
1609  0.184097  0.00214512  0.719804  0.00359625
1610  0.184084  0.00214503  0.719832  0.00359577
1611  0.184075  0.00214494  0.719956  0.00359376
1612  0.184067  0.00214489  0.719984  0.00359294
1613  0.184062  0.00214486  0.720012  0.00359287
1614  0.184049  0.00214481  0.720074  0.00359381
1615  0.184039  0.00214476  0.720119  0.00359381
1616  0.184024  0.00214466  0.720024  0.00359476
1617  0.184015  0.00214461  0.720012  0.0035957
1618  0.184012  0.00214459  0.720057  0.00359479
1619  0.183994  0.0021445  0.72039  0.00359242
1620  0.183986  0.00214447  0.720379  0.00359235
1621  0.18398  0.00214442  0.720283  0.00359316
1622  0.183971  0.00214437  0.72026  0.00359344
1623  0.183958  0.00214435  0.720294  0.00359284
1624  0.183951  0.00214432  0.720305  0.00359239
1625  0.183938  0.0021443  0.720311  0.00359227
1626  0.183927  0.00214421  0.72048  0.00359185
1627  0.183914  0.00214413  0.720474  0.00359154
1628  0.183901  0.00214403  0.720581  0.00359063
1629  0.183894  0.00214398  0.720598  0.00359047
1630  0.183887  0.00214396  0.720643  0.00359041
1631  0.183881  0.00214396  0.720626  0.00359043
1632  0.183875  0.00214392  0.720581  0.00359117
1633  0.183859  0.00214379  0.720677  0.00358871
1634  0.183854  0.00214374  0.720739  0.00358783
1635  0.183843  0.00214366  0.720902  0.00358705
1636  0.183838  0.0021436  0.72088  0.00358742
1637  0.183823  0.00214348  0.720891  0.00358742
1638  0.183814  0.0021434  0.720857  0.00358827
1639  0.183804  0.00214333  0.72084  0.00358798
1640  0.183792  0.00214326  0.720812  0.00358806
1641  0.183788  0.00214324  0.72084  0.00358864
1642  0.183783  0.00214322  0.720919  0.00358802
1643  0.183779  0.00214317  0.720908  0.00358812
1644  0.183765  0.00214305  0.720992  0.00358711
1645  0.183754  0.00214301  0.720998  0.00358717
1646  0.183739  0.0021429  0.721111  0.00358658
1647  0.183732  0.0021428  0.721111  0.00358658
1648  0.183726  0.00214275  0.721263  0.00358472
1649  0.183723  0.00214271  0.721297  0.00358412
1650  0.183719  0.00214267  0.721297  0.00358412
1651  0.183718  0.00214266  0.721387  0.00358265
1652  0.183711  0.00214261  0.721319  0.00358384
1653  0.183702  0.0021425  0.72133  0.00358366
1654  0.183696  0.00214245  0.721218  0.00358542
1655  0.183691  0.0021424  0.721128  0.0035863
1656  0.183682  0.00214231  0.721167  0.00358586
1657  0.183676  0.00214227  0.721167  0.00358586
1658  0.183675  0.00214227  0.721167  0.00358586
1659  0.183673  0.00214224  0.72115  0.0035862
1660  0.18367  0.00214221  0.72115  0.0035862
1661  0.183665  0.00214215  0.721145  0.003586
1662  0.183653  0.00214206  0.721173  0.00358547
1663  0.183644  0.00214197  0.721218  0.00358495
1664  0.183634  0.00214191  0.721167  0.00358582
1665  0.183626  0.00214183  0.721206  0.00358547
1666  0.183621  0.00214176  0.721319  0.00358335
1667  0.183616  0.00214171  0.721291  0.00358379
1668  0.18361  0.00214166  0.721342  0.00358308
1669  0.183601  0.00214162  0.721268  0.00358366
1670  0.183583  0.00214147  0.721415  0.0035822
1671  0.183566  0.00214137  0.721432  0.00358189
1672  0.183556  0.0021413  0.721477  0.00358121
1673  0.18355  0.00214125  0.721499  0.00358076
1674  0.183539  0.00214115  0.721494  0.00358081
1675  0.183536  0.00214114  0.721488  0.00358093
1676  0.183524  0.00214104  0.72155  0.00357981
1677  0.183515  0.00214097  0.721606  0.00357942
1678  0.183504  0.00214087  0.721651  0.00357883
1679  0.183495  0.00214081  0.72168  0.00357867
1680  0.183491  0.00214078  0.721635  0.00357919
1681  0.183478  0.00214068  0.721702  0.00357816
1682  0.183467  0.00214061  0.721764  0.00357694
1683  0.183461  0.00214057  0.721623  0.0035791
1684  0.183452  0.00214052  0.721651  0.00357872
1685  0.183451  0.0021405  0.721691  0.00357805
1686  0.183443  0.00214043  0.721651  0.00357882
1687  0.183443  0.00214042  0.721697  0.00357822
1688  0.183436  0.00214035  0.721764  0.00357732
1689  0.183428  0.00214026  0.72182  0.00357648
1690  0.183424  0.00214023  0.721843  0.0035762
1691  0.183418  0.00214016  0.72186  0.00357604
1692  0.183409  0.00214012  0.721882  0.00357603
1693  0.183402  0.00214007  0.721865  0.00357618
1694  0.183394  0.00214001  0.721922  0.00357535
1695  0.183387  0.00213994  0.721973  0.00357458
1696  0.183368  0.0021398  0.721927  0.00357504
1697  0.183364  0.00213978  0.721978  0.00357464
1698  0.183352  0.00213968  0.722006  0.00357406
1699  0.183341  0.0021396  0.721984  0.00357461
1700  0.183325  0.00213949  0.721832  0.00357657
1701  0.183322  0.00213946  0.72182  0.00357677
1702  0.183314  0.00213941  0.72186  0.00357624
1703  0.183309  0.00213936  0.721944  0.00357501
1704  0.1833  0.00213933  0.722051  0.00357342
1705  0.183285  0.00213926  0.721978  0.00357421
1706  0.183277  0.00213922  0.72195  0.00357451
1707  0.183271  0.00213917  0.721995  0.00357395
1708  0.183265  0.00213915  0.722034  0.00357339
1709  0.18326  0.00213914  0.722074  0.00357341
1710  0.183251  0.00213911  0.722181  0.00357195
1711  0.183243  0.00213903  0.722243  0.00357109
1712  0.183239  0.00213897  0.722203  0.0035717
1713  0.183235  0.00213893  0.722175  0.00357217
1714  0.183232  0.00213889  0.722181  0.00357205
1715  0.183224  0.00213884  0.722147  0.0035724
1716  0.183212  0.00213872  0.72213  0.00357328
1717  0.183202  0.00213864  0.722215  0.00357203
1718  0.183195  0.00213856  0.722085  0.00357396
1719  0.183188  0.00213853  0.722198  0.00357228
1720  0.18318  0.00213847  0.722158  0.00357271
1721  0.183175  0.00213843  0.722187  0.00357263
1722  0.183165  0.00213835  0.72213  0.00357258
1723  0.183156  0.00213826  0.722068  0.00357351
1724  0.183149  0.0021382  0.722068  0.00357351
1725  0.183146  0.00213816  0.722018  0.00357423
1726  0.183141  0.00213809  0.722006  0.00357432
1727  0.183134  0.00213802  0.722074  0.00357343
1728  0.183128  0.00213796  0.722096  0.00357412
1729  0.18312  0.0021379  0.722063  0.00357515
1730  0.183116  0.00213788  0.722164  0.00357443
1731  0.183109  0.00213787  0.722164  0.00357443
1732  0.183104  0.00213787  0.722164  0.00357443
1733  0.183099  0.00213783  0.722164  0.00357443
1734  0.183094  0.00213779  0.722164  0.00357443
1735  0.18309  0.00213775  0.72217  0.0035743
1736  0.183081  0.0021377  0.722249  0.00357381
1737  0.183077  0.00213767  0.722237  0.00357395
1738  0.183062  0.00213756  0.722209  0.00357504
1739  0.183053  0.00213748  0.72226  0.00357515
1740  0.183042  0.0021374  0.722232  0.00357641
1741  0.183034  0.00213736  0.722209  0.00357682
1742  0.183028  0.00213734  0.722209  0.00357682
1743  0.183026  0.00213732  0.722226  0.00357666
1744  0.183017  0.00213726  0.72213  0.00357804
1745  0.183004  0.00213715  0.722153  0.00357786
1746  0.182996  0.00213707  0.722209  0.00357702
1747  0.182994  0.00213703  0.722232  0.00357661
1748  0.18299  0.002137  0.72222  0.00357683
1749  0.182985  0.00213695  0.722277  0.00357607
1750  0.182976  0.00213688  0.722249  0.00357649
1751  0.182963  0.00213683  0.722288  0.00357627
1752  0.182952  0.00213683  0.722294  0.00357622
1753  0.182942  0.0021368  0.722282  0.00357719
1754  0.182936  0.00213675  0.722316  0.00357608
1755  0.182929  0.0021367  0.722327  0.00357584
1756  0.182924  0.00213667  0.722395  0.00357496
1757  0.182918  0.00213665  0.722423  0.00357423
1758  0.18291  0.00213661  0.722457  0.00357294
1759  0.182897  0.00213649  0.722513  0.00357299
1760  0.182883  0.00213642  0.722479  0.00357289
1761  0.182878  0.00213638  0.722564  0.00357315
1762  0.182865  0.00213631  0.722609  0.0035724
1763  0.182853  0.00213623  0.722513  0.00357381
1764  0.182848  0.0021362  0.72253  0.00357376
1765  0.182838  0.00213615  0.72262  0.00357376
1766  0.18283  0.00213608  0.722705  0.00357262
1767  0.182826  0.00213604  0.722693  0.00357286
1768  0.18282  0.002136  0.722727  0.00357225
1769  0.18281  0.00213595  0.722722  0.00357229
1770  0.182804  0.00213589  0.722727  0.00357209
1771  0.182802  0.00213587  0.722671  0.00357292
1772  0.182797  0.00213583  0.722755  0.00357177
1773  0.182791  0.00213577  0.722789  0.00357119
1774  0.182783  0.00213569  0.722862  0.00357046
1775  0.182774  0.0021356  0.722885  0.00357023
1776  0.182763  0.00213548  0.722913  0.00356974
1777  0.18275  0.00213538  0.722919  0.00356974
1778  0.18274  0.00213534  0.722902  0.00356981
1779  0.182733  0.0021353  0.722896  0.00356977
1780  0.182727  0.00213525  0.722981  0.00356954
1781  0.182722  0.00213522  0.722964  0.00356986
1782  0.182715  0.00213514  0.723003  0.00356938
1783  0.182703  0.00213506  0.722947  0.00356977
1784  0.182695  0.00213498  0.722958  0.00356933
1785  0.182689  0.00213492  0.723099  0.00356718
1786  0.182684  0.00213486  0.723172  0.00356599
1787  0.18268  0.00213482  0.723234  0.00356498
1788  0.18267  0.00213478  0.723234  0.00356498
1789  0.182664  0.00213471  0.723319  0.0035636
1790  0.182657  0.00213465  0.723364  0.00356293
1791  0.182646  0.00213453  0.723364  0.00356309
1792  0.182644  0.00213451  0.723319  0.00356369
1793  0.182637  0.00213443  0.723279  0.00356429
1794  0.182634  0.00213438  0.723336  0.00356344
1795  0.182629  0.00213432  0.723358  0.00356314
1796  0.182616  0.0021342  0.723313  0.00356338
1797  0.182607  0.00213415  0.723369  0.00356343
1798  0.182602  0.00213411  0.723437  0.00356249
1799  0.182601  0.00213409  0.723437  0.00356249
1800  0.182592  0.00213403  0.723493  0.00356164
1801  0.182587  0.002134  0.723527  0.00356207
1802  0.182585  0.00213398  0.723583  0.00356123
1803  0.182577  0.00213389  0.723662  0.00355992
1804  0.182569  0.0021338  0.723741  0.00355871
1805  0.182564  0.00213376  0.723752  0.00355851
1806  0.182551  0.00213365  0.723814  0.00355847
1807  0.18254  0.00213355  0.723814  0.00355848
1808  0.182533  0.0021335  0.72391  0.00355696
1809  0.18253  0.00213349  0.723927  0.00355661
1810  0.18252  0.00213341  0.723899  0.00355701
1811  0.182517  0.00213338  0.723899  0.00355701
1812  0.182506  0.00213329  0.723904  0.00355633
1813  0.182498  0.00213323  0.724034  0.00355457
1814  0.18249  0.00213317  0.72409  0.00355373
1815  0.182484  0.00213314  0.724028  0.00355468
1816  0.182475  0.00213306  0.724068  0.00355413
1817  0.18247  0.002133  0.724011  0.00355498
1818  0.182463  0.00213297  0.724124  0.00355499
1819  0.182456  0.00213291  0.724248  0.0035539
1820  0.18245  0.00213286  0.724316  0.00355299
1821  0.182444  0.00213279  0.724321  0.00355311
1822  0.182435  0.00213271  0.724231  0.00355459
1823  0.182423  0.00213262  0.724248  0.00355448
1824  0.182413  0.00213251  0.724327  0.00355307
1825  0.182404  0.00213242  0.724445  0.00355132
1826  0.182398  0.00213234  0.724445  0.00355136
1827  0.182388  0.00213226  0.724389  0.0035521
1828  0.182377  0.0021322  0.724344  0.00355242
1829  0.182373  0.00213216  0.724293  0.00355322
1830  0.182358  0.00213206  0.724338  0.00355253
1831  0.182345  0.00213197  0.724395  0.00355192
1832  0.182339  0.00213189  0.724428  0.00355131
1833  0.182332  0.00213183  0.72453  0.00355004
1834  0.182325  0.00213174  0.724507  0.00355032
1835  0.182318  0.00213167  0.724535  0.00354997
1836  0.182309  0.00213161  0.724586  0.00354915
1837  0.1823  0.00213151  0.724524  0.00355019
1838  0.182296  0.00213146  0.724423  0.00355179
1839  0.182288  0.00213138  0.724423  0.00355179
1840  0.182286  0.00213136  0.724372  0.00355259
1841  0.182279  0.00213129  0.7244  0.00355259
1842  0.182271  0.00213125  0.724456  0.00355166
1843  0.182265  0.00213119  0.724485  0.00355135
1844  0.182259  0.00213116  0.724423  0.00355232
1845  0.182254  0.00213112  0.724423  0.00355232
1846  0.18225  0.0021311  0.724423  0.00355232
1847  0.182248  0.00213109  0.724423  0.00355232
1848  0.182245  0.00213105  0.724423  0.00355232
1849  0.182244  0.00213103  0.724423  0.00355232
1850  0.182233  0.00213091  0.724423  0.00355232
1851  0.182229  0.00213085  0.724456  0.00355171
1852  0.182225  0.00213081  0.724411  0.00355246
1853  0.182213  0.00213073  0.724344  0.00355312
1854  0.182202  0.00213071  0.724451  0.00355227
1855  0.182194  0.00213063  0.724406  0.00355241
1856  0.182187  0.00213054  0.7244  0.00355249
1857  0.182185  0.00213053  0.7244  0.00355249
1858  0.182178  0.00213047  0.724445  0.00355246
1859  0.182173  0.00213042  0.724496  0.00355166
1860  0.182164  0.00213035  0.724547  0.0035507
1861  0.182155  0.00213028  0.724485  0.00355167
1862  0.182149  0.00213023  0.724456  0.00355215
1863  0.182146  0.00213021  0.724445  0.00355224
1864  0.182138  0.0021301  0.72444  0.00355235
1865  0.182126  0.00213001  0.724411  0.00355298
1866  0.182121  0.00212998  0.724417  0.00355293
1867  0.182113  0.0021299  0.724456  0.00355223
1868  0.182111  0.00212989  0.724507  0.00355158
1869  0.182108  0.00212988  0.724451  0.00355242
1870  0.182102  0.0021299  0.724451  0.00355242
1871  0.182096  0.00212988  0.724406  0.00355338
1872  0.182087  0.00212979  0.724473  0.0035529
1873  0.182082  0.0021298  0.724417  0.00355374
1874  0.182076  0.00212976  0.724361  0.00355459
1875  0.182071  0.00212971  0.7244  0.00355381
1876  0.182062  0.00212964  0.724428  0.00355421
1877  0.182057  0.00212958  0.724456  0.0035539
1878  0.182048  0.00212949  0.724406  0.00355468
1879  0.18204  0.00212942  0.724411  0.00355381
1880  0.182031  0.00212935  0.724485  0.00355291
1881  0.182018  0.00212923  0.724473  0.003553
1882  0.182012  0.0021292  0.724524  0.00355341
1883  0.182003  0.00212913  0.72449  0.00355438
1884  0.181999  0.00212908  0.724434  0.00355523
1885  0.181994  0.00212904  0.724434  0.00355523
1886  0.181985  0.00212894  0.724445  0.00355499
1887  0.181973  0.00212881  0.724603  0.0035526
1888  0.181963  0.00212868  0.724682  0.00355153
1889  0.181954  0.00212863  0.724766  0.00355143
1890  0.181943  0.00212852  0.72471  0.00355227
1891  0.181938  0.00212846  0.72471  0.00355227
1892  0.181935  0.00212844  0.724766  0.00355232
1893  0.181927  0.00212837  0.724868  0.00355078
1894  0.181921  0.00212832  0.724941  0.00355027
1895  0.181914  0.00212827  0.72489  0.00355027
1896  0.181907  0.00212821  0.724901  0.00355024
1897  0.1819  0.00212815  0.724868  0.0035509
1898  0.181893  0.0021281  0.724901  0.0035505
1899  0.181886  0.00212804  0.72498  0.00354929
1900  0.181882  0.00212801  0.724992  0.00354911
1901  0.181877  0.00212795  0.724992  0.00354911
1902  0.181869  0.00212786  0.724969  0.00354867
1903  0.181863  0.00212779  0.72498  0.00354842
1904  0.18186  0.00212776  0.725037  0.00354757
1905  0.181857  0.00212774  0.725025  0.00354782
1906  0.181853  0.0021277  0.725025  0.00354782
1907  0.181845  0.00212764  0.725076  0.00354709
1908  0.181839  0.0021276  0.72502  0.00354794
1909  0.181834  0.00212755  0.72502  0.00354794
1910  0.181818  0.00212743  0.725082  0.00354698
1911  0.18181  0.00212735  0.725138  0.00354613
1912  0.1818  0.00212725  0.725189  0.00354533
1913  0.181795  0.00212721  0.725284  0.00354427
1914  0.181785  0.00212713  0.725279  0.00354386
1915  0.181774  0.00212704  0.725352  0.00354266
1916  0.181762  0.00212694  0.725391  0.00354225
1917  0.181757  0.0021269  0.72547  0.00354116
1918  0.181755  0.00212688  0.72556  0.00354073
1919  0.181746  0.00212678  0.725566  0.00354069
1920  0.181744  0.00212676  0.725515  0.0035415
1921  0.181735  0.00212667  0.725572  0.00354065
1922  0.181729  0.0021266  0.725538  0.00354105
1923  0.181719  0.00212652  0.725639  0.00353981
1924  0.181709  0.00212644  0.725667  0.00353909
1925  0.181696  0.00212633  0.725667  0.00353905
1926  0.18169  0.00212627  0.725679  0.00353957
1927  0.181682  0.0021262  0.725679  0.00353964
1928  0.18168  0.00212619  0.725701  0.00353955
1929  0.18167  0.00212613  0.725752  0.00353871
1930  0.181668  0.00212613  0.725752  0.00353871
1931  0.18166  0.00212606  0.725729  0.00353891
1932  0.181656  0.00212603  0.725729  0.00353891
1933  0.181649  0.00212599  0.725786  0.00353895
1934  0.181646  0.00212598  0.725797  0.00353885
1935  0.181639  0.00212593  0.725746  0.00353951
1936  0.181629  0.00212589  0.725921  0.0035396
1937  0.181627  0.00212589  0.72587  0.00353953
1938  0.18162  0.00212582  0.725915  0.00353905
1939  0.181608  0.00212577  0.726079  0.00353762
1940  0.181601  0.00212573  0.726062  0.00353816
1941  0.181597  0.00212572  0.72609  0.00353813
1942  0.181585  0.00212562  0.726315  0.00353582
1943  0.18158  0.00212556  0.726343  0.00353568
1944  0.181574  0.00212553  0.726338  0.00353569
1945  0.18157  0.00212552  0.726372  0.00353566
1946  0.181567  0.00212552  0.726372  0.00353566
1947  0.181563  0.00212549  0.726366  0.0035357
1948  0.181557  0.00212546  0.72645  0.00353453
1949  0.181542  0.00212533  0.726501  0.00353423
1950  0.181536  0.0021253  0.726597  0.0035344
1951  0.181524  0.00212523  0.726653  0.00353354
1952  0.181514  0.00212515  0.726642  0.00353363
1953  0.181509  0.00212514  0.726653  0.00353348
1954  0.181502  0.00212509  0.726614  0.00353405
1955  0.181496  0.00212507  0.726586  0.00353387
1956  0.181486  0.00212506  0.726591  0.00353426
1957  0.181485  0.00212506  0.726591  0.00353426
1958  0.18148  0.00212503  0.726693  0.00353279
1959  0.181473  0.00212497  0.726749  0.00353183
1960  0.181468  0.00212495  0.72676  0.00353169
1961  0.181463  0.00212492  0.726805  0.00353096
1962  0.18146  0.0021249  0.72685  0.00353021
1963  0.181446  0.00212478  0.726777  0.00353123
1964  0.181438  0.00212471  0.726743  0.00353197
1965  0.181432  0.00212466  0.726676  0.00353368
1966  0.181424  0.00212461  0.726619  0.00353453
1967  0.181416  0.00212457  0.726619  0.00353453
1968  0.18141  0.00212451  0.726608  0.00353457
1969  0.181404  0.00212447  0.726557  0.0035353
1970  0.181391  0.00212444  0.726479  0.00353656
1971  0.181384  0.00212438  0.726473  0.00353668
1972  0.181381  0.00212435  0.726467  0.00353673
1973  0.181375  0.00212428  0.726529  0.00353583
1974  0.181372  0.00212425  0.726501  0.00353637
1975  0.181367  0.00212421  0.726445  0.00353722
1976  0.181357  0.00212412  0.726433  0.00353747
1977  0.181355  0.00212412  0.726417  0.00353782
1978  0.181351  0.00212409  0.7264  0.00353708
1979  0.181342  0.00212402  0.726383  0.00353743
1980  0.181338  0.00212399  0.726495  0.00353572
1981  0.181333  0.00212394  0.726546  0.00353491
1982  0.18133  0.00212394  0.726546  0.00353491
1983  0.181327  0.0021239  0.72654  0.00353496
1984  0.181317  0.00212382  0.726507  0.00353561
1985  0.181315  0.0021238  0.726484  0.00353562
1986  0.181309  0.00212374  0.726473  0.00353581
1987  0.181305  0.00212371  0.726422  0.00353685
1988  0.181294  0.00212362  0.726462  0.00353677
1989  0.181288  0.00212358  0.726462  0.00353677
1990  0.181282  0.00212355  0.726462  0.00353677
1991  0.181281  0.00212353  0.726462  0.00353677
1992  0.181271  0.00212345  0.726507  0.00353674
1993  0.181267  0.00212344  0.726557  0.00353601
1994  0.181258  0.00212338  0.726597  0.0035355
1995  0.181254  0.00212336  0.726597  0.0035355
1996  0.181249  0.00212333  0.72667  0.0035337
1997  0.181242  0.00212329  0.726726  0.00353374
1998  0.181239  0.00212327  0.726693  0.00353437
1999  0.181236  0.00212324  0.726755  0.00353436
