#sample=1084
0  0.385154  0.00758826  0.518635  0.015121
1  0.292629  0.00712467  0.58155  0.0149519
2  0.218102  0.00652112  0.680258  0.0141458
3  0.161342  0.00582818  0.767343  0.0127326
4  0.123227  0.00521168  0.831181  0.0113399
5  0.0969385  0.00459776  0.88607  0.00951114
6  0.0753295  0.00397875  0.928321  0.00769534
7  0.0569334  0.00339561  0.955904  0.00617555
8  0.0431232  0.0029429  0.96762  0.00534454
9  0.0337086  0.00259208  0.973801  0.00478646
10  0.0256235  0.00220449  0.984963  0.00363886
11  0.0199508  0.00190714  0.990314  0.00292853
12  0.0158191  0.00168752  0.993173  0.00237993
13  0.0121243  0.00146894  0.995664  0.00195122
14  0.00946699  0.00116806  0.997232  0.00148007
15  0.00754566  0.00101766  0.997232  0.00148007
16  0.00595724  0.000823587  0.999723  0.000276753
17  0.004624  0.000686202  0.999723  0.000276753
18  0.00371739  0.000558286  0.999723  0.000276753
19  0.00318973  0.000462567  0.999908  9.22509e-05
20  0.00282984  0.000408255  0.999908  9.22509e-05
21  0.00250989  0.000366696  0.999908  9.22509e-05
22  0.00227199  0.000290478  0.999908  9.22509e-05
23  0.0021124  0.000261376  0.999908  9.22509e-05
24  0.00194601  0.000236157  0.999908  9.22509e-05
25  0.00174653  0.000202885  0.999908  9.22509e-05
26  0.00160149  0.000149319  0.999908  9.22509e-05
27  0.00152343  0.000139954  0.999908  9.22509e-05
28  0.00149334  0.000138938  0.999908  9.22509e-05
29  0.00146682  0.000138204  0.999908  9.22509e-05
30  0.00143493  0.000135321  0.999908  9.22509e-05
31  0.0014037  0.000132574  0.999908  9.22509e-05
32  0.00137878  0.000131632  0.999908  9.22509e-05
33  0.00136161  0.000131225  0.999908  9.22509e-05
34  0.00134923  0.000130764  0.999908  9.22509e-05
35  0.00125605  7.20691e-05  0.999908  9.22509e-05
36  0.00125158  7.20509e-05  0.999908  9.22509e-05
37  0.00124674  7.20354e-05  0.999908  9.22509e-05
38  0.00124128  7.20274e-05  0.999908  9.22509e-05
39  0.00123635  7.19903e-05  0.999908  9.22509e-05
40  0.00123067  7.19085e-05  0.999908  9.22509e-05
41  0.00121943  7.12766e-05  0.999908  9.22509e-05
42  0.00120195  6.0662e-05  1  0
43  0.00117662  4.3108e-05  1  0
44  0.00117364  4.3091e-05  1  0
45  0.00117101  4.30844e-05  1  0
46  0.00116736  4.30527e-05  1  0
47  0.00116373  4.30401e-05  1  0
48  0.00116039  4.30257e-05  1  0
49  0.00114304  3.71358e-05  1  0
50  0.00113319  3.60367e-05  1  0
51  0.00113068  3.60173e-05  1  0
52  0.00112844  3.60043e-05  1  0
53  0.00112575  3.60018e-05  1  0
54  0.0011234  3.59877e-05  1  0
55  0.00112083  3.59705e-05  1  0
56  0.00111802  3.59117e-05  1  0
57  0.00111515  3.58579e-05  1  0
58  0.00111154  3.57524e-05  1  0
59  0.00110909  3.57349e-05  1  0
60  0.00110693  3.5714e-05  1  0
61  0.00110426  3.56844e-05  1  0
62  0.00110219  3.56619e-05  1  0
63  0.00110076  3.56501e-05  1  0
64  0.00109896  3.56444e-05  1  0
65  0.00109753  3.56368e-05  1  0
66  0.00109597  3.56252e-05  1  0
67  0.00109419  3.56223e-05  1  0
68  0.0010928  3.56158e-05  1  0
69  0.00109153  3.56142e-05  1  0
70  0.00109037  3.56021e-05  1  0
71  0.00108949  3.55951e-05  1  0
72  0.00108816  3.5597e-05  1  0
73  0.00108682  3.55859e-05  1  0
74  0.00108531  3.55626e-05  1  0
75  0.00108371  3.55453e-05  1  0
76  0.00108256  3.55382e-05  1  0
77  0.00108131  3.55386e-05  1  0
78  0.00108005  3.55335e-05  1  0
79  0.00107899  3.55319e-05  1  0
80  0.00107801  3.55247e-05  1  0
81  0.00107702  3.55229e-05  1  0
82  0.00107627  3.55178e-05  1  0
83  0.00107528  3.55125e-05  1  0
84  0.00107384  3.55037e-05  1  0
85  0.0010729  3.54905e-05  1  0
86  0.00107168  3.54803e-05  1  0
87  0.00107085  3.54732e-05  1  0
88  0.00106901  3.54393e-05  1  0
89  0.00106736  3.54248e-05  1  0
90  0.00106644  3.54146e-05  1  0
91  0.00106545  3.54055e-05  1  0
92  0.00106412  3.54082e-05  1  0
93  0.00106274  3.53783e-05  1  0
94  0.00106176  3.53685e-05  1  0
95  0.001061  3.53585e-05  1  0
96  0.00105998  3.53437e-05  1  0
97  0.00105907  3.53305e-05  1  0
98  0.00105816  3.53199e-05  1  0
99  0.00105728  3.53169e-05  1  0
100  0.00105671  3.53153e-05  1  0
101  0.00105624  3.53166e-05  1  0
102  0.00105567  3.53159e-05  1  0
103  0.00105484  3.53193e-05  1  0
104  0.0010541  3.53187e-05  1  0
105  0.00105343  3.53161e-05  1  0
106  0.00105293  3.53138e-05  1  0
107  0.00105199  3.53126e-05  1  0
108  0.00105128  3.53112e-05  1  0
109  0.00105065  3.53093e-05  1  0
110  0.00104994  3.53075e-05  1  0
111  0.00104943  3.5302e-05  1  0
112  0.0010489  3.53018e-05  1  0
113  0.00104844  3.52988e-05  1  0
114  0.00104786  3.52928e-05  1  0
115  0.00104727  3.52898e-05  1  0
116  0.00104672  3.52899e-05  1  0
117  0.00104618  3.52884e-05  1  0
118  0.00104553  3.52862e-05  1  0
119  0.00104473  3.52844e-05  1  0
120  0.00104422  3.52796e-05  1  0
121  0.00104345  3.52782e-05  1  0
122  0.00104279  3.52734e-05  1  0
123  0.00104203  3.52697e-05  1  0
124  0.00104154  3.52662e-05  1  0
125  0.0010413  3.52647e-05  1  0
126  0.00104096  3.52629e-05  1  0
127  0.00104064  3.52599e-05  1  0
128  0.00104016  3.52595e-05  1  0
129  0.00103947  3.52491e-05  1  0
130  0.00103899  3.5247e-05  1  0
131  0.00103857  3.52476e-05  1  0
132  0.00103766  3.52448e-05  1  0
133  0.00103697  3.52406e-05  1  0
134  0.00103649  3.52348e-05  1  0
135  0.00103586  3.52297e-05  1  0
136  0.00103531  3.5226e-05  1  0
137  0.00103492  3.5222e-05  1  0
138  0.00103446  3.52177e-05  1  0
139  0.00103385  3.52203e-05  1  0
140  0.00103355  3.52172e-05  1  0
141  0.00103311  3.52144e-05  1  0
142  0.0010326  3.52129e-05  1  0
143  0.00103214  3.52127e-05  1  0
144  0.00103167  3.52137e-05  1  0
145  0.00103122  3.52122e-05  1  0
146  0.00103096  3.52117e-05  1  0
147  0.00103068  3.5209e-05  1  0
148  0.00103002  3.52001e-05  1  0
149  0.0010297  3.51973e-05  1  0
150  0.0010293  3.51966e-05  1  0
151  0.00102897  3.51951e-05  1  0
152  0.00102867  3.51934e-05  1  0
153  0.00102838  3.5192e-05  1  0
154  0.00102806  3.51914e-05  1  0
155  0.00102754  3.51912e-05  1  0
156  0.00102728  3.519e-05  1  0
157  0.00102704  3.51889e-05  1  0
158  0.00102678  3.51883e-05  1  0
159  0.00102649  3.5188e-05  1  0
160  0.00102614  3.51872e-05  1  0
161  0.00102592  3.51863e-05  1  0
162  0.00102571  3.51853e-05  1  0
163  0.00102548  3.51839e-05  1  0
164  0.0010251  3.51828e-05  1  0
165  0.00102458  3.51826e-05  1  0
166  0.00102413  3.51799e-05  1  0
167  0.00102388  3.51788e-05  1  0
168  0.00102349  3.51777e-05  1  0
169  0.00102317  3.51763e-05  1  0
170  0.00102294  3.51762e-05  1  0
171  0.00102268  3.51774e-05  1  0
172  0.00102224  3.51792e-05  1  0
173  0.00102199  3.51782e-05  1  0
174  0.00102167  3.51775e-05  1  0
175  0.00102134  3.51766e-05  1  0
176  0.00102092  3.51775e-05  1  0
177  0.00102058  3.51766e-05  1  0
178  0.00102035  3.51753e-05  1  0
179  0.00102003  3.5175e-05  1  0
180  0.00101976  3.51744e-05  1  0
181  0.00101948  3.51739e-05  1  0
182  0.00101904  3.5172e-05  1  0
183  0.00101876  3.51698e-05  1  0
184  0.00101852  3.51686e-05  1  0
185  0.00101814  3.51675e-05  1  0
186  0.00101788  3.51662e-05  1  0
187  0.00101766  3.51662e-05  1  0
188  0.00101741  3.51667e-05  1  0
189  0.00101718  3.51662e-05  1  0
190  0.00101687  3.51655e-05  1  0
191  0.0010166  3.51624e-05  1  0
192  0.00101643  3.51612e-05  1  0
193  0.00101635  3.51604e-05  1  0
194  0.00101612  3.51588e-05  1  0
195  0.00101587  3.51583e-05  1  0
196  0.00101543  3.51588e-05  1  0
197  0.00101516  3.51586e-05  1  0
198  0.00101503  3.5158e-05  1  0
199  0.00101486  3.51579e-05  1  0
200  0.00101457  3.51578e-05  1  0
201  0.00101422  3.51555e-05  1  0
202  0.00101399  3.51537e-05  1  0
203  0.00101362  3.51539e-05  1  0
204  0.00101326  3.51519e-05  1  0
205  0.00101305  3.51509e-05  1  0
206  0.00101272  3.51497e-05  1  0
207  0.00101237  3.51479e-05  1  0
208  0.00101208  3.5145e-05  1  0
209  0.00101142  3.51414e-05  1  0
210  0.00101108  3.51384e-05  1  0
211  0.00101087  3.51367e-05  1  0
212  0.00101058  3.51345e-05  1  0
213  0.00101035  3.51343e-05  1  0
214  0.00100998  3.51356e-05  1  0
215  0.00100973  3.51342e-05  1  0
216  0.00100932  3.51316e-05  1  0
217  0.00100905  3.51303e-05  1  0
218  0.00100892  3.51293e-05  1  0
219  0.00100847  3.51293e-05  1  0
220  0.00100816  3.51271e-05  1  0
221  0.0010078  3.51253e-05  1  0
222  0.00100744  3.51204e-05  1  0
223  0.00100715  3.51167e-05  1  0
224  0.00100673  3.51151e-05  1  0
225  0.00100651  3.51139e-05  1  0
226  0.00100614  3.51126e-05  1  0
227  0.00100593  3.51103e-05  1  0
228  0.00100576  3.51088e-05  1  0
229  0.0010056  3.51093e-05  1  0
230  0.0010054  3.51093e-05  1  0
231  0.00100532  3.51085e-05  1  0
232  0.00100506  3.51077e-05  1  0
233  0.00100485  3.51082e-05  1  0
234  0.00100468  3.51081e-05  1  0
235  0.00100452  3.51078e-05  1  0
236  0.00100408  3.51106e-05  1  0
237  0.00100396  3.51103e-05  1  0
238  0.00100383  3.51088e-05  1  0
239  0.00100347  3.51075e-05  1  0
240  0.00100325  3.51049e-05  1  0
241  0.00100283  3.5105e-05  1  0
242  0.00100237  3.51058e-05  1  0
243  0.00100216  3.5104e-05  1  0
244  0.00100179  3.51029e-05  1  0
245  0.00100158  3.5102e-05  1  0
246  0.00100144  3.51019e-05  1  0
247  0.00100135  3.51024e-05  1  0
248  0.00100121  3.50995e-05  1  0
249  0.00100097  3.50962e-05  1  0
250  0.00100088  3.5096e-05  1  0
251  0.00100068  3.50957e-05  1  0
252  0.0010004  3.5095e-05  1  0
253  0.00100029  3.50947e-05  1  0
254  0.000999923  3.50941e-05  1  0
255  0.000999591  3.50935e-05  1  0
256  0.000999466  3.50925e-05  1  0
257  0.000999335  3.5092e-05  1  0
258  0.000999013  3.50918e-05  1  0
259  0.00099862  3.50881e-05  1  0
260  0.000998249  3.50844e-05  1  0
261  0.000997917  3.50817e-05  1  0
262  0.000997728  3.50809e-05  1  0
263  0.000997553  3.50793e-05  1  0
264  0.000996864  3.5083e-05  1  0
265  0.000996471  3.508e-05  1  0
266  0.000996213  3.50788e-05  1  0
267  0.00099615  3.50782e-05  1  0
268  0.000996124  3.5078e-05  1  0
269  0.000995996  3.50787e-05  1  0
270  0.000995888  3.50782e-05  1  0
271  0.000995736  3.50785e-05  1  0
272  0.000995603  3.50774e-05  1  0
273  0.000995254  3.50781e-05  1  0
274  0.000994938  3.50793e-05  1  0
275  0.000994814  3.5078e-05  1  0
276  0.000994503  3.5079e-05  1  0
277  0.000994427  3.50788e-05  1  0
278  0.000994186  3.50804e-05  1  0
279  0.000994129  3.508e-05  1  0
280  0.00099391  3.50809e-05  1  0
281  0.0009938  3.508e-05  1  0
282  0.000993643  3.50786e-05  1  0
283  0.000993318  3.50781e-05  1  0
284  0.000993052  3.50764e-05  1  0
285  0.000992844  3.50756e-05  1  0
286  0.000992568  3.50763e-05  1  0
287  0.000992098  3.50751e-05  1  0
288  0.000991751  3.50771e-05  1  0
289  0.000991537  3.50765e-05  1  0
290  0.000991348  3.50743e-05  1  0
291  0.000991254  3.5074e-05  1  0
292  0.000991179  3.50734e-05  1  0
293  0.000991011  3.50743e-05  1  0
294  0.000990843  3.50749e-05  1  0
295  0.000990594  3.50724e-05  1  0
296  0.000990479  3.50719e-05  1  0
297  0.000990408  3.50721e-05  1  0
298  0.000990256  3.50723e-05  1  0
299  0.000990048  3.50735e-05  1  0
300  0.000989945  3.50726e-05  1  0
301  0.000989862  3.50719e-05  1  0
302  0.000989722  3.5071e-05  1  0
303  0.000989601  3.50684e-05  1  0
304  0.000989421  3.5069e-05  1  0
305  0.000989343  3.50691e-05  1  0
306  0.000989296  3.50693e-05  1  0
307  0.00098918  3.50691e-05  1  0
308  0.000988988  3.50683e-05  1  0
309  0.000988859  3.50671e-05  1  0
310  0.000988585  3.5068e-05  1  0
311  0.00098839  3.5067e-05  1  0
312  0.00098816  3.50664e-05  1  0
313  0.000987998  3.50662e-05  1  0
314  0.000987772  3.50673e-05  1  0
315  0.000987676  3.50667e-05  1  0
316  0.000987396  3.50675e-05  1  0
317  0.000987233  3.50678e-05  1  0
318  0.000987121  3.5068e-05  1  0
319  0.000986957  3.50683e-05  1  0
320  0.000986887  3.50679e-05  1  0
321  0.000986826  3.5068e-05  1  0
322  0.000986612  3.50704e-05  1  0
323  0.000986562  3.50701e-05  1  0
324  0.000986448  3.50708e-05  1  0
325  0.000986213  3.50719e-05  1  0
326  0.000986088  3.50713e-05  1  0
327  0.000986009  3.50711e-05  1  0
328  0.000985967  3.50707e-05  1  0
329  0.000985917  3.50701e-05  1  0
330  0.000985604  3.50687e-05  1  0
331  0.000985476  3.50674e-05  1  0
332  0.000985273  3.50662e-05  1  0
333  0.000985205  3.50657e-05  1  0
334  0.000985129  3.50651e-05  1  0
335  0.000985042  3.50644e-05  1  0
336  0.000984917  3.50641e-05  1  0
337  0.000984774  3.50628e-05  1  0
338  0.000984571  3.50615e-05  1  0
339  0.000984408  3.50602e-05  1  0
340  0.000984188  3.50605e-05  1  0
341  0.000984139  3.50601e-05  1  0
342  0.000984024  3.50597e-05  1  0
343  0.00098393  3.50588e-05  1  0
344  0.00098378  3.50591e-05  1  0
345  0.000983743  3.50588e-05  1  0
346  0.000983694  3.5059e-05  1  0
347  0.000983578  3.50588e-05  1  0
348  0.0009834  3.50596e-05  1  0
349  0.000983208  3.50581e-05  1  0
350  0.000983052  3.50552e-05  1  0
351  0.000982844  3.50541e-05  1  0
352  0.000982692  3.50545e-05  1  0
353  0.000982526  3.50528e-05  1  0
354  0.000982373  3.5052e-05  1  0
355  0.000982262  3.50513e-05  1  0
356  0.000982055  3.50521e-05  1  0
357  0.000982011  3.50519e-05  1  0
358  0.000981944  3.50516e-05  1  0
359  0.000981799  3.50529e-05  1  0
360  0.000981739  3.5053e-05  1  0
361  0.000981694  3.50531e-05  1  0
362  0.000981554  3.50548e-05  1  0
363  0.000981473  3.50543e-05  1  0
364  0.000981342  3.50543e-05  1  0
365  0.000981275  3.50539e-05  1  0
366  0.000981163  3.50531e-05  1  0
367  0.000981091  3.50534e-05  1  0
368  0.0009808  3.50532e-05  1  0
369  0.000980647  3.50531e-05  1  0
370  0.000980562  3.50524e-05  1  0
371  0.000980468  3.50516e-05  1  0
372  0.000980358  3.5051e-05  1  0
373  0.000980288  3.50502e-05  1  0
374  0.000980181  3.50507e-05  1  0
375  0.000980113  3.50501e-05  1  0
376  0.00098008  3.50498e-05  1  0
377  0.000979768  3.50483e-05  1  0
378  0.000979651  3.50481e-05  1  0
379  0.000979608  3.50479e-05  1  0
380  0.000979548  3.50476e-05  1  0
381  0.00097932  3.50468e-05  1  0
382  0.000979185  3.5045e-05  1  0
383  0.00097899  3.50442e-05  1  0
384  0.000978735  3.50438e-05  1  0
385  0.000978624  3.50431e-05  1  0
386  0.000978464  3.50432e-05  1  0
387  0.00097832  3.50416e-05  1  0
388  0.000978132  3.50404e-05  1  0
389  0.000977979  3.50399e-05  1  0
390  0.000977841  3.50385e-05  1  0
391  0.000977646  3.50389e-05  1  0
392  0.000977618  3.50386e-05  1  0
393  0.000977569  3.50385e-05  1  0
394  0.000977502  3.5038e-05  1  0
395  0.000977374  3.50385e-05  1  0
396  0.000977312  3.50383e-05  1  0
397  0.000977229  3.50374e-05  1  0
398  0.000977101  3.5036e-05  1  0
399  0.000976927  3.50364e-05  1  0
400  0.000976764  3.50345e-05  1  0
401  0.000976523  3.50342e-05  1  0
402  0.000976382  3.50342e-05  1  0
403  0.000976139  3.50336e-05  1  0
404  0.000976055  3.50329e-05  1  0
405  0.000975885  3.50324e-05  1  0
406  0.000975807  3.5032e-05  1  0
407  0.000975743  3.50315e-05  1  0
408  0.000975548  3.50323e-05  1  0
409  0.000975438  3.50318e-05  1  0
410  0.000975266  3.50324e-05  1  0
411  0.000975157  3.50315e-05  1  0
412  0.000975106  3.50317e-05  1  0
413  0.000974962  3.5032e-05  1  0
414  0.000974827  3.50319e-05  1  0
415  0.000974728  3.50316e-05  1  0
416  0.000974514  3.50317e-05  1  0
417  0.000974367  3.5032e-05  1  0
418  0.000974277  3.50316e-05  1  0
419  0.000974097  3.50325e-05  1  0
420  0.000973998  3.50329e-05  1  0
421  0.000973935  3.50329e-05  1  0
422  0.000973912  3.50328e-05  1  0
423  0.000973835  3.50331e-05  1  0
424  0.000973818  3.5033e-05  1  0
425  0.000973799  3.50328e-05  1  0
426  0.000973648  3.50329e-05  1  0
427  0.000973508  3.5031e-05  1  0
428  0.000973248  3.50306e-05  1  0
429  0.000973163  3.50299e-05  1  0
430  0.00097303  3.50281e-05  1  0
431  0.000972849  3.50264e-05  1  0
432  0.000972706  3.50253e-05  1  0
433  0.000972624  3.50257e-05  1  0
434  0.000972545  3.50251e-05  1  0
435  0.000972365  3.5024e-05  1  0
436  0.000972257  3.50227e-05  1  0
437  0.000972171  3.50226e-05  1  0
438  0.000971988  3.50218e-05  1  0
439  0.00097193  3.50216e-05  1  0
440  0.000971801  3.50213e-05  1  0
441  0.000971703  3.50202e-05  1  0
442  0.000971622  3.50196e-05  1  0
443  0.000971583  3.50193e-05  1  0
444  0.000971539  3.50187e-05  1  0
445  0.000971445  3.50186e-05  1  0
446  0.000971381  3.50179e-05  1  0
447  0.00097127  3.5017e-05  1  0
448  0.000971212  3.50165e-05  1  0
449  0.00097119  3.50164e-05  1  0
450  0.00097112  3.50159e-05  1  0
451  0.000971053  3.5015e-05  1  0
452  0.000971016  3.50148e-05  1  0
453  0.000970967  3.50142e-05  1  0
454  0.000970785  3.50129e-05  1  0
455  0.000970679  3.50119e-05  1  0
456  0.000970442  3.50114e-05  1  0
457  0.000970369  3.50107e-05  1  0
458  0.000970322  3.50103e-05  1  0
459  0.000970288  3.50102e-05  1  0
460  0.000970283  3.50102e-05  1  0
461  0.000970107  3.50107e-05  1  0
462  0.000969934  3.50102e-05  1  0
463  0.000969893  3.50101e-05  1  0
464  0.000969852  3.50098e-05  1  0
465  0.000969644  3.50103e-05  1  0
466  0.000969578  3.50104e-05  1  0
467  0.00096954  3.50101e-05  1  0
468  0.000969442  3.50109e-05  1  0
469  0.000969391  3.50108e-05  1  0
470  0.000969297  3.50103e-05  1  0
471  0.000969196  3.50106e-05  1  0
472  0.000969101  3.50098e-05  1  0
473  0.000968481  3.50148e-05  1  0
474  0.000968392  3.50141e-05  1  0
475  0.000968286  3.50145e-05  1  0
476  0.000968149  3.50144e-05  1  0
477  0.000968088  3.50142e-05  1  0
478  0.000968048  3.50139e-05  1  0
479  0.000967996  3.5014e-05  1  0
480  0.000967885  3.5014e-05  1  0
481  0.000967727  3.50143e-05  1  0
482  0.000967643  3.50133e-05  1  0
483  0.000967554  3.50126e-05  1  0
484  0.000967315  3.50126e-05  1  0
485  0.000967295  3.50124e-05  1  0
486  0.000967195  3.50111e-05  1  0
487  0.000967036  3.50111e-05  1  0
488  0.000966979  3.50113e-05  1  0
489  0.000966765  3.50116e-05  1  0
490  0.000966708  3.50107e-05  1  0
491  0.000966644  3.50099e-05  1  0
492  0.00096663  3.50098e-05  1  0
493  0.000966597  3.50096e-05  1  0
494  0.000966541  3.50098e-05  1  0
495  0.000966534  3.50097e-05  1  0
496  0.000966465  3.50093e-05  1  0
497  0.000966289  3.5008e-05  1  0
498  0.000966146  3.50063e-05  1  0
499  0.000966053  3.50052e-05  1  0
500  0.000965912  3.50047e-05  1  0
501  0.000965802  3.50048e-05  1  0
502  0.000965782  3.50047e-05  1  0
503  0.000965669  3.50058e-05  1  0
504  0.000965632  3.50055e-05  1  0
505  0.000965599  3.50059e-05  1  0
506  0.000965548  3.50064e-05  1  0
507  0.000965378  3.50061e-05  1  0
508  0.000965307  3.50066e-05  1  0
509  0.000965207  3.50066e-05  1  0
510  0.000965038  3.50077e-05  1  0
511  0.000964992  3.50074e-05  1  0
512  0.000964944  3.50078e-05  1  0
513  0.000964858  3.50085e-05  1  0
514  0.000964831  3.50083e-05  1  0
515  0.000964698  3.50081e-05  1  0
516  0.000964654  3.50076e-05  1  0
517  0.000964527  3.50076e-05  1  0
518  0.000964446  3.50075e-05  1  0
519  0.000964409  3.50076e-05  1  0
520  0.000964296  3.50083e-05  1  0
521  0.000964222  3.50078e-05  1  0
522  0.000964168  3.50072e-05  1  0
523  0.000964103  3.5007e-05  1  0
524  0.00096401  3.50071e-05  1  0
525  0.000963911  3.5007e-05  1  0
526  0.000963793  3.50066e-05  1  0
527  0.000963663  3.50069e-05  1  0
528  0.000963543  3.50069e-05  1  0
529  0.000963446  3.50074e-05  1  0
530  0.00096341  3.50077e-05  1  0
531  0.000963378  3.50073e-05  1  0
532  0.000963355  3.5007e-05  1  0
533  0.000963294  3.50062e-05  1  0
534  0.000963247  3.50066e-05  1  0
535  0.000963199  3.5007e-05  1  0
536  0.00096314  3.50069e-05  1  0
537  0.000963136  3.50068e-05  1  0
538  0.000963124  3.50068e-05  1  0
539  0.000963085  3.5007e-05  1  0
540  0.000963047  3.50066e-05  1  0
541  0.000962916  3.50072e-05  1  0
542  0.000962853  3.50068e-05  1  0
543  0.000962739  3.50062e-05  1  0
544  0.00096266  3.50053e-05  1  0
545  0.000962514  3.50038e-05  1  0
546  0.000962368  3.50034e-05  1  0
547  0.000962303  3.50028e-05  1  0
548  0.000962205  3.50031e-05  1  0
549  0.000962062  3.50037e-05  1  0
550  0.000962007  3.50031e-05  1  0
551  0.000961852  3.50035e-05  1  0
552  0.000961817  3.50032e-05  1  0
553  0.00096164  3.50046e-05  1  0
554  0.000961595  3.50042e-05  1  0
555  0.000961533  3.5004e-05  1  0
556  0.000961498  3.50038e-05  1  0
557  0.000961495  3.50037e-05  1  0
558  0.000961469  3.50036e-05  1  0
559  0.000961449  3.50035e-05  1  0
560  0.000961411  3.50038e-05  1  0
561  0.000961374  3.50036e-05  1  0
562  0.000961328  3.50034e-05  1  0
563  0.0009612  3.50037e-05  1  0
564  0.000961176  3.50035e-05  1  0
565  0.000961159  3.50034e-05  1  0
566  0.000961137  3.5003e-05  1  0
567  0.000961046  3.50035e-05  1  0
568  0.000960967  3.50027e-05  1  0
569  0.000960859  3.50016e-05  1  0
570  0.000960783  3.50011e-05  1  0
571  0.000960723  3.50008e-05  1  0
572  0.000960723  3.50008e-05  1  0
573  0.000960701  3.50009e-05  1  0
574  0.000960684  3.50008e-05  1  0
575  0.000960549  3.50022e-05  1  0
576  0.000960478  3.50021e-05  1  0
577  0.000960397  3.50021e-05  1  0
578  0.000960287  3.50007e-05  1  0
579  0.000960156  3.49989e-05  1  0
580  0.000960114  3.49985e-05  1  0
581  0.000960086  3.49982e-05  1  0
582  0.000960054  3.49978e-05  1  0
583  0.000960011  3.49979e-05  1  0
584  0.000959894  3.49981e-05  1  0
585  0.0009597  3.4997e-05  1  0
586  0.000959522  3.49956e-05  1  0
587  0.000959345  3.49947e-05  1  0
588  0.000959294  3.49941e-05  1  0
589  0.000959208  3.49931e-05  1  0
590  0.000959184  3.49929e-05  1  0
591  0.000959155  3.4993e-05  1  0
592  0.000959094  3.49925e-05  1  0
593  0.000959056  3.49924e-05  1  0
594  0.000958851  3.49933e-05  1  0
595  0.000958758  3.49922e-05  1  0
596  0.000958665  3.49912e-05  1  0
597  0.000958524  3.499e-05  1  0
598  0.000958336  3.49907e-05  1  0
599  0.000958226  3.49903e-05  1  0
600  0.000958101  3.49889e-05  1  0
601  0.00095795  3.49871e-05  1  0
602  0.000957849  3.49861e-05  1  0
603  0.00095778  3.49851e-05  1  0
604  0.000957637  3.49853e-05  1  0
605  0.00095757  3.49852e-05  1  0
606  0.000957438  3.49853e-05  1  0
607  0.000957328  3.49845e-05  1  0
608  0.000957284  3.49841e-05  1  0
609  0.000957181  3.49845e-05  1  0
610  0.000957104  3.49842e-05  1  0
611  0.000957056  3.49844e-05  1  0
612  0.000957  3.49845e-05  1  0
613  0.000956976  3.49843e-05  1  0
614  0.000956935  3.49839e-05  1  0
615  0.000956883  3.49834e-05  1  0
616  0.000956764  3.49833e-05  1  0
617  0.000956703  3.49827e-05  1  0
618  0.000956633  3.49832e-05  1  0
619  0.00095657  3.49826e-05  1  0
620  0.000956472  3.4982e-05  1  0
621  0.000956387  3.49813e-05  1  0
622  0.00095618  3.49824e-05  1  0
623  0.000956122  3.49819e-05  1  0
624  0.000956027  3.49812e-05  1  0
625  0.000955839  3.49803e-05  1  0
626  0.000955795  3.49801e-05  1  0
627  0.000955707  3.49794e-05  1  0
628  0.000955618  3.4979e-05  1  0
629  0.000955503  3.49776e-05  1  0
630  0.000955294  3.49759e-05  1  0
631  0.000955077  3.49735e-05  1  0
632  0.000954946  3.49726e-05  1  0
633  0.00095488  3.49727e-05  1  0
634  0.000954804  3.49724e-05  1  0
635  0.000954797  3.49723e-05  1  0
636  0.000954797  3.49723e-05  1  0
637  0.000954734  3.49717e-05  1  0
638  0.00095471  3.49715e-05  1  0
639  0.000954688  3.49712e-05  1  0
640  0.000954576  3.497e-05  1  0
641  0.000954467  3.49689e-05  1  0
642  0.00095439  3.49681e-05  1  0
643  0.000954221  3.49691e-05  1  0
644  0.000954201  3.49689e-05  1  0
645  0.000954154  3.49685e-05  1  0
646  0.000954116  3.49682e-05  1  0
647  0.000953999  3.49685e-05  1  0
648  0.000953944  3.4969e-05  1  0
649  0.000953919  3.49688e-05  1  0
650  0.000953894  3.49687e-05  1  0
651  0.00095387  3.49685e-05  1  0
652  0.000953787  3.49684e-05  1  0
653  0.000953731  3.49686e-05  1  0
654  0.000953704  3.49684e-05  1  0
655  0.000953674  3.49681e-05  1  0
656  0.000953582  3.49689e-05  1  0
657  0.000953535  3.49688e-05  1  0
658  0.000953448  3.49687e-05  1  0
659  0.000953357  3.49691e-05  1  0
660  0.000953341  3.49689e-05  1  0
661  0.000953327  3.49688e-05  1  0
662  0.000953278  3.49683e-05  1  0
663  0.000953156  3.49669e-05  1  0
664  0.000952947  3.4966e-05  1  0
665  0.000952836  3.49648e-05  1  0
666  0.000952594  3.49631e-05  1  0
667  0.000952504  3.49627e-05  1  0
668  0.000952443  3.49625e-05  1  0
669  0.0009524  3.49623e-05  1  0
670  0.00095235  3.4962e-05  1  0
671  0.000952306  3.49617e-05  1  0
672  0.000952256  3.49612e-05  1  0
673  0.000952183  3.49619e-05  1  0
674  0.000952168  3.49617e-05  1  0
675  0.000952104  3.4961e-05  1  0
676  0.000951927  3.49612e-05  1  0
677  0.000951844  3.49603e-05  1  0
678  0.000951676  3.49609e-05  1  0
679  0.000951625  3.49604e-05  1  0
680  0.000951563  3.49598e-05  1  0
681  0.000951447  3.4959e-05  1  0
682  0.000951366  3.49588e-05  1  0
683  0.000951331  3.49584e-05  1  0
684  0.000951212  3.49581e-05  1  0
685  0.000951039  3.49585e-05  1  0
686  0.000950973  3.49582e-05  1  0
687  0.000950777  3.49591e-05  1  0
688  0.000950686  3.49583e-05  1  0
689  0.000950622  3.49585e-05  1  0
690  0.000950567  3.49581e-05  1  0
691  0.000950429  3.49573e-05  1  0
692  0.000950301  3.49561e-05  1  0
693  0.000950229  3.49553e-05  1  0
694  0.000950154  3.4955e-05  1  0
695  0.000950113  3.49547e-05  1  0
696  0.00095005  3.4955e-05  1  0
697  0.000949889  3.49559e-05  1  0
698  0.000949804  3.4956e-05  1  0
699  0.000949762  3.49556e-05  1  0
700  0.000949691  3.49549e-05  1  0
701  0.000949601  3.49555e-05  1  0
702  0.00094956  3.49552e-05  1  0
703  0.000949507  3.49549e-05  1  0
704  0.000949353  3.49549e-05  1  0
705  0.00094931  3.49545e-05  1  0
706  0.000949187  3.49539e-05  1  0
707  0.0009491  3.4953e-05  1  0
708  0.000949012  3.49523e-05  1  0
709  0.000948916  3.49528e-05  1  0
710  0.000948874  3.49527e-05  1  0
711  0.000948874  3.49527e-05  1  0
712  0.00094882  3.49529e-05  1  0
713  0.000948762  3.49523e-05  1  0
714  0.000948681  3.49515e-05  1  0
715  0.000948563  3.49517e-05  1  0
716  0.000948501  3.49514e-05  1  0
717  0.000948404  3.49509e-05  1  0
718  0.000948321  3.49505e-05  1  0
719  0.000948235  3.49498e-05  1  0
720  0.000948122  3.49497e-05  1  0
721  0.000948021  3.49493e-05  1  0
722  0.000947964  3.49494e-05  1  0
723  0.000947905  3.49494e-05  1  0
724  0.00094782  3.49495e-05  1  0
725  0.000947778  3.49492e-05  1  0
726  0.000947689  3.4949e-05  1  0
727  0.000947663  3.49489e-05  1  0
728  0.000947658  3.49488e-05  1  0
729  0.00094764  3.49488e-05  1  0
730  0.000947495  3.49482e-05  1  0
731  0.000947372  3.49475e-05  1  0
732  0.000947237  3.49467e-05  1  0
733  0.000947168  3.49458e-05  1  0
734  0.000947121  3.49453e-05  1  0
735  0.000947087  3.49448e-05  1  0
736  0.000947077  3.49447e-05  1  0
737  0.000946984  3.49449e-05  1  0
738  0.000946945  3.49444e-05  1  0
739  0.000946885  3.49444e-05  1  0
740  0.000946839  3.49444e-05  1  0
741  0.000946783  3.49441e-05  1  0
742  0.00094675  3.49437e-05  1  0
743  0.000946721  3.49436e-05  1  0
744  0.0009467  3.49437e-05  1  0
745  0.000946661  3.49434e-05  1  0
746  0.000946588  3.49425e-05  1  0
747  0.000946503  3.49425e-05  1  0
748  0.000946446  3.49427e-05  1  0
749  0.000946396  3.4943e-05  1  0
750  0.000946388  3.49431e-05  1  0
751  0.000946388  3.49431e-05  1  0
752  0.000946388  3.49431e-05  1  0
753  0.00094637  3.49431e-05  1  0
754  0.000946266  3.49436e-05  1  0
755  0.000946242  3.49433e-05  1  0
756  0.00094617  3.49431e-05  1  0
757  0.000946092  3.4943e-05  1  0
758  0.000946051  3.49427e-05  1  0
759  0.000946  3.49431e-05  1  0
760  0.000945942  3.49425e-05  1  0
761  0.000945857  3.49421e-05  1  0
762  0.000945775  3.49414e-05  1  0
763  0.000945616  3.49427e-05  1  0
764  0.000945592  3.49425e-05  1  0
765  0.000945571  3.49424e-05  1  0
766  0.000945526  3.49426e-05  1  0
767  0.000945475  3.49422e-05  1  0
768  0.000945433  3.4942e-05  1  0
769  0.000945356  3.49416e-05  1  0
770  0.000945279  3.49408e-05  1  0
771  0.000945194  3.49399e-05  1  0
772  0.000945107  3.49393e-05  1  0
773  0.000945062  3.49389e-05  1  0
774  0.000944982  3.49394e-05  1  0
775  0.000944916  3.49398e-05  1  0
776  0.000944888  3.49401e-05  1  0
777  0.000944888  3.49401e-05  1  0
778  0.000944878  3.49402e-05  1  0
779  0.000944832  3.49406e-05  1  0
780  0.000944809  3.49404e-05  1  0
781  0.000944696  3.49412e-05  1  0
782  0.000944638  3.49409e-05  1  0
783  0.000944627  3.49408e-05  1  0
784  0.000944606  3.49406e-05  1  0
785  0.000944523  3.49397e-05  1  0
786  0.000944494  3.49394e-05  1  0
787  0.000944455  3.49389e-05  1  0
788  0.000944372  3.49386e-05  1  0
789  0.000944311  3.49389e-05  1  0
790  0.000944293  3.49388e-05  1  0
791  0.000944194  3.49387e-05  1  0
792  0.000944164  3.49384e-05  1  0
793  0.00094407  3.49381e-05  1  0
794  0.000944041  3.49379e-05  1  0
795  0.000943928  3.49369e-05  1  0
796  0.000943883  3.49366e-05  1  0
797  0.00094384  3.49363e-05  1  0
798  0.000943776  3.49363e-05  1  0
799  0.000943769  3.49363e-05  1  0
800  0.000943752  3.49361e-05  1  0
801  0.000943744  3.49361e-05  1  0
802  0.000943716  3.49358e-05  1  0
803  0.000943697  3.49358e-05  1  0
804  0.000943697  3.49358e-05  1  0
805  0.000943664  3.49353e-05  1  0
806  0.000943602  3.49353e-05  1  0
807  0.000943555  3.49348e-05  1  0
808  0.000943493  3.49342e-05  1  0
809  0.000943409  3.49337e-05  1  0
810  0.000943361  3.49333e-05  1  0
811  0.000943282  3.4933e-05  1  0
812  0.000943226  3.49329e-05  1  0
813  0.000943221  3.4933e-05  1  0
814  0.000943219  3.4933e-05  1  0
815  0.000943192  3.49331e-05  1  0
816  0.000943168  3.49328e-05  1  0
817  0.000943139  3.49325e-05  1  0
818  0.000943084  3.49318e-05  1  0
819  0.000943002  3.49321e-05  1  0
820  0.000942963  3.49317e-05  1  0
821  0.000942896  3.49309e-05  1  0
822  0.000942895  3.49308e-05  1  0
823  0.000942895  3.49308e-05  1  0
824  0.000942857  3.49307e-05  1  0
825  0.00094284  3.49306e-05  1  0
826  0.000942786  3.49307e-05  1  0
827  0.000942776  3.49307e-05  1  0
828  0.000942776  3.49307e-05  1  0
829  0.000942776  3.49307e-05  1  0
830  0.000942766  3.49308e-05  1  0
831  0.000942738  3.49309e-05  1  0
832  0.000942676  3.49314e-05  1  0
833  0.000942649  3.49316e-05  1  0
834  0.000942642  3.49317e-05  1  0
835  0.000942642  3.49317e-05  1  0
836  0.000942638  3.49316e-05  1  0
837  0.000942614  3.49318e-05  1  0
838  0.000942605  3.49318e-05  1  0
839  0.000942564  3.49314e-05  1  0
840  0.00094246  3.49323e-05  1  0
841  0.000942431  3.49323e-05  1  0
842  0.000942431  3.49323e-05  1  0
843  0.00094241  3.49325e-05  1  0
844  0.000942394  3.49325e-05  1  0
845  0.000942392  3.49325e-05  1  0
846  0.000942365  3.49324e-05  1  0
847  0.000942299  3.49321e-05  1  0
848  0.000942218  3.49319e-05  1  0
849  0.000942177  3.49315e-05  1  0
850  0.000942102  3.49308e-05  1  0
851  0.00094204  3.49305e-05  1  0
852  0.000942032  3.49305e-05  1  0
853  0.000936773  3.01066e-05  1  0
854  0.000936713  3.01067e-05  1  0
855  0.000936713  3.01067e-05  1  0
856  0.000936713  3.01067e-05  1  0
857  0.000936648  3.01075e-05  1  0
858  0.000936642  3.01074e-05  1  0
859  0.000936578  3.0108e-05  1  0
860  0.000936508  3.01085e-05  1  0
861  0.000936505  3.01086e-05  1  0
862  0.000936505  3.01086e-05  1  0
863  0.000936434  3.01081e-05  1  0
864  0.00093637  3.01069e-05  1  0
865  0.000936301  3.01059e-05  1  0
866  0.00093624  3.01051e-05  1  0
867  0.000936176  3.01042e-05  1  0
868  0.000936076  3.01037e-05  1  0
869  0.000935968  3.01046e-05  1  0
870  0.000935956  3.01045e-05  1  0
871  0.00093594  3.01038e-05  1  0
872  0.000935869  3.01044e-05  1  0
873  0.000935807  3.0104e-05  1  0
874  0.000935755  3.01025e-05  1  0
875  0.000935729  3.01023e-05  1  0
876  0.000935661  3.01016e-05  1  0
877  0.000935637  3.01014e-05  1  0
878  0.00093555  3.00999e-05  1  0
879  0.000935496  3.00992e-05  1  0
880  0.000935485  3.00991e-05  1  0
881  0.000935451  3.00988e-05  1  0
882  0.000935418  3.00985e-05  1  0
883  0.000935341  3.00974e-05  1  0
884  0.00093531  3.00972e-05  1  0
885  0.000935179  3.00978e-05  1  0
886  0.000935102  3.00972e-05  1  0
887  0.000935059  3.00969e-05  1  0
888  0.000935019  3.00966e-05  1  0
889  0.000935003  3.00965e-05  1  0
890  0.000934922  3.00959e-05  1  0
891  0.000934828  3.00958e-05  1  0
892  0.000934722  3.00959e-05  1  0
893  0.000934706  3.00957e-05  1  0
894  0.000934694  3.00955e-05  1  0
895  0.000934683  3.00954e-05  1  0
896  0.000934652  3.00953e-05  1  0
897  0.000934634  3.00951e-05  1  0
898  0.000934612  3.00948e-05  1  0
899  0.000934595  3.00946e-05  1  0
900  0.000934491  3.00945e-05  1  0
901  0.000934442  3.00939e-05  1  0
902  0.000934394  3.00934e-05  1  0
903  0.000934298  3.00922e-05  1  0
904  0.000934222  3.00919e-05  1  0
905  0.000934182  3.00914e-05  1  0
906  0.000934034  3.00909e-05  1  0
907  0.000933991  3.00908e-05  1  0
908  0.000933912  3.00914e-05  1  0
909  0.000933911  3.00914e-05  1  0
910  0.000933889  3.00913e-05  1  0
911  0.000933802  3.00923e-05  1  0
912  0.000933779  3.00922e-05  1  0
913  0.000933764  3.0092e-05  1  0
914  0.000933727  3.00915e-05  1  0
915  0.000933669  3.00907e-05  1  0
916  0.000933619  3.00907e-05  1  0
917  0.00093358  3.00905e-05  1  0
918  0.000933557  3.00903e-05  1  0
919  0.000933494  3.00905e-05  1  0
920  0.000933313  3.00923e-05  1  0
921  0.000933271  3.00921e-05  1  0
922  0.000933266  3.0092e-05  1  0
923  0.000933253  3.00919e-05  1  0
924  0.000933227  3.00917e-05  1  0
925  0.00093319  3.00916e-05  1  0
926  0.000933161  3.00913e-05  1  0
927  0.000933151  3.00912e-05  1  0
928  0.000933082  3.00916e-05  1  0
929  0.000933047  3.00912e-05  1  0
930  0.000932953  3.00918e-05  1  0
931  0.000932928  3.00916e-05  1  0
932  0.00093283  3.00924e-05  1  0
933  0.000932823  3.00924e-05  1  0
934  0.000932806  3.00922e-05  1  0
935  0.000932796  3.00921e-05  1  0
936  0.000932783  3.0092e-05  1  0
937  0.000932764  3.00921e-05  1  0
938  0.000932764  3.00921e-05  1  0
939  0.000932759  3.00921e-05  1  0
940  0.000932759  3.00921e-05  1  0
941  0.000932759  3.00921e-05  1  0
942  0.000932759  3.00921e-05  1  0
943  0.00093274  3.00919e-05  1  0
944  0.00093274  3.00919e-05  1  0
945  0.00093274  3.00919e-05  1  0
946  0.000932731  3.00919e-05  1  0
947  0.000932707  3.00917e-05  1  0
948  0.000932707  3.00917e-05  1  0
949  0.000932696  3.00918e-05  1  0
950  0.000932633  3.0091e-05  1  0
951  0.000932593  3.00909e-05  1  0
952  0.000932569  3.00906e-05  1  0
953  0.000932491  3.00901e-05  1  0
954  0.000932463  3.00899e-05  1  0
955  0.000932451  3.00898e-05  1  0
956  0.000932418  3.00893e-05  1  0
957  0.000932383  3.00889e-05  1  0
958  0.000932363  3.00886e-05  1  0
959  0.000932343  3.00889e-05  1  0
960  0.000932284  3.00889e-05  1  0
961  0.000932268  3.00888e-05  1  0
962  0.000932245  3.00891e-05  1  0
963  0.000932198  3.00887e-05  1  0
964  0.000932198  3.00887e-05  1  0
965  0.000932148  3.00894e-05  1  0
966  0.000932129  3.00896e-05  1  0
967  0.000932114  3.00894e-05  1  0
968  0.000932065  3.00895e-05  1  0
969  0.000932037  3.00894e-05  1  0
970  0.000932001  3.00896e-05  1  0
971  0.000931997  3.00896e-05  1  0
972  0.000931997  3.00895e-05  1  0
973  0.000931987  3.00895e-05  1  0
974  0.000931981  3.00894e-05  1  0
975  0.000931947  3.00891e-05  1  0
976  0.000931855  3.00885e-05  1  0
977  0.000931621  3.00896e-05  1  0
978  0.000931557  3.00897e-05  1  0
979  0.000931488  3.00891e-05  1  0
980  0.000931438  3.00889e-05  1  0
981  0.000931412  3.00887e-05  1  0
982  0.000931387  3.00884e-05  1  0
983  0.000931227  3.00892e-05  1  0
984  0.000931199  3.00895e-05  1  0
985  0.000931194  3.00894e-05  1  0
986  0.000931185  3.00893e-05  1  0
987  0.000931182  3.00893e-05  1  0
988  0.000931181  3.00893e-05  1  0
989  0.000931181  3.00893e-05  1  0
990  0.000931181  3.00893e-05  1  0
991  0.000931181  3.00893e-05  1  0
992  0.000931181  3.00893e-05  1  0
993  0.000931168  3.00892e-05  1  0
994  0.000931168  3.00892e-05  1  0
995  0.000931136  3.00893e-05  1  0
996  0.000931052  3.00888e-05  1  0
997  0.000931031  3.00886e-05  1  0
998  0.000931001  3.00884e-05  1  0
999  0.000930996  3.00883e-05  1  0
1000  0.000930985  3.00884e-05  1  0
1001  0.000930958  3.00886e-05  1  0
1002  0.000930948  3.00885e-05  1  0
1003  0.000930865  3.00888e-05  1  0
1004  0.000930802  3.00893e-05  1  0
1005  0.000930739  3.009e-05  1  0
1006  0.000930656  3.00912e-05  1  0
1007  0.000930653  3.00912e-05  1  0
1008  0.000930593  3.00918e-05  1  0
1009  0.000930593  3.00918e-05  1  0
1010  0.000930564  3.00916e-05  1  0
1011  0.000930556  3.00915e-05  1  0
1012  0.000930547  3.00915e-05  1  0
1013  0.000930505  3.00909e-05  1  0
1014  0.000930476  3.00908e-05  1  0
1015  0.00093044  3.00905e-05  1  0
1016  0.00093041  3.00905e-05  1  0
1017  0.000930398  3.00906e-05  1  0
1018  0.000930374  3.00909e-05  1  0
1019  0.000930374  3.00909e-05  1  0
1020  0.000930374  3.00909e-05  1  0
1021  0.000930374  3.00909e-05  1  0
1022  0.000930348  3.00913e-05  1  0
1023  0.000930339  3.00913e-05  1  0
1024  0.000930339  3.00913e-05  1  0
1025  0.000930334  3.00913e-05  1  0
1026  0.000930296  3.00909e-05  1  0
1027  0.000930295  3.00909e-05  1  0
1028  0.000930274  3.00911e-05  1  0
1029  0.000930241  3.00908e-05  1  0
1030  0.000930228  3.00907e-05  1  0
1031  0.00093022  3.00907e-05  1  0
1032  0.000930197  3.00905e-05  1  0
1033  0.000930151  3.00901e-05  1  0
1034  0.000930106  3.00896e-05  1  0
1035  0.000930013  3.00893e-05  1  0
1036  0.000929975  3.0089e-05  1  0
1037  0.000929922  3.00896e-05  1  0
1038  0.000929862  3.00889e-05  1  0
1039  0.000929817  3.00891e-05  1  0
1040  0.000929804  3.0089e-05  1  0
1041  0.000929798  3.00889e-05  1  0
1042  0.000929788  3.00889e-05  1  0
1043  0.000929773  3.00887e-05  1  0
1044  0.000929773  3.00887e-05  1  0
1045  0.000929738  3.00881e-05  1  0
1046  0.00092965  3.00867e-05  1  0
1047  0.000929619  3.00867e-05  1  0
1048  0.00092958  3.00862e-05  1  0
1049  0.000929486  3.0085e-05  1  0
1050  0.000929423  3.00842e-05  1  0
1051  0.000929368  3.00836e-05  1  0
1052  0.000929212  3.00822e-05  1  0
1053  0.000929142  3.00813e-05  1  0
1054  0.00092654  2.77841e-05  1  0
1055  0.000926404  2.7784e-05  1  0
1056  0.000926354  2.77835e-05  1  0
1057  0.000926354  2.77835e-05  1  0
1058  0.000926336  2.77833e-05  1  0
1059  0.000926318  2.77831e-05  1  0
1060  0.000926245  2.77833e-05  1  0
1061  0.000926219  2.77831e-05  1  0
1062  0.000926087  2.77838e-05  1  0
1063  0.00092607  2.77837e-05  1  0
1064  0.000926021  2.77832e-05  1  0
1065  0.000925992  2.77829e-05  1  0
1066  0.000925962  2.77829e-05  1  0
1067  0.000925951  2.77828e-05  1  0
1068  0.000925901  2.77835e-05  1  0
1069  0.000925901  2.77835e-05  1  0
1070  0.000925901  2.77835e-05  1  0
1071  0.000925898  2.77835e-05  1  0
1072  0.000925877  2.77832e-05  1  0
1073  0.00092584  2.77833e-05  1  0
1074  0.000925728  2.77846e-05  1  0
1075  0.000925683  2.77838e-05  1  0
1076  0.000925664  2.7784e-05  1  0
1077  0.000925637  2.77845e-05  1  0
1078  0.000925635  2.77845e-05  1  0
1079  0.000925635  2.77845e-05  1  0
1080  0.000925635  2.77845e-05  1  0
1081  0.000925596  2.77847e-05  1  0
1082  0.000925577  2.77849e-05  1  0
1083  0.000925556  2.77847e-05  1  0
1084  0.000925507  2.77846e-05  1  0
1085  0.000925463  2.77842e-05  1  0
1086  0.000925391  2.77852e-05  1  0
1087  0.000925319  2.7785e-05  1  0
1088  0.00092531  2.77849e-05  1  0
1089  0.000925288  2.77847e-05  1  0
1090  0.000925265  2.77845e-05  1  0
1091  0.000925258  2.77844e-05  1  0
1092  0.000925255  2.77844e-05  1  0
1093  0.000925242  2.77843e-05  1  0
1094  0.000925237  2.77843e-05  1  0
1095  0.000925231  2.77844e-05  1  0
1096  0.000925231  2.77844e-05  1  0
1097  0.000925231  2.77844e-05  1  0
1098  0.000925212  2.77842e-05  1  0
1099  0.00092517  2.77848e-05  1  0
1100  0.000925144  2.77845e-05  1  0
1101  0.000925144  2.77845e-05  1  0
1102  0.000925098  2.77852e-05  1  0
1103  0.000925098  2.77852e-05  1  0
1104  0.000925098  2.77852e-05  1  0
1105  0.000925044  2.77861e-05  1  0
1106  0.000925  2.77867e-05  1  0
1107  0.000924931  2.77874e-05  1  0
1108  0.000924908  2.7787e-05  1  0
1109  0.000924881  2.77865e-05  1  0
1110  0.00092481  2.77856e-05  1  0
1111  0.00092479  2.77854e-05  1  0
1112  0.000924761  2.77851e-05  1  0
1113  0.000924706  2.77846e-05  1  0
1114  0.000924689  2.77844e-05  1  0
1115  0.000924689  2.77844e-05  1  0
1116  0.000924677  2.77843e-05  1  0
1117  0.000924677  2.77843e-05  1  0
1118  0.000924677  2.77843e-05  1  0
1119  0.000924675  2.77842e-05  1  0
1120  0.000924647  2.77838e-05  1  0
1121  0.000924634  2.77836e-05  1  0
1122  0.000924633  2.77836e-05  1  0
1123  0.000924601  2.77837e-05  1  0
1124  0.0009246  2.77837e-05  1  0
1125  0.000924591  2.77836e-05  1  0
1126  0.000924591  2.77836e-05  1  0
1127  0.000924516  2.77844e-05  1  0
1128  0.000924499  2.77844e-05  1  0
1129  0.000924478  2.77841e-05  1  0
1130  0.000924348  2.77856e-05  1  0
1131  0.000924207  2.77874e-05  1  0
1132  0.000924027  2.77891e-05  1  0
1133  0.000924022  2.7789e-05  1  0
1134  0.000923978  2.77885e-05  1  0
1135  0.000923936  2.7788e-05  1  0
1136  0.000923846  2.7787e-05  1  0
1137  0.000923739  2.77857e-05  1  0
1138  0.000923704  2.77852e-05  1  0
1139  0.000923632  2.77848e-05  1  0
1140  0.000923622  2.77847e-05  1  0
1141  0.000923569  2.7784e-05  1  0
1142  0.000923505  2.77845e-05  1  0
1143  0.000923481  2.77846e-05  1  0
1144  0.000923448  2.7785e-05  1  0
1145  0.000923448  2.7785e-05  1  0
1146  0.000923382  2.77858e-05  1  0
1147  0.000923382  2.77858e-05  1  0
1148  0.000923288  2.77868e-05  1  0
1149  0.000923282  2.77867e-05  1  0
1150  0.00092327  2.77866e-05  1  0
1151  0.000923243  2.77863e-05  1  0
1152  0.000923206  2.77857e-05  1  0
1153  0.000923192  2.77856e-05  1  0
1154  0.000923186  2.77855e-05  1  0
1155  0.00092315  2.77851e-05  1  0
1156  0.000923073  2.7784e-05  1  0
1157  0.000923055  2.77838e-05  1  0
1158  0.000923044  2.77836e-05  1  0
1159  0.000922888  2.77852e-05  1  0
1160  0.000922823  2.77853e-05  1  0
1161  0.000922728  2.77854e-05  1  0
1162  0.000922649  2.7785e-05  1  0
1163  0.000922574  2.7784e-05  1  0
1164  0.000922549  2.77837e-05  1  0
1165  0.000922549  2.77837e-05  1  0
1166  0.00092253  2.77839e-05  1  0
1167  0.000922475  2.77846e-05  1  0
1168  0.000922467  2.77845e-05  1  0
1169  0.00092246  2.77845e-05  1  0
1170  0.000922433  2.77849e-05  1  0
1171  0.000922415  2.77847e-05  1  0
1172  0.00092233  2.7784e-05  1  0
1173  0.00092233  2.7784e-05  1  0
1174  0.000922287  2.77849e-05  1  0
1175  0.000922277  2.77848e-05  1  0
1176  0.000922248  2.77844e-05  1  0
1177  0.000922208  2.77847e-05  1  0
1178  0.000922204  2.77846e-05  1  0
1179  0.00092219  2.77845e-05  1  0
1180  0.000922136  2.77841e-05  1  0
1181  0.000922119  2.77839e-05  1  0
1182  0.000922097  2.77837e-05  1  0
1183  0.000922094  2.77836e-05  1  0
1184  0.000922082  2.77835e-05  1  0
1185  0.000921986  2.77849e-05  1  0
1186  0.000921986  2.77849e-05  1  0
1187  0.00092196  2.77845e-05  1  0
1188  0.000921953  2.77844e-05  1  0
1189  0.000921944  2.77843e-05  1  0
1190  0.000921921  2.7784e-05  1  0
1191  0.000921898  2.77841e-05  1  0
1192  0.000921888  2.77841e-05  1  0
1193  0.000921863  2.77838e-05  1  0
1194  0.000921858  2.77837e-05  1  0
1195  0.000921814  2.77838e-05  1  0
1196  0.000921741  2.77833e-05  1  0
1197  0.000921706  2.77828e-05  1  0
1198  0.000921657  2.77823e-05  1  0
1199  0.000921577  2.77814e-05  1  0
1200  0.000921506  2.7782e-05  1  0
1201  0.000921484  2.77817e-05  1  0
1202  0.000921481  2.77817e-05  1  0
1203  0.000921481  2.77817e-05  1  0
1204  0.000921449  2.7782e-05  1  0
1205  0.000921408  2.77816e-05  1  0
1206  0.000921398  2.77814e-05  1  0
1207  0.000921382  2.77813e-05  1  0
1208  0.000921366  2.77811e-05  1  0
1209  0.000921317  2.77805e-05  1  0
1210  0.000921245  2.77796e-05  1  0
1211  0.000921223  2.77793e-05  1  0
1212  0.000921199  2.77793e-05  1  0
1213  0.000921172  2.7779e-05  1  0
1214  0.000921146  2.77787e-05  1  0
1215  0.000921115  2.77784e-05  1  0
1216  0.000921102  2.77783e-05  1  0
1217  0.000921007  2.77783e-05  1  0
1218  0.000920987  2.77784e-05  1  0
1219  0.000920965  2.77782e-05  1  0
1220  0.000920925  2.77783e-05  1  0
1221  0.000920883  2.77784e-05  1  0
1222  0.000920867  2.77783e-05  1  0
1223  0.00092086  2.77784e-05  1  0
1224  0.000920826  2.77787e-05  1  0
1225  0.000920819  2.77786e-05  1  0
1226  0.000920819  2.77786e-05  1  0
1227  0.000920812  2.77786e-05  1  0
1228  0.000920811  2.77786e-05  1  0
1229  0.000920806  2.77785e-05  1  0
1230  0.000920787  2.77789e-05  1  0
1231  0.000920784  2.77789e-05  1  0
1232  0.000920744  2.77789e-05  1  0
1233  0.000920733  2.77787e-05  1  0
1234  0.000920732  2.77787e-05  1  0
1235  0.000920712  2.77786e-05  1  0
1236  0.000920688  2.77788e-05  1  0
1237  0.00092068  2.77787e-05  1  0
1238  0.000920675  2.77786e-05  1  0
1239  0.000920658  2.77783e-05  1  0
1240  0.000920658  2.77783e-05  1  0
1241  0.000920658  2.77783e-05  1  0
1242  0.000920658  2.77783e-05  1  0
1243  0.000920649  2.77784e-05  1  0
1244  0.000920631  2.77786e-05  1  0
1245  0.000920631  2.77786e-05  1  0
1246  0.000920631  2.77786e-05  1  0
1247  0.000920631  2.77786e-05  1  0
1248  0.000920626  2.77787e-05  1  0
1249  0.000920626  2.77787e-05  1  0
1250  0.000920615  2.77782e-05  1  0
1251  0.000920604  2.77781e-05  1  0
1252  0.000920595  2.7778e-05  1  0
1253  0.000920595  2.7778e-05  1  0
1254  0.00092057  2.77778e-05  1  0
1255  0.000920538  2.77775e-05  1  0
1256  0.000920465  2.77766e-05  1  0
1257  0.000920401  2.77755e-05  1  0
1258  0.000920282  2.77741e-05  1  0
1259  0.000920175  2.77724e-05  1  0
1260  0.000920127  2.77716e-05  1  0
1261  0.000920012  2.77705e-05  1  0
1262  0.000919875  2.77692e-05  1  0
1263  0.000919788  2.77683e-05  1  0
1264  0.000919731  2.77685e-05  1  0
1265  0.000919726  2.77685e-05  1  0
1266  0.000919711  2.77684e-05  1  0
1267  0.000919696  2.77683e-05  1  0
1268  0.000919634  2.7769e-05  1  0
1269  0.00091962  2.77689e-05  1  0
1270  0.000919613  2.77689e-05  1  0
1271  0.00091959  2.77686e-05  1  0
1272  0.000919555  2.77682e-05  1  0
1273  0.000919536  2.77683e-05  1  0
1274  0.000919518  2.7768e-05  1  0
1275  0.000919509  2.77679e-05  1  0
1276  0.00091948  2.77675e-05  1  0
1277  0.000919426  2.7768e-05  1  0
1278  0.000919396  2.77684e-05  1  0
1279  0.000919358  2.77676e-05  1  0
1280  0.000919331  2.77673e-05  1  0
1281  0.000919295  2.77669e-05  1  0
1282  0.000919257  2.77665e-05  1  0
1283  0.000919221  2.77664e-05  1  0
1284  0.000919191  2.77661e-05  1  0
1285  0.000919174  2.7766e-05  1  0
1286  0.000919162  2.77658e-05  1  0
1287  0.000919141  2.77656e-05  1  0
1288  0.000919053  2.77671e-05  1  0
1289  0.000919004  2.77665e-05  1  0
1290  0.000918978  2.77663e-05  1  0
1291  0.000918911  2.77657e-05  1  0
1292  0.000918896  2.77655e-05  1  0
1293  0.00091885  2.77656e-05  1  0
1294  0.000918818  2.77653e-05  1  0
1295  0.000918772  2.77652e-05  1  0
1296  0.00091875  2.77649e-05  1  0
1297  0.000918723  2.77647e-05  1  0
1298  0.000918686  2.77645e-05  1  0
1299  0.000918653  2.77642e-05  1  0
1300  0.000918596  2.77634e-05  1  0
1301  0.000918558  2.7763e-05  1  0
1302  0.000918558  2.7763e-05  1  0
1303  0.000918558  2.7763e-05  1  0
1304  0.000918558  2.7763e-05  1  0
1305  0.000918558  2.7763e-05  1  0
1306  0.000918483  2.77638e-05  1  0
1307  0.000918452  2.77634e-05  1  0
1308  0.000918439  2.77636e-05  1  0
1309  0.000918399  2.7763e-05  1  0
1310  0.000918333  2.77623e-05  1  0
1311  0.000918304  2.77622e-05  1  0
1312  0.00091825  2.77614e-05  1  0
1313  0.000918181  2.77605e-05  1  0
1314  0.000918123  2.77599e-05  1  0
1315  0.000918068  2.77591e-05  1  0
1316  0.000918031  2.77587e-05  1  0
1317  0.000918008  2.77584e-05  1  0
1318  0.000917965  2.77589e-05  1  0
1319  0.000917826  2.776e-05  1  0
1320  0.000917786  2.77603e-05  1  0
1321  0.000917781  2.77603e-05  1  0
1322  0.000917755  2.77604e-05  1  0
1323  0.000917727  2.77602e-05  1  0
1324  0.000917706  2.77598e-05  1  0
1325  0.000917666  2.77592e-05  1  0
1326  0.00091765  2.77591e-05  1  0
1327  0.000917631  2.77588e-05  1  0
1328  0.000917619  2.77586e-05  1  0
1329  0.000917598  2.77584e-05  1  0
1330  0.000917577  2.77581e-05  1  0
1331  0.000917547  2.77584e-05  1  0
1332  0.00091754  2.77583e-05  1  0
1333  0.000917533  2.77582e-05  1  0
1334  0.000917515  2.77584e-05  1  0
1335  0.000917494  2.77583e-05  1  0
1336  0.000917483  2.77582e-05  1  0
1337  0.000917471  2.77583e-05  1  0
1338  0.000917408  2.77592e-05  1  0
1339  0.000917408  2.77592e-05  1  0
1340  0.000917408  2.77592e-05  1  0
1341  0.000917262  2.77607e-05  1  0
1342  0.00091723  2.77604e-05  1  0
1343  0.000917208  2.77604e-05  1  0
1344  0.000917208  2.77604e-05  1  0
1345  0.000917192  2.77606e-05  1  0
1346  0.000917192  2.77606e-05  1  0
1347  0.000917161  2.77611e-05  1  0
1348  0.000917135  2.77614e-05  1  0
1349  0.000917109  2.77613e-05  1  0
1350  0.000917107  2.77613e-05  1  0
1351  0.000917075  2.77603e-05  1  0
1352  0.000917072  2.77602e-05  1  0
1353  0.000917058  2.77601e-05  1  0
1354  0.000916925  2.77596e-05  1  0
1355  0.000916899  2.77592e-05  1  0
1356  0.00091684  2.77591e-05  1  0
1357  0.000916782  2.77591e-05  1  0
1358  0.000916747  2.77587e-05  1  0
1359  0.00091673  2.77586e-05  1  0
1360  0.000916697  2.77582e-05  1  0
1361  0.000916578  2.77596e-05  1  0
1362  0.000916576  2.77595e-05  1  0
1363  0.000916558  2.77594e-05  1  0
1364  0.000916528  2.7759e-05  1  0
1365  0.000916497  2.77586e-05  1  0
1366  0.000916441  2.7758e-05  1  0
1367  0.000916419  2.77577e-05  1  0
1368  0.0009164  2.77574e-05  1  0
1369  0.0009163  2.77567e-05  1  0
1370  0.000916233  2.77559e-05  1  0
1371  0.000916216  2.77558e-05  1  0
1372  0.000916198  2.77556e-05  1  0
1373  0.000916134  2.77562e-05  1  0
1374  0.000916101  2.77558e-05  1  0
1375  0.000916061  2.77555e-05  1  0
1376  0.000916033  2.77552e-05  1  0
1377  0.000915995  2.77548e-05  1  0
1378  0.000915917  2.77539e-05  1  0
1379  0.000915855  2.77532e-05  1  0
1380  0.000915811  2.77529e-05  1  0
1381  0.00091576  2.77533e-05  1  0
1382  0.000915746  2.77532e-05  1  0
1383  0.000915725  2.7753e-05  1  0
1384  0.000915691  2.77527e-05  1  0
1385  0.000915673  2.77528e-05  1  0
1386  0.000915655  2.77526e-05  1  0
1387  0.000915646  2.77525e-05  1  0
1388  0.000915587  2.77525e-05  1  0
1389  0.00091557  2.77524e-05  1  0
1390  0.000915567  2.77523e-05  1  0
1391  0.000915567  2.77523e-05  1  0
1392  0.000915548  2.77521e-05  1  0
1393  0.000915537  2.7752e-05  1  0
1394  0.000915492  2.77521e-05  1  0
1395  0.000915466  2.77513e-05  1  0
1396  0.000915423  2.77509e-05  1  0
1397  0.000915416  2.77508e-05  1  0
1398  0.000915392  2.77506e-05  1  0
1399  0.000915384  2.77505e-05  1  0
1400  0.00091537  2.77504e-05  1  0
1401  0.000915365  2.77503e-05  1  0
1402  0.000915356  2.77502e-05  1  0
1403  0.000915351  2.77502e-05  1  0
1404  0.000915348  2.77502e-05  1  0
1405  0.000915348  2.77502e-05  1  0
1406  0.000915327  2.77498e-05  1  0
1407  0.000915256  2.77487e-05  1  0
1408  0.000915216  2.77482e-05  1  0
1409  0.000915049  2.77503e-05  1  0
1410  0.000914978  2.77498e-05  1  0
1411  0.000914954  2.77495e-05  1  0
1412  0.000914882  2.77498e-05  1  0
1413  0.000914856  2.77497e-05  1  0
1414  0.000914777  2.77492e-05  1  0
1415  0.000914713  2.77485e-05  1  0
1416  0.000914673  2.77481e-05  1  0
1417  0.000914615  2.77478e-05  1  0
1418  0.000914596  2.77479e-05  1  0
1419  0.000914555  2.77475e-05  1  0
1420  0.00091448  2.77475e-05  1  0
1421  0.000914457  2.77472e-05  1  0
1422  0.00091442  2.77476e-05  1  0
1423  0.000914411  2.77475e-05  1  0
1424  0.000914402  2.77475e-05  1  0
1425  0.000914399  2.77475e-05  1  0
1426  0.000914381  2.77477e-05  1  0
1427  0.000914348  2.77475e-05  1  0
1428  0.000914341  2.77475e-05  1  0
1429  0.000914322  2.77473e-05  1  0
1430  0.0009143  2.77471e-05  1  0
1431  0.000914284  2.77469e-05  1  0
1432  0.000914284  2.77469e-05  1  0
1433  0.000914284  2.77469e-05  1  0
1434  0.000914272  2.77468e-05  1  0
1435  0.000914227  2.77463e-05  1  0
1436  0.000914204  2.7746e-05  1  0
1437  0.000914176  2.77457e-05  1  0
1438  0.000914171  2.77456e-05  1  0
1439  0.000914151  2.77454e-05  1  0
1440  0.000914137  2.77453e-05  1  0
1441  0.000914107  2.77454e-05  1  0
1442  0.000914094  2.77453e-05  1  0
1443  0.000914072  2.77451e-05  1  0
1444  0.000914054  2.77449e-05  1  0
1445  0.000914003  2.77443e-05  1  0
1446  0.000913951  2.77438e-05  1  0
1447  0.00091393  2.77437e-05  1  0
1448  0.000913898  2.77433e-05  1  0
1449  0.000913851  2.77428e-05  1  0
1450  0.000913824  2.77425e-05  1  0
1451  0.000913793  2.77421e-05  1  0
1452  0.000913759  2.77418e-05  1  0
1453  0.000913744  2.77416e-05  1  0
1454  0.000913712  2.77413e-05  1  0
1455  0.000913683  2.7741e-05  1  0
1456  0.000913638  2.77413e-05  1  0
1457  0.000913614  2.77411e-05  1  0
1458  0.000913508  2.77433e-05  1  0
1459  0.000913505  2.77432e-05  1  0
1460  0.000913464  2.77437e-05  1  0
1461  0.000913464  2.77437e-05  1  0
1462  0.000913464  2.77437e-05  1  0
1463  0.000913459  2.77437e-05  1  0
1464  0.000913459  2.77437e-05  1  0
1465  0.000913418  2.77441e-05  1  0
1466  0.000913418  2.77441e-05  1  0
1467  0.000913418  2.77441e-05  1  0
1468  0.000913366  2.77433e-05  1  0
1469  0.000913365  2.77433e-05  1  0
1470  0.000913329  2.77428e-05  1  0
1471  0.000913313  2.77426e-05  1  0
1472  0.000913273  2.77428e-05  1  0
1473  0.000913179  2.7743e-05  1  0
1474  0.000913165  2.77428e-05  1  0
1475  0.000913154  2.77427e-05  1  0
1476  0.000913132  2.77425e-05  1  0
1477  0.000913114  2.77427e-05  1  0
1478  0.000913066  2.77425e-05  1  0
1479  0.000913048  2.77423e-05  1  0
1480  0.00091304  2.77423e-05  1  0
1481  0.000912998  2.7743e-05  1  0
1482  0.000912954  2.77435e-05  1  0
1483  0.000912953  2.77435e-05  1  0
1484  0.000912941  2.77436e-05  1  0
1485  0.000912941  2.77436e-05  1  0
1486  0.000912923  2.77434e-05  1  0
1487  0.000912923  2.77434e-05  1  0
1488  0.000912923  2.77434e-05  1  0
1489  0.000912856  2.77422e-05  1  0
1490  0.000912775  2.77409e-05  1  0
1491  0.000912684  2.77403e-05  1  0
1492  0.000912574  2.77392e-05  1  0
1493  0.000912512  2.77387e-05  1  0
1494  0.000912501  2.77386e-05  1  0
1495  0.000912501  2.77386e-05  1  0
1496  0.000912405  2.77413e-05  1  0
1497  0.000912405  2.77413e-05  1  0
1498  0.000912397  2.77414e-05  1  0
1499  0.00091237  2.77417e-05  1  0
1500  0.000912367  2.77417e-05  1  0
1501  0.000912341  2.7742e-05  1  0
1502  0.000912341  2.7742e-05  1  0
1503  0.000912273  2.77424e-05  1  0
1504  0.000912264  2.77423e-05  1  0
1505  0.000912242  2.7742e-05  1  0
1506  0.000912211  2.77417e-05  1  0
1507  0.000912192  2.7742e-05  1  0
1508  0.000912164  2.77417e-05  1  0
1509  0.000912153  2.77416e-05  1  0
1510  0.000912121  2.77414e-05  1  0
1511  0.000912076  2.77413e-05  1  0
1512  0.000912018  2.77407e-05  1  0
1513  0.000911989  2.77404e-05  1  0
1514  0.000911976  2.77402e-05  1  0
1515  0.000911971  2.77402e-05  1  0
1516  0.000911969  2.77402e-05  1  0
1517  0.000911959  2.77401e-05  1  0
1518  0.000911921  2.77396e-05  1  0
1519  0.000911889  2.77391e-05  1  0
1520  0.000911858  2.77387e-05  1  0
1521  0.000911832  2.77384e-05  1  0
1522  0.00091178  2.77376e-05  1  0
1523  0.00091168  2.77381e-05  1  0
1524  0.000911654  2.77377e-05  1  0
1525  0.000911613  2.77371e-05  1  0
1526  0.000911591  2.77372e-05  1  0
1527  0.000911571  2.77373e-05  1  0
1528  0.000911555  2.77372e-05  1  0
1529  0.00091154  2.7737e-05  1  0
1530  0.00091154  2.7737e-05  1  0
1531  0.00091154  2.7737e-05  1  0
1532  0.00091154  2.7737e-05  1  0
1533  0.000911516  2.77374e-05  1  0
1534  0.000911509  2.77374e-05  1  0
1535  0.000911509  2.77374e-05  1  0
1536  0.000911434  2.77387e-05  1  0
1537  0.000911434  2.77387e-05  1  0
1538  0.000911426  2.77386e-05  1  0
1539  0.000911418  2.77385e-05  1  0
1540  0.000911393  2.77382e-05  1  0
1541  0.000911389  2.77382e-05  1  0
1542  0.000911364  2.77384e-05  1  0
1543  0.000911364  2.77384e-05  1  0
1544  0.000911363  2.77383e-05  1  0
1545  0.000911359  2.77384e-05  1  0
1546  0.000911347  2.77383e-05  1  0
1547  0.000911345  2.77383e-05  1  0
1548  0.000911336  2.77382e-05  1  0
1549  0.000911316  2.7738e-05  1  0
1550  0.000911312  2.7738e-05  1  0
1551  0.000911286  2.77379e-05  1  0
1552  0.000911286  2.77379e-05  1  0
1553  0.000911246  2.77373e-05  1  0
1554  0.000911101  2.7739e-05  1  0
1555  0.00091106  2.77381e-05  1  0
1556  0.000910986  2.77389e-05  1  0
1557  0.000910915  2.77395e-05  1  0
1558  0.000910915  2.77395e-05  1  0
1559  0.00091089  2.77397e-05  1  0
1560  0.00091089  2.77397e-05  1  0
1561  0.000910862  2.77398e-05  1  0
1562  0.000910862  2.77398e-05  1  0
1563  0.000910859  2.77398e-05  1  0
1564  0.000910848  2.77396e-05  1  0
1565  0.000910848  2.77396e-05  1  0
1566  0.000910848  2.77396e-05  1  0
1567  0.000910838  2.77395e-05  1  0
1568  0.000910813  2.77391e-05  1  0
1569  0.000910787  2.7739e-05  1  0
1570  0.000910739  2.77389e-05  1  0
1571  0.000910721  2.77387e-05  1  0
1572  0.000910691  2.77393e-05  1  0
1573  0.000910648  2.77398e-05  1  0
1574  0.000910648  2.77398e-05  1  0
1575  0.000910648  2.77398e-05  1  0
1576  0.000910645  2.77398e-05  1  0
1577  0.000910645  2.77398e-05  1  0
1578  0.000910624  2.77396e-05  1  0
1579  0.000910619  2.77396e-05  1  0
1580  0.000910595  2.77392e-05  1  0
1581  0.000910589  2.77392e-05  1  0
1582  0.000910566  2.77389e-05  1  0
1583  0.000910566  2.77389e-05  1  0
1584  0.000910546  2.77387e-05  1  0
1585  0.000910526  2.77385e-05  1  0
1586  0.000910487  2.77385e-05  1  0
1587  0.000910459  2.77382e-05  1  0
1588  0.000910408  2.77378e-05  1  0
1589  0.000910386  2.77375e-05  1  0
1590  0.000910362  2.77373e-05  1  0
1591  0.000910317  2.77377e-05  1  0
1592  0.000910303  2.77376e-05  1  0
1593  0.000910282  2.77376e-05  1  0
1594  0.000910281  2.77375e-05  1  0
1595  0.000910274  2.77375e-05  1  0
1596  0.000910237  2.7738e-05  1  0
1597  0.000910221  2.7738e-05  1  0
1598  0.000910164  2.77386e-05  1  0
1599  0.000910162  2.77386e-05  1  0
1600  0.000910149  2.77385e-05  1  0
1601  0.00091003  2.77374e-05  1  0
1602  0.000909922  2.77356e-05  1  0
1603  0.000909905  2.77354e-05  1  0
1604  0.00090984  2.77343e-05  1  0
1605  0.000909793  2.77338e-05  1  0
1606  0.000909745  2.77331e-05  1  0
1607  0.000909676  2.7732e-05  1  0
1608  0.000909655  2.77319e-05  1  0
1609  0.000909629  2.77321e-05  1  0
1610  0.000909629  2.77321e-05  1  0
1611  0.000909629  2.77321e-05  1  0
1612  0.000909629  2.77321e-05  1  0
1613  0.000909629  2.77321e-05  1  0
1614  0.000909626  2.77321e-05  1  0
1615  0.000909582  2.77319e-05  1  0
1616  0.000909516  2.7732e-05  1  0
1617  0.000909516  2.7732e-05  1  0
1618  0.000909502  2.77321e-05  1  0
1619  0.000909502  2.77321e-05  1  0
1620  0.000909497  2.77322e-05  1  0
1621  0.000909497  2.77322e-05  1  0
1622  0.000909494  2.77322e-05  1  0
1623  0.000909395  2.77329e-05  1  0
1624  0.000909374  2.77326e-05  1  0
1625  0.000909289  2.77319e-05  1  0
1626  0.000909259  2.77316e-05  1  0
1627  0.000909256  2.77316e-05  1  0
1628  0.000909229  2.77313e-05  1  0
1629  0.000909219  2.77312e-05  1  0
1630  0.000909179  2.77309e-05  1  0
1631  0.000909147  2.77305e-05  1  0
1632  0.000909118  2.77305e-05  1  0
1633  0.000909089  2.77302e-05  1  0
1634  0.000909085  2.77302e-05  1  0
1635  0.000909085  2.77302e-05  1  0
1636  0.000909085  2.77302e-05  1  0
1637  0.000908994  2.77314e-05  1  0
1638  0.000908984  2.77313e-05  1  0
1639  0.000908969  2.77312e-05  1  0
1640  0.000908952  2.7731e-05  1  0
1641  0.000908945  2.77309e-05  1  0
1642  0.000908914  2.77308e-05  1  0
1643  0.000908905  2.77307e-05  1  0
1644  0.000908892  2.77306e-05  1  0
1645  0.000908871  2.77304e-05  1  0
1646  0.000908845  2.77302e-05  1  0
1647  0.000908793  2.77296e-05  1  0
1648  0.000908754  2.77291e-05  1  0
1649  0.000908674  2.77281e-05  1  0
1650  0.000908577  2.77282e-05  1  0
1651  0.000908572  2.77282e-05  1  0
1652  0.000908559  2.77281e-05  1  0
1653  0.000908558  2.77281e-05  1  0
1654  0.000908558  2.77281e-05  1  0
1655  0.000908558  2.77281e-05  1  0
1656  0.000908556  2.77281e-05  1  0
1657  0.00090854  2.77282e-05  1  0
1658  0.000908511  2.77286e-05  1  0
1659  0.000908497  2.77285e-05  1  0
1660  0.00090846  2.7728e-05  1  0
1661  0.000908403  2.77272e-05  1  0
1662  0.000908381  2.7727e-05  1  0
1663  0.000908338  2.77267e-05  1  0
1664  0.000908308  2.77267e-05  1  0
1665  0.000908304  2.77266e-05  1  0
1666  0.000908289  2.77264e-05  1  0
1667  0.000908232  2.77256e-05  1  0
1668  0.000908188  2.7725e-05  1  0
1669  0.000908106  2.77239e-05  1  0
1670  0.000908041  2.77231e-05  1  0
1671  0.000908001  2.77226e-05  1  0
1672  0.000907924  2.77216e-05  1  0
1673  0.000907855  2.77215e-05  1  0
1674  0.000907832  2.77212e-05  1  0
1675  0.000907785  2.77207e-05  1  0
1676  0.000907761  2.77204e-05  1  0
1677  0.000907757  2.77204e-05  1  0
1678  0.000907742  2.77203e-05  1  0
1679  0.000907719  2.77201e-05  1  0
1680  0.0009076  2.77195e-05  1  0
1681  0.000907562  2.77189e-05  1  0
1682  0.000907506  2.77182e-05  1  0
1683  0.000907472  2.77179e-05  1  0
1684  0.000907448  2.77176e-05  1  0
1685  0.000907406  2.77176e-05  1  0
1686  0.000907369  2.77172e-05  1  0
1687  0.000907345  2.7717e-05  1  0
1688  0.000907331  2.77169e-05  1  0
1689  0.000907276  2.77167e-05  1  0
1690  0.000907253  2.77165e-05  1  0
1691  0.000907224  2.77167e-05  1  0
1692  0.000907224  2.77167e-05  1  0
1693  0.000907224  2.77167e-05  1  0
1694  0.000907224  2.77167e-05  1  0
1695  0.000907222  2.77167e-05  1  0
1696  0.000907222  2.77167e-05  1  0
1697  0.000907222  2.77167e-05  1  0
1698  0.000907204  2.77165e-05  1  0
1699  0.000907197  2.77164e-05  1  0
1700  0.000907191  2.77163e-05  1  0
1701  0.000907162  2.77159e-05  1  0
1702  0.000907162  2.77159e-05  1  0
1703  0.000907162  2.77159e-05  1  0
1704  0.000907142  2.7716e-05  1  0
1705  0.000907142  2.7716e-05  1  0
1706  0.000907113  2.77155e-05  1  0
1707  0.000907012  2.77161e-05  1  0
1708  0.000906958  2.77147e-05  1  0
1709  0.000906932  2.77144e-05  1  0
1710  0.000906932  2.77144e-05  1  0
1711  0.000906932  2.77144e-05  1  0
1712  0.00090693  2.77144e-05  1  0
1713  0.000906918  2.77142e-05  1  0
1714  0.000906906  2.77141e-05  1  0
1715  0.000906895  2.77141e-05  1  0
1716  0.000906889  2.7714e-05  1  0
1717  0.000906831  2.77148e-05  1  0
1718  0.000906823  2.77148e-05  1  0
1719  0.000906806  2.77146e-05  1  0
1720  0.000906753  2.77139e-05  1  0
1721  0.000906753  2.77139e-05  1  0
1722  0.000906753  2.77139e-05  1  0
1723  0.000906753  2.77139e-05  1  0
1724  0.000906753  2.77139e-05  1  0
1725  0.000906748  2.77139e-05  1  0
1726  0.000906744  2.77139e-05  1  0
1727  0.000906734  2.77138e-05  1  0
1728  0.00090673  2.77138e-05  1  0
1729  0.000906715  2.77136e-05  1  0
1730  0.000906688  2.77133e-05  1  0
1731  0.000906688  2.77133e-05  1  0
1732  0.000906688  2.77133e-05  1  0
1733  0.000906688  2.77133e-05  1  0
1734  0.000906688  2.77133e-05  1  0
1735  0.000906685  2.77133e-05  1  0
1736  0.000906665  2.77136e-05  1  0
1737  0.00090665  2.77135e-05  1  0
1738  0.000906638  2.77133e-05  1  0
1739  0.000906596  2.77128e-05  1  0
1740  0.000906589  2.77129e-05  1  0
1741  0.000906575  2.77127e-05  1  0
1742  0.000906474  2.77144e-05  1  0
1743  0.00090645  2.77141e-05  1  0
1744  0.000906345  2.77147e-05  1  0
1745  0.000906282  2.77145e-05  1  0
1746  0.000906276  2.77144e-05  1  0
1747  0.000906275  2.77144e-05  1  0
1748  0.000906265  2.77143e-05  1  0
1749  0.000906265  2.77143e-05  1  0
1750  0.00090615  2.77151e-05  1  0
1751  0.000906115  2.77147e-05  1  0
1752  0.000906104  2.77146e-05  1  0
1753  0.000906104  2.77146e-05  1  0
1754  0.000906084  2.77143e-05  1  0
1755  0.000906055  2.77139e-05  1  0
1756  0.000906035  2.77138e-05  1  0
1757  0.000906015  2.77135e-05  1  0
1758  0.000905978  2.77141e-05  1  0
1759  0.000905967  2.7714e-05  1  0
1760  0.000905964  2.77139e-05  1  0
1761  0.00090596  2.77139e-05  1  0
1762  0.000905955  2.77139e-05  1  0
1763  0.000905913  2.77141e-05  1  0
1764  0.000905896  2.77141e-05  1  0
1765  0.000905884  2.7714e-05  1  0
1766  0.000905884  2.7714e-05  1  0
1767  0.000905884  2.7714e-05  1  0
1768  0.000905858  2.77137e-05  1  0
1769  0.000905858  2.77137e-05  1  0
1770  0.000905849  2.77136e-05  1  0
1771  0.000905847  2.77136e-05  1  0
1772  0.000905843  2.77135e-05  1  0
1773  0.000905839  2.77135e-05  1  0
1774  0.000905839  2.77135e-05  1  0
1775  0.000905838  2.77135e-05  1  0
1776  0.000905828  2.77136e-05  1  0
1777  0.000905828  2.77136e-05  1  0
1778  0.000905828  2.77136e-05  1  0
1779  0.000905828  2.77136e-05  1  0
1780  0.000905817  2.77135e-05  1  0
1781  0.000905817  2.77135e-05  1  0
1782  0.000905798  2.77137e-05  1  0
1783  0.000905798  2.77137e-05  1  0
1784  0.000905713  2.77151e-05  1  0
1785  0.000905696  2.77153e-05  1  0
1786  0.000905636  2.77151e-05  1  0
1787  0.000905629  2.77151e-05  1  0
1788  0.000905623  2.7715e-05  1  0
1789  0.000905604  2.77148e-05  1  0
1790  0.000905571  2.77143e-05  1  0
1791  0.000905524  2.77136e-05  1  0
1792  0.000905481  2.7713e-05  1  0
1793  0.00090543  2.77126e-05  1  0
1794  0.00090543  2.77126e-05  1  0
1795  0.000905429  2.77126e-05  1  0
1796  0.000905426  2.77126e-05  1  0
1797  0.000905422  2.77127e-05  1  0
1798  0.000905422  2.77127e-05  1  0
1799  0.000905422  2.77127e-05  1  0
1800  0.000905365  2.77133e-05  1  0
1801  0.000905365  2.77133e-05  1  0
1802  0.000905357  2.77134e-05  1  0
1803  0.000905353  2.77133e-05  1  0
1804  0.000905316  2.7713e-05  1  0
1805  0.000905298  2.77128e-05  1  0
1806  0.000905298  2.77128e-05  1  0
1807  0.000905298  2.77128e-05  1  0
1808  0.000905291  2.77127e-05  1  0
1809  0.000905262  2.77128e-05  1  0
1810  0.000905254  2.77128e-05  1  0
1811  0.000905247  2.77127e-05  1  0
1812  0.00090523  2.77126e-05  1  0
1813  0.000905221  2.77125e-05  1  0
1814  0.000905194  2.7712e-05  1  0
1815  0.000905191  2.7712e-05  1  0
1816  0.000905179  2.77122e-05  1  0
1817  0.000905169  2.77121e-05  1  0
1818  0.000905158  2.7712e-05  1  0
1819  0.000905149  2.77119e-05  1  0
1820  0.000905131  2.77116e-05  1  0
1821  0.000905131  2.77116e-05  1  0
1822  0.000905112  2.77117e-05  1  0
1823  0.000905097  2.77115e-05  1  0
1824  0.000905042  2.77118e-05  1  0
1825  0.000905035  2.77117e-05  1  0
1826  0.00090502  2.77116e-05  1  0
1827  0.00090502  2.77116e-05  1  0
1828  0.000904996  2.77118e-05  1  0
1829  0.000904996  2.77118e-05  1  0
1830  0.000904996  2.77118e-05  1  0
1831  0.000904996  2.77118e-05  1  0
1832  0.000904971  2.77115e-05  1  0
1833  0.000904928  2.77109e-05  1  0
1834  0.000904915  2.77108e-05  1  0
1835  0.000904879  2.7711e-05  1  0
1836  0.00090487  2.77109e-05  1  0
1837  0.000904856  2.77108e-05  1  0
1838  0.000904856  2.77108e-05  1  0
1839  0.00090483  2.77107e-05  1  0
1840  0.00090483  2.77107e-05  1  0
1841  0.00090483  2.77107e-05  1  0
1842  0.00090483  2.77107e-05  1  0
1843  0.000904825  2.77108e-05  1  0
1844  0.00090481  2.7711e-05  1  0
1845  0.000904806  2.77109e-05  1  0
1846  0.00090479  2.77107e-05  1  0
1847  0.000904728  2.77108e-05  1  0
1848  0.000904715  2.77106e-05  1  0
1849  0.000904659  2.77111e-05  1  0
1850  0.000904653  2.7711e-05  1  0
1851  0.000904636  2.77108e-05  1  0
1852  0.000904629  2.77108e-05  1  0
1853  0.000904615  2.77106e-05  1  0
1854  0.000904609  2.77106e-05  1  0
1855  0.000904596  2.77107e-05  1  0
1856  0.000904551  2.77108e-05  1  0
1857  0.000904551  2.77108e-05  1  0
1858  0.000904543  2.77107e-05  1  0
1859  0.000904543  2.77107e-05  1  0
1860  0.000904543  2.77107e-05  1  0
1861  0.000904512  2.77111e-05  1  0
1862  0.00090449  2.77111e-05  1  0
1863  0.00090447  2.77109e-05  1  0
1864  0.000904463  2.77108e-05  1  0
1865  0.000904386  2.7712e-05  1  0
1866  0.000904374  2.77118e-05  1  0
1867  0.000904348  2.77115e-05  1  0
1868  0.000904291  2.77122e-05  1  0
1869  0.000904223  2.77114e-05  1  0
1870  0.000904159  2.7711e-05  1  0
1871  0.000904133  2.77108e-05  1  0
1872  0.000904114  2.77107e-05  1  0
1873  0.000904111  2.77106e-05  1  0
1874  0.0009041  2.77105e-05  1  0
1875  0.00090407  2.77101e-05  1  0
1876  0.00090405  2.77098e-05  1  0
1877  0.00090402  2.77094e-05  1  0
1878  0.00090402  2.77094e-05  1  0
1879  0.000903999  2.77092e-05  1  0
1880  0.000903972  2.77089e-05  1  0
1881  0.000903947  2.77084e-05  1  0
1882  0.000903914  2.77078e-05  1  0
1883  0.000903887  2.77073e-05  1  0
1884  0.000903858  2.7707e-05  1  0
1885  0.000903794  2.77069e-05  1  0
1886  0.000903767  2.77065e-05  1  0
1887  0.000903767  2.77065e-05  1  0
1888  0.000903726  2.77059e-05  1  0
1889  0.000903698  2.77055e-05  1  0
1890  0.000903673  2.77052e-05  1  0
1891  0.00090357  2.77052e-05  1  0
1892  0.000903564  2.77051e-05  1  0
1893  0.000903512  2.77046e-05  1  0
1894  0.000903468  2.77044e-05  1  0
1895  0.000903427  2.77039e-05  1  0
1896  0.00090338  2.77035e-05  1  0
1897  0.000903351  2.77036e-05  1  0
1898  0.000903342  2.77035e-05  1  0
1899  0.000903309  2.77032e-05  1  0
1900  0.000903301  2.77032e-05  1  0
1901  0.000903301  2.77032e-05  1  0
1902  0.000903301  2.77032e-05  1  0
1903  0.000903301  2.77032e-05  1  0
1904  0.000903301  2.77032e-05  1  0
1905  0.000903288  2.7703e-05  1  0
1906  0.000903258  2.77026e-05  1  0
1907  0.000903236  2.77024e-05  1  0
1908  0.000903155  2.77034e-05  1  0
1909  0.000903115  2.77039e-05  1  0
1910  0.000903106  2.77038e-05  1  0
1911  0.000903099  2.77036e-05  1  0
1912  0.000903097  2.77036e-05  1  0
1913  0.000903094  2.77036e-05  1  0
1914  0.000903073  2.77034e-05  1  0
1915  0.000903065  2.77032e-05  1  0
1916  0.000903065  2.77032e-05  1  0
1917  0.000903021  2.77038e-05  1  0
1918  0.000902995  2.7704e-05  1  0
1919  0.000902974  2.77041e-05  1  0
1920  0.000902959  2.77041e-05  1  0
1921  0.000902959  2.77041e-05  1  0
1922  0.000902951  2.77042e-05  1  0
1923  0.000902936  2.7704e-05  1  0
1924  0.000902898  2.77037e-05  1  0
1925  0.000902877  2.77034e-05  1  0
1926  0.000902849  2.77032e-05  1  0
1927  0.000902849  2.77032e-05  1  0
1928  0.000902849  2.77032e-05  1  0
1929  0.000902849  2.77032e-05  1  0
1930  0.000902849  2.77032e-05  1  0
1931  0.000902849  2.77032e-05  1  0
1932  0.00090283  2.77035e-05  1  0
1933  0.00090283  2.77035e-05  1  0
1934  0.00090283  2.77035e-05  1  0
1935  0.000902816  2.77032e-05  1  0
1936  0.000902806  2.77031e-05  1  0
1937  0.000902806  2.77031e-05  1  0
1938  0.000902803  2.77031e-05  1  0
1939  0.000902775  2.77027e-05  1  0
1940  0.000902755  2.77028e-05  1  0
1941  0.000902738  2.77027e-05  1  0
1942  0.000902709  2.77026e-05  1  0
1943  0.000902701  2.77025e-05  1  0
1944  0.000902694  2.77024e-05  1  0
1945  0.000902685  2.77023e-05  1  0
1946  0.000902642  2.77028e-05  1  0
1947  0.000902627  2.77026e-05  1  0
1948  0.000902627  2.77026e-05  1  0
1949  0.000902616  2.77025e-05  1  0
1950  0.000902607  2.77026e-05  1  0
1951  0.000902607  2.77026e-05  1  0
1952  0.000902604  2.77027e-05  1  0
1953  0.000902604  2.77027e-05  1  0
1954  0.000902572  2.7703e-05  1  0
1955  0.000902572  2.7703e-05  1  0
1956  0.000902572  2.7703e-05  1  0
1957  0.000902562  2.77031e-05  1  0
1958  0.000902562  2.77031e-05  1  0
1959  0.000902562  2.77031e-05  1  0
1960  0.000902562  2.77031e-05  1  0
1961  0.000902528  2.7703e-05  1  0
1962  0.000902528  2.7703e-05  1  0
1963  0.000902508  2.77027e-05  1  0
1964  0.000902498  2.77026e-05  1  0
1965  0.000902481  2.77025e-05  1  0
1966  0.000902476  2.77024e-05  1  0
1967  0.000902435  2.77018e-05  1  0
1968  0.000902384  2.77011e-05  1  0
1969  0.000902361  2.77008e-05  1  0
1970  0.000902361  2.77008e-05  1  0
1971  0.000902314  2.77003e-05  1  0
1972  0.000902298  2.77001e-05  1  0
1973  0.000902298  2.77001e-05  1  0
1974  0.000902298  2.77001e-05  1  0
1975  0.000902203  2.77015e-05  1  0
1976  0.000902168  2.7702e-05  1  0
1977  0.000902168  2.7702e-05  1  0
1978  0.000902168  2.7702e-05  1  0
1979  0.000902167  2.7702e-05  1  0
1980  0.000902134  2.77015e-05  1  0
1981  0.00090207  2.77009e-05  1  0
1982  0.000902032  2.77003e-05  1  0
1983  0.000901995  2.76998e-05  1  0
1984  0.000901907  2.76997e-05  1  0
1985  0.000901834  2.77002e-05  1  0
1986  0.000901818  2.77003e-05  1  0
1987  0.000901803  2.77001e-05  1  0
1988  0.000901779  2.76999e-05  1  0
1989  0.000901741  2.77003e-05  1  0
1990  0.000901732  2.77003e-05  1  0
1991  0.00090173  2.77003e-05  1  0
1992  0.000901692  2.76999e-05  1  0
1993  0.000901686  2.76999e-05  1  0
1994  0.000901665  2.76997e-05  1  0
1995  0.00090165  2.76995e-05  1  0
1996  0.000901629  2.76994e-05  1  0
1997  0.000901609  2.76991e-05  1  0
1998  0.000901605  2.76991e-05  1  0
1999  0.000901584  2.76989e-05  1  0
