#sample=179
0  0.486014  0.00799704  0.397486  0.0181488
1  0.468488  0.00817617  0.399255  0.0192139
2  0.453178  0.00846871  0.407169  0.0197324
3  0.440861  0.00880359  0.421136  0.0196188
4  0.429352  0.00920228  0.431285  0.0199712
5  0.420138  0.00951846  0.446276  0.0199502
6  0.409886  0.00981225  0.472998  0.0196617
7  0.403077  0.00993554  0.485847  0.0192401
8  0.396118  0.0100931  0.493762  0.0192312
9  0.3909  0.0102512  0.505121  0.0189982
10  0.387527  0.0103441  0.510615  0.0190439
11  0.384221  0.0104404  0.517412  0.018764
12  0.381016  0.0104527  0.52365  0.0186133
13  0.377994  0.0104725  0.536406  0.0176723
14  0.376004  0.0104859  0.542179  0.0171992
15  0.374021  0.0104851  0.54851  0.0167331
16  0.371692  0.0104935  0.557914  0.0163835
17  0.369041  0.0105137  0.562291  0.0163051
18  0.36699  0.0105609  0.566387  0.0163623
19  0.365267  0.0106213  0.569926  0.0163956
20  0.364074  0.0106506  0.572719  0.0165299
21  0.362768  0.0106413  0.579888  0.0157715
22  0.361486  0.0106667  0.584544  0.0155019
23  0.36041  0.0106937  0.586872  0.0153441
24  0.359607  0.0107141  0.59013  0.0152722
25  0.359348  0.0107169  0.591061  0.0152239
26  0.35894  0.010717  0.593855  0.0151341
27  0.358519  0.0107281  0.593855  0.0151341
28  0.358023  0.0107127  0.594134  0.0151793
29  0.35762  0.0106982  0.597672  0.014832
30  0.357092  0.0106796  0.597672  0.0148367
31  0.356491  0.0106539  0.600466  0.0146426
32  0.356245  0.0106413  0.601117  0.0146319
33  0.356076  0.0106395  0.601397  0.0146363
34  0.355871  0.010633  0.601397  0.0146363
35  0.355739  0.0106302  0.601397  0.0146363
36  0.355536  0.0106247  0.601397  0.0146363
37  0.355431  0.0106223  0.601397  0.0146363
38  0.355196  0.0106237  0.602235  0.0145888
39  0.354702  0.010609  0.603818  0.0144962
40  0.354072  0.0105965  0.605866  0.0144109
41  0.353665  0.0105887  0.606983  0.0142866
42  0.353136  0.010563  0.608007  0.0142092
43  0.352909  0.0105579  0.608007  0.0142092
44  0.352618  0.0105428  0.609032  0.0141279
45  0.352514  0.0105409  0.60987  0.0141164
46  0.352103  0.0105203  0.612756  0.0139001
47  0.351903  0.0105099  0.611918  0.0139709
48  0.351825  0.0105062  0.611732  0.013973
49  0.351704  0.0105  0.611918  0.0139622
50  0.351662  0.0104987  0.612849  0.0138886
51  0.351556  0.0104927  0.612849  0.0138886
52  0.351514  0.0104911  0.61257  0.0139061
53  0.351481  0.0104891  0.613687  0.0138121
54  0.351472  0.0104886  0.613687  0.0138121
55  0.351433  0.0104856  0.613687  0.0138121
56  0.351382  0.010485  0.614246  0.0137975
57  0.351192  0.0104871  0.614618  0.0137371
58  0.350965  0.0104859  0.614618  0.0137371
59  0.350844  0.0104864  0.614618  0.0137371
60  0.350678  0.0104838  0.615549  0.0136613
61  0.350501  0.010486  0.61648  0.0136488
62  0.350329  0.0104871  0.615642  0.0137773
63  0.35023  0.0104908  0.615642  0.0137773
64  0.35007  0.0104875  0.615642  0.0137773
65  0.349812  0.0104772  0.616574  0.0137014
66  0.349519  0.0104674  0.616667  0.0136972
67  0.34896  0.0104418  0.618063  0.0136378
68  0.348783  0.0104338  0.618063  0.0136378
69  0.348628  0.0104244  0.620112  0.0135318
70  0.348397  0.0104129  0.620205  0.0135269
71  0.34829  0.0104088  0.62067  0.0134845
72  0.348062  0.0104017  0.621601  0.0134166
73  0.347812  0.0103909  0.621601  0.0134166
74  0.347692  0.0103851  0.621695  0.0134057
75  0.347414  0.0103755  0.623929  0.0132882
76  0.347199  0.010366  0.623929  0.0132882
77  0.34712  0.0103608  0.622998  0.0133694
78  0.347049  0.0103581  0.622998  0.0133694
79  0.346996  0.0103558  0.622998  0.0133694
80  0.346982  0.010355  0.622998  0.0133694
81  0.34697  0.0103547  0.622998  0.0133694
82  0.346859  0.0103531  0.622998  0.0133694
83  0.346655  0.0103556  0.622998  0.0133694
84  0.346444  0.010356  0.622998  0.0133694
85  0.34636  0.0103506  0.622998  0.0133694
86  0.346251  0.0103437  0.623557  0.013313
87  0.346135  0.0103503  0.623557  0.013313
88  0.346008  0.0103486  0.624022  0.0132968
89  0.345942  0.0103473  0.624022  0.0132968
90  0.345928  0.0103472  0.624022  0.0132968
91  0.345921  0.0103471  0.624022  0.0132968
92  0.345874  0.0103457  0.624022  0.0132968
93  0.345854  0.010345  0.624022  0.0132968
94  0.345841  0.010345  0.624022  0.0132968
95  0.34582  0.0103439  0.624022  0.0132968
96  0.345728  0.0103402  0.624953  0.0131487
97  0.345613  0.0103379  0.624953  0.0131487
98  0.345487  0.0103354  0.624953  0.0131487
99  0.345354  0.0103321  0.624953  0.0131487
100  0.345327  0.010332  0.625885  0.0130654
101  0.3453  0.0103315  0.625326  0.0131022
102  0.345268  0.0103303  0.624953  0.0131487
103  0.345162  0.0103248  0.624674  0.0131665
104  0.345075  0.0103211  0.623836  0.0132442
105  0.345062  0.0103208  0.624022  0.0132317
106  0.34505  0.0103199  0.624022  0.0132317
107  0.34502  0.0103174  0.624022  0.0132317
108  0.34498  0.010315  0.623277  0.013297
109  0.344951  0.0103142  0.621601  0.0134381
110  0.344933  0.010313  0.621601  0.0134381
111  0.344918  0.0103125  0.621601  0.0134381
112  0.344903  0.010312  0.621415  0.0134579
113  0.344884  0.0103103  0.622533  0.0133514
114  0.344851  0.0103089  0.622905  0.0132547
115  0.344824  0.0103078  0.622905  0.0132547
116  0.344809  0.010307  0.62216  0.0133248
117  0.344704  0.010304  0.62216  0.0133248
118  0.344702  0.0103039  0.62216  0.0133248
119  0.3447  0.0103038  0.62216  0.0133248
120  0.344696  0.0103035  0.62216  0.0133248
121  0.344694  0.0103035  0.62216  0.0133248
122  0.344678  0.0103022  0.62216  0.0133248
123  0.344677  0.0103022  0.62216  0.0133248
124  0.344608  0.0103025  0.62216  0.0133248
125  0.344522  0.0102988  0.623091  0.0132437
126  0.344401  0.0103002  0.623091  0.0132437
127  0.344234  0.0102953  0.623929  0.0132324
128  0.344101  0.0102927  0.623929  0.0132324
129  0.34399  0.0102915  0.623929  0.0132324
130  0.343839  0.0102915  0.623929  0.0132324
131  0.343793  0.0102914  0.623929  0.0132324
132  0.343787  0.0102915  0.623929  0.0132324
133  0.343784  0.0102915  0.623929  0.0132324
134  0.343714  0.010296  0.623929  0.0132324
135  0.343674  0.010296  0.624395  0.0131995
136  0.343669  0.0102955  0.624395  0.0131995
137  0.343663  0.0102951  0.624395  0.0131995
138  0.343655  0.0102946  0.624953  0.0131579
139  0.343637  0.0102936  0.624953  0.0131659
140  0.343525  0.0102887  0.625791  0.0131459
141  0.3434  0.0102845  0.626257  0.0131125
142  0.343361  0.0102829  0.626257  0.0131125
143  0.343356  0.0102824  0.626257  0.0131125
144  0.343195  0.0102792  0.626257  0.0131125
145  0.343051  0.0102765  0.626164  0.0131178
146  0.342959  0.0102754  0.626164  0.0131178
147  0.342932  0.0102744  0.626164  0.0131178
148  0.34291  0.0102726  0.626164  0.0131178
149  0.342906  0.0102722  0.62635  0.0130958
150  0.342873  0.0102696  0.62635  0.0130958
151  0.342837  0.0102671  0.62635  0.0130958
152  0.342751  0.0102693  0.62635  0.0130958
153  0.342751  0.0102693  0.62635  0.0130958
154  0.342748  0.0102691  0.62635  0.0130958
155  0.342744  0.0102688  0.62635  0.0130958
156  0.342734  0.0102685  0.62635  0.0130958
157  0.342713  0.0102673  0.62635  0.0130958
158  0.342662  0.0102642  0.626443  0.0130844
159  0.342535  0.0102601  0.628212  0.0129937
160  0.342438  0.0102552  0.628212  0.0129937
161  0.342418  0.0102543  0.628305  0.0129822
162  0.342394  0.0102531  0.628399  0.0129773
163  0.342323  0.0102489  0.628399  0.0129773
164  0.342315  0.0102486  0.628305  0.0129822
165  0.342296  0.0102476  0.628585  0.0129697
166  0.342131  0.0102426  0.628771  0.0129647
167  0.341954  0.0102371  0.629236  0.0129639
168  0.34178  0.0102331  0.629236  0.0129639
169  0.341652  0.0102304  0.629236  0.0129639
170  0.341432  0.0102253  0.629236  0.0129639
171  0.34125  0.0102217  0.629236  0.0129639
172  0.341064  0.0102186  0.629236  0.0129639
173  0.340912  0.01022  0.629236  0.0129639
174  0.340849  0.0102196  0.629236  0.0129639
175  0.340819  0.0102189  0.629236  0.0129639
176  0.340794  0.0102188  0.629236  0.0129639
177  0.340769  0.0102184  0.629236  0.0129639
178  0.340719  0.0102159  0.628771  0.013015
179  0.340596  0.0102109  0.629423  0.012948
180  0.34046  0.0102074  0.629702  0.0129293
181  0.340457  0.0102071  0.629702  0.0129293
182  0.340455  0.0102069  0.629702  0.0129293
183  0.340441  0.0102056  0.629702  0.0129293
184  0.340435  0.0102054  0.629702  0.0129293
185  0.34043  0.0102052  0.629702  0.0129293
186  0.34042  0.0102051  0.629702  0.0129293
187  0.3404  0.0102057  0.629702  0.0129293
188  0.340322  0.0102016  0.629702  0.0129293
189  0.340298  0.0102012  0.629702  0.0129293
190  0.340269  0.0102001  0.630447  0.0128654
191  0.340252  0.0101996  0.630447  0.0128654
192  0.340156  0.010194  0.630447  0.0128654
193  0.340015  0.0101907  0.631378  0.012778
194  0.339975  0.0101882  0.631378  0.012778
195  0.339874  0.0101888  0.632216  0.0126954
196  0.339808  0.0101856  0.631657  0.0127444
197  0.339792  0.010185  0.63175  0.0127394
198  0.339751  0.0101831  0.631471  0.012773
199  0.339711  0.0101806  0.630726  0.0128485
200  0.339673  0.0101784  0.631657  0.0127609
201  0.33965  0.0101771  0.631657  0.0127609
202  0.339607  0.0101756  0.631657  0.0127609
203  0.339594  0.0101752  0.631657  0.0127609
204  0.339591  0.0101752  0.631657  0.0127609
205  0.339587  0.010175  0.631657  0.0127609
206  0.339582  0.0101747  0.631657  0.0127609
207  0.339577  0.0101744  0.632495  0.0126842
208  0.339562  0.0101739  0.632495  0.0126842
209  0.339549  0.0101728  0.632495  0.0126842
210  0.339539  0.0101721  0.632495  0.0126842
211  0.339531  0.0101715  0.632495  0.0126842
212  0.339523  0.0101713  0.632495  0.0126842
213  0.339517  0.0101714  0.632495  0.0126842
214  0.339448  0.0101702  0.632123  0.0127115
215  0.339442  0.0101701  0.63203  0.01272
216  0.339428  0.0101701  0.63203  0.01272
217  0.339414  0.0101702  0.63203  0.01272
218  0.339405  0.0101698  0.63203  0.01272
219  0.339394  0.010169  0.63203  0.01272
220  0.339375  0.0101681  0.63203  0.01272
221  0.339374  0.0101681  0.63203  0.01272
222  0.339324  0.0101636  0.63203  0.01272
223  0.339278  0.0101651  0.63203  0.01272
224  0.339276  0.010165  0.63203  0.01272
225  0.339273  0.010165  0.63203  0.01272
226  0.339273  0.010165  0.63203  0.01272
227  0.339269  0.0101646  0.63203  0.01272
228  0.339269  0.0101646  0.63203  0.01272
229  0.339269  0.0101646  0.63203  0.01272
230  0.339269  0.0101646  0.63203  0.01272
231  0.339269  0.0101646  0.63203  0.01272
232  0.339268  0.0101646  0.63203  0.01272
233  0.339265  0.0101645  0.63203  0.01272
234  0.339237  0.0101619  0.63203  0.01272
235  0.339222  0.0101611  0.63203  0.01272
236  0.339144  0.0101544  0.63203  0.01272
237  0.339143  0.0101544  0.63203  0.01272
238  0.339122  0.0101532  0.63203  0.01272
239  0.339077  0.0101514  0.632216  0.0127119
240  0.33905  0.0101504  0.632309  0.0127089
241  0.339049  0.0101504  0.632309  0.0127089
242  0.338958  0.0101475  0.632402  0.0127065
243  0.338956  0.0101477  0.632402  0.0127065
244  0.338956  0.0101477  0.632402  0.0127065
245  0.338956  0.0101477  0.632402  0.0127065
246  0.338881  0.0101561  0.632402  0.0127065
247  0.338854  0.0101539  0.629795  0.0130118
248  0.338845  0.0101532  0.629702  0.01303
249  0.338837  0.0101526  0.629702  0.01303
250  0.338836  0.0101524  0.629702  0.01303
251  0.338826  0.010152  0.629702  0.01303
252  0.338819  0.0101516  0.629702  0.01303
253  0.338808  0.0101511  0.629702  0.01303
254  0.338794  0.0101503  0.629702  0.01303
255  0.338783  0.0101496  0.629236  0.0130643
256  0.33875  0.010149  0.62933  0.0130562
257  0.338749  0.0101489  0.629236  0.0130643
258  0.33872  0.0101469  0.630168  0.0129788
259  0.338713  0.0101463  0.630354  0.0129629
260  0.338713  0.0101463  0.630354  0.0129629
261  0.338713  0.0101463  0.630354  0.0129629
262  0.338707  0.0101457  0.630447  0.0129559
263  0.338677  0.0101493  0.630447  0.0129559
264  0.338676  0.0101493  0.630447  0.0129559
265  0.338676  0.0101493  0.630633  0.012944
266  0.338672  0.0101489  0.630726  0.0129324
267  0.33867  0.0101487  0.630726  0.0129324
268  0.338643  0.0101481  0.630633  0.012944
269  0.338626  0.010147  0.630633  0.012944
270  0.338622  0.0101467  0.630633  0.012944
271  0.338615  0.0101473  0.630633  0.012944
272  0.338607  0.010148  0.630633  0.012944
273  0.338606  0.0101481  0.630633  0.012944
274  0.338606  0.0101481  0.630633  0.012944
275  0.338606  0.0101481  0.630633  0.012944
276  0.338606  0.0101481  0.630633  0.012944
277  0.338606  0.0101481  0.630633  0.012944
278  0.338572  0.0101448  0.630633  0.012944
279  0.33855  0.010144  0.630633  0.012944
280  0.338546  0.010144  0.630633  0.012944
281  0.338528  0.0101436  0.630633  0.012944
282  0.338527  0.0101436  0.630633  0.012944
283  0.338525  0.0101437  0.630633  0.012944
284  0.338525  0.0101437  0.630633  0.012944
285  0.338521  0.0101433  0.630633  0.012944
286  0.338495  0.0101422  0.630633  0.012944
287  0.33849  0.0101418  0.630633  0.012944
288  0.33849  0.0101418  0.630633  0.012944
289  0.338455  0.0101425  0.630633  0.012944
290  0.338455  0.0101425  0.630633  0.012944
291  0.338453  0.0101424  0.630633  0.012944
292  0.338444  0.0101418  0.630633  0.012944
293  0.338421  0.0101422  0.630633  0.012944
294  0.338421  0.0101422  0.630633  0.012944
295  0.338421  0.0101422  0.630633  0.012944
296  0.338401  0.0101408  0.630633  0.012944
297  0.338376  0.0101407  0.630633  0.012944
298  0.338295  0.0101458  0.630633  0.012944
299  0.338289  0.0101461  0.630633  0.012944
300  0.338288  0.0101461  0.630633  0.012944
301  0.338268  0.0101463  0.630633  0.012944
302  0.338248  0.0101454  0.630633  0.012944
303  0.338248  0.0101454  0.630633  0.012944
304  0.338245  0.0101452  0.630633  0.012944
305  0.33824  0.0101448  0.631564  0.0128571
306  0.338239  0.0101446  0.631564  0.0128571
307  0.338239  0.0101446  0.631564  0.0128571
308  0.338239  0.0101446  0.631564  0.0128571
309  0.338222  0.0101464  0.631564  0.0128571
310  0.33822  0.0101464  0.631564  0.0128571
311  0.338131  0.0101458  0.631564  0.0128571
312  0.338101  0.0101451  0.631564  0.0128571
313  0.338032  0.0101452  0.631006  0.0129013
314  0.338032  0.0101452  0.631006  0.0129013
315  0.338022  0.0101443  0.631006  0.0129013
316  0.338013  0.0101441  0.631006  0.0129013
317  0.338011  0.0101441  0.631006  0.0129013
318  0.337996  0.0101438  0.631006  0.0129013
319  0.337981  0.0101431  0.631006  0.0129013
320  0.337962  0.0101422  0.631006  0.0129013
321  0.337954  0.0101418  0.630633  0.012944
322  0.337899  0.0101423  0.630633  0.012944
323  0.337857  0.0101443  0.630633  0.012944
324  0.337856  0.0101443  0.630633  0.012944
325  0.337847  0.0101438  0.631006  0.0129175
326  0.33777  0.0101422  0.631006  0.0129175
327  0.337711  0.0101406  0.631006  0.0129175
328  0.337624  0.0101391  0.631006  0.0129175
329  0.337582  0.0101379  0.631006  0.0129175
330  0.337557  0.0101368  0.631471  0.0128655
331  0.33755  0.0101361  0.631657  0.0128494
332  0.337501  0.010138  0.63175  0.0128423
333  0.337452  0.0101347  0.631006  0.0129175
334  0.337445  0.0101347  0.631006  0.0129175
335  0.337445  0.0101347  0.631006  0.0129175
336  0.337444  0.0101346  0.631006  0.0129175
337  0.337438  0.010134  0.631006  0.0129175
338  0.337433  0.0101336  0.631006  0.0129175
339  0.337433  0.0101335  0.631006  0.0129175
340  0.337432  0.0101335  0.631006  0.0129175
341  0.337432  0.0101335  0.631006  0.0129175
342  0.337431  0.0101335  0.631006  0.0129175
343  0.337396  0.010132  0.631006  0.0129175
344  0.337395  0.0101319  0.631006  0.0129175
345  0.337391  0.0101316  0.631006  0.0129175
346  0.337303  0.0101262  0.631006  0.0129175
347  0.337289  0.0101258  0.631006  0.0129175
348  0.337273  0.0101254  0.631006  0.0129175
349  0.337273  0.0101254  0.631006  0.0129175
350  0.337261  0.0101243  0.631006  0.0129175
351  0.337257  0.0101239  0.631006  0.0129175
352  0.337196  0.0101205  0.631006  0.0129175
353  0.337149  0.0101181  0.631006  0.0129175
354  0.337084  0.0101151  0.631006  0.0129175
355  0.337084  0.0101151  0.631006  0.0129175
356  0.337084  0.0101151  0.631006  0.0129175
357  0.337084  0.0101151  0.631006  0.0129175
358  0.337084  0.0101151  0.631006  0.0129175
359  0.337084  0.0101151  0.631006  0.0129175
360  0.337084  0.0101151  0.631006  0.0129175
361  0.337083  0.0101151  0.631006  0.0129175
362  0.337083  0.0101151  0.631006  0.0129175
363  0.337073  0.0101152  0.631006  0.0129175
364  0.336868  0.0101088  0.631006  0.0129175
365  0.336749  0.010107  0.631006  0.0129175
366  0.336749  0.010107  0.631006  0.0129175
367  0.336732  0.0101062  0.631006  0.0129175
368  0.336723  0.0101054  0.631006  0.0129175
369  0.336723  0.0101054  0.631006  0.0129175
370  0.336723  0.0101054  0.631006  0.0129175
371  0.336667  0.0101009  0.63175  0.0127988
372  0.336574  0.0100998  0.63175  0.0127988
373  0.336519  0.0100978  0.63175  0.0127988
374  0.336514  0.0100977  0.63175  0.0127988
375  0.336456  0.0101023  0.63175  0.0127988
376  0.336452  0.010102  0.63175  0.0127988
377  0.336448  0.0101018  0.63175  0.0127988
378  0.336448  0.0101018  0.63175  0.0127988
379  0.336448  0.0101018  0.63175  0.0127988
380  0.336448  0.0101018  0.63175  0.0127988
381  0.336448  0.0101018  0.63175  0.0127988
382  0.336448  0.0101018  0.63175  0.0127988
383  0.336448  0.0101018  0.63175  0.0127988
384  0.336444  0.0101021  0.63175  0.0127988
385  0.336444  0.0101021  0.63175  0.0127988
386  0.336444  0.0101021  0.63175  0.0127988
387  0.336444  0.0101021  0.63175  0.0127988
388  0.336444  0.0101021  0.63175  0.0127988
389  0.336444  0.010102  0.63175  0.0127988
390  0.336444  0.010102  0.63175  0.0127988
391  0.336442  0.0101018  0.63175  0.0127988
392  0.336422  0.0101038  0.63175  0.0127988
393  0.336422  0.0101038  0.63175  0.0127988
394  0.336422  0.0101038  0.63175  0.0127988
395  0.336375  0.0101018  0.63175  0.0127988
396  0.336373  0.0101018  0.63175  0.0127988
397  0.336355  0.0101011  0.63175  0.0127988
398  0.33627  0.0100982  0.63175  0.0127988
399  0.33627  0.0100982  0.63175  0.0127988
400  0.33627  0.0100982  0.63175  0.0127988
401  0.336269  0.0100982  0.63175  0.0127988
402  0.336268  0.0100982  0.63175  0.0127988
403  0.336268  0.0100982  0.63175  0.0127988
404  0.336268  0.0100982  0.63175  0.0127988
405  0.336268  0.0100982  0.63175  0.0127988
406  0.336261  0.0100976  0.63175  0.0127988
407  0.336201  0.0100994  0.63175  0.0127988
408  0.336201  0.0100994  0.63175  0.0127988
409  0.336201  0.0100994  0.63175  0.0127988
410  0.336188  0.0100992  0.632682  0.0127788
411  0.336165  0.0100975  0.632961  0.012745
412  0.336161  0.0100973  0.632682  0.0127788
413  0.336158  0.010097  0.632775  0.0127737
414  0.336099  0.0100954  0.632868  0.0127693
415  0.335936  0.0100928  0.632868  0.0127693
416  0.335859  0.0100915  0.632868  0.0127693
417  0.335822  0.0100908  0.632868  0.0127693
418  0.335805  0.0100908  0.632868  0.0127693
419  0.335789  0.0100906  0.632868  0.0127693
420  0.335788  0.0100905  0.632868  0.0127693
421  0.335783  0.01009  0.632868  0.0127693
422  0.335783  0.01009  0.632868  0.0127693
423  0.33578  0.0100898  0.632868  0.0127693
424  0.335779  0.0100897  0.632868  0.0127693
425  0.335763  0.0100887  0.632868  0.0127693
426  0.335763  0.0100887  0.632868  0.0127693
427  0.335763  0.0100887  0.632868  0.0127693
428  0.335761  0.0100887  0.632868  0.0127693
429  0.335744  0.0100879  0.632868  0.0127693
430  0.335742  0.0100879  0.632868  0.0127693
431  0.335729  0.0100879  0.632868  0.0127693
432  0.335711  0.0100872  0.632868  0.0127693
433  0.335708  0.0100869  0.632868  0.0127693
434  0.335708  0.010087  0.632868  0.0127693
435  0.335707  0.010087  0.632868  0.0127693
436  0.335701  0.0100865  0.632868  0.0127693
437  0.335695  0.0100861  0.631564  0.0129112
438  0.335691  0.0100859  0.632588  0.0127886
439  0.335641  0.0100857  0.632402  0.0128049
440  0.335636  0.0100853  0.632402  0.0128049
441  0.335636  0.0100853  0.632402  0.0128049
442  0.335636  0.0100853  0.632402  0.0128049
443  0.335598  0.0100863  0.632402  0.0128049
444  0.335572  0.010087  0.632402  0.0128049
445  0.335572  0.010087  0.632402  0.0128049
446  0.33555  0.010087  0.632402  0.0128049
447  0.33555  0.010087  0.632402  0.0128049
448  0.33555  0.010087  0.632402  0.0128049
449  0.33555  0.010087  0.632402  0.0128049
450  0.33555  0.010087  0.632402  0.0128049
451  0.33555  0.010087  0.632402  0.0128049
452  0.335549  0.010087  0.632402  0.0128049
453  0.335548  0.010087  0.632402  0.0128049
454  0.335548  0.010087  0.632402  0.0128049
455  0.335548  0.010087  0.632402  0.0128049
456  0.335541  0.0100871  0.632402  0.0128049
457  0.335531  0.0100861  0.632402  0.0128049
458  0.335528  0.0100858  0.632402  0.0128049
459  0.335528  0.0100858  0.632402  0.0128049
460  0.335528  0.0100858  0.632402  0.0128049
461  0.335524  0.0100855  0.632402  0.0128049
462  0.335511  0.0100851  0.631937  0.0128234
463  0.335495  0.0100852  0.631937  0.0128234
464  0.335492  0.0100852  0.631937  0.0128234
465  0.335489  0.010085  0.631937  0.0128234
466  0.335402  0.0100808  0.631937  0.0128234
467  0.335329  0.0100779  0.631937  0.0128234
468  0.33517  0.0100739  0.631937  0.0128234
469  0.335019  0.0100719  0.631937  0.0128234
470  0.334962  0.0100712  0.631937  0.0128234
471  0.334955  0.0100712  0.631937  0.0128234
472  0.334948  0.0100708  0.631937  0.0128234
473  0.334941  0.0100703  0.631937  0.0128234
474  0.33494  0.0100703  0.631937  0.0128234
475  0.334936  0.0100701  0.631937  0.0128234
476  0.334924  0.010069  0.631937  0.0128234
477  0.334917  0.0100686  0.631937  0.0128234
478  0.334903  0.010068  0.631937  0.0128234
479  0.334903  0.010068  0.631937  0.0128234
480  0.334898  0.0100676  0.631937  0.0128234
481  0.334889  0.0100669  0.631937  0.0128234
482  0.334888  0.0100668  0.631937  0.0128234
483  0.334886  0.0100667  0.631937  0.0128234
484  0.334868  0.0100661  0.631937  0.0128234
485  0.334853  0.0100651  0.631937  0.0128234
486  0.334834  0.0100638  0.631937  0.0128234
487  0.334834  0.0100638  0.631937  0.0128234
488  0.33478  0.0100652  0.631937  0.0128234
489  0.33478  0.0100652  0.631937  0.0128234
490  0.334771  0.0100646  0.631937  0.0128234
491  0.334771  0.0100646  0.631937  0.0128234
492  0.334771  0.0100646  0.631937  0.0128234
493  0.334734  0.010062  0.632868  0.0126664
494  0.334731  0.0100617  0.632868  0.0126664
495  0.334731  0.0100617  0.632868  0.0126664
496  0.334693  0.0100594  0.632868  0.0126664
497  0.334691  0.0100592  0.632868  0.0126664
498  0.334686  0.0100596  0.632868  0.0126664
499  0.334651  0.0100627  0.632868  0.0126664
500  0.334651  0.0100627  0.632868  0.0126664
501  0.334649  0.0100628  0.632868  0.0126664
502  0.334649  0.0100628  0.632868  0.0126664
503  0.334648  0.0100627  0.632868  0.0126664
504  0.334639  0.0100621  0.632868  0.0126664
505  0.334639  0.0100621  0.632868  0.0126664
506  0.334636  0.010062  0.631937  0.0127552
507  0.334634  0.0100618  0.631937  0.0127552
508  0.334618  0.0100608  0.631937  0.0127552
509  0.334618  0.0100608  0.631937  0.0127552
510  0.334617  0.0100607  0.631937  0.0127552
511  0.334617  0.0100607  0.631937  0.0127552
512  0.334616  0.0100607  0.631937  0.0127552
513  0.334613  0.0100607  0.631937  0.0127552
514  0.33461  0.0100605  0.631937  0.0127552
515  0.334608  0.0100604  0.631937  0.0127552
516  0.3346  0.0100598  0.631937  0.0127552
517  0.3346  0.0100598  0.631937  0.0127552
518  0.334597  0.0100598  0.631937  0.0127552
519  0.334537  0.0100604  0.631937  0.0127552
520  0.334537  0.0100604  0.631937  0.0127552
521  0.334537  0.0100604  0.631937  0.0127552
522  0.334537  0.0100604  0.631937  0.0127552
523  0.334526  0.0100606  0.631937  0.0127552
524  0.334526  0.0100606  0.631937  0.0127552
525  0.334526  0.0100606  0.631937  0.0127552
526  0.334526  0.0100606  0.631937  0.0127552
527  0.334526  0.0100606  0.631937  0.0127552
528  0.334526  0.0100606  0.631937  0.0127552
529  0.334526  0.0100606  0.631937  0.0127552
530  0.334526  0.0100606  0.631937  0.0127552
531  0.334509  0.0100594  0.632402  0.0127435
532  0.334503  0.010059  0.632588  0.0127436
533  0.334503  0.010059  0.632588  0.0127436
534  0.334502  0.010059  0.632588  0.0127436
535  0.334502  0.010059  0.632588  0.0127436
536  0.334485  0.010059  0.632588  0.0127436
537  0.334396  0.0100665  0.632588  0.0127436
538  0.334395  0.0100663  0.632588  0.0127436
539  0.334393  0.0100661  0.632588  0.0127436
540  0.334387  0.0100656  0.632588  0.0127436
541  0.334378  0.0100646  0.632588  0.0127436
542  0.334374  0.0100643  0.632588  0.0127436
543  0.33437  0.0100643  0.63352  0.0126544
544  0.33437  0.0100643  0.63352  0.0126544
545  0.33437  0.0100643  0.63352  0.0126544
546  0.33437  0.0100643  0.63352  0.0126544
547  0.334368  0.0100643  0.63352  0.0126544
548  0.334368  0.0100643  0.63352  0.0126544
549  0.334354  0.0100634  0.634451  0.0125643
550  0.334353  0.0100633  0.634451  0.0125643
551  0.334351  0.0100632  0.634451  0.0125643
552  0.33434  0.0100626  0.634451  0.0125643
553  0.33434  0.0100626  0.634451  0.0125643
554  0.33434  0.0100626  0.634451  0.0125643
555  0.334333  0.0100621  0.634916  0.0125275
556  0.33433  0.0100618  0.634916  0.0125275
557  0.334294  0.0100593  0.633054  0.0127761
558  0.334294  0.0100592  0.633054  0.0127761
559  0.334285  0.0100586  0.633054  0.0127761
560  0.334285  0.0100586  0.633054  0.0127761
561  0.334285  0.0100586  0.633054  0.0127761
562  0.33428  0.0100587  0.633054  0.0127761
563  0.334278  0.0100586  0.633054  0.0127761
564  0.334278  0.0100586  0.633054  0.0127761
565  0.334278  0.0100586  0.633054  0.0127761
566  0.334278  0.0100586  0.633054  0.0127761
567  0.33427  0.0100578  0.633054  0.0127761
568  0.334265  0.0100575  0.633054  0.0127761
569  0.334265  0.0100575  0.633054  0.0127761
570  0.334265  0.0100575  0.633054  0.0127761
571  0.334265  0.0100575  0.633054  0.0127761
572  0.334245  0.0100576  0.633054  0.0127761
573  0.334245  0.0100576  0.633054  0.0127761
574  0.334245  0.0100576  0.633054  0.0127761
575  0.334245  0.0100576  0.633054  0.0127761
576  0.334245  0.0100576  0.633054  0.0127761
577  0.334198  0.0100551  0.633054  0.0127761
578  0.334069  0.0100493  0.633054  0.0127761
579  0.334004  0.0100471  0.633985  0.0127556
580  0.333916  0.0100446  0.633985  0.0127556
581  0.333808  0.0100428  0.633985  0.0127556
582  0.333721  0.0100422  0.633985  0.0127556
583  0.333707  0.0100421  0.633985  0.0127556
584  0.333699  0.0100422  0.633985  0.0127556
585  0.333696  0.0100422  0.633985  0.0127556
586  0.333695  0.0100422  0.633985  0.0127556
587  0.333694  0.0100422  0.633985  0.0127556
588  0.333694  0.0100422  0.633985  0.0127556
589  0.333693  0.0100421  0.633985  0.0127556
590  0.333692  0.010042  0.633985  0.0127556
591  0.333692  0.010042  0.633985  0.0127556
592  0.333692  0.010042  0.633985  0.0127556
593  0.333692  0.010042  0.633985  0.0127556
594  0.333666  0.0100424  0.633985  0.0127556
595  0.333663  0.010042  0.633985  0.0127556
596  0.333657  0.0100417  0.633054  0.0127761
597  0.333657  0.0100417  0.633054  0.0127761
598  0.333655  0.0100415  0.633054  0.0127761
599  0.333637  0.010041  0.633054  0.0127761
600  0.333566  0.0100397  0.632216  0.0128524
601  0.33356  0.0100397  0.632216  0.0128524
602  0.333548  0.0100391  0.632216  0.0128524
603  0.333509  0.0100389  0.632216  0.0128524
604  0.333465  0.0100389  0.632588  0.0128363
605  0.333416  0.010039  0.633147  0.0128323
606  0.333415  0.0100388  0.633147  0.0128323
607  0.333406  0.0100379  0.633147  0.0128323
608  0.333398  0.0100373  0.633054  0.0128381
609  0.333398  0.0100373  0.633054  0.0128381
610  0.333398  0.0100373  0.633054  0.0128381
611  0.333398  0.0100373  0.633147  0.0128323
612  0.333398  0.0100373  0.633147  0.0128323
613  0.33338  0.0100369  0.633147  0.0128323
614  0.333379  0.0100368  0.633147  0.0128323
615  0.333379  0.0100368  0.633147  0.0128323
616  0.333379  0.0100368  0.633147  0.0128323
617  0.333379  0.0100368  0.633147  0.0128323
618  0.333379  0.0100368  0.633147  0.0128323
619  0.333378  0.0100368  0.633147  0.0128323
620  0.333378  0.0100368  0.633147  0.0128323
621  0.333378  0.0100368  0.633147  0.0128323
622  0.333378  0.0100368  0.633147  0.0128323
623  0.333376  0.0100367  0.633147  0.0128323
624  0.333375  0.0100366  0.633147  0.0128323
625  0.333366  0.0100358  0.633147  0.0128323
626  0.333364  0.0100356  0.633147  0.0128323
627  0.333364  0.0100356  0.633147  0.0128323
628  0.333364  0.0100356  0.633147  0.0128323
629  0.333364  0.0100356  0.633147  0.0128323
630  0.333364  0.0100356  0.633147  0.0128323
631  0.333364  0.0100356  0.633147  0.0128323
632  0.333364  0.0100356  0.633147  0.0128323
633  0.333356  0.0100349  0.633147  0.0128323
634  0.333356  0.0100349  0.633147  0.0128323
635  0.333352  0.0100346  0.633147  0.0128323
636  0.33335  0.0100344  0.633147  0.0128323
637  0.333306  0.0100351  0.633147  0.0128323
638  0.333305  0.010035  0.633147  0.0128323
639  0.333305  0.010035  0.633147  0.0128323
640  0.333305  0.010035  0.633147  0.0128323
641  0.333296  0.0100341  0.633147  0.0128323
642  0.333295  0.0100339  0.633147  0.0128323
643  0.333295  0.0100339  0.633147  0.0128323
644  0.333295  0.0100339  0.633147  0.0128323
645  0.333295  0.0100339  0.633147  0.0128323
646  0.333294  0.0100339  0.632682  0.0129017
647  0.333294  0.0100339  0.632682  0.0129017
648  0.333294  0.0100339  0.632682  0.0129017
649  0.333294  0.0100339  0.632682  0.0129017
650  0.333294  0.0100339  0.632682  0.0129017
651  0.333294  0.0100339  0.632682  0.0129017
652  0.333294  0.0100339  0.632682  0.0129017
653  0.333288  0.0100344  0.633613  0.012949
654  0.333288  0.0100344  0.633613  0.012949
655  0.333288  0.0100344  0.633613  0.012949
656  0.333288  0.0100344  0.633613  0.012949
657  0.333288  0.0100344  0.633613  0.012949
658  0.333288  0.0100344  0.633613  0.012949
659  0.33327  0.010034  0.633613  0.012949
660  0.33327  0.0100341  0.633613  0.012949
661  0.33327  0.0100341  0.633613  0.012949
662  0.33327  0.0100341  0.633613  0.012949
663  0.33327  0.0100341  0.633613  0.012949
664  0.33327  0.0100341  0.633613  0.012949
665  0.33327  0.0100341  0.633613  0.012949
666  0.33327  0.0100341  0.633613  0.012949
667  0.33327  0.0100341  0.633613  0.012949
668  0.333268  0.0100339  0.632682  0.0130361
669  0.333268  0.0100339  0.632682  0.0130361
670  0.333268  0.0100339  0.632682  0.0130361
671  0.333268  0.0100339  0.632682  0.0130361
672  0.333268  0.0100339  0.632682  0.0130361
673  0.333257  0.0100329  0.632682  0.0130361
674  0.333257  0.0100329  0.632682  0.0130361
675  0.333257  0.0100329  0.632682  0.0130361
676  0.333256  0.0100328  0.632123  0.0131199
677  0.333251  0.0100323  0.632682  0.0130361
678  0.333251  0.0100323  0.632682  0.0130361
679  0.333251  0.0100323  0.632682  0.0130361
680  0.333246  0.010032  0.632682  0.0130361
681  0.333246  0.010032  0.632682  0.0130361
682  0.333246  0.010032  0.632682  0.0130361
683  0.333246  0.010032  0.632682  0.0130361
684  0.333244  0.010032  0.632682  0.0130361
685  0.333243  0.010032  0.632682  0.0130361
686  0.333232  0.0100312  0.633892  0.0128479
687  0.333231  0.0100312  0.633892  0.0128479
688  0.333231  0.0100312  0.633892  0.0128479
689  0.333231  0.0100312  0.633892  0.0128479
690  0.333231  0.0100312  0.633892  0.0128479
691  0.333231  0.0100312  0.633892  0.0128479
692  0.333231  0.0100312  0.633892  0.0128479
693  0.333225  0.0100307  0.634823  0.0127589
694  0.333225  0.0100307  0.634823  0.0127589
695  0.333225  0.0100307  0.634823  0.0127589
696  0.333225  0.0100307  0.634823  0.0127589
697  0.333225  0.0100307  0.634823  0.0127589
698  0.333223  0.0100305  0.634823  0.0127589
699  0.333223  0.0100305  0.634823  0.0127589
700  0.333221  0.0100302  0.634823  0.0127589
701  0.333221  0.0100302  0.634823  0.0127589
702  0.333219  0.01003  0.634823  0.0127589
703  0.33321  0.010031  0.634823  0.0127589
704  0.33321  0.010031  0.634823  0.0127589
705  0.33321  0.010031  0.634823  0.0127589
706  0.333208  0.0100308  0.634823  0.0127589
707  0.333206  0.0100307  0.634823  0.0127589
708  0.333203  0.0100304  0.633054  0.0128693
709  0.333203  0.0100304  0.633054  0.0128693
710  0.333202  0.0100302  0.633054  0.0128693
711  0.333202  0.0100302  0.633054  0.0128693
712  0.33319  0.0100302  0.633054  0.0128693
713  0.333186  0.0100298  0.633054  0.0128693
714  0.333182  0.0100295  0.633054  0.0128693
715  0.333178  0.0100291  0.633054  0.0128693
716  0.333178  0.0100291  0.633054  0.0128693
717  0.333178  0.0100291  0.633054  0.0128693
718  0.333178  0.0100291  0.633054  0.0128693
719  0.333178  0.0100291  0.633054  0.0128693
720  0.333178  0.0100291  0.633054  0.0128693
721  0.333178  0.0100291  0.633054  0.0128693
722  0.333178  0.0100291  0.633054  0.0128693
723  0.333178  0.0100291  0.633054  0.0128693
724  0.333178  0.0100291  0.633054  0.0128693
725  0.333178  0.0100291  0.633054  0.0128693
726  0.333172  0.0100291  0.633054  0.0128693
727  0.333103  0.0100307  0.633054  0.0128693
728  0.333089  0.0100311  0.633054  0.0128693
729  0.333089  0.0100311  0.633054  0.0128693
730  0.333089  0.0100311  0.633054  0.0128693
731  0.333089  0.0100311  0.633054  0.0128693
732  0.333089  0.0100311  0.633054  0.0128693
733  0.333089  0.0100311  0.633054  0.0128693
734  0.333088  0.0100311  0.633054  0.0128693
735  0.333088  0.0100311  0.633054  0.0128693
736  0.333088  0.0100311  0.633054  0.0128693
737  0.333088  0.0100311  0.633054  0.0128693
738  0.333088  0.0100311  0.633054  0.0128693
739  0.333088  0.0100311  0.633054  0.0128693
740  0.333088  0.0100311  0.633054  0.0128693
741  0.333088  0.0100311  0.633054  0.0128693
742  0.333088  0.0100311  0.633054  0.0128693
743  0.333087  0.0100311  0.633054  0.0128693
744  0.333087  0.0100311  0.633054  0.0128693
745  0.333087  0.0100311  0.633054  0.0128693
746  0.333087  0.0100311  0.633054  0.0128693
747  0.333087  0.0100311  0.633054  0.0128693
748  0.333087  0.0100311  0.633054  0.0128693
749  0.333087  0.0100311  0.633054  0.0128693
750  0.333044  0.0100326  0.633054  0.0128693
751  0.333044  0.0100326  0.633054  0.0128693
752  0.333031  0.010033  0.632123  0.0128893
753  0.333019  0.0100321  0.632123  0.0128893
754  0.333009  0.0100314  0.632123  0.0128893
755  0.333008  0.0100313  0.632123  0.0128893
756  0.333  0.0100309  0.632123  0.0128893
757  0.333  0.0100309  0.632123  0.0128893
758  0.332996  0.0100307  0.632123  0.0128893
759  0.33299  0.0100303  0.632123  0.0128893
760  0.33298  0.0100298  0.632123  0.0128893
761  0.33298  0.0100298  0.632123  0.0128893
762  0.33297  0.010029  0.632123  0.0128893
763  0.33297  0.010029  0.632123  0.0128893
764  0.332969  0.010029  0.632123  0.0128893
765  0.332969  0.010029  0.632123  0.0128893
766  0.332969  0.010029  0.632123  0.0128893
767  0.332969  0.010029  0.632123  0.0128893
768  0.332956  0.010028  0.632123  0.0128893
769  0.332955  0.010028  0.632123  0.0128893
770  0.332955  0.010028  0.632123  0.0128893
771  0.332955  0.010028  0.632123  0.0128893
772  0.332955  0.010028  0.632123  0.0128893
773  0.332955  0.010028  0.632123  0.0128893
774  0.332955  0.010028  0.632123  0.0128893
775  0.332955  0.010028  0.632123  0.0128893
776  0.332955  0.010028  0.632123  0.0128893
777  0.332955  0.010028  0.632123  0.0128893
778  0.332955  0.010028  0.632123  0.0128893
779  0.332955  0.010028  0.632123  0.0128893
780  0.332955  0.010028  0.632123  0.0128893
781  0.332955  0.010028  0.632123  0.0128893
782  0.332955  0.010028  0.632123  0.0128893
783  0.332955  0.010028  0.632123  0.0128893
784  0.332955  0.010028  0.632123  0.0128893
785  0.332954  0.010028  0.632123  0.0128893
786  0.332954  0.010028  0.632123  0.0128893
787  0.332954  0.010028  0.632123  0.0128893
788  0.332953  0.0100278  0.632682  0.0128285
789  0.332951  0.0100277  0.632588  0.012837
790  0.332951  0.0100277  0.632588  0.012837
791  0.332951  0.0100277  0.632588  0.012837
792  0.332951  0.0100277  0.632588  0.012837
793  0.332951  0.0100277  0.632588  0.012837
794  0.332951  0.0100277  0.632588  0.012837
795  0.332951  0.0100277  0.632588  0.012837
796  0.332951  0.0100277  0.632588  0.012837
797  0.332951  0.0100277  0.632588  0.012837
798  0.332951  0.0100277  0.632588  0.012837
799  0.332951  0.0100277  0.632588  0.012837
800  0.332951  0.0100277  0.632588  0.012837
801  0.332943  0.0100275  0.633426  0.0127604
802  0.332943  0.0100275  0.633426  0.0127604
803  0.332943  0.0100275  0.633426  0.0127604
804  0.332943  0.0100275  0.633426  0.0127604
805  0.332932  0.0100266  0.633426  0.0127604
806  0.332932  0.0100266  0.633426  0.0127604
807  0.332929  0.0100264  0.633426  0.0127604
808  0.332926  0.0100261  0.633426  0.0127604
809  0.332887  0.0100238  0.633426  0.0127604
810  0.332874  0.0100231  0.633426  0.0127604
811  0.332873  0.0100231  0.633426  0.0127604
812  0.332873  0.0100231  0.633426  0.0127604
813  0.332873  0.0100231  0.633426  0.0127604
814  0.332864  0.0100224  0.63352  0.0127553
815  0.332864  0.0100224  0.63352  0.0127553
816  0.332864  0.0100224  0.63352  0.0127553
817  0.332862  0.0100224  0.63352  0.0127553
818  0.332787  0.0100226  0.63352  0.0127553
819  0.332771  0.0100218  0.63352  0.0127553
820  0.332743  0.0100219  0.63352  0.0127553
821  0.332739  0.0100217  0.63352  0.0127553
822  0.332739  0.0100217  0.63352  0.0127553
823  0.332734  0.0100213  0.63352  0.0127553
824  0.332734  0.0100213  0.63352  0.0127553
825  0.332734  0.0100213  0.63352  0.0127553
826  0.332734  0.0100213  0.63352  0.0127553
827  0.332732  0.0100212  0.63352  0.0127553
828  0.332732  0.0100212  0.63352  0.0127553
829  0.332732  0.0100212  0.63352  0.0127553
830  0.332731  0.0100212  0.63352  0.0127553
831  0.332731  0.0100212  0.63352  0.0127553
832  0.33273  0.0100212  0.63352  0.0127553
833  0.33273  0.0100212  0.63352  0.0127553
834  0.33273  0.0100212  0.63352  0.0127553
835  0.332715  0.0100212  0.63352  0.0127553
836  0.332715  0.0100212  0.63352  0.0127553
837  0.332709  0.0100212  0.63352  0.0127553
838  0.332709  0.0100212  0.63352  0.0127553
839  0.332665  0.0100191  0.63352  0.0127553
840  0.332665  0.0100191  0.63352  0.0127553
841  0.332651  0.0100184  0.63352  0.0127553
842  0.332651  0.0100184  0.63352  0.0127553
843  0.332649  0.0100183  0.63352  0.0127553
844  0.332646  0.010018  0.63352  0.0127553
845  0.332646  0.010018  0.63352  0.0127553
846  0.332594  0.0100135  0.63352  0.0127553
847  0.332523  0.0100121  0.63352  0.0127553
848  0.332523  0.0100121  0.63352  0.0127553
849  0.332523  0.0100121  0.63352  0.0127553
850  0.332523  0.0100121  0.63352  0.0127553
851  0.332523  0.0100121  0.63352  0.0127553
852  0.332523  0.0100121  0.63352  0.0127553
853  0.332523  0.0100121  0.63352  0.0127553
854  0.332495  0.0100109  0.63352  0.0127553
855  0.332495  0.0100109  0.63352  0.0127553
856  0.332495  0.0100109  0.63352  0.0127553
857  0.332423  0.010008  0.63352  0.0127553
858  0.332397  0.010007  0.63352  0.0127553
859  0.332397  0.010007  0.63352  0.0127553
860  0.332393  0.0100069  0.63352  0.0127553
861  0.332393  0.0100069  0.63352  0.0127553
862  0.332393  0.0100069  0.63352  0.0127553
863  0.332393  0.0100069  0.63352  0.0127553
864  0.332393  0.0100069  0.63352  0.0127553
865  0.332393  0.0100069  0.63352  0.0127553
866  0.332393  0.0100069  0.63352  0.0127553
867  0.332393  0.0100069  0.63352  0.0127553
868  0.332393  0.0100069  0.63352  0.0127553
869  0.332393  0.0100069  0.63352  0.0127553
870  0.332357  0.0100103  0.63352  0.0127553
871  0.33234  0.010009  0.63352  0.0127553
872  0.33234  0.010009  0.63352  0.0127553
873  0.332335  0.010009  0.63352  0.0127553
874  0.332334  0.0100089  0.63352  0.0127553
875  0.332333  0.0100088  0.63352  0.0127553
876  0.332333  0.0100088  0.63352  0.0127553
877  0.332333  0.0100088  0.63352  0.0127553
878  0.332333  0.0100088  0.63352  0.0127553
879  0.332333  0.0100088  0.63352  0.0127553
880  0.33233  0.0100088  0.63352  0.0127553
881  0.332328  0.0100088  0.63352  0.0127553
882  0.332327  0.0100088  0.63352  0.0127553
883  0.332326  0.0100088  0.63352  0.0127553
884  0.332326  0.0100088  0.63352  0.0127553
885  0.332326  0.0100088  0.63352  0.0127553
886  0.332324  0.0100087  0.633426  0.0127611
887  0.332324  0.0100087  0.633426  0.0127611
888  0.332324  0.0100087  0.633426  0.0127611
889  0.332324  0.0100087  0.633426  0.0127611
890  0.332324  0.0100087  0.633426  0.0127611
891  0.332322  0.0100086  0.632961  0.0128139
892  0.332318  0.0100083  0.632961  0.0128139
893  0.332273  0.0100056  0.632961  0.0128139
894  0.332273  0.0100056  0.632961  0.0128139
895  0.332264  0.0100056  0.63203  0.0129017
896  0.332244  0.0100043  0.63203  0.0129017
897  0.332235  0.0100042  0.63203  0.0129017
898  0.332235  0.0100042  0.63203  0.0129017
899  0.332233  0.010004  0.63203  0.0129017
900  0.332229  0.0100037  0.63203  0.0129017
901  0.332222  0.0100032  0.63203  0.0129017
902  0.332222  0.0100032  0.63203  0.0129017
903  0.332222  0.0100032  0.63203  0.0129017
904  0.332219  0.0100035  0.63203  0.0129017
905  0.332219  0.0100035  0.63203  0.0129017
906  0.332219  0.0100035  0.63203  0.0129017
907  0.332219  0.0100035  0.63203  0.0129017
908  0.332195  0.0100038  0.63203  0.0129017
909  0.332194  0.0100038  0.63203  0.0129017
910  0.332172  0.0100019  0.63203  0.0129017
911  0.332168  0.0100016  0.632961  0.0128139
912  0.332168  0.0100016  0.632961  0.0128139
913  0.332168  0.0100016  0.632961  0.0128139
914  0.332164  0.0100017  0.632961  0.0128139
915  0.332139  0.0100018  0.632961  0.0128139
916  0.332133  0.0100019  0.632961  0.0128139
917  0.332125  0.0100012  0.632961  0.0128139
918  0.332125  0.0100012  0.632961  0.0128139
919  0.332125  0.0100012  0.632961  0.0128139
920  0.332125  0.0100012  0.632961  0.0128139
921  0.332073  0.010003  0.632961  0.0128139
922  0.332073  0.010003  0.632961  0.0128139
923  0.332073  0.010003  0.632961  0.0128139
924  0.332073  0.010003  0.632961  0.0128139
925  0.332072  0.0100029  0.632961  0.0128139
926  0.332072  0.0100029  0.632961  0.0128139
927  0.33207  0.0100027  0.632961  0.0128139
928  0.33207  0.0100027  0.632961  0.0128139
929  0.33207  0.0100027  0.632961  0.0128139
930  0.33207  0.0100027  0.632961  0.0128139
931  0.33207  0.0100027  0.632961  0.0128139
932  0.33207  0.0100027  0.632961  0.0128139
933  0.33207  0.0100027  0.632961  0.0128139
934  0.33207  0.0100027  0.632961  0.0128139
935  0.332069  0.0100026  0.633426  0.0127611
936  0.332066  0.0100025  0.633613  0.0127447
937  0.332066  0.0100025  0.633613  0.0127447
938  0.332056  0.0100019  0.633706  0.0127375
939  0.332056  0.0100019  0.633706  0.0127375
940  0.332056  0.0100019  0.633706  0.0127375
941  0.332056  0.0100019  0.633706  0.0127375
942  0.332056  0.0100019  0.633706  0.0127375
943  0.332056  0.0100019  0.633706  0.0127375
944  0.332056  0.0100019  0.633706  0.0127375
945  0.332056  0.0100019  0.633706  0.0127375
946  0.332056  0.0100019  0.633706  0.0127375
947  0.332056  0.0100019  0.633706  0.0127375
948  0.332056  0.0100019  0.633706  0.0127375
949  0.332017  0.0100038  0.633706  0.0127375
950  0.332017  0.0100038  0.633706  0.0127375
951  0.332011  0.0100038  0.633706  0.0127375
952  0.332002  0.0100031  0.633706  0.0127375
953  0.332002  0.0100031  0.633706  0.0127375
954  0.332002  0.0100031  0.633706  0.0127375
955  0.332002  0.0100031  0.634171  0.0127014
956  0.331997  0.010003  0.634171  0.0127014
957  0.331992  0.0100028  0.634171  0.0127014
958  0.331987  0.0100023  0.634171  0.0127014
959  0.331987  0.0100023  0.634171  0.0127014
960  0.331987  0.0100023  0.634171  0.0127014
961  0.331982  0.010002  0.634171  0.0127014
962  0.331981  0.0100018  0.634171  0.0127014
963  0.331977  0.0100014  0.634171  0.0127014
964  0.331974  0.0100012  0.634171  0.0127014
965  0.331974  0.0100012  0.634171  0.0127014
966  0.331974  0.0100012  0.634171  0.0127014
967  0.331974  0.0100012  0.634171  0.0127014
968  0.331974  0.0100012  0.634171  0.0127014
969  0.331974  0.0100012  0.634171  0.0127014
970  0.331972  0.010001  0.634171  0.0127014
971  0.331972  0.010001  0.634171  0.0127014
972  0.331972  0.010001  0.634171  0.0127014
973  0.331972  0.010001  0.634171  0.0127014
974  0.331972  0.010001  0.634171  0.0127014
975  0.331958  0.0100016  0.634171  0.0127014
976  0.331958  0.0100016  0.634171  0.0127014
977  0.331958  0.0100016  0.634171  0.0127014
978  0.331958  0.0100016  0.634171  0.0127014
979  0.331935  0.0100001  0.633799  0.0127481
980  0.331931  0.00999972  0.633799  0.0127481
981  0.331916  0.00999873  0.632961  0.0128919
982  0.331903  0.00999784  0.632961  0.0128919
983  0.331882  0.00999653  0.632961  0.0128919
984  0.331882  0.00999653  0.632961  0.0128919
985  0.33188  0.00999645  0.632961  0.0128919
986  0.33188  0.00999645  0.632961  0.0128919
987  0.33188  0.00999645  0.632961  0.0128919
988  0.33188  0.00999645  0.632961  0.0128919
989  0.33188  0.00999645  0.632961  0.0128919
990  0.331879  0.00999636  0.632961  0.0128919
991  0.331869  0.00999546  0.632961  0.0128919
992  0.331866  0.00999516  0.632961  0.0128919
993  0.331866  0.00999516  0.632961  0.0128919
994  0.331866  0.00999516  0.632961  0.0128919
995  0.331864  0.00999502  0.632961  0.0128919
996  0.331864  0.00999502  0.632961  0.0128919
997  0.331863  0.00999496  0.632961  0.0128919
998  0.331863  0.00999494  0.632961  0.0128919
999  0.331863  0.00999494  0.632961  0.0128919
1000  0.331863  0.00999494  0.632961  0.0128919
1001  0.331863  0.00999494  0.632961  0.0128919
1002  0.331863  0.00999494  0.632961  0.0128919
1003  0.331863  0.00999496  0.632961  0.0128919
1004  0.331862  0.00999498  0.632961  0.0128919
1005  0.331862  0.00999498  0.632961  0.0128919
1006  0.331862  0.00999498  0.632961  0.0128919
1007  0.331862  0.00999498  0.632961  0.0128919
1008  0.331818  0.00999948  0.632961  0.0128919
1009  0.331818  0.00999948  0.632961  0.0128919
1010  0.331818  0.00999948  0.632961  0.0128919
1011  0.331817  0.00999932  0.633054  0.0128862
1012  0.331817  0.0099993  0.633054  0.0128862
1013  0.331815  0.00999914  0.633054  0.0128862
1014  0.331815  0.00999914  0.633054  0.0128862
1015  0.331815  0.00999914  0.633054  0.0128862
1016  0.331815  0.00999914  0.633054  0.0128862
1017  0.331815  0.00999914  0.633054  0.0128862
1018  0.331815  0.00999914  0.633054  0.0128862
1019  0.331815  0.00999914  0.633054  0.0128862
1020  0.331812  0.0099988  0.633054  0.0128862
1021  0.331811  0.00999866  0.633054  0.0128862
1022  0.331809  0.0099985  0.633054  0.0128862
1023  0.331809  0.0099985  0.633054  0.0128862
1024  0.331809  0.0099985  0.633054  0.0128862
1025  0.331809  0.0099985  0.633054  0.0128862
1026  0.331806  0.00999819  0.633054  0.0128862
1027  0.331801  0.0099988  0.633054  0.0128862
1028  0.331801  0.0099988  0.633054  0.0128862
1029  0.331732  0.00999933  0.633054  0.0128862
1030  0.331732  0.00999933  0.633054  0.0128862
1031  0.331732  0.00999933  0.633054  0.0128862
1032  0.331732  0.00999933  0.633054  0.0128862
1033  0.331732  0.00999933  0.633054  0.0128862
1034  0.331732  0.00999933  0.633054  0.0128862
1035  0.331732  0.00999933  0.633054  0.0128862
1036  0.331732  0.00999933  0.633054  0.0128862
1037  0.331732  0.00999933  0.633054  0.0128862
1038  0.331732  0.00999933  0.633054  0.0128862
1039  0.331732  0.00999933  0.633054  0.0128862
1040  0.331732  0.00999933  0.633054  0.0128862
1041  0.331732  0.00999933  0.633054  0.0128862
1042  0.331732  0.00999933  0.633054  0.0128862
1043  0.331732  0.00999933  0.633054  0.0128862
1044  0.331732  0.00999933  0.633054  0.0128862
1045  0.331732  0.00999933  0.633054  0.0128862
1046  0.331726  0.00999933  0.633054  0.0128862
1047  0.331726  0.00999933  0.633054  0.0128862
1048  0.331726  0.00999933  0.633054  0.0128862
1049  0.331726  0.00999933  0.633054  0.0128862
1050  0.331726  0.00999933  0.633054  0.0128862
1051  0.331726  0.00999933  0.633054  0.0128862
1052  0.331726  0.00999933  0.633054  0.0128862
1053  0.331726  0.00999933  0.633054  0.0128862
1054  0.331726  0.00999933  0.633054  0.0128862
1055  0.331726  0.00999933  0.633054  0.0128862
1056  0.331726  0.00999933  0.633054  0.0128862
1057  0.331726  0.00999933  0.633054  0.0128862
1058  0.331726  0.00999933  0.633054  0.0128862
1059  0.331726  0.00999933  0.633054  0.0128862
1060  0.331726  0.00999933  0.633054  0.0128862
1061  0.331725  0.00999926  0.633054  0.0128862
1062  0.331725  0.00999922  0.633054  0.0128862
1063  0.331725  0.00999923  0.633054  0.0128862
1064  0.331724  0.00999924  0.633054  0.0128862
1065  0.331724  0.00999924  0.633054  0.0128862
1066  0.331724  0.00999924  0.633054  0.0128862
1067  0.331724  0.00999924  0.633054  0.0128862
1068  0.331704  0.00999946  0.633054  0.0128862
1069  0.331685  0.0099997  0.633054  0.0128862
1070  0.331685  0.0099997  0.633054  0.0128862
1071  0.331685  0.0099997  0.633054  0.0128862
1072  0.331685  0.0099997  0.633054  0.0128862
1073  0.331685  0.0099997  0.633054  0.0128862
1074  0.331685  0.0099997  0.633054  0.0128862
1075  0.331685  0.0099997  0.633054  0.0128862
1076  0.331685  0.0099997  0.633054  0.0128862
1077  0.33168  0.00999928  0.633054  0.0128862
1078  0.331679  0.00999917  0.633054  0.0128862
1079  0.331679  0.00999917  0.633054  0.0128862
1080  0.331678  0.00999912  0.633054  0.0128862
1081  0.331678  0.00999912  0.633054  0.0128862
1082  0.331678  0.0099991  0.633054  0.0128862
1083  0.331675  0.00999882  0.633054  0.0128862
1084  0.331674  0.00999872  0.633054  0.0128862
1085  0.331674  0.00999872  0.633054  0.0128862
1086  0.331674  0.00999872  0.633054  0.0128862
1087  0.331674  0.00999872  0.633054  0.0128862
1088  0.331674  0.00999872  0.633054  0.0128862
1089  0.331674  0.00999872  0.633054  0.0128862
1090  0.331672  0.00999846  0.633054  0.0128862
1091  0.331672  0.00999843  0.633054  0.0128862
1092  0.331669  0.00999815  0.633054  0.0128862
1093  0.331669  0.00999815  0.633054  0.0128862
1094  0.331669  0.00999811  0.633054  0.0128862
1095  0.331667  0.00999796  0.633054  0.0128862
1096  0.331665  0.00999776  0.633054  0.0128862
1097  0.331665  0.00999776  0.633054  0.0128862
1098  0.331665  0.00999776  0.633054  0.0128862
1099  0.331665  0.00999776  0.633054  0.0128862
1100  0.331665  0.00999776  0.633054  0.0128862
1101  0.331665  0.00999776  0.633054  0.0128862
1102  0.331665  0.00999774  0.633054  0.0128862
1103  0.331664  0.00999764  0.633054  0.0128862
1104  0.331663  0.00999754  0.633054  0.0128862
1105  0.331662  0.00999754  0.633054  0.0128862
1106  0.331662  0.00999754  0.633054  0.0128862
1107  0.331662  0.00999754  0.633054  0.0128862
1108  0.331662  0.00999753  0.633054  0.0128862
1109  0.331662  0.00999753  0.633054  0.0128862
1110  0.331661  0.00999739  0.633054  0.0128862
1111  0.331661  0.00999739  0.633054  0.0128862
1112  0.331661  0.00999739  0.633054  0.0128862
1113  0.331658  0.00999718  0.633054  0.0128862
1114  0.331657  0.00999705  0.633054  0.0128862
1115  0.33164  0.00999727  0.633054  0.0128862
1116  0.331639  0.00999727  0.633054  0.0128862
1117  0.331632  0.00999681  0.633054  0.0128862
1118  0.331629  0.00999662  0.633054  0.0128862
1119  0.331629  0.00999662  0.633054  0.0128862
1120  0.331629  0.00999662  0.633054  0.0128862
1121  0.331628  0.00999652  0.633054  0.0128862
1122  0.331627  0.00999639  0.633054  0.0128862
1123  0.331627  0.00999639  0.633054  0.0128862
1124  0.331627  0.00999639  0.633054  0.0128862
1125  0.33155  0.0100041  0.633054  0.0128862
1126  0.33155  0.0100041  0.633054  0.0128862
1127  0.33155  0.0100041  0.633054  0.0128862
1128  0.33155  0.0100041  0.633054  0.0128862
1129  0.33155  0.0100041  0.633054  0.0128862
1130  0.33155  0.0100041  0.633054  0.0128862
1131  0.33155  0.0100041  0.633054  0.0128862
1132  0.33155  0.0100041  0.633054  0.0128862
1133  0.33155  0.0100041  0.633054  0.0128862
1134  0.33155  0.0100041  0.633054  0.0128862
1135  0.33155  0.0100041  0.633054  0.0128862
1136  0.33155  0.0100041  0.633054  0.0128862
1137  0.33155  0.0100041  0.633054  0.0128862
1138  0.33155  0.0100041  0.633054  0.0128862
1139  0.33155  0.0100041  0.633054  0.0128862
1140  0.33155  0.0100041  0.633054  0.0128862
1141  0.331546  0.0100036  0.633054  0.0128862
1142  0.331545  0.0100036  0.633054  0.0128862
1143  0.331543  0.0100036  0.633054  0.0128862
1144  0.331543  0.0100036  0.633054  0.0128862
1145  0.331543  0.0100036  0.633054  0.0128862
1146  0.331543  0.0100036  0.633054  0.0128862
1147  0.331543  0.0100036  0.633054  0.0128862
1148  0.331543  0.0100036  0.633054  0.0128862
1149  0.331543  0.0100036  0.633054  0.0128862
1150  0.331543  0.0100036  0.633054  0.0128862
1151  0.331543  0.0100036  0.633054  0.0128862
1152  0.331543  0.0100036  0.633054  0.0128862
1153  0.331543  0.0100036  0.633054  0.0128862
1154  0.331543  0.0100036  0.633054  0.0128862
1155  0.331522  0.010002  0.633054  0.0128862
1156  0.331522  0.010002  0.633054  0.0128862
1157  0.331522  0.010002  0.633054  0.0128862
1158  0.331522  0.010002  0.633054  0.0128862
1159  0.331522  0.010002  0.633054  0.0128862
1160  0.331522  0.010002  0.633054  0.0128862
1161  0.331522  0.010002  0.633054  0.0128862
1162  0.331522  0.010002  0.633054  0.0128862
1163  0.331516  0.0100016  0.633985  0.0127979
1164  0.331516  0.0100016  0.633985  0.0127979
1165  0.33151  0.0100008  0.633985  0.0127979
1166  0.331506  0.0100003  0.633985  0.0127979
1167  0.331506  0.0100003  0.633985  0.0127979
1168  0.331506  0.0100003  0.633985  0.0127979
1169  0.331506  0.0100003  0.633985  0.0127979
1170  0.331502  0.0100001  0.633054  0.0128862
1171  0.331502  0.0100001  0.633054  0.0128862
1172  0.331502  0.0100001  0.633054  0.0128862
1173  0.331502  0.0100001  0.633054  0.0128862
1174  0.331502  0.0100001  0.633054  0.0128862
1175  0.331502  0.0100001  0.633054  0.0128862
1176  0.331498  0.0099997  0.633054  0.0128862
1177  0.331498  0.0099997  0.633054  0.0128862
1178  0.331498  0.0099997  0.633054  0.0128862
1179  0.331496  0.00999953  0.633054  0.0128862
1180  0.331496  0.00999953  0.633054  0.0128862
1181  0.331496  0.00999953  0.633054  0.0128862
1182  0.331496  0.00999953  0.633054  0.0128862
1183  0.331496  0.00999953  0.633054  0.0128862
1184  0.331496  0.00999953  0.633054  0.0128862
1185  0.331496  0.00999953  0.633054  0.0128862
1186  0.331496  0.00999953  0.633054  0.0128862
1187  0.331496  0.00999953  0.633054  0.0128862
1188  0.331496  0.00999953  0.633054  0.0128862
1189  0.331496  0.00999953  0.633054  0.0128862
1190  0.331493  0.00999929  0.633054  0.0128862
1191  0.331493  0.00999929  0.633054  0.0128862
1192  0.331493  0.00999929  0.633054  0.0128862
1193  0.331493  0.00999929  0.633054  0.0128862
1194  0.331493  0.00999929  0.633054  0.0128862
1195  0.331493  0.00999929  0.633054  0.0128862
1196  0.331493  0.00999929  0.633054  0.0128862
1197  0.331493  0.00999929  0.633054  0.0128862
1198  0.331468  0.00999932  0.633054  0.0128862
1199  0.331468  0.00999932  0.633054  0.0128862
1200  0.331468  0.00999932  0.633054  0.0128862
1201  0.331468  0.00999933  0.633054  0.0128862
1202  0.331468  0.00999935  0.633054  0.0128862
1203  0.331468  0.00999936  0.633054  0.0128862
1204  0.331458  0.00999834  0.633054  0.0128862
1205  0.331456  0.00999806  0.633054  0.0128862
1206  0.331456  0.00999807  0.633054  0.0128862
1207  0.33145  0.00999745  0.633054  0.0128862
1208  0.33145  0.00999747  0.633054  0.0128862
1209  0.331446  0.00999709  0.633054  0.0128862
1210  0.331446  0.00999701  0.633054  0.0128862
1211  0.331446  0.00999701  0.633054  0.0128862
1212  0.33144  0.00999635  0.633054  0.0128862
1213  0.331439  0.00999633  0.633054  0.0128862
1214  0.331439  0.00999629  0.633054  0.0128862
1215  0.331439  0.00999629  0.633054  0.0128862
1216  0.331439  0.00999629  0.633054  0.0128862
1217  0.331428  0.00999594  0.633892  0.0128709
1218  0.331417  0.00999596  0.633892  0.0128709
1219  0.331404  0.00999553  0.633892  0.0128709
1220  0.331397  0.00999527  0.633892  0.0128709
1221  0.33139  0.00999502  0.633892  0.0128709
1222  0.33136  0.00999407  0.633799  0.0128699
1223  0.33136  0.00999407  0.633799  0.0128699
1224  0.33136  0.00999407  0.633799  0.0128699
1225  0.33136  0.00999409  0.633799  0.0128699
1226  0.331349  0.00999378  0.633426  0.0128727
1227  0.331349  0.00999378  0.633426  0.0128727
1228  0.331345  0.00999366  0.632961  0.0128913
1229  0.331343  0.0099936  0.633147  0.0128818
1230  0.331343  0.0099936  0.633147  0.0128818
1231  0.331343  0.0099936  0.633147  0.0128818
1232  0.331343  0.0099936  0.633147  0.0128818
1233  0.331343  0.0099936  0.633147  0.0128818
1234  0.331343  0.0099936  0.633147  0.0128818
1235  0.331343  0.0099936  0.633147  0.0128818
1236  0.331343  0.0099936  0.633147  0.0128818
1237  0.331343  0.0099936  0.633147  0.0128818
1238  0.331343  0.0099936  0.633147  0.0128818
1239  0.331343  0.0099936  0.633147  0.0128818
1240  0.331343  0.0099936  0.633147  0.0128818
1241  0.331343  0.0099936  0.633147  0.0128818
1242  0.331343  0.00999358  0.633147  0.0128818
1243  0.331343  0.00999358  0.633147  0.0128818
1244  0.331343  0.00999358  0.633147  0.0128818
1245  0.331342  0.00999348  0.633147  0.0128818
1246  0.331342  0.00999348  0.633147  0.0128818
1247  0.331342  0.00999348  0.633147  0.0128818
1248  0.331341  0.00999341  0.633147  0.0128818
1249  0.331341  0.00999341  0.633147  0.0128818
1250  0.331341  0.00999343  0.633147  0.0128818
1251  0.331341  0.00999343  0.633147  0.0128818
1252  0.331341  0.00999343  0.633147  0.0128818
1253  0.331341  0.00999343  0.633147  0.0128818
1254  0.331341  0.00999343  0.633147  0.0128818
1255  0.331341  0.00999343  0.633147  0.0128818
1256  0.331341  0.00999343  0.633147  0.0128818
1257  0.331341  0.00999343  0.633147  0.0128818
1258  0.331341  0.00999343  0.633147  0.0128818
1259  0.331341  0.00999343  0.633147  0.0128818
1260  0.331341  0.00999343  0.633147  0.0128818
1261  0.331341  0.00999343  0.633147  0.0128818
1262  0.331341  0.00999343  0.633147  0.0128818
1263  0.331341  0.00999343  0.633147  0.0128818
1264  0.331341  0.00999343  0.633147  0.0128818
1265  0.331341  0.00999343  0.633147  0.0128818
1266  0.331341  0.00999343  0.633147  0.0128818
1267  0.331341  0.00999343  0.633147  0.0128818
1268  0.331341  0.00999343  0.633147  0.0128818
1269  0.331317  0.00999109  0.633147  0.0128818
1270  0.331309  0.00999131  0.633147  0.0128818
1271  0.331307  0.0099911  0.633147  0.0128818
1272  0.331307  0.0099911  0.633147  0.0128818
1273  0.331307  0.0099911  0.633147  0.0128818
1274  0.331307  0.0099911  0.633147  0.0128818
1275  0.331307  0.0099911  0.633147  0.0128818
1276  0.331307  0.0099911  0.633147  0.0128818
1277  0.331302  0.00999157  0.633147  0.0128818
1278  0.331302  0.00999157  0.633147  0.0128818
1279  0.331302  0.00999157  0.633147  0.0128818
1280  0.331302  0.00999157  0.633147  0.0128818
1281  0.331302  0.00999157  0.633147  0.0128818
1282  0.331302  0.00999157  0.633147  0.0128818
1283  0.331302  0.00999157  0.633147  0.0128818
1284  0.331302  0.00999157  0.633147  0.0128818
1285  0.331302  0.00999157  0.633147  0.0128818
1286  0.331302  0.00999157  0.633147  0.0128818
1287  0.331302  0.00999157  0.633147  0.0128818
1288  0.331302  0.00999157  0.633147  0.0128818
1289  0.331302  0.00999157  0.632682  0.0129172
1290  0.331302  0.00999157  0.632682  0.0129172
1291  0.331302  0.00999157  0.632682  0.0129172
1292  0.331302  0.00999157  0.632682  0.0129172
1293  0.331302  0.00999157  0.632682  0.0129172
1294  0.331302  0.00999157  0.632682  0.0129172
1295  0.331302  0.00999157  0.632682  0.0129172
1296  0.331302  0.00999157  0.632682  0.0129172
1297  0.331302  0.00999157  0.632682  0.0129172
1298  0.331302  0.00999157  0.632682  0.0129172
1299  0.331302  0.00999157  0.632682  0.0129172
1300  0.331302  0.00999157  0.632682  0.0129172
1301  0.331302  0.00999157  0.632682  0.0129172
1302  0.331302  0.00999157  0.632682  0.0129172
1303  0.331302  0.00999157  0.632682  0.0129172
1304  0.331302  0.00999157  0.632682  0.0129172
1305  0.331302  0.00999153  0.632682  0.0129172
1306  0.331302  0.00999153  0.632682  0.0129172
1307  0.331302  0.00999153  0.632682  0.0129172
1308  0.331302  0.00999153  0.632682  0.0129172
1309  0.331302  0.00999153  0.632682  0.0129172
1310  0.331302  0.00999153  0.632682  0.0129172
1311  0.331302  0.00999153  0.632682  0.0129172
1312  0.331302  0.00999153  0.632682  0.0129172
1313  0.331302  0.00999153  0.632682  0.0129172
1314  0.331302  0.00999153  0.632682  0.0129172
1315  0.331302  0.00999153  0.632682  0.0129172
1316  0.331302  0.00999153  0.632682  0.0129172
1317  0.331302  0.00999153  0.632682  0.0129172
1318  0.331302  0.00999153  0.632682  0.0129172
1319  0.331302  0.00999153  0.632682  0.0129172
1320  0.331302  0.00999153  0.632682  0.0129172
1321  0.331302  0.00999153  0.632682  0.0129172
1322  0.331302  0.00999153  0.632682  0.0129172
1323  0.331302  0.00999153  0.632682  0.0129172
1324  0.331302  0.00999153  0.632682  0.0129172
1325  0.331302  0.00999153  0.632682  0.0129172
1326  0.331302  0.00999153  0.632682  0.0129172
1327  0.331302  0.00999153  0.632682  0.0129172
1328  0.331302  0.00999153  0.632682  0.0129172
1329  0.331302  0.00999153  0.632682  0.0129172
1330  0.331302  0.00999153  0.632682  0.0129172
1331  0.331302  0.00999153  0.632682  0.0129172
1332  0.331302  0.00999153  0.632682  0.0129172
1333  0.331302  0.00999153  0.632682  0.0129172
1334  0.331302  0.00999153  0.632682  0.0129172
1335  0.331302  0.00999153  0.632682  0.0129172
1336  0.331302  0.00999153  0.632682  0.0129172
1337  0.331302  0.00999153  0.632682  0.0129172
1338  0.331302  0.00999153  0.632682  0.0129172
1339  0.331302  0.00999153  0.632682  0.0129172
1340  0.331301  0.00999148  0.632682  0.0129172
1341  0.331301  0.00999144  0.632682  0.0129172
1342  0.331301  0.00999144  0.632682  0.0129172
1343  0.331299  0.0099912  0.632682  0.0129172
1344  0.331293  0.00999068  0.632682  0.0129172
1345  0.331291  0.00999044  0.632682  0.0129172
1346  0.331284  0.00998982  0.632682  0.0129172
1347  0.331281  0.00998951  0.632682  0.0129172
1348  0.331281  0.00998951  0.632682  0.0129172
1349  0.331281  0.00998951  0.632682  0.0129172
1350  0.331243  0.00999317  0.63352  0.0129567
1351  0.331216  0.00999584  0.632682  0.0129172
1352  0.331212  0.00999556  0.63175  0.0130042
1353  0.331212  0.00999556  0.63175  0.0130042
1354  0.331207  0.00999514  0.63175  0.0130042
1355  0.331207  0.00999514  0.63175  0.0130042
1356  0.331207  0.00999514  0.63175  0.0130042
1357  0.331207  0.00999514  0.63175  0.0130042
1358  0.331194  0.0099942  0.63175  0.0130042
1359  0.331164  0.00999709  0.63175  0.0130042
1360  0.331164  0.00999709  0.63175  0.0130042
1361  0.331164  0.00999709  0.63175  0.0130042
1362  0.331164  0.00999709  0.63175  0.0130042
1363  0.331164  0.00999709  0.63175  0.0130042
1364  0.33116  0.00999672  0.63175  0.0130042
1365  0.33116  0.00999671  0.63175  0.0130042
1366  0.33116  0.00999671  0.63175  0.0130042
1367  0.33116  0.00999671  0.63175  0.0130042
1368  0.331158  0.0099965  0.63175  0.0130042
1369  0.33115  0.00999569  0.63175  0.0130042
1370  0.331146  0.00999536  0.63175  0.0130042
1371  0.331143  0.00999504  0.63175  0.0130042
1372  0.331141  0.00999482  0.63175  0.0130042
1373  0.331113  0.00999325  0.631657  0.0130112
1374  0.331106  0.00999262  0.63175  0.0130042
1375  0.331095  0.00999212  0.631844  0.0129979
1376  0.331081  0.00999147  0.631937  0.0129923
1377  0.33108  0.00999147  0.631937  0.0129923
1378  0.331077  0.00999115  0.631937  0.0129923
1379  0.331074  0.0099908  0.631937  0.0129923
1380  0.331073  0.00999072  0.631937  0.0129923
1381  0.331035  0.00999572  0.631937  0.0129923
1382  0.331035  0.00999572  0.631937  0.0129923
1383  0.331034  0.00999572  0.631937  0.0129923
1384  0.331034  0.00999572  0.631937  0.0129923
1385  0.331034  0.00999572  0.631937  0.0129923
1386  0.331034  0.00999572  0.631937  0.0129923
1387  0.331034  0.00999572  0.631937  0.0129923
1388  0.331034  0.00999572  0.631937  0.0129923
1389  0.331034  0.00999572  0.631937  0.0129923
1390  0.331034  0.00999572  0.631937  0.0129923
1391  0.331016  0.00999435  0.631937  0.0129923
1392  0.331016  0.00999435  0.631937  0.0129923
1393  0.331016  0.00999435  0.631937  0.0129923
1394  0.331016  0.00999435  0.631937  0.0129923
1395  0.331016  0.00999435  0.631937  0.0129923
1396  0.331016  0.00999435  0.631937  0.0129923
1397  0.331016  0.00999435  0.631937  0.0129923
1398  0.331016  0.00999435  0.631937  0.0129923
1399  0.331016  0.00999435  0.631937  0.0129923
1400  0.331008  0.00999346  0.631937  0.0129923
1401  0.331005  0.00999305  0.631937  0.0129923
1402  0.331004  0.00999291  0.631937  0.0129923
1403  0.331004  0.00999291  0.631937  0.0129923
1404  0.331004  0.00999291  0.631937  0.0129923
1405  0.331003  0.00999286  0.631937  0.0129923
1406  0.331003  0.00999286  0.631937  0.0129923
1407  0.331003  0.00999286  0.631937  0.0129923
1408  0.331003  0.00999287  0.631937  0.0129923
1409  0.331003  0.00999289  0.631937  0.0129923
1410  0.330993  0.0099921  0.631937  0.0129923
1411  0.330992  0.00999208  0.631937  0.0129923
1412  0.330991  0.009992  0.631937  0.0129923
1413  0.330991  0.00999201  0.631937  0.0129923
1414  0.330991  0.00999201  0.631937  0.0129923
1415  0.330991  0.00999201  0.631937  0.0129923
1416  0.330991  0.00999201  0.631937  0.0129923
1417  0.330984  0.0099914  0.631937  0.0129923
1418  0.330974  0.00999063  0.631937  0.0129923
1419  0.33097  0.00999036  0.631937  0.0129923
1420  0.33097  0.00999036  0.631937  0.0129923
1421  0.330964  0.00998986  0.631937  0.0129923
1422  0.330961  0.00998949  0.631937  0.0129923
1423  0.33096  0.00998946  0.631937  0.0129923
1424  0.33096  0.00998946  0.631937  0.0129923
1425  0.330942  0.00998858  0.631937  0.0129923
1426  0.330942  0.00998858  0.631937  0.0129923
1427  0.330929  0.00998801  0.631937  0.0129923
1428  0.330919  0.00998752  0.631564  0.0130188
1429  0.330897  0.00998658  0.631564  0.0130188
1430  0.330897  0.00998658  0.631564  0.0130188
1431  0.330897  0.00998658  0.631564  0.0130188
1432  0.330896  0.00998673  0.631564  0.0130188
1433  0.330896  0.00998673  0.631564  0.0130188
1434  0.330895  0.0099867  0.631564  0.0130188
1435  0.330895  0.0099867  0.631564  0.0130188
1436  0.330889  0.00998671  0.631564  0.0130188
1437  0.330889  0.00998671  0.631564  0.0130188
1438  0.330889  0.00998671  0.631564  0.0130188
1439  0.330884  0.00998632  0.631564  0.0130188
1440  0.330884  0.00998632  0.631564  0.0130188
1441  0.330884  0.00998632  0.631564  0.0130188
1442  0.330844  0.00998327  0.631564  0.0130188
1443  0.330833  0.00998248  0.631564  0.0130188
1444  0.330833  0.00998248  0.631564  0.0130188
1445  0.33083  0.00998229  0.630633  0.013171
1446  0.330811  0.0099809  0.630633  0.013171
1447  0.330805  0.00998048  0.630633  0.013171
1448  0.330805  0.00998048  0.630633  0.013171
1449  0.330805  0.00998048  0.630633  0.013171
1450  0.330805  0.00998048  0.630633  0.013171
1451  0.330805  0.00998048  0.630633  0.013171
1452  0.330805  0.00998048  0.630633  0.013171
1453  0.330805  0.00998048  0.630633  0.013171
1454  0.330797  0.00998086  0.630633  0.013171
1455  0.330754  0.00998309  0.630633  0.013171
1456  0.330754  0.00998309  0.630633  0.013171
1457  0.330754  0.00998309  0.630633  0.013171
1458  0.330754  0.00998309  0.630633  0.013171
1459  0.330754  0.00998309  0.630633  0.013171
1460  0.330753  0.00998309  0.630633  0.013171
1461  0.330753  0.00998309  0.630633  0.013171
1462  0.330753  0.00998309  0.630633  0.013171
1463  0.330753  0.00998309  0.630633  0.013171
1464  0.330753  0.00998309  0.630633  0.013171
1465  0.330753  0.00998309  0.630633  0.013171
1466  0.330753  0.00998309  0.630633  0.013171
1467  0.330753  0.00998309  0.630633  0.013171
1468  0.330753  0.00998309  0.630633  0.013171
1469  0.330753  0.00998309  0.630633  0.013171
1470  0.330749  0.0099831  0.630633  0.013171
1471  0.330749  0.0099831  0.630633  0.013171
1472  0.330749  0.0099831  0.630633  0.013171
1473  0.330748  0.00998309  0.630633  0.013171
1474  0.330748  0.00998309  0.630633  0.013171
1475  0.330748  0.00998309  0.630633  0.013171
1476  0.330748  0.00998309  0.630633  0.013171
1477  0.330748  0.00998309  0.630633  0.013171
1478  0.330748  0.00998309  0.630633  0.013171
1479  0.330748  0.00998309  0.630633  0.013171
1480  0.330748  0.00998309  0.630633  0.013171
1481  0.330748  0.00998309  0.630633  0.013171
1482  0.330748  0.00998309  0.630633  0.013171
1483  0.330748  0.00998309  0.630633  0.013171
1484  0.330733  0.00998448  0.630633  0.013171
1485  0.330732  0.00998447  0.630633  0.013171
1486  0.330732  0.00998447  0.630633  0.013171
1487  0.330732  0.00998447  0.630633  0.013171
1488  0.330732  0.00998447  0.630633  0.013171
1489  0.330732  0.00998447  0.630633  0.013171
1490  0.330732  0.00998447  0.630633  0.013171
1491  0.330731  0.00998445  0.630633  0.013171
1492  0.330731  0.00998445  0.630633  0.013171
1493  0.330731  0.00998445  0.630633  0.013171
1494  0.330731  0.00998445  0.630633  0.013171
1495  0.330731  0.00998445  0.630633  0.013171
1496  0.330731  0.00998445  0.630633  0.013171
1497  0.330731  0.00998445  0.630633  0.013171
1498  0.330731  0.00998445  0.630633  0.013171
1499  0.330731  0.00998445  0.630633  0.013171
1500  0.330731  0.00998445  0.630633  0.013171
1501  0.330731  0.00998445  0.630633  0.013171
1502  0.330731  0.00998445  0.630633  0.013171
1503  0.330731  0.00998445  0.630633  0.013171
1504  0.330727  0.00998447  0.630633  0.013171
1505  0.330727  0.00998447  0.630633  0.013171
1506  0.330727  0.00998447  0.630633  0.013171
1507  0.330727  0.00998447  0.630633  0.013171
1508  0.330711  0.00998509  0.630633  0.013171
1509  0.330711  0.00998509  0.630633  0.013171
1510  0.330711  0.00998509  0.630633  0.013171
1511  0.330711  0.00998509  0.630633  0.013171
1512  0.330711  0.00998509  0.630633  0.013171
1513  0.330711  0.00998509  0.630633  0.013171
1514  0.3307  0.00998424  0.630261  0.013197
1515  0.3307  0.00998424  0.630261  0.013197
1516  0.3307  0.00998424  0.630261  0.013197
1517  0.3307  0.00998424  0.630261  0.013197
1518  0.3307  0.00998424  0.630261  0.013197
1519  0.3307  0.00998424  0.630261  0.013197
1520  0.3307  0.00998422  0.630261  0.013197
1521  0.330685  0.00998326  0.629702  0.0132556
1522  0.330673  0.00998239  0.629702  0.0132556
1523  0.330671  0.00998217  0.629702  0.0132556
1524  0.33067  0.009982  0.629702  0.0132556
1525  0.33067  0.009982  0.629702  0.0132556
1526  0.33067  0.009982  0.629702  0.0132556
1527  0.33067  0.009982  0.629702  0.0132556
1528  0.330666  0.00998209  0.629702  0.0132556
1529  0.330666  0.00998209  0.629702  0.0132556
1530  0.330666  0.00998209  0.629702  0.0132556
1531  0.330666  0.00998211  0.629702  0.0132556
1532  0.330666  0.00998212  0.629702  0.0132556
1533  0.330666  0.00998213  0.629702  0.0132556
1534  0.330666  0.00998213  0.629702  0.0132556
1535  0.330666  0.00998213  0.629702  0.0132556
1536  0.330666  0.00998213  0.629702  0.0132556
1537  0.33066  0.00998149  0.629702  0.0132556
1538  0.330653  0.0099808  0.629702  0.0132556
1539  0.33063  0.00998144  0.629702  0.0132556
1540  0.330629  0.00998144  0.629702  0.0132556
1541  0.330621  0.00998144  0.629702  0.0132556
1542  0.33062  0.00998144  0.629702  0.0132556
1543  0.33062  0.00998144  0.629702  0.0132556
1544  0.33062  0.00998144  0.629702  0.0132556
1545  0.33062  0.00998144  0.629702  0.0132556
1546  0.33062  0.00998144  0.629702  0.0132556
1547  0.33062  0.00998144  0.629702  0.0132556
1548  0.330614  0.00998101  0.629702  0.0132556
1549  0.330611  0.00998079  0.629702  0.0132556
1550  0.3306  0.00997998  0.629702  0.0132556
1551  0.330583  0.0099818  0.629702  0.0132556
1552  0.330583  0.0099818  0.629702  0.0132556
1553  0.330583  0.0099818  0.629702  0.0132556
1554  0.330583  0.0099818  0.629702  0.0132556
1555  0.330582  0.00998192  0.629702  0.0132556
1556  0.330582  0.00998192  0.629702  0.0132556
1557  0.330582  0.00998192  0.629702  0.0132556
1558  0.330582  0.00998192  0.629702  0.0132556
1559  0.330582  0.00998192  0.629702  0.0132556
1560  0.330582  0.00998192  0.629702  0.0132556
1561  0.330576  0.00998237  0.629702  0.0132556
1562  0.330576  0.00998237  0.629702  0.0132556
1563  0.330576  0.00998237  0.629702  0.0132556
1564  0.330576  0.00998237  0.629702  0.0132556
1565  0.330576  0.00998237  0.629702  0.0132556
1566  0.330576  0.00998237  0.629702  0.0132556
1567  0.330576  0.00998237  0.629702  0.0132556
1568  0.330576  0.00998237  0.629702  0.0132556
1569  0.330576  0.00998237  0.629702  0.0132556
1570  0.330576  0.00998237  0.629702  0.0132556
1571  0.330576  0.00998237  0.629702  0.0132556
1572  0.330576  0.00998237  0.629702  0.0132556
1573  0.330576  0.00998237  0.629702  0.0132556
1574  0.330576  0.00998237  0.629702  0.0132556
1575  0.330575  0.00998237  0.629702  0.0132556
1576  0.330575  0.00998234  0.629702  0.0132556
1577  0.330572  0.00998207  0.629702  0.0132556
1578  0.330569  0.00998168  0.629702  0.0132556
1579  0.330567  0.00998154  0.629702  0.0132556
1580  0.330567  0.00998154  0.629702  0.0132556
1581  0.330567  0.00998154  0.629702  0.0132556
1582  0.330565  0.00998133  0.629702  0.0132556
1583  0.330559  0.00998091  0.629702  0.0132556
1584  0.330559  0.00998091  0.629702  0.0132556
1585  0.330559  0.00998091  0.629702  0.0132556
1586  0.330559  0.00998091  0.629702  0.0132556
1587  0.330559  0.00998091  0.629702  0.0132556
1588  0.330559  0.00998091  0.629702  0.0132556
1589  0.330559  0.00998091  0.629702  0.0132556
1590  0.330559  0.00998091  0.629702  0.0132556
1591  0.330554  0.00998049  0.629702  0.0132556
1592  0.330554  0.00998049  0.629702  0.0132556
1593  0.330554  0.00998049  0.629702  0.0132556
1594  0.330554  0.00998049  0.629702  0.0132556
1595  0.33054  0.00997947  0.629702  0.0132556
1596  0.330539  0.00997942  0.629702  0.0132556
1597  0.330517  0.00997753  0.629702  0.0132556
1598  0.330514  0.00997718  0.629702  0.0132556
1599  0.330514  0.00997718  0.629702  0.0132556
1600  0.330514  0.00997718  0.629702  0.0132556
1601  0.330497  0.00997556  0.629702  0.0132556
1602  0.330491  0.00997508  0.629702  0.0132556
1603  0.330471  0.00997537  0.629702  0.0132556
1604  0.330471  0.00997537  0.629702  0.0132556
1605  0.330471  0.00997537  0.629702  0.0132556
1606  0.330471  0.00997537  0.629702  0.0132556
1607  0.330471  0.00997537  0.629702  0.0132556
1608  0.330471  0.00997538  0.629702  0.0132556
1609  0.330471  0.00997539  0.629702  0.0132556
1610  0.330464  0.00997468  0.629702  0.0132556
1611  0.330463  0.00997452  0.629702  0.0132556
1612  0.330454  0.00997364  0.629702  0.0132556
1613  0.330454  0.00997365  0.629702  0.0132556
1614  0.330454  0.00997365  0.629702  0.0132556
1615  0.330454  0.00997365  0.629702  0.0132556
1616  0.330454  0.00997365  0.629702  0.0132556
1617  0.330454  0.00997365  0.629702  0.0132556
1618  0.330454  0.00997365  0.629702  0.0132556
1619  0.330454  0.00997365  0.629702  0.0132556
1620  0.330454  0.00997365  0.629702  0.0132556
1621  0.330454  0.00997365  0.629702  0.0132556
1622  0.330454  0.00997365  0.629702  0.0132556
1623  0.330454  0.00997365  0.629702  0.0132556
1624  0.330454  0.00997365  0.629702  0.0132556
1625  0.330454  0.00997365  0.629702  0.0132556
1626  0.330454  0.00997365  0.629702  0.0132556
1627  0.330454  0.00997365  0.629702  0.0132556
1628  0.330454  0.00997365  0.629702  0.0132556
1629  0.330448  0.0099731  0.628771  0.0133392
1630  0.330448  0.0099731  0.628771  0.0133392
1631  0.330448  0.0099731  0.628771  0.0133392
1632  0.330448  0.0099731  0.628771  0.0133392
1633  0.330443  0.00997267  0.628771  0.0133392
1634  0.330442  0.00997257  0.628771  0.0133392
1635  0.330434  0.00997335  0.628771  0.0133392
1636  0.330428  0.00997277  0.628771  0.0133392
1637  0.330424  0.00997242  0.628771  0.0133392
1638  0.330415  0.00997149  0.628771  0.0133392
1639  0.330414  0.00997141  0.628771  0.0133392
1640  0.330408  0.00997086  0.628771  0.0133392
1641  0.330408  0.00997086  0.628771  0.0133392
1642  0.330408  0.00997086  0.628771  0.0133392
1643  0.330408  0.00997086  0.628771  0.0133392
1644  0.330404  0.00997086  0.628771  0.0133392
1645  0.330404  0.00997086  0.628771  0.0133392
1646  0.330404  0.00997086  0.628771  0.0133392
1647  0.330404  0.00997086  0.628771  0.0133392
1648  0.330404  0.00997086  0.628771  0.0133392
1649  0.330404  0.00997086  0.628771  0.0133392
1650  0.330404  0.00997086  0.628771  0.0133392
1651  0.330404  0.00997086  0.628771  0.0133392
1652  0.330404  0.00997086  0.628771  0.0133392
1653  0.330404  0.00997086  0.628771  0.0133392
1654  0.330404  0.00997086  0.628771  0.0133392
1655  0.330404  0.00997086  0.628771  0.0133392
1656  0.330404  0.00997086  0.628771  0.0133392
1657  0.330404  0.00997086  0.628771  0.0133392
1658  0.330404  0.00997086  0.628771  0.0133392
1659  0.330404  0.00997086  0.628771  0.0133392
1660  0.330404  0.00997086  0.628771  0.0133392
1661  0.330404  0.00997086  0.628771  0.0133392
1662  0.330404  0.00997086  0.628771  0.0133392
1663  0.330404  0.00997086  0.628771  0.0133392
1664  0.330404  0.00997086  0.628771  0.0133392
1665  0.330404  0.00997086  0.628771  0.0133392
1666  0.330404  0.00997086  0.628771  0.0133392
1667  0.330404  0.00997086  0.628771  0.0133392
1668  0.330404  0.00997078  0.628771  0.0133392
1669  0.330404  0.00997078  0.628771  0.0133392
1670  0.330404  0.00997078  0.628771  0.0133392
1671  0.330403  0.00997067  0.628771  0.0133392
1672  0.330402  0.00997061  0.628771  0.0133392
1673  0.330402  0.00997061  0.628771  0.0133392
1674  0.330402  0.00997061  0.628771  0.0133392
1675  0.330402  0.00997061  0.628771  0.0133392
1676  0.330402  0.00997061  0.628771  0.0133392
1677  0.330402  0.00997061  0.628771  0.0133392
1678  0.330402  0.00997061  0.628771  0.0133392
1679  0.330402  0.00997061  0.628771  0.0133392
1680  0.330402  0.00997061  0.628771  0.0133392
1681  0.330402  0.00997061  0.628771  0.0133392
1682  0.330402  0.00997061  0.628771  0.0133392
1683  0.330402  0.00997061  0.628771  0.0133392
1684  0.330402  0.00997061  0.628771  0.0133392
1685  0.330402  0.00997061  0.628771  0.0133392
1686  0.330402  0.00997061  0.628771  0.0133392
1687  0.330402  0.00997061  0.628771  0.0133392
1688  0.330402  0.00997061  0.628771  0.0133392
1689  0.330402  0.00997061  0.628771  0.0133392
1690  0.330402  0.00997061  0.628771  0.0133392
1691  0.330402  0.00997061  0.628771  0.0133392
1692  0.330402  0.00997061  0.628771  0.0133392
1693  0.330402  0.00997061  0.628771  0.0133392
1694  0.330402  0.00997061  0.628771  0.0133392
1695  0.330402  0.00997061  0.628771  0.0133392
1696  0.330402  0.00997061  0.628771  0.0133392
1697  0.330402  0.00997061  0.628771  0.0133392
1698  0.330402  0.00997061  0.628771  0.0133392
1699  0.330402  0.00997061  0.628771  0.0133392
1700  0.330402  0.00997061  0.628771  0.0133392
1701  0.330402  0.00997062  0.628771  0.0133392
1702  0.330397  0.00997105  0.628771  0.0133392
1703  0.330397  0.00997105  0.628771  0.0133392
1704  0.330397  0.00997106  0.628771  0.0133392
1705  0.330397  0.00997106  0.628771  0.0133392
1706  0.330397  0.00997106  0.628771  0.0133392
1707  0.330397  0.00997106  0.628771  0.0133392
1708  0.330397  0.00997107  0.628771  0.0133392
1709  0.330397  0.00997107  0.628771  0.0133392
1710  0.330397  0.00997107  0.628771  0.0133392
1711  0.330397  0.00997107  0.628771  0.0133392
1712  0.330397  0.00997107  0.628771  0.0133392
1713  0.330397  0.00997107  0.628771  0.0133392
1714  0.330397  0.00997107  0.628771  0.0133392
1715  0.330397  0.00997107  0.628771  0.0133392
1716  0.330397  0.00997107  0.628771  0.0133392
1717  0.330397  0.00997107  0.628771  0.0133392
1718  0.330397  0.00997107  0.628771  0.0133392
1719  0.330397  0.00997107  0.628771  0.0133392
1720  0.330397  0.00997107  0.628771  0.0133392
1721  0.330397  0.00997107  0.628771  0.0133392
1722  0.330397  0.00997107  0.628771  0.0133392
1723  0.330397  0.00997107  0.628771  0.0133392
1724  0.330397  0.00997107  0.628771  0.0133392
1725  0.330397  0.00997107  0.628771  0.0133392
1726  0.330397  0.00997107  0.628771  0.0133392
1727  0.330397  0.00997107  0.628771  0.0133392
1728  0.330397  0.00997107  0.628771  0.0133392
1729  0.330397  0.00997107  0.628771  0.0133392
1730  0.330397  0.00997107  0.628771  0.0133392
1731  0.330397  0.00997107  0.628771  0.0133392
1732  0.330397  0.00997107  0.628771  0.0133392
1733  0.330397  0.00997107  0.628771  0.0133392
1734  0.330397  0.00997107  0.628771  0.0133392
1735  0.330397  0.00997107  0.628771  0.0133392
1736  0.330392  0.00997081  0.628771  0.0133392
1737  0.330387  0.00997057  0.628771  0.0133392
1738  0.330387  0.00997057  0.628771  0.0133392
1739  0.330387  0.00997057  0.628771  0.0133392
1740  0.330387  0.00997058  0.628771  0.0133392
1741  0.330387  0.00997059  0.628771  0.0133392
1742  0.330387  0.0099706  0.628771  0.0133392
1743  0.330387  0.00997061  0.628771  0.0133392
1744  0.330387  0.00997061  0.628771  0.0133392
1745  0.330346  0.00996784  0.629143  0.013298
1746  0.330343  0.00996765  0.629236  0.0132893
1747  0.330336  0.00996717  0.629702  0.0132556
1748  0.330336  0.00996717  0.629702  0.0132556
1749  0.330336  0.00996717  0.629702  0.0132556
1750  0.330336  0.00996717  0.629702  0.0132556
1751  0.330324  0.00996728  0.629702  0.0132556
1752  0.330319  0.00996721  0.628771  0.0134044
1753  0.330314  0.00996678  0.62905  0.0133531
1754  0.330314  0.00996678  0.62905  0.0133531
1755  0.330314  0.00996678  0.62905  0.0133531
1756  0.330282  0.00996799  0.62905  0.0133531
1757  0.330282  0.00996799  0.62905  0.0133531
1758  0.330282  0.00996799  0.62905  0.0133531
1759  0.330282  0.00996799  0.62905  0.0133531
1760  0.330282  0.00996799  0.62905  0.0133531
1761  0.330282  0.00996799  0.62905  0.0133531
1762  0.330282  0.00996799  0.62905  0.0133531
1763  0.330282  0.00996799  0.62905  0.0133531
1764  0.330282  0.00996799  0.62905  0.0133531
1765  0.330282  0.00996799  0.62905  0.0133531
1766  0.330282  0.00996799  0.62905  0.0133531
1767  0.330282  0.00996799  0.62905  0.0133531
1768  0.330282  0.00996799  0.62905  0.0133531
1769  0.330282  0.00996799  0.62905  0.0133531
1770  0.330282  0.00996799  0.62905  0.0133531
1771  0.330282  0.00996799  0.62905  0.0133531
1772  0.330282  0.00996799  0.62905  0.0133531
1773  0.330282  0.00996799  0.62905  0.0133531
1774  0.330282  0.00996799  0.62905  0.0133531
1775  0.330277  0.0099677  0.62905  0.0133531
1776  0.330277  0.0099677  0.62905  0.0133531
1777  0.330277  0.0099677  0.62905  0.0133531
1778  0.330277  0.0099677  0.62905  0.0133531
1779  0.330277  0.0099677  0.62905  0.0133531
1780  0.330277  0.0099677  0.62905  0.0133531
1781  0.330277  0.0099677  0.62905  0.0133531
1782  0.330277  0.0099677  0.62905  0.0133531
1783  0.330277  0.0099677  0.62905  0.0133531
1784  0.330277  0.0099677  0.62905  0.0133531
1785  0.330277  0.0099677  0.62905  0.0133531
1786  0.330276  0.00996764  0.630447  0.0132026
1787  0.330276  0.00996764  0.630447  0.0132026
1788  0.330276  0.00996764  0.630447  0.0132026
1789  0.330276  0.00996764  0.630447  0.0132026
1790  0.330275  0.00996765  0.630447  0.0132026
1791  0.330273  0.00996765  0.630447  0.0132026
1792  0.330272  0.00996765  0.630447  0.0132026
1793  0.330272  0.00996765  0.630447  0.0132026
1794  0.330272  0.00996765  0.630447  0.0132026
1795  0.330268  0.00996733  0.630447  0.0132026
1796  0.330268  0.00996733  0.630447  0.0132026
1797  0.330266  0.00996715  0.630447  0.0132026
1798  0.330266  0.00996715  0.630447  0.0132026
1799  0.330266  0.00996715  0.630447  0.0132026
1800  0.330266  0.00996715  0.630447  0.0132026
1801  0.330266  0.00996715  0.630447  0.0132026
1802  0.330266  0.00996715  0.630447  0.0132026
1803  0.330266  0.00996715  0.630447  0.0132026
1804  0.330255  0.00996719  0.630447  0.0132026
1805  0.330255  0.00996719  0.630447  0.0132026
1806  0.330255  0.00996719  0.630447  0.0132026
1807  0.330255  0.00996719  0.630447  0.0132026
1808  0.330255  0.00996719  0.630447  0.0132026
1809  0.330255  0.00996719  0.630447  0.0132026
1810  0.330255  0.00996719  0.630447  0.0132026
1811  0.330255  0.00996719  0.630447  0.0132026
1812  0.330255  0.00996719  0.630447  0.0132026
1813  0.330255  0.00996719  0.630447  0.0132026
1814  0.330255  0.00996719  0.630447  0.0132026
1815  0.330255  0.00996719  0.630447  0.0132026
1816  0.330255  0.00996719  0.630447  0.0132026
1817  0.330255  0.00996719  0.630447  0.0132026
1818  0.330242  0.00996854  0.630447  0.0132026
1819  0.330242  0.00996854  0.630447  0.0132026
1820  0.330242  0.00996854  0.630447  0.0132026
1821  0.330242  0.00996854  0.630447  0.0132026
1822  0.330233  0.00996779  0.629981  0.013253
1823  0.330222  0.0099669  0.629981  0.013253
1824  0.330222  0.00996688  0.629981  0.013253
1825  0.330222  0.00996688  0.629981  0.013253
1826  0.330222  0.00996688  0.629981  0.013253
1827  0.330222  0.00996688  0.629981  0.013253
1828  0.330222  0.00996688  0.629981  0.013253
1829  0.330222  0.00996688  0.629981  0.013253
1830  0.330194  0.00996487  0.629981  0.013253
1831  0.330194  0.00996487  0.629981  0.013253
1832  0.330194  0.00996487  0.629981  0.013253
1833  0.330194  0.00996487  0.629981  0.013253
1834  0.330194  0.00996487  0.629981  0.013253
1835  0.330194  0.00996487  0.629981  0.013253
1836  0.330194  0.00996487  0.629981  0.013253
1837  0.330194  0.00996487  0.629981  0.013253
1838  0.330194  0.00996487  0.629981  0.013253
1839  0.330194  0.00996487  0.629981  0.013253
1840  0.330185  0.00996609  0.629981  0.013253
1841  0.330185  0.00996609  0.629981  0.013253
1842  0.330185  0.00996609  0.629981  0.013253
1843  0.330185  0.00996609  0.629981  0.013253
1844  0.330185  0.00996609  0.629981  0.013253
1845  0.330185  0.00996609  0.629981  0.013253
1846  0.330185  0.00996609  0.629981  0.013253
1847  0.330185  0.00996609  0.629981  0.013253
1848  0.330185  0.00996609  0.629981  0.013253
1849  0.330185  0.00996609  0.629981  0.013253
1850  0.330185  0.00996609  0.629981  0.013253
1851  0.330185  0.00996609  0.629981  0.013253
1852  0.330185  0.00996609  0.629981  0.013253
1853  0.330185  0.00996609  0.629981  0.013253
1854  0.330185  0.00996609  0.629981  0.013253
1855  0.330185  0.00996609  0.629981  0.013253
1856  0.330185  0.00996609  0.629981  0.013253
1857  0.330185  0.0099661  0.629981  0.013253
1858  0.330185  0.0099661  0.629981  0.013253
1859  0.330185  0.00996611  0.629981  0.013253
1860  0.330185  0.00996611  0.629981  0.013253
1861  0.330185  0.00996611  0.629981  0.013253
1862  0.330185  0.00996611  0.629981  0.013253
1863  0.330185  0.00996611  0.629981  0.013253
1864  0.330185  0.00996611  0.629981  0.013253
1865  0.330185  0.00996611  0.629981  0.013253
1866  0.330185  0.00996611  0.629981  0.013253
1867  0.330185  0.00996611  0.629981  0.013253
1868  0.330185  0.00996611  0.629981  0.013253
1869  0.330185  0.00996611  0.629981  0.013253
1870  0.330185  0.00996611  0.629981  0.013253
1871  0.330185  0.00996611  0.629981  0.013253
1872  0.330181  0.00996582  0.629981  0.013253
1873  0.330181  0.00996582  0.629981  0.013253
1874  0.330181  0.00996582  0.629981  0.013253
1875  0.330179  0.00996569  0.629981  0.013253
1876  0.330179  0.00996569  0.629981  0.013253
1877  0.330179  0.00996569  0.629981  0.013253
1878  0.330179  0.00996569  0.629981  0.013253
1879  0.330177  0.00996555  0.629981  0.013253
1880  0.330177  0.00996555  0.629981  0.013253
1881  0.330177  0.00996555  0.629981  0.013253
1882  0.330177  0.00996555  0.629981  0.013253
1883  0.330177  0.00996555  0.629981  0.013253
1884  0.330177  0.00996555  0.629981  0.013253
1885  0.330177  0.00996555  0.629981  0.013253
1886  0.330177  0.00996555  0.629981  0.013253
1887  0.330177  0.00996555  0.629981  0.013253
1888  0.330177  0.00996555  0.629981  0.013253
1889  0.330177  0.00996555  0.629981  0.013253
1890  0.330177  0.00996555  0.629981  0.013253
1891  0.330177  0.00996555  0.629981  0.013253
1892  0.330177  0.00996555  0.629981  0.013253
1893  0.330177  0.00996556  0.629981  0.013253
1894  0.330177  0.00996556  0.629981  0.013253
1895  0.330177  0.00996556  0.629981  0.013253
1896  0.330177  0.00996556  0.629981  0.013253
1897  0.330177  0.00996556  0.629981  0.013253
1898  0.330177  0.00996556  0.629981  0.013253
1899  0.330177  0.00996556  0.629981  0.013253
1900  0.330177  0.00996556  0.629981  0.013253
1901  0.330177  0.00996556  0.629981  0.013253
1902  0.330177  0.00996556  0.629981  0.013253
1903  0.330177  0.00996556  0.629981  0.013253
1904  0.330177  0.00996556  0.629981  0.013253
1905  0.330177  0.00996556  0.629981  0.013253
1906  0.330177  0.00996556  0.629981  0.013253
1907  0.330177  0.00996556  0.629981  0.013253
1908  0.330177  0.00996556  0.629981  0.013253
1909  0.330177  0.00996556  0.629981  0.013253
1910  0.330177  0.00996556  0.629981  0.013253
1911  0.330177  0.00996556  0.629981  0.013253
1912  0.330147  0.00996329  0.630726  0.0131801
1913  0.330144  0.00996332  0.630726  0.0131801
1914  0.330144  0.00996332  0.630726  0.0131801
1915  0.330144  0.00996332  0.630726  0.0131801
1916  0.330144  0.00996332  0.630726  0.0131801
1917  0.330144  0.00996332  0.630726  0.0131801
1918  0.330144  0.00996332  0.630726  0.0131801
1919  0.330144  0.00996332  0.630726  0.0131801
1920  0.330144  0.00996332  0.630726  0.0131801
1921  0.330144  0.00996332  0.630726  0.0131801
1922  0.330144  0.00996332  0.630726  0.0131801
1923  0.330144  0.00996332  0.630726  0.0131801
1924  0.330142  0.00996306  0.631657  0.0130947
1925  0.330138  0.00996274  0.631657  0.0130947
1926  0.330135  0.00996248  0.631657  0.0130947
1927  0.33013  0.00996216  0.631657  0.0130947
1928  0.33013  0.00996216  0.631657  0.0130947
1929  0.33013  0.00996216  0.631657  0.0130947
1930  0.33013  0.00996216  0.631657  0.0130947
1931  0.33013  0.00996216  0.631657  0.0130947
1932  0.33013  0.00996216  0.631657  0.0130947
1933  0.33013  0.00996216  0.631657  0.0130947
1934  0.33013  0.00996216  0.631657  0.0130947
1935  0.33013  0.00996216  0.631657  0.0130947
1936  0.33013  0.00996216  0.631657  0.0130947
1937  0.33013  0.00996216  0.631657  0.0130947
1938  0.33013  0.00996216  0.631657  0.0130947
1939  0.33013  0.00996216  0.631657  0.0130947
1940  0.33013  0.00996216  0.631657  0.0130947
1941  0.33013  0.00996216  0.631657  0.0130947
1942  0.33013  0.00996216  0.631657  0.0130947
1943  0.33013  0.00996216  0.631657  0.0130947
1944  0.33013  0.00996216  0.631657  0.0130947
1945  0.33013  0.00996216  0.631657  0.0130947
1946  0.33013  0.00996216  0.631657  0.0130947
1947  0.33013  0.00996216  0.631657  0.0130947
1948  0.33013  0.00996216  0.631657  0.0130947
1949  0.33013  0.00996216  0.631657  0.0130947
1950  0.33013  0.00996216  0.631657  0.0130947
1951  0.33013  0.00996216  0.631657  0.0130947
1952  0.33013  0.00996216  0.631657  0.0130947
1953  0.33013  0.00996216  0.631657  0.0130947
1954  0.33013  0.00996216  0.631657  0.0130947
1955  0.33013  0.00996216  0.631657  0.0130947
1956  0.330125  0.00996184  0.631844  0.0130721
1957  0.330117  0.00996138  0.63175  0.0130831
1958  0.330115  0.00996126  0.631657  0.0130947
1959  0.330115  0.00996126  0.631657  0.0130947
1960  0.330115  0.00996126  0.631657  0.0130947
1961  0.330113  0.00996115  0.631657  0.0130947
1962  0.330113  0.00996115  0.631657  0.0130947
1963  0.330113  0.00996115  0.631657  0.0130947
1964  0.330113  0.00996115  0.631657  0.0130947
1965  0.330113  0.00996115  0.631657  0.0130947
1966  0.330113  0.00996115  0.631657  0.0130947
1967  0.330113  0.00996115  0.631657  0.0130947
1968  0.330113  0.00996115  0.631657  0.0130947
1969  0.330113  0.00996115  0.631657  0.0130947
1970  0.330082  0.00995984  0.631657  0.0130947
1971  0.330059  0.00995962  0.631657  0.0130947
1972  0.330059  0.00995962  0.631657  0.0130947
1973  0.330059  0.00995962  0.631657  0.0130947
1974  0.330059  0.00995962  0.631657  0.0130947
1975  0.330056  0.0099593  0.631657  0.0130947
1976  0.330056  0.0099593  0.631657  0.0130947
1977  0.330056  0.0099593  0.631657  0.0130947
1978  0.330056  0.0099593  0.631657  0.0130947
1979  0.330056  0.00995929  0.631657  0.0130947
1980  0.330056  0.00995929  0.631657  0.0130947
1981  0.330056  0.00995929  0.631657  0.0130947
1982  0.33005  0.00995969  0.631657  0.0130947
1983  0.33005  0.00995969  0.631657  0.0130947
1984  0.33005  0.00995969  0.631657  0.0130947
1985  0.33005  0.00995969  0.631657  0.0130947
1986  0.33005  0.00995969  0.631657  0.0130947
1987  0.33005  0.00995969  0.631657  0.0130947
1988  0.33005  0.00995969  0.631657  0.0130947
1989  0.33005  0.00995969  0.631657  0.0130947
1990  0.33005  0.00995969  0.631657  0.0130947
1991  0.33005  0.00995969  0.631657  0.0130947
1992  0.33005  0.00995969  0.631657  0.0130947
1993  0.330044  0.00995923  0.630074  0.0132785
1994  0.330042  0.00995936  0.630074  0.0132785
1995  0.330042  0.00995936  0.630074  0.0132785
1996  0.330041  0.00995929  0.631006  0.0131476
1997  0.33003  0.00995868  0.63054  0.0131918
1998  0.330024  0.00995818  0.629888  0.0132532
1999  0.33002  0.0099582  0.629888  0.0132532
