#sample=135
0  0.488452  0.00782467  0.4075  0.0193628
1  0.473853  0.00755419  0.409259  0.0202424
2  0.460489  0.00767894  0.419815  0.0205181
3  0.449371  0.00801458  0.434907  0.0203463
4  0.439589  0.00845532  0.450833  0.0198956
5  0.431705  0.00868062  0.454074  0.0200675
6  0.423946  0.00910331  0.459259  0.0202765
7  0.416371  0.00955191  0.464722  0.021365
8  0.410658  0.00984479  0.476759  0.0210056
9  0.405679  0.0100407  0.48463  0.0214671
10  0.401374  0.0102095  0.488333  0.0217824
11  0.396714  0.0104414  0.496574  0.0218011
12  0.393138  0.0105615  0.505185  0.0217912
13  0.390198  0.0106624  0.507315  0.0218632
14  0.387648  0.0108054  0.514444  0.0214683
15  0.385178  0.0109012  0.525833  0.020467
16  0.382933  0.010954  0.530741  0.0202931
17  0.381111  0.0109566  0.539074  0.0198275
18  0.379593  0.0109895  0.543241  0.0194893
19  0.378232  0.0109938  0.5475  0.018877
20  0.377178  0.0110008  0.55463  0.0184128
21  0.376566  0.0110249  0.556667  0.0181377
22  0.375936  0.0110311  0.561111  0.0178201
23  0.37533  0.0110112  0.561296  0.0178071
24  0.374581  0.0109724  0.563426  0.017549
25  0.374158  0.0109564  0.563148  0.0175823
26  0.373714  0.0109591  0.564167  0.0175052
27  0.373141  0.0109713  0.566204  0.017398
28  0.372517  0.0109972  0.565278  0.0174488
29  0.37183  0.0110123  0.568056  0.0174062
30  0.371566  0.011025  0.568981  0.0173541
31  0.371284  0.0110338  0.568981  0.0173541
32  0.371039  0.0110249  0.571019  0.0171028
33  0.370855  0.0110199  0.574815  0.0168147
34  0.370708  0.0110112  0.574815  0.0168147
35  0.370475  0.0109959  0.577593  0.0163285
36  0.370028  0.0109773  0.577685  0.0163175
37  0.369462  0.0109663  0.577037  0.0164351
38  0.368947  0.0109496  0.580185  0.0162065
39  0.368545  0.0109432  0.58037  0.0160889
40  0.368202  0.0109362  0.580833  0.0160692
41  0.367846  0.0109251  0.582315  0.0160254
42  0.367582  0.010917  0.582315  0.0160356
43  0.367406  0.0109135  0.581019  0.0162478
44  0.367023  0.0108971  0.583796  0.0158997
45  0.366754  0.0108853  0.584352  0.0158875
46  0.366376  0.0108684  0.58713  0.0157369
47  0.365997  0.010848  0.586389  0.0158373
48  0.365615  0.0108308  0.58787  0.0157292
49  0.365216  0.0108069  0.588333  0.0160366
50  0.364913  0.010801  0.588519  0.0160301
51  0.364684  0.0107926  0.590648  0.0156708
52  0.364571  0.0107895  0.590648  0.0156708
53  0.36447  0.010787  0.590648  0.0156708
54  0.364403  0.0107865  0.590648  0.0156708
55  0.364336  0.0107829  0.590648  0.0156708
56  0.364194  0.0107795  0.590648  0.0156708
57  0.364029  0.0107708  0.5925  0.0155343
58  0.363906  0.0107659  0.595278  0.0153242
59  0.363787  0.0107597  0.597778  0.015232
60  0.363698  0.0107566  0.597778  0.015232
61  0.363625  0.0107629  0.597778  0.015232
62  0.363572  0.0107624  0.597778  0.015232
63  0.363488  0.0107612  0.597778  0.015232
64  0.36341  0.0107593  0.597407  0.0150897
65  0.363105  0.0107498  0.598426  0.0150171
66  0.362929  0.0107439  0.600278  0.0149253
67  0.362857  0.0107406  0.601204  0.0147269
68  0.362774  0.0107369  0.602222  0.0146328
69  0.362707  0.010727  0.603148  0.0144951
70  0.362667  0.0107212  0.603148  0.0144951
71  0.362639  0.0107219  0.602222  0.0145736
72  0.362631  0.0107214  0.605556  0.0140748
73  0.362596  0.0107201  0.605556  0.0140748
74  0.362571  0.0107188  0.607407  0.0139699
75  0.362504  0.0107151  0.606667  0.0140319
76  0.362458  0.0107087  0.607593  0.0138237
77  0.362381  0.0107084  0.607593  0.0138237
78  0.362212  0.0106955  0.607593  0.0138237
79  0.362073  0.0106871  0.608056  0.0137795
80  0.361958  0.0106837  0.607685  0.0138136
81  0.361818  0.0106817  0.608426  0.0138117
82  0.361687  0.0106838  0.607222  0.0138495
83  0.361511  0.0106779  0.608519  0.0138003
84  0.361205  0.01067  0.608611  0.0137895
85  0.361109  0.0106674  0.608611  0.0137895
86  0.360861  0.0106595  0.610463  0.0135524
87  0.360571  0.010634  0.61  0.0136569
88  0.360338  0.0106179  0.609722  0.0136802
89  0.360155  0.0106085  0.610741  0.0135868
90  0.360104  0.0106063  0.610741  0.0135868
91  0.360078  0.010606  0.610741  0.0135868
92  0.360044  0.0106054  0.610741  0.0135868
93  0.359971  0.0106031  0.609815  0.0136744
94  0.359828  0.0105993  0.610741  0.0135868
95  0.359659  0.0105968  0.611667  0.013562
96  0.359529  0.0105918  0.612593  0.0135367
97  0.359473  0.0105872  0.612685  0.0135249
98  0.359396  0.0105811  0.612685  0.0135249
99  0.359238  0.0105763  0.612222  0.0135774
100  0.35915  0.0105685  0.613148  0.013488
101  0.359035  0.0105601  0.613241  0.0134761
102  0.359034  0.0105601  0.613241  0.0134761
103  0.359019  0.010559  0.613241  0.0134761
104  0.35892  0.0105513  0.613241  0.0134761
105  0.358831  0.0105564  0.613241  0.0134761
106  0.358764  0.0105514  0.613241  0.0134761
107  0.358763  0.0105514  0.613241  0.0134761
108  0.358713  0.0105476  0.613241  0.0134761
109  0.358704  0.0105469  0.61463  0.0133348
110  0.358688  0.0105459  0.615278  0.013268
111  0.358679  0.0105455  0.615278  0.013268
112  0.358629  0.0105417  0.616944  0.0131588
113  0.358566  0.0105372  0.617037  0.0131588
114  0.358566  0.0105372  0.617037  0.0131588
115  0.358551  0.0105354  0.617037  0.0131588
116  0.358544  0.010535  0.617222  0.0131452
117  0.358505  0.0105339  0.617222  0.0131452
118  0.358494  0.0105333  0.617222  0.0131452
119  0.358488  0.0105329  0.617222  0.0131452
120  0.358439  0.0105318  0.616296  0.0132391
121  0.358405  0.01053  0.616296  0.0132391
122  0.358402  0.0105297  0.616296  0.0132391
123  0.358396  0.0105292  0.616296  0.0132391
124  0.358393  0.010529  0.616296  0.0132391
125  0.358383  0.0105285  0.616296  0.0132391
126  0.358372  0.0105276  0.616296  0.0132391
127  0.358357  0.0105262  0.616296  0.0132391
128  0.358351  0.0105259  0.616296  0.0132391
129  0.358349  0.0105259  0.616296  0.0132391
130  0.358329  0.0105245  0.616296  0.0132391
131  0.358322  0.0105239  0.616296  0.0132391
132  0.358284  0.0105213  0.616296  0.0132391
133  0.358269  0.0105202  0.615463  0.013378
134  0.358265  0.0105199  0.615463  0.013378
135  0.358215  0.0105166  0.61537  0.0133965
136  0.358208  0.010516  0.615093  0.0134558
137  0.358208  0.010516  0.615093  0.0134558
138  0.358201  0.010516  0.615093  0.0134558
139  0.358171  0.0105157  0.615093  0.0134558
140  0.358137  0.0105152  0.615093  0.0134558
141  0.358107  0.0105138  0.616111  0.013401
142  0.358018  0.0105079  0.616389  0.0133994
143  0.357914  0.010502  0.616389  0.0133994
144  0.357826  0.0104977  0.616389  0.0133994
145  0.357769  0.0104933  0.617778  0.0132842
146  0.357688  0.0104902  0.617778  0.0132842
147  0.357614  0.0104869  0.619815  0.0130433
148  0.357488  0.0104842  0.619907  0.0130353
149  0.357471  0.0104824  0.620463  0.0129691
150  0.357453  0.0104805  0.619907  0.0130353
151  0.357453  0.0104805  0.619907  0.0130353
152  0.357408  0.0104798  0.619722  0.0130493
153  0.357386  0.0104796  0.619722  0.0130493
154  0.35737  0.010479  0.619722  0.0130493
155  0.357356  0.0104787  0.619722  0.0130493
156  0.357307  0.0104767  0.619722  0.0130493
157  0.357272  0.0104761  0.619722  0.0130493
158  0.357153  0.0104775  0.619722  0.0130493
159  0.357113  0.0104769  0.619722  0.0130493
160  0.357105  0.0104765  0.619722  0.0130493
161  0.357091  0.0104756  0.619907  0.0130353
162  0.357081  0.0104747  0.618981  0.0131314
163  0.357064  0.0104739  0.618981  0.0131314
164  0.357048  0.0104726  0.618981  0.0131314
165  0.356909  0.0104614  0.61713  0.0133848
166  0.356868  0.0104585  0.61713  0.0133848
167  0.356792  0.0104532  0.61713  0.0133848
168  0.35664  0.0104443  0.618056  0.0133563
169  0.356489  0.0104381  0.618056  0.0133563
170  0.356385  0.0104338  0.618056  0.0133563
171  0.35628  0.0104311  0.618796  0.0132258
172  0.356242  0.0104302  0.618796  0.0132258
173  0.356234  0.0104293  0.619537  0.0131497
174  0.356227  0.0104284  0.618704  0.0132441
175  0.356225  0.0104283  0.618611  0.0132656
176  0.356222  0.010428  0.618611  0.0132656
177  0.356222  0.010428  0.618611  0.0132656
178  0.35622  0.010428  0.618611  0.0132656
179  0.356191  0.0104308  0.617963  0.0133834
180  0.356187  0.0104306  0.617963  0.0133834
181  0.356167  0.0104295  0.617963  0.0133834
182  0.356152  0.0104296  0.617963  0.0133834
183  0.356112  0.0104257  0.617963  0.0133834
184  0.356093  0.010424  0.617963  0.0133834
185  0.356089  0.0104237  0.617963  0.0133834
186  0.356083  0.0104231  0.617963  0.0133834
187  0.356021  0.0104226  0.617963  0.0133834
188  0.35602  0.0104225  0.61713  0.0134697
189  0.356018  0.0104225  0.61713  0.0134697
190  0.356006  0.0104221  0.616204  0.0134974
191  0.355938  0.0104226  0.616204  0.0134974
192  0.355938  0.0104226  0.616204  0.0134974
193  0.355938  0.0104226  0.616204  0.0134974
194  0.355923  0.0104223  0.616204  0.0134974
195  0.355922  0.0104224  0.616204  0.0134974
196  0.355922  0.0104224  0.616204  0.0134974
197  0.355916  0.0104224  0.616204  0.0134974
198  0.355916  0.0104224  0.616204  0.0134974
199  0.355913  0.0104224  0.616204  0.0134974
200  0.355908  0.010422  0.616204  0.0134974
201  0.355894  0.0104205  0.616204  0.0134974
202  0.355884  0.0104194  0.616204  0.0134974
203  0.35588  0.0104189  0.616204  0.0134974
204  0.355877  0.0104187  0.616204  0.0134974
205  0.355814  0.0104208  0.616204  0.0134974
206  0.3557  0.0104222  0.617407  0.0133772
207  0.355623  0.0104205  0.617407  0.0133772
208  0.355577  0.0104183  0.617407  0.0133772
209  0.355564  0.0104174  0.617407  0.0133772
210  0.355563  0.0104175  0.617407  0.0133772
211  0.355563  0.0104176  0.617407  0.0133772
212  0.355563  0.0104176  0.617407  0.0133772
213  0.355563  0.0104176  0.617407  0.0133772
214  0.35554  0.010417  0.617407  0.0133772
215  0.35554  0.010417  0.617407  0.0133772
216  0.35553  0.0104158  0.617407  0.0133772
217  0.35553  0.0104158  0.617407  0.0133772
218  0.355525  0.0104162  0.617407  0.0133772
219  0.355515  0.0104151  0.616481  0.0134696
220  0.355515  0.0104151  0.616481  0.0134696
221  0.355511  0.0104151  0.616481  0.0134696
222  0.355511  0.0104151  0.616481  0.0134696
223  0.355508  0.010415  0.616481  0.0134696
224  0.355493  0.0104135  0.616481  0.0134696
225  0.355482  0.0104125  0.615556  0.0135609
226  0.355477  0.0104124  0.615556  0.0135609
227  0.355476  0.0104124  0.615556  0.0135609
228  0.355469  0.0104123  0.615556  0.0135609
229  0.355352  0.0104237  0.615556  0.0135609
230  0.355342  0.0104236  0.615556  0.0135609
231  0.355341  0.0104235  0.615556  0.0135609
232  0.355341  0.0104235  0.615556  0.0135609
233  0.355336  0.010423  0.615556  0.0135609
234  0.355336  0.010423  0.615556  0.0135609
235  0.355336  0.010423  0.615556  0.0135609
236  0.355276  0.0104192  0.615556  0.0135609
237  0.355271  0.0104192  0.615556  0.0135609
238  0.355271  0.0104192  0.615556  0.0135609
239  0.355256  0.0104197  0.615556  0.0135609
240  0.355248  0.0104201  0.615556  0.0135609
241  0.355244  0.0104198  0.615556  0.0135609
242  0.355237  0.0104193  0.615556  0.0135609
243  0.355176  0.0104159  0.615556  0.0135609
244  0.35509  0.0104127  0.615556  0.0135609
245  0.355001  0.0104099  0.615556  0.0135609
246  0.354974  0.0104094  0.615556  0.0135609
247  0.354933  0.0104082  0.615556  0.0135609
248  0.35489  0.0104072  0.615556  0.0135609
249  0.354842  0.0104051  0.615556  0.0135609
250  0.354836  0.0104046  0.615556  0.0135609
251  0.354831  0.0104042  0.615556  0.0135609
252  0.354828  0.0104041  0.615556  0.0135609
253  0.354814  0.0104031  0.615556  0.0135609
254  0.354592  0.0103903  0.615556  0.0135609
255  0.354575  0.0103895  0.615556  0.0135609
256  0.354522  0.0103869  0.615556  0.0135609
257  0.354508  0.0103862  0.615556  0.0135609
258  0.354501  0.0103856  0.615556  0.0135609
259  0.354416  0.0103886  0.615556  0.0135609
260  0.354383  0.0103899  0.615556  0.0135609
261  0.354372  0.0103889  0.615556  0.0135609
262  0.354371  0.010389  0.615556  0.0135609
263  0.354371  0.010389  0.615556  0.0135609
264  0.35435  0.0103885  0.615556  0.0135609
265  0.354306  0.0103873  0.615556  0.0135609
266  0.354261  0.0103863  0.615556  0.0135609
267  0.354166  0.0103848  0.616481  0.0135336
268  0.354165  0.0103848  0.616481  0.0135336
269  0.354164  0.0103848  0.616481  0.0135336
270  0.354163  0.0103847  0.616481  0.0135336
271  0.354163  0.0103847  0.616481  0.0135336
272  0.354159  0.0103843  0.617407  0.0134417
273  0.354158  0.0103843  0.617407  0.0134417
274  0.354157  0.0103841  0.617407  0.0134417
275  0.354133  0.0103857  0.617407  0.0134417
276  0.354123  0.0103853  0.617407  0.0134417
277  0.354108  0.0103847  0.617407  0.0134417
278  0.354086  0.0103834  0.617407  0.0134417
279  0.354079  0.0103829  0.617407  0.0134417
280  0.354075  0.0103826  0.617407  0.0134417
281  0.35407  0.0103822  0.617407  0.0134417
282  0.354066  0.0103819  0.617407  0.0134417
283  0.354063  0.0103817  0.617407  0.0134417
284  0.354063  0.0103817  0.617407  0.0134417
285  0.354052  0.0103809  0.617407  0.0134417
286  0.354038  0.01038  0.617407  0.0134417
287  0.354036  0.0103797  0.618519  0.0133221
288  0.354036  0.0103797  0.618519  0.0133221
289  0.35403  0.0103796  0.618519  0.0133221
290  0.354029  0.0103796  0.618519  0.0133221
291  0.354029  0.0103796  0.618519  0.0133221
292  0.354028  0.0103796  0.618519  0.0133221
293  0.354025  0.0103795  0.618519  0.0133221
294  0.354023  0.0103794  0.618519  0.0133221
295  0.354005  0.0103784  0.618519  0.0133221
296  0.353997  0.010378  0.618519  0.0133221
297  0.353956  0.0103787  0.618519  0.0133221
298  0.353943  0.010379  0.618519  0.0133221
299  0.353925  0.0103783  0.618519  0.0133221
300  0.353918  0.010378  0.618519  0.0133221
301  0.353902  0.0103773  0.618519  0.0133221
302  0.3539  0.0103772  0.618519  0.0133221
303  0.3539  0.0103772  0.618519  0.0133221
304  0.353899  0.0103771  0.618519  0.0133221
305  0.353892  0.0103764  0.618519  0.0133221
306  0.353892  0.0103764  0.618519  0.0133221
307  0.353888  0.0103759  0.618519  0.0133221
308  0.353875  0.0103749  0.618519  0.0133221
309  0.353875  0.0103749  0.618519  0.0133221
310  0.353827  0.0103749  0.618519  0.0133221
311  0.353827  0.0103749  0.618519  0.0133221
312  0.353827  0.0103749  0.618519  0.0133221
313  0.353827  0.0103749  0.618519  0.0133221
314  0.35379  0.0103743  0.618519  0.0133221
315  0.353787  0.0103743  0.618519  0.0133221
316  0.353776  0.0103744  0.619444  0.0132928
317  0.353769  0.0103748  0.619444  0.0132928
318  0.353686  0.0103783  0.619444  0.0132928
319  0.353651  0.0103805  0.619444  0.0132928
320  0.353651  0.0103805  0.619444  0.0132928
321  0.353649  0.0103803  0.619444  0.0132928
322  0.353624  0.0103787  0.619444  0.0132928
323  0.353624  0.0103787  0.619444  0.0132928
324  0.353624  0.0103787  0.619444  0.0132928
325  0.353618  0.0103783  0.619444  0.0132928
326  0.353617  0.0103783  0.619444  0.0132928
327  0.353512  0.0103722  0.619444  0.0132928
328  0.353449  0.0103749  0.619444  0.0132928
329  0.353431  0.0103751  0.619444  0.0132928
330  0.353421  0.0103752  0.619444  0.0132928
331  0.3534  0.0103727  0.619259  0.0133065
332  0.353284  0.0103598  0.619444  0.0132928
333  0.353284  0.0103598  0.619444  0.0132928
334  0.353284  0.0103598  0.619444  0.0132928
335  0.353284  0.0103598  0.619444  0.0132928
336  0.353284  0.0103598  0.619444  0.0132928
337  0.353284  0.0103598  0.619444  0.0132928
338  0.353276  0.0103593  0.62037  0.0131976
339  0.353276  0.0103593  0.62037  0.0131976
340  0.353208  0.0103575  0.621296  0.013167
341  0.353173  0.0103566  0.621296  0.013167
342  0.353162  0.0103563  0.621296  0.013167
343  0.353162  0.0103563  0.621296  0.013167
344  0.353087  0.0103586  0.621296  0.013167
345  0.35306  0.0103585  0.621296  0.013167
346  0.35295  0.0103508  0.621296  0.013167
347  0.35295  0.0103508  0.621296  0.013167
348  0.35294  0.0103501  0.621296  0.013167
349  0.352936  0.0103497  0.621296  0.013167
350  0.352931  0.0103493  0.621296  0.013167
351  0.352917  0.0103482  0.621296  0.013167
352  0.352911  0.0103487  0.621296  0.013167
353  0.352903  0.0103486  0.621296  0.013167
354  0.352902  0.0103486  0.621296  0.013167
355  0.352902  0.0103486  0.621296  0.013167
356  0.352882  0.0103469  0.620833  0.0132069
357  0.352882  0.0103469  0.620833  0.0132069
358  0.352882  0.0103469  0.620833  0.0132069
359  0.352882  0.0103469  0.620833  0.0132069
360  0.352866  0.0103478  0.620833  0.0132069
361  0.352866  0.0103478  0.620833  0.0132069
362  0.352821  0.0103477  0.619074  0.013326
363  0.352802  0.0103487  0.619907  0.0133023
364  0.352802  0.0103487  0.619907  0.0133023
365  0.352775  0.0103507  0.619907  0.0133023
366  0.352771  0.0103512  0.619907  0.0133023
367  0.352751  0.0103505  0.619907  0.0133023
368  0.352743  0.0103502  0.619907  0.0133023
369  0.352743  0.0103502  0.619907  0.0133023
370  0.352741  0.01035  0.619907  0.0133023
371  0.352741  0.01035  0.619907  0.0133023
372  0.352741  0.01035  0.619907  0.0133023
373  0.352741  0.01035  0.619907  0.0133023
374  0.352741  0.01035  0.619907  0.0133023
375  0.352738  0.01035  0.619907  0.0133023
376  0.352734  0.0103495  0.618981  0.0133964
377  0.352732  0.0103495  0.618981  0.0133964
378  0.352732  0.0103495  0.618981  0.0133964
379  0.352732  0.0103495  0.618981  0.0133964
380  0.352697  0.0103532  0.618981  0.0133964
381  0.352696  0.0103531  0.618981  0.0133964
382  0.352665  0.0103547  0.618981  0.0133964
383  0.352665  0.0103547  0.618981  0.0133964
384  0.352665  0.0103547  0.618981  0.0133964
385  0.352665  0.0103547  0.618981  0.0133964
386  0.352661  0.010355  0.618981  0.0133964
387  0.352659  0.0103551  0.618981  0.0133964
388  0.352657  0.0103553  0.618981  0.0133964
389  0.352657  0.0103553  0.618981  0.0133964
390  0.352657  0.0103553  0.618981  0.0133964
391  0.352639  0.0103539  0.619907  0.0133023
392  0.35261  0.0103518  0.619907  0.0133023
393  0.352607  0.0103516  0.619907  0.0133023
394  0.352607  0.0103516  0.619907  0.0133023
395  0.352589  0.0103531  0.619907  0.0133023
396  0.352582  0.0103537  0.619907  0.0133023
397  0.352582  0.0103537  0.619907  0.0133023
398  0.352503  0.0103502  0.619907  0.0133023
399  0.352492  0.0103492  0.619907  0.0133023
400  0.352492  0.0103492  0.619907  0.0133023
401  0.352492  0.0103492  0.619907  0.0133023
402  0.352492  0.0103492  0.619907  0.0133023
403  0.352492  0.0103492  0.619907  0.0133023
404  0.352487  0.0103488  0.619907  0.0133023
405  0.352487  0.0103488  0.619907  0.0133023
406  0.352486  0.0103489  0.619907  0.0133023
407  0.352486  0.0103489  0.619907  0.0133023
408  0.352486  0.0103489  0.619907  0.0133023
409  0.352478  0.0103498  0.619907  0.0133023
410  0.352476  0.0103497  0.619907  0.0133023
411  0.352474  0.0103494  0.619907  0.0133023
412  0.352459  0.0103491  0.619907  0.0133023
413  0.352447  0.0103489  0.619907  0.0133023
414  0.352441  0.0103489  0.619907  0.0133023
415  0.352395  0.0103491  0.619907  0.0133023
416  0.352378  0.0103492  0.619907  0.0133023
417  0.352314  0.0103535  0.619907  0.0133023
418  0.352291  0.0103532  0.619907  0.0133023
419  0.352196  0.0103528  0.619907  0.0133023
420  0.352157  0.0103529  0.619907  0.0133023
421  0.352157  0.0103529  0.619907  0.0133023
422  0.352157  0.0103529  0.619907  0.0133023
423  0.352157  0.0103529  0.619907  0.0133023
424  0.352157  0.0103529  0.619907  0.0133023
425  0.352154  0.0103531  0.619907  0.0133023
426  0.35215  0.0103534  0.619907  0.0133023
427  0.35215  0.0103534  0.619907  0.0133023
428  0.35215  0.0103534  0.619907  0.0133023
429  0.352144  0.0103527  0.619907  0.0133023
430  0.352144  0.0103527  0.619907  0.0133023
431  0.352144  0.0103527  0.619907  0.0133023
432  0.352141  0.0103523  0.619907  0.0133023
433  0.352122  0.0103505  0.619907  0.0133023
434  0.35212  0.0103502  0.619907  0.0133023
435  0.352117  0.01035  0.619907  0.0133023
436  0.352114  0.0103497  0.619907  0.0133023
437  0.352107  0.0103489  0.619907  0.0133023
438  0.35209  0.0103474  0.619907  0.0133023
439  0.35208  0.0103463  0.619907  0.0133023
440  0.35208  0.0103463  0.619907  0.0133023
441  0.352075  0.0103462  0.619907  0.0133023
442  0.352067  0.010346  0.619907  0.0133023
443  0.35206  0.0103455  0.619907  0.0133023
444  0.35206  0.0103455  0.619907  0.0133023
445  0.352054  0.0103449  0.621111  0.0131653
446  0.352053  0.0103449  0.621111  0.0131653
447  0.352053  0.0103449  0.621111  0.0131653
448  0.352053  0.0103449  0.621111  0.0131653
449  0.352053  0.010345  0.621111  0.0131653
450  0.352053  0.010345  0.621111  0.0131653
451  0.352053  0.0103449  0.621111  0.0131653
452  0.352053  0.0103449  0.621111  0.0131653
453  0.352053  0.0103449  0.621111  0.0131653
454  0.352053  0.0103449  0.621111  0.0131653
455  0.352053  0.0103449  0.621111  0.0131653
456  0.352053  0.0103449  0.621111  0.0131653
457  0.352053  0.0103449  0.621111  0.0131653
458  0.352053  0.0103449  0.621111  0.0131653
459  0.352043  0.0103448  0.621111  0.0131653
460  0.352042  0.0103448  0.621111  0.0131653
461  0.352042  0.0103448  0.621111  0.0131653
462  0.352042  0.0103448  0.621111  0.0131653
463  0.352041  0.0103447  0.621111  0.0131653
464  0.351996  0.0103399  0.621111  0.0131653
465  0.351996  0.0103399  0.621111  0.0131653
466  0.351993  0.01034  0.621111  0.0131653
467  0.351993  0.01034  0.621111  0.0131653
468  0.351993  0.0103401  0.621111  0.0131653
469  0.351993  0.0103401  0.621111  0.0131653
470  0.351993  0.0103401  0.621111  0.0131653
471  0.351993  0.0103401  0.621111  0.0131653
472  0.351993  0.0103401  0.621111  0.0131653
473  0.351983  0.0103398  0.621111  0.0131653
474  0.351964  0.0103386  0.621574  0.0131252
475  0.351961  0.0103386  0.621574  0.0131252
476  0.351938  0.010338  0.620648  0.0132215
477  0.351924  0.0103373  0.621111  0.0131653
478  0.351922  0.0103372  0.621204  0.013156
479  0.351921  0.010337  0.621481  0.0131319
480  0.351921  0.010337  0.621481  0.0131319
481  0.351921  0.010337  0.621481  0.0131319
482  0.351921  0.0103371  0.621481  0.0131319
483  0.351903  0.0103367  0.621481  0.0131319
484  0.351874  0.0103363  0.621481  0.0131319
485  0.35187  0.0103362  0.621481  0.0131319
486  0.351869  0.0103362  0.621481  0.0131319
487  0.35183  0.0103384  0.621389  0.0131321
488  0.35183  0.0103384  0.621389  0.0131321
489  0.35183  0.0103384  0.621389  0.0131321
490  0.351829  0.0103384  0.621389  0.0131321
491  0.351829  0.0103384  0.621389  0.0131321
492  0.351829  0.0103384  0.621389  0.0131321
493  0.351829  0.0103384  0.621389  0.0131321
494  0.351828  0.0103384  0.621389  0.0131321
495  0.351828  0.0103384  0.621389  0.0131321
496  0.351828  0.0103384  0.621389  0.0131321
497  0.351828  0.0103384  0.621389  0.0131321
498  0.351825  0.0103381  0.621389  0.0131321
499  0.351825  0.0103381  0.621389  0.0131321
500  0.351825  0.0103381  0.621389  0.0131321
501  0.351816  0.0103371  0.621389  0.0131321
502  0.351814  0.0103369  0.621389  0.0131321
503  0.351814  0.0103369  0.621389  0.0131321
504  0.351814  0.0103369  0.621389  0.0131321
505  0.351809  0.0103368  0.621389  0.0131321
506  0.351806  0.0103367  0.621389  0.0131321
507  0.351806  0.0103367  0.621389  0.0131321
508  0.351806  0.0103367  0.621389  0.0131321
509  0.351801  0.0103366  0.621389  0.0131321
510  0.351801  0.0103366  0.621389  0.0131321
511  0.35168  0.0103445  0.621389  0.0131321
512  0.351672  0.0103444  0.621389  0.0131321
513  0.351672  0.0103444  0.621389  0.0131321
514  0.351667  0.0103439  0.621389  0.0131321
515  0.351667  0.0103439  0.621389  0.0131321
516  0.351667  0.0103439  0.621389  0.0131321
517  0.351642  0.0103416  0.621389  0.0131321
518  0.351642  0.0103417  0.621389  0.0131321
519  0.351642  0.0103417  0.621389  0.0131321
520  0.35164  0.0103415  0.621389  0.0131321
521  0.351609  0.0103413  0.621389  0.0131321
522  0.351608  0.0103413  0.621389  0.0131321
523  0.351608  0.0103413  0.621389  0.0131321
524  0.351606  0.0103413  0.621389  0.0131321
525  0.351605  0.0103413  0.621389  0.0131321
526  0.351605  0.0103413  0.621389  0.0131321
527  0.351605  0.0103413  0.621389  0.0131321
528  0.351603  0.0103414  0.621389  0.0131321
529  0.351602  0.0103414  0.621389  0.0131321
530  0.351602  0.0103414  0.621389  0.0131321
531  0.351602  0.0103414  0.621389  0.0131321
532  0.351601  0.0103413  0.621389  0.0131321
533  0.351601  0.0103413  0.621389  0.0131321
534  0.3516  0.0103412  0.621389  0.0131321
535  0.3516  0.0103412  0.621389  0.0131321
536  0.3516  0.0103412  0.621389  0.0131321
537  0.351571  0.0103433  0.620926  0.0131393
538  0.35155  0.0103449  0.621389  0.0131321
539  0.351547  0.0103449  0.621389  0.0131321
540  0.351547  0.0103449  0.621389  0.0131321
541  0.351547  0.0103449  0.621389  0.0131321
542  0.351547  0.0103449  0.621389  0.0131321
543  0.351547  0.0103449  0.621389  0.0131321
544  0.351525  0.0103415  0.621389  0.0131321
545  0.351525  0.0103415  0.621389  0.0131321
546  0.351525  0.0103415  0.621389  0.0131321
547  0.351525  0.0103415  0.621389  0.0131321
548  0.351503  0.0103382  0.621389  0.0131321
549  0.351503  0.0103382  0.621389  0.0131321
550  0.351503  0.0103382  0.621389  0.0131321
551  0.351496  0.0103375  0.620463  0.0132282
552  0.351495  0.0103375  0.620463  0.0132282
553  0.351476  0.0103353  0.620463  0.0132282
554  0.351471  0.0103348  0.620463  0.0132282
555  0.351466  0.0103343  0.620556  0.0132157
556  0.351463  0.010334  0.620556  0.0132157
557  0.351463  0.010334  0.620556  0.0132157
558  0.351463  0.010334  0.620556  0.0132157
559  0.351463  0.010334  0.620556  0.0132157
560  0.351457  0.0103334  0.620556  0.0132157
561  0.351457  0.0103334  0.620556  0.0132157
562  0.351449  0.0103341  0.620556  0.0132157
563  0.351396  0.0103428  0.620556  0.0132157
564  0.351396  0.0103428  0.620556  0.0132157
565  0.351396  0.0103428  0.620556  0.0132157
566  0.351396  0.0103428  0.620556  0.0132157
567  0.351395  0.0103428  0.621389  0.0132441
568  0.351395  0.0103428  0.621389  0.0132441
569  0.351381  0.0103416  0.621389  0.0132441
570  0.351381  0.0103416  0.621389  0.0132441
571  0.351381  0.0103416  0.621389  0.0132441
572  0.351381  0.0103416  0.621389  0.0132441
573  0.351381  0.0103416  0.621389  0.0132441
574  0.351381  0.0103416  0.621389  0.0132441
575  0.351339  0.0103444  0.621481  0.0132439
576  0.351339  0.0103444  0.621481  0.0132439
577  0.351339  0.0103444  0.621481  0.0132439
578  0.351339  0.0103444  0.621481  0.0132439
579  0.351339  0.0103444  0.621481  0.0132439
580  0.351339  0.0103444  0.621481  0.0132439
581  0.351339  0.0103444  0.621481  0.0132439
582  0.351339  0.0103444  0.621481  0.0132439
583  0.351285  0.010349  0.621481  0.0132439
584  0.351265  0.0103508  0.621481  0.0132439
585  0.351265  0.0103508  0.621481  0.0132439
586  0.351265  0.0103508  0.621481  0.0132439
587  0.351261  0.0103512  0.621481  0.0132439
588  0.351259  0.0103514  0.621481  0.0132439
589  0.351259  0.0103514  0.621481  0.0132439
590  0.351259  0.0103514  0.621481  0.0132439
591  0.351259  0.0103514  0.621481  0.0132439
592  0.351259  0.0103514  0.621481  0.0132439
593  0.351259  0.0103514  0.621481  0.0132439
594  0.351259  0.0103514  0.621481  0.0132439
595  0.351259  0.0103514  0.621481  0.0132439
596  0.351259  0.0103514  0.621481  0.0132439
597  0.351259  0.0103514  0.621481  0.0132439
598  0.351259  0.0103514  0.621481  0.0132439
599  0.351259  0.0103514  0.621481  0.0132439
600  0.351259  0.0103514  0.621481  0.0132439
601  0.351259  0.0103514  0.621481  0.0132439
602  0.351259  0.0103514  0.621481  0.0132439
603  0.351259  0.0103514  0.621481  0.0132439
604  0.351259  0.0103514  0.621481  0.0132439
605  0.351259  0.0103514  0.621481  0.0132439
606  0.351259  0.0103514  0.621481  0.0132439
607  0.351259  0.0103514  0.621481  0.0132439
608  0.351257  0.0103512  0.621481  0.0132439
609  0.351257  0.0103512  0.621481  0.0132439
610  0.351257  0.0103512  0.621481  0.0132439
611  0.351257  0.0103512  0.621481  0.0132439
612  0.351257  0.0103512  0.621481  0.0132439
613  0.351257  0.0103512  0.621481  0.0132439
614  0.351257  0.0103512  0.621481  0.0132439
615  0.351257  0.0103512  0.621481  0.0132439
616  0.35123  0.0103511  0.621481  0.0132439
617  0.35123  0.0103511  0.621481  0.0132439
618  0.35123  0.0103511  0.621481  0.0132439
619  0.351209  0.0103512  0.621481  0.0132439
620  0.351206  0.0103509  0.621481  0.0132439
621  0.351205  0.0103509  0.621481  0.0132439
622  0.351204  0.0103507  0.621481  0.0132439
623  0.351194  0.01035  0.621481  0.0132439
624  0.351122  0.0103479  0.621481  0.0132439
625  0.351122  0.0103479  0.621481  0.0132439
626  0.351122  0.0103479  0.621481  0.0132439
627  0.351122  0.0103479  0.621481  0.0132439
628  0.351122  0.0103479  0.621481  0.0132439
629  0.351122  0.0103479  0.621481  0.0132439
630  0.351122  0.0103479  0.621481  0.0132439
631  0.351101  0.010347  0.621481  0.0132439
632  0.351044  0.0103447  0.621481  0.0132439
633  0.350912  0.0103414  0.621481  0.0132439
634  0.350809  0.0103382  0.621481  0.0132439
635  0.350762  0.0103371  0.621481  0.0132439
636  0.350749  0.0103368  0.621481  0.0132439
637  0.350743  0.0103367  0.621481  0.0132439
638  0.350659  0.010337  0.621481  0.0132439
639  0.350657  0.010337  0.621481  0.0132439
640  0.350657  0.010337  0.621481  0.0132439
641  0.350657  0.010337  0.621481  0.0132439
642  0.350657  0.010337  0.621481  0.0132439
643  0.350657  0.010337  0.621481  0.0132439
644  0.350629  0.0103381  0.621204  0.0132365
645  0.350611  0.0103389  0.621667  0.0132521
646  0.350575  0.0103405  0.621944  0.0132692
647  0.350575  0.0103405  0.621944  0.0132692
648  0.350575  0.0103405  0.621944  0.0132692
649  0.350575  0.0103405  0.621944  0.0132692
650  0.350575  0.0103405  0.621944  0.0132692
651  0.350575  0.0103405  0.621944  0.0132692
652  0.350575  0.0103405  0.621944  0.0132692
653  0.350575  0.0103406  0.621944  0.0132692
654  0.350575  0.0103406  0.621944  0.0132692
655  0.350575  0.0103406  0.621944  0.0132692
656  0.350575  0.0103406  0.621944  0.0132692
657  0.350575  0.0103406  0.621944  0.0132692
658  0.350575  0.0103406  0.621944  0.0132692
659  0.350575  0.0103406  0.621944  0.0132692
660  0.350567  0.0103397  0.621944  0.0132692
661  0.350475  0.0103311  0.621944  0.0132692
662  0.350389  0.0103232  0.621944  0.0132692
663  0.350236  0.0103119  0.621944  0.0132692
664  0.350187  0.0103112  0.621944  0.0132692
665  0.350187  0.0103112  0.621944  0.0132692
666  0.350187  0.0103112  0.621944  0.0132692
667  0.350153  0.0103087  0.621852  0.0132882
668  0.350153  0.0103087  0.621852  0.0132882
669  0.350153  0.0103087  0.621852  0.0132882
670  0.350153  0.0103087  0.621852  0.0132882
671  0.350153  0.0103087  0.621852  0.0132882
672  0.350153  0.0103087  0.621852  0.0132882
673  0.350153  0.0103087  0.621852  0.0132882
674  0.350153  0.0103087  0.621852  0.0132882
675  0.350152  0.0103088  0.621852  0.0132882
676  0.350152  0.0103088  0.621852  0.0132882
677  0.350114  0.0103156  0.621852  0.0132882
678  0.350114  0.0103156  0.621852  0.0132882
679  0.350114  0.0103156  0.621852  0.0132882
680  0.350114  0.0103156  0.621852  0.0132882
681  0.350114  0.0103156  0.621852  0.0132882
682  0.350114  0.0103156  0.621852  0.0132882
683  0.350114  0.0103156  0.621852  0.0132882
684  0.350108  0.0103151  0.621852  0.0132882
685  0.350108  0.0103151  0.621852  0.0132882
686  0.350108  0.0103151  0.621852  0.0132882
687  0.350108  0.0103151  0.621852  0.0132882
688  0.350108  0.0103151  0.621852  0.0132882
689  0.350108  0.0103151  0.621852  0.0132882
690  0.350108  0.0103151  0.621852  0.0132882
691  0.350108  0.0103151  0.621852  0.0132882
692  0.350108  0.0103151  0.621852  0.0132882
693  0.350108  0.0103151  0.621852  0.0132882
694  0.350108  0.0103151  0.621852  0.0132882
695  0.350108  0.0103151  0.621852  0.0132882
696  0.350108  0.0103151  0.621852  0.0132882
697  0.350108  0.0103151  0.621852  0.0132882
698  0.350108  0.0103151  0.621852  0.0132882
699  0.350108  0.0103151  0.621852  0.0132882
700  0.350108  0.0103151  0.621852  0.0132882
701  0.350108  0.0103151  0.621852  0.0132882
702  0.350108  0.0103151  0.621852  0.0132882
703  0.350108  0.0103151  0.621852  0.0132882
704  0.350107  0.0103151  0.621852  0.0132882
705  0.350107  0.0103151  0.621852  0.0132882
706  0.350102  0.0103146  0.621852  0.0132882
707  0.350102  0.0103146  0.621852  0.0132882
708  0.350102  0.0103146  0.621852  0.0132882
709  0.350102  0.0103146  0.621852  0.0132882
710  0.350102  0.0103146  0.621852  0.0132882
711  0.350102  0.0103146  0.621852  0.0132882
712  0.350102  0.0103146  0.621852  0.0132882
713  0.350102  0.0103146  0.621852  0.0132882
714  0.350102  0.0103146  0.621852  0.0132882
715  0.350102  0.0103146  0.621852  0.0132882
716  0.350068  0.0103133  0.621852  0.0132882
717  0.350068  0.0103133  0.621852  0.0132882
718  0.350068  0.0103133  0.621852  0.0132882
719  0.350061  0.0103127  0.621852  0.0132882
720  0.350011  0.0103172  0.621852  0.0132882
721  0.350011  0.0103172  0.621852  0.0132882
722  0.35  0.0103161  0.621852  0.0132882
723  0.349989  0.0103151  0.621852  0.0132882
724  0.349989  0.0103151  0.621852  0.0132882
725  0.349989  0.0103151  0.621852  0.0132882
726  0.349989  0.0103151  0.621852  0.0132882
727  0.349989  0.0103151  0.621852  0.0132882
728  0.349989  0.0103151  0.621852  0.0132882
729  0.349989  0.0103151  0.621852  0.0132882
730  0.349989  0.0103152  0.621852  0.0132882
731  0.349989  0.0103152  0.621852  0.0132882
732  0.349989  0.0103152  0.621852  0.0132882
733  0.349989  0.0103152  0.621852  0.0132882
734  0.349989  0.0103152  0.621852  0.0132882
735  0.349989  0.0103152  0.621852  0.0132882
736  0.349989  0.0103152  0.621852  0.0132882
737  0.349979  0.0103151  0.621852  0.0132882
738  0.349979  0.0103151  0.621852  0.0132882
739  0.349979  0.0103151  0.621852  0.0132882
740  0.349979  0.0103151  0.621852  0.0132882
741  0.349979  0.0103151  0.621852  0.0132882
742  0.349979  0.0103151  0.621852  0.0132882
743  0.349979  0.0103151  0.621852  0.0132882
744  0.349978  0.0103152  0.621852  0.0132882
745  0.349978  0.0103152  0.621852  0.0132882
746  0.349978  0.0103152  0.621852  0.0132882
747  0.349978  0.0103152  0.621852  0.0132882
748  0.349978  0.0103152  0.621852  0.0132882
749  0.349978  0.0103152  0.621852  0.0132882
750  0.349978  0.0103152  0.621852  0.0132882
751  0.349977  0.0103152  0.621852  0.0132882
752  0.349975  0.0103149  0.621852  0.0132882
753  0.349975  0.0103149  0.621852  0.0132882
754  0.349975  0.0103149  0.621852  0.0132882
755  0.349974  0.0103149  0.621852  0.0132882
756  0.349974  0.0103149  0.621852  0.0132882
757  0.349972  0.0103147  0.621852  0.0132882
758  0.349969  0.0103143  0.6225  0.0132186
759  0.349967  0.010314  0.622593  0.0132112
760  0.349967  0.010314  0.622685  0.0132044
761  0.349967  0.010314  0.622685  0.0132044
762  0.349962  0.0103134  0.622685  0.0132044
763  0.349957  0.0103137  0.622685  0.0132044
764  0.349957  0.0103137  0.622685  0.0132044
765  0.349957  0.0103137  0.622685  0.0132044
766  0.349957  0.0103137  0.622685  0.0132044
767  0.349957  0.0103137  0.622685  0.0132044
768  0.349957  0.0103137  0.622685  0.0132044
769  0.349957  0.0103137  0.622685  0.0132044
770  0.349942  0.0103134  0.622685  0.0132044
771  0.349942  0.0103134  0.622685  0.0132044
772  0.349942  0.0103134  0.622685  0.0132044
773  0.349942  0.0103134  0.622685  0.0132044
774  0.349905  0.0103109  0.623519  0.0131729
775  0.349903  0.0103108  0.623519  0.0131729
776  0.349898  0.0103107  0.623519  0.0131729
777  0.349895  0.0103107  0.623519  0.0131729
778  0.349894  0.0103107  0.623519  0.0131729
779  0.349894  0.0103107  0.623519  0.0131729
780  0.349894  0.0103107  0.623519  0.0131729
781  0.349894  0.0103107  0.623519  0.0131729
782  0.349883  0.0103097  0.623519  0.0131729
783  0.349882  0.0103096  0.623519  0.0131729
784  0.349881  0.0103096  0.623519  0.0131729
785  0.349874  0.010309  0.623519  0.0131729
786  0.349868  0.0103085  0.624444  0.0130747
787  0.349868  0.0103086  0.624444  0.0130747
788  0.349861  0.0103078  0.624444  0.0130747
789  0.34986  0.0103076  0.624444  0.0130747
790  0.349836  0.010309  0.624444  0.0130747
791  0.349836  0.010309  0.624444  0.0130747
792  0.349836  0.010309  0.624444  0.0130747
793  0.349836  0.010309  0.624444  0.0130747
794  0.349836  0.010309  0.624444  0.0130747
795  0.349836  0.010309  0.624444  0.0130747
796  0.349836  0.010309  0.624444  0.0130747
797  0.349836  0.010309  0.624444  0.0130747
798  0.349836  0.010309  0.624444  0.0130747
799  0.349836  0.010309  0.624444  0.0130747
800  0.349836  0.010309  0.624444  0.0130747
801  0.349836  0.010309  0.624444  0.0130747
802  0.349836  0.010309  0.624444  0.0130747
803  0.349834  0.010309  0.624444  0.0130747
804  0.349834  0.010309  0.624444  0.0130747
805  0.349833  0.0103089  0.624444  0.0130747
806  0.349833  0.0103089  0.624444  0.0130747
807  0.349833  0.0103089  0.624444  0.0130747
808  0.349833  0.0103089  0.624444  0.0130747
809  0.349833  0.0103089  0.624444  0.0130747
810  0.349833  0.0103089  0.624444  0.0130747
811  0.349833  0.0103089  0.624444  0.0130747
812  0.349833  0.0103089  0.624444  0.0130747
813  0.349833  0.010309  0.624444  0.0130747
814  0.349833  0.010309  0.624444  0.0130747
815  0.349833  0.010309  0.624444  0.0130747
816  0.349833  0.010309  0.624444  0.0130747
817  0.349833  0.010309  0.624444  0.0130747
818  0.349815  0.0103074  0.624444  0.0130747
819  0.349815  0.0103074  0.624444  0.0130747
820  0.349815  0.0103074  0.624444  0.0130747
821  0.349813  0.0103074  0.624444  0.0130747
822  0.349809  0.0103073  0.624444  0.0130747
823  0.349808  0.0103073  0.624444  0.0130747
824  0.349808  0.0103073  0.624444  0.0130747
825  0.349808  0.0103073  0.624444  0.0130747
826  0.349808  0.0103073  0.624444  0.0130747
827  0.349808  0.0103073  0.624444  0.0130747
828  0.349784  0.0103074  0.624444  0.0130747
829  0.349784  0.0103074  0.624444  0.0130747
830  0.349784  0.0103074  0.624444  0.0130747
831  0.349784  0.0103074  0.624444  0.0130747
832  0.349784  0.0103074  0.624444  0.0130747
833  0.349784  0.0103074  0.624444  0.0130747
834  0.349784  0.0103074  0.624444  0.0130747
835  0.349784  0.0103074  0.624444  0.0130747
836  0.349783  0.0103074  0.624444  0.0130747
837  0.349783  0.0103074  0.624444  0.0130747
838  0.349783  0.0103074  0.624444  0.0130747
839  0.349783  0.0103074  0.624444  0.0130747
840  0.349782  0.0103074  0.624444  0.0130747
841  0.349782  0.0103074  0.624444  0.0130747
842  0.349782  0.0103074  0.624444  0.0130747
843  0.349782  0.0103074  0.624444  0.0130747
844  0.349782  0.0103074  0.624444  0.0130747
845  0.349782  0.0103074  0.624444  0.0130747
846  0.349782  0.0103074  0.624444  0.0130747
847  0.349782  0.0103074  0.624444  0.0130747
848  0.349782  0.0103074  0.624444  0.0130747
849  0.349782  0.0103074  0.624444  0.0130747
850  0.349782  0.0103074  0.624444  0.0130747
851  0.349782  0.0103074  0.624444  0.0130747
852  0.349781  0.0103074  0.624444  0.0130747
853  0.349769  0.0103072  0.624444  0.0130747
854  0.349766  0.0103072  0.624444  0.0130747
855  0.349749  0.010307  0.624444  0.0130747
856  0.349749  0.010307  0.624444  0.0130747
857  0.349749  0.0103071  0.624444  0.0130747
858  0.349718  0.0103041  0.624444  0.0130747
859  0.349713  0.0103036  0.624444  0.0130747
860  0.349713  0.0103036  0.624444  0.0130747
861  0.349711  0.0103035  0.624444  0.0130747
862  0.349706  0.010303  0.624444  0.0130747
863  0.349706  0.010303  0.624444  0.0130747
864  0.349706  0.010303  0.624444  0.0130747
865  0.349706  0.010303  0.624444  0.0130747
866  0.349669  0.0103026  0.624444  0.0130747
867  0.349669  0.0103026  0.624444  0.0130747
868  0.349669  0.0103026  0.624444  0.0130747
869  0.349669  0.0103026  0.624444  0.0130747
870  0.349669  0.0103026  0.624444  0.0130747
871  0.349646  0.0103018  0.624444  0.0130747
872  0.349619  0.0103009  0.624444  0.0130747
873  0.349619  0.0103009  0.624444  0.0130747
874  0.349616  0.0103007  0.624444  0.0130747
875  0.349616  0.0103007  0.624444  0.0130747
876  0.349616  0.0103007  0.624444  0.0130747
877  0.349615  0.0103006  0.624444  0.0130747
878  0.349614  0.0103004  0.624444  0.0130747
879  0.349614  0.0103004  0.624444  0.0130747
880  0.349614  0.0103004  0.624444  0.0130747
881  0.349614  0.0103004  0.624444  0.0130747
882  0.349614  0.0103004  0.624444  0.0130747
883  0.349614  0.0103004  0.624444  0.0130747
884  0.349614  0.0103004  0.624444  0.0130747
885  0.349612  0.0103004  0.624444  0.0130747
886  0.349612  0.0103004  0.624444  0.0130747
887  0.349612  0.0103004  0.624444  0.0130747
888  0.349608  0.0103004  0.624444  0.0130747
889  0.349551  0.010301  0.624444  0.0130747
890  0.349515  0.0103015  0.624444  0.0130747
891  0.349515  0.0103015  0.624444  0.0130747
892  0.349515  0.0103015  0.624444  0.0130747
893  0.349513  0.0103013  0.624444  0.0130747
894  0.349506  0.0103007  0.624444  0.0130747
895  0.3495  0.0103001  0.624444  0.0130747
896  0.3495  0.0103001  0.624444  0.0130747
897  0.3495  0.0103001  0.624444  0.0130747
898  0.3495  0.0103001  0.624444  0.0130747
899  0.3495  0.0103001  0.624444  0.0130747
900  0.349499  0.0103  0.624444  0.0130747
901  0.349492  0.0102993  0.624444  0.0130747
902  0.349491  0.0102992  0.624444  0.0130747
903  0.349487  0.010299  0.624444  0.0130747
904  0.349487  0.010299  0.624444  0.0130747
905  0.349487  0.010299  0.624444  0.0130747
906  0.349487  0.010299  0.624444  0.0130747
907  0.349487  0.010299  0.624444  0.0130747
908  0.349487  0.010299  0.624444  0.0130747
909  0.349487  0.010299  0.624444  0.0130747
910  0.349487  0.010299  0.624444  0.0130747
911  0.349487  0.010299  0.624444  0.0130747
912  0.349487  0.010299  0.624444  0.0130747
913  0.349487  0.010299  0.624444  0.0130747
914  0.349482  0.0102989  0.624444  0.0130747
915  0.349476  0.0102988  0.624444  0.0130747
916  0.349476  0.0102988  0.624444  0.0130747
917  0.349476  0.0102988  0.624444  0.0130747
918  0.349474  0.010299  0.624444  0.0130747
919  0.349474  0.010299  0.624444  0.0130747
920  0.349474  0.010299  0.624444  0.0130747
921  0.349454  0.0102968  0.624444  0.0130747
922  0.349454  0.0102968  0.624444  0.0130747
923  0.349431  0.010297  0.624444  0.0130747
924  0.349386  0.0102975  0.624444  0.0130747
925  0.349366  0.0102978  0.624444  0.0130747
926  0.349366  0.0102978  0.624444  0.0130747
927  0.349366  0.0102978  0.624444  0.0130747
928  0.349282  0.0102994  0.624444  0.0130747
929  0.349282  0.0102994  0.624444  0.0130747
930  0.349282  0.0102994  0.624444  0.0130747
931  0.349282  0.0102994  0.624444  0.0130747
932  0.34928  0.0102993  0.624444  0.0130747
933  0.34928  0.0102993  0.624444  0.0130747
934  0.349278  0.0102991  0.624444  0.0130747
935  0.349278  0.0102991  0.624444  0.0130747
936  0.349278  0.0102991  0.624444  0.0130747
937  0.349278  0.0102991  0.624444  0.0130747
938  0.349278  0.0102991  0.624444  0.0130747
939  0.349278  0.0102991  0.624444  0.0130747
940  0.349242  0.0102985  0.624444  0.0130747
941  0.34921  0.0102982  0.624444  0.0130747
942  0.349208  0.0102979  0.624444  0.0130747
943  0.349179  0.0102975  0.624444  0.0130747
944  0.349179  0.0102975  0.624444  0.0130747
945  0.349178  0.0102976  0.624444  0.0130747
946  0.349178  0.0102976  0.624444  0.0130747
947  0.349178  0.0102976  0.624444  0.0130747
948  0.349178  0.0102976  0.624444  0.0130747
949  0.349178  0.0102976  0.624444  0.0130747
950  0.349178  0.0102976  0.624444  0.0130747
951  0.349178  0.0102976  0.624444  0.0130747
952  0.349178  0.0102976  0.624444  0.0130747
953  0.349178  0.0102976  0.624444  0.0130747
954  0.349178  0.0102976  0.624444  0.0130747
955  0.349178  0.0102976  0.624444  0.0130747
956  0.349156  0.0102956  0.624444  0.0130747
957  0.349152  0.0102959  0.624444  0.0130747
958  0.349149  0.0102957  0.624444  0.0130747
959  0.349143  0.0102952  0.623889  0.0131259
960  0.349139  0.0102949  0.623519  0.0131729
961  0.349129  0.010294  0.623519  0.0131729
962  0.349118  0.010293  0.623519  0.0131729
963  0.349107  0.0102921  0.623519  0.0131729
964  0.349107  0.0102921  0.623519  0.0131729
965  0.349094  0.0102911  0.623519  0.0131729
966  0.349084  0.0102902  0.623519  0.0131729
967  0.349072  0.0102892  0.623519  0.0131729
968  0.349067  0.0102889  0.623519  0.0131729
969  0.349065  0.0102887  0.623519  0.0131729
970  0.349059  0.0102882  0.623519  0.0131729
971  0.349059  0.0102882  0.623519  0.0131729
972  0.349058  0.0102882  0.623519  0.0131729
973  0.349058  0.0102882  0.623519  0.0131729
974  0.349058  0.0102882  0.623519  0.0131729
975  0.349058  0.0102882  0.623519  0.0131729
976  0.349058  0.0102882  0.623519  0.0131729
977  0.349058  0.0102882  0.623519  0.0131729
978  0.349058  0.0102882  0.623519  0.0131729
979  0.349058  0.0102882  0.623519  0.0131729
980  0.349058  0.0102882  0.623519  0.0131729
981  0.349058  0.0102882  0.623519  0.0131729
982  0.349058  0.0102882  0.623519  0.0131729
983  0.349058  0.0102882  0.623519  0.0131729
984  0.349058  0.0102882  0.623519  0.0131729
985  0.349045  0.0102881  0.623519  0.0131729
986  0.349043  0.0102881  0.623519  0.0131729
987  0.349036  0.0102881  0.623519  0.0131729
988  0.349036  0.0102881  0.623519  0.0131729
989  0.349036  0.0102881  0.623519  0.0131729
990  0.349036  0.0102881  0.623519  0.0131729
991  0.349036  0.0102881  0.623519  0.0131729
992  0.34902  0.01029  0.623519  0.0131729
993  0.348974  0.0102955  0.623519  0.0131729
994  0.348968  0.010295  0.623519  0.0131729
995  0.348968  0.010295  0.623519  0.0131729
996  0.348968  0.010295  0.623519  0.0131729
997  0.348968  0.010295  0.623519  0.0131729
998  0.348968  0.010295  0.623519  0.0131729
999  0.348967  0.0102948  0.623519  0.0131729
1000  0.348967  0.0102948  0.623519  0.0131729
1001  0.348966  0.0102948  0.623519  0.0131729
1002  0.348966  0.0102948  0.623519  0.0131729
1003  0.348966  0.0102948  0.623519  0.0131729
1004  0.348966  0.0102948  0.623519  0.0131729
1005  0.348966  0.0102948  0.623519  0.0131729
1006  0.348966  0.0102948  0.623519  0.0131729
1007  0.348966  0.0102948  0.623519  0.0131729
1008  0.348966  0.0102948  0.623519  0.0131729
1009  0.348966  0.0102948  0.623519  0.0131729
1010  0.348966  0.0102948  0.623519  0.0131729
1011  0.348966  0.0102948  0.623519  0.0131729
1012  0.348966  0.0102948  0.623519  0.0131729
1013  0.348966  0.0102948  0.623519  0.0131729
1014  0.348966  0.0102948  0.623519  0.0131729
1015  0.348966  0.0102948  0.623519  0.0131729
1016  0.348966  0.0102948  0.623519  0.0131729
1017  0.348966  0.0102948  0.623519  0.0131729
1018  0.348965  0.0102947  0.623519  0.0131729
1019  0.348965  0.0102947  0.623519  0.0131729
1020  0.348965  0.0102947  0.623519  0.0131729
1021  0.348952  0.0102934  0.623796  0.013111
1022  0.34895  0.0102932  0.623241  0.0132403
1023  0.348942  0.0102924  0.621944  0.0134342
1024  0.348928  0.010291  0.621944  0.0134342
1025  0.348928  0.010291  0.621944  0.0134342
1026  0.348928  0.010291  0.621944  0.0134342
1027  0.348923  0.010291  0.621944  0.0134342
1028  0.348923  0.010291  0.621944  0.0134342
1029  0.348923  0.0102911  0.621944  0.0134342
1030  0.348923  0.0102911  0.621944  0.0134342
1031  0.348923  0.0102911  0.621944  0.0134342
1032  0.348922  0.0102911  0.621944  0.0134342
1033  0.348881  0.0102906  0.621944  0.0134342
1034  0.348881  0.0102906  0.621944  0.0134342
1035  0.348881  0.0102906  0.621944  0.0134342
1036  0.348881  0.0102906  0.621944  0.0134342
1037  0.348881  0.0102906  0.621944  0.0134342
1038  0.348881  0.0102906  0.621944  0.0134342
1039  0.348881  0.0102906  0.621944  0.0134342
1040  0.348881  0.0102906  0.621944  0.0134342
1041  0.348881  0.0102906  0.621944  0.0134342
1042  0.348879  0.0102904  0.621944  0.0134342
1043  0.348879  0.0102904  0.621944  0.0134342
1044  0.348879  0.0102904  0.621944  0.0134342
1045  0.348878  0.0102902  0.621944  0.0134342
1046  0.348878  0.0102902  0.621944  0.0134342
1047  0.348868  0.0102893  0.621019  0.0135285
1048  0.348858  0.0102885  0.621019  0.0135285
1049  0.348855  0.0102882  0.621019  0.0135285
1050  0.348849  0.0102876  0.621019  0.0135285
1051  0.348849  0.0102876  0.621019  0.0135285
1052  0.348849  0.0102876  0.621019  0.0135285
1053  0.348849  0.0102876  0.621019  0.0135285
1054  0.348849  0.0102876  0.621019  0.0135285
1055  0.348849  0.0102876  0.621019  0.0135285
1056  0.348849  0.0102876  0.621019  0.0135285
1057  0.348849  0.0102876  0.621019  0.0135285
1058  0.348849  0.0102876  0.621019  0.0135285
1059  0.348849  0.0102876  0.621019  0.0135285
1060  0.348849  0.0102876  0.621019  0.0135285
1061  0.348849  0.0102876  0.621019  0.0135285
1062  0.348849  0.0102876  0.621019  0.0135285
1063  0.348849  0.0102876  0.621019  0.0135285
1064  0.348848  0.0102875  0.621019  0.0135285
1065  0.348846  0.0102874  0.621019  0.0135285
1066  0.348846  0.0102874  0.621019  0.0135285
1067  0.348846  0.0102874  0.621019  0.0135285
1068  0.348841  0.0102869  0.621574  0.0134643
1069  0.348841  0.0102869  0.621574  0.0134643
1070  0.348841  0.0102869  0.621574  0.0134643
1071  0.348841  0.0102869  0.621574  0.0134643
1072  0.348841  0.0102869  0.621574  0.0134643
1073  0.348841  0.0102869  0.621574  0.0134643
1074  0.348841  0.0102869  0.621574  0.0134643
1075  0.348841  0.0102869  0.621574  0.0134643
1076  0.348841  0.0102869  0.621574  0.0134643
1077  0.348841  0.0102869  0.621574  0.0134643
1078  0.348841  0.0102869  0.621574  0.0134643
1079  0.348841  0.0102869  0.621574  0.0134643
1080  0.34884  0.010287  0.621574  0.0134643
1081  0.34884  0.010287  0.621574  0.0134643
1082  0.34884  0.010287  0.621574  0.0134643
1083  0.34884  0.010287  0.621574  0.0134643
1084  0.34884  0.010287  0.621574  0.0134643
1085  0.348839  0.0102869  0.621574  0.0134643
1086  0.348823  0.0102853  0.621574  0.0134643
1087  0.348817  0.0102846  0.621574  0.0134643
1088  0.348817  0.0102846  0.621574  0.0134643
1089  0.348817  0.0102846  0.621574  0.0134643
1090  0.348812  0.0102842  0.621574  0.0134643
1091  0.348808  0.0102838  0.621574  0.0134643
1092  0.348808  0.0102838  0.621574  0.0134643
1093  0.348808  0.0102838  0.621574  0.0134643
1094  0.348808  0.0102838  0.621574  0.0134643
1095  0.348804  0.0102835  0.621574  0.0134643
1096  0.348804  0.0102835  0.621574  0.0134643
1097  0.348804  0.0102835  0.621574  0.0134643
1098  0.348804  0.0102835  0.621574  0.0134643
1099  0.348804  0.0102835  0.621574  0.0134643
1100  0.348795  0.0102833  0.621574  0.0134643
1101  0.348777  0.010284  0.621667  0.0134706
1102  0.348777  0.010284  0.621667  0.0134706
1103  0.348777  0.010284  0.621667  0.0134706
1104  0.348777  0.010284  0.621667  0.0134706
1105  0.348777  0.010284  0.621667  0.0134706
1106  0.348777  0.010284  0.621667  0.0134706
1107  0.348777  0.010284  0.621667  0.0134706
1108  0.348777  0.010284  0.621667  0.0134706
1109  0.348777  0.010284  0.621667  0.0134706
1110  0.348777  0.010284  0.621667  0.0134706
1111  0.348777  0.010284  0.621667  0.0134706
1112  0.348777  0.010284  0.621667  0.0134706
1113  0.348773  0.0102843  0.621667  0.0134706
1114  0.348773  0.0102843  0.621667  0.0134706
1115  0.348773  0.0102843  0.621667  0.0134706
1116  0.348773  0.0102843  0.621667  0.0134706
1117  0.348773  0.0102843  0.621667  0.0134706
1118  0.348773  0.0102843  0.621667  0.0134706
1119  0.348773  0.0102843  0.621667  0.0134706
1120  0.348773  0.0102843  0.621667  0.0134706
1121  0.348773  0.0102843  0.621667  0.0134706
1122  0.348773  0.0102843  0.621667  0.0134706
1123  0.348773  0.0102843  0.621667  0.0134706
1124  0.348773  0.0102843  0.621667  0.0134706
1125  0.348773  0.0102843  0.621667  0.0134706
1126  0.348773  0.0102843  0.621667  0.0134706
1127  0.348773  0.0102843  0.621667  0.0134706
1128  0.348773  0.0102843  0.621667  0.0134706
1129  0.348773  0.0102843  0.621667  0.0134706
1130  0.348773  0.0102843  0.621667  0.0134706
1131  0.348773  0.0102843  0.621667  0.0134706
1132  0.348773  0.0102843  0.621667  0.0134706
1133  0.348773  0.0102843  0.621667  0.0134706
1134  0.348773  0.0102843  0.621667  0.0134706
1135  0.348773  0.0102843  0.621667  0.0134706
1136  0.348773  0.0102843  0.621667  0.0134706
1137  0.348773  0.0102843  0.621667  0.0134706
1138  0.348773  0.0102843  0.621667  0.0134706
1139  0.348773  0.0102843  0.621667  0.0134706
1140  0.348773  0.0102843  0.621667  0.0134706
1141  0.348773  0.0102843  0.621667  0.0134706
1142  0.348773  0.0102843  0.621667  0.0134706
1143  0.348773  0.0102843  0.621667  0.0134706
1144  0.348773  0.0102843  0.621667  0.0134706
1145  0.348773  0.0102843  0.621667  0.0134706
1146  0.348773  0.0102843  0.621667  0.0134706
1147  0.348773  0.0102843  0.621667  0.0134706
1148  0.348773  0.0102843  0.621667  0.0134706
1149  0.348773  0.0102843  0.621667  0.0134706
1150  0.348766  0.0102838  0.621667  0.0134706
1151  0.348763  0.0102835  0.620741  0.0135645
1152  0.348759  0.0102832  0.620741  0.0135645
1153  0.348758  0.0102832  0.620741  0.0135645
1154  0.348757  0.0102831  0.620741  0.0135645
1155  0.348749  0.0102825  0.620741  0.0135645
1156  0.348745  0.0102822  0.620741  0.0135645
1157  0.348745  0.0102822  0.620741  0.0135645
1158  0.348745  0.0102822  0.620741  0.0135645
1159  0.348745  0.0102822  0.620741  0.0135645
1160  0.348745  0.0102822  0.620741  0.0135645
1161  0.348745  0.0102822  0.620741  0.0135645
1162  0.348745  0.0102822  0.620741  0.0135645
1163  0.348745  0.0102822  0.620741  0.0135645
1164  0.348745  0.0102822  0.620741  0.0135645
1165  0.348745  0.0102822  0.620741  0.0135645
1166  0.348745  0.0102822  0.620741  0.0135645
1167  0.348745  0.0102822  0.620741  0.0135645
1168  0.348742  0.0102823  0.620741  0.0135645
1169  0.348724  0.010283  0.620741  0.0135645
1170  0.348713  0.0102835  0.620741  0.0135645
1171  0.348713  0.0102835  0.620741  0.0135645
1172  0.348713  0.0102835  0.620741  0.0135645
1173  0.348713  0.0102835  0.620741  0.0135645
1174  0.348713  0.0102835  0.620741  0.0135645
1175  0.348713  0.0102835  0.620741  0.0135645
1176  0.348713  0.0102835  0.620741  0.0135645
1177  0.348713  0.0102835  0.620741  0.0135645
1178  0.348712  0.0102835  0.620741  0.0135645
1179  0.348712  0.0102835  0.620741  0.0135645
1180  0.348711  0.0102835  0.620741  0.0135645
1181  0.348711  0.0102835  0.620741  0.0135645
1182  0.348711  0.0102835  0.620741  0.0135645
1183  0.348711  0.0102835  0.620741  0.0135645
1184  0.348711  0.0102835  0.620741  0.0135645
1185  0.348711  0.0102835  0.620741  0.0135645
1186  0.348711  0.0102835  0.620741  0.0135645
1187  0.348711  0.0102835  0.620741  0.0135645
1188  0.348711  0.0102835  0.620741  0.0135645
1189  0.348711  0.0102835  0.620741  0.0135645
1190  0.348711  0.0102835  0.620741  0.0135645
1191  0.348706  0.0102831  0.621111  0.0135347
1192  0.348702  0.0102829  0.621111  0.0135347
1193  0.348693  0.0102823  0.621111  0.0135347
1194  0.348693  0.0102823  0.621111  0.0135347
1195  0.348693  0.0102823  0.621111  0.0135347
1196  0.348693  0.0102823  0.621111  0.0135347
1197  0.348693  0.0102823  0.621111  0.0135347
1198  0.348693  0.0102823  0.621111  0.0135347
1199  0.348693  0.0102823  0.621111  0.0135347
1200  0.348693  0.0102823  0.621111  0.0135347
1201  0.348693  0.0102823  0.621111  0.0135347
1202  0.348693  0.0102823  0.621111  0.0135347
1203  0.348693  0.0102823  0.621111  0.0135347
1204  0.348693  0.0102823  0.621111  0.0135347
1205  0.348693  0.0102823  0.621111  0.0135347
1206  0.348693  0.0102823  0.621111  0.0135347
1207  0.348693  0.0102823  0.621111  0.0135347
1208  0.348693  0.0102823  0.621111  0.0135347
1209  0.348693  0.0102823  0.621111  0.0135347
1210  0.348678  0.0102834  0.621111  0.0135347
1211  0.348678  0.0102834  0.621111  0.0135347
1212  0.348667  0.0102843  0.621111  0.0135347
1213  0.348667  0.0102843  0.621111  0.0135347
1214  0.348667  0.0102843  0.621111  0.0135347
1215  0.348667  0.0102843  0.621111  0.0135347
1216  0.348667  0.0102843  0.621111  0.0135347
1217  0.348667  0.0102843  0.621111  0.0135347
1218  0.348667  0.0102843  0.621111  0.0135347
1219  0.348605  0.0102872  0.621111  0.0135347
1220  0.348605  0.0102872  0.621111  0.0135347
1221  0.348605  0.0102872  0.621111  0.0135347
1222  0.348605  0.0102872  0.621111  0.0135347
1223  0.348605  0.0102872  0.621111  0.0135347
1224  0.348601  0.0102868  0.622037  0.0134404
1225  0.348599  0.0102867  0.622037  0.0134404
1226  0.348595  0.0102863  0.622037  0.0134404
1227  0.348595  0.0102863  0.622037  0.0134404
1228  0.348595  0.0102863  0.622037  0.0134404
1229  0.348592  0.0102861  0.622037  0.0134404
1230  0.348574  0.0102847  0.622037  0.0134404
1231  0.348567  0.0102844  0.621852  0.0134543
1232  0.348567  0.0102844  0.621852  0.0134543
1233  0.348562  0.0102841  0.621759  0.0134621
1234  0.348545  0.0102831  0.621852  0.0134543
1235  0.348537  0.0102832  0.621852  0.0134543
1236  0.348537  0.0102832  0.621852  0.0134543
1237  0.348537  0.0102831  0.621852  0.0134543
1238  0.348537  0.0102831  0.621852  0.0134543
1239  0.348531  0.0102824  0.621852  0.0134543
1240  0.34853  0.0102824  0.621852  0.0134543
1241  0.34853  0.0102824  0.621852  0.0134543
1242  0.34853  0.0102824  0.621852  0.0134543
1243  0.348529  0.0102823  0.623704  0.0130657
1244  0.348512  0.0102803  0.62463  0.0129666
1245  0.348506  0.0102797  0.62463  0.0129666
1246  0.348502  0.0102793  0.62463  0.0129666
1247  0.348476  0.0102771  0.62463  0.0129666
1248  0.348474  0.0102769  0.62463  0.0129666
1249  0.348462  0.010276  0.62463  0.0129666
1250  0.348457  0.0102756  0.62463  0.0129666
1251  0.348454  0.0102753  0.62463  0.0129666
1252  0.348435  0.0102773  0.62463  0.0129666
1253  0.34843  0.0102769  0.62463  0.0129666
1254  0.34842  0.0102758  0.62463  0.0129666
1255  0.348406  0.0102758  0.62463  0.0129666
1256  0.348404  0.0102756  0.62463  0.0129666
1257  0.348404  0.0102756  0.62463  0.0129666
1258  0.348404  0.0102756  0.62463  0.0129666
1259  0.348388  0.0102751  0.62463  0.0129666
1260  0.348381  0.010275  0.62463  0.0129666
1261  0.348381  0.010275  0.62463  0.0129666
1262  0.348381  0.010275  0.62463  0.0129666
1263  0.348381  0.010275  0.62463  0.0129666
1264  0.348378  0.0102748  0.62463  0.0129666
1265  0.348378  0.0102748  0.62463  0.0129666
1266  0.348378  0.0102748  0.62463  0.0129666
1267  0.348378  0.0102748  0.62463  0.0129666
1268  0.348378  0.0102748  0.62463  0.0129666
1269  0.348378  0.0102748  0.62463  0.0129666
1270  0.348378  0.0102748  0.62463  0.0129666
1271  0.348378  0.0102748  0.62463  0.0129666
1272  0.348378  0.0102748  0.62463  0.0129666
1273  0.348376  0.0102748  0.62463  0.0129666
1274  0.348376  0.0102748  0.62463  0.0129666
1275  0.348376  0.0102748  0.62463  0.0129666
1276  0.348376  0.0102748  0.62463  0.0129666
1277  0.348376  0.0102748  0.62463  0.0129666
1278  0.348376  0.0102748  0.62463  0.0129666
1279  0.348376  0.0102748  0.62463  0.0129666
1280  0.348376  0.0102748  0.62463  0.0129666
1281  0.348376  0.0102748  0.62463  0.0129666
1282  0.348376  0.0102748  0.62463  0.0129666
1283  0.348376  0.0102748  0.62463  0.0129666
1284  0.348376  0.0102748  0.62463  0.0129666
1285  0.348376  0.0102748  0.62463  0.0129666
1286  0.348376  0.0102748  0.62463  0.0129666
1287  0.348376  0.0102748  0.62463  0.0129666
1288  0.348376  0.0102748  0.62463  0.0129666
1289  0.348376  0.0102748  0.62463  0.0129666
1290  0.348376  0.0102748  0.62463  0.0129666
1291  0.348349  0.010273  0.62463  0.0129666
1292  0.348349  0.010273  0.62463  0.0129666
1293  0.348349  0.010273  0.62463  0.0129666
1294  0.348349  0.010273  0.62463  0.0129666
1295  0.348349  0.010273  0.62463  0.0129666
1296  0.348349  0.010273  0.62463  0.0129666
1297  0.348349  0.010273  0.62463  0.0129666
1298  0.348349  0.010273  0.62463  0.0129666
1299  0.348349  0.010273  0.62463  0.0129666
1300  0.348349  0.010273  0.62463  0.0129666
1301  0.348345  0.0102729  0.624444  0.0129812
1302  0.348336  0.0102727  0.624444  0.0129812
1303  0.348336  0.0102727  0.624444  0.0129812
1304  0.348336  0.0102727  0.624444  0.0129812
1305  0.348336  0.0102727  0.624444  0.0129812
1306  0.348336  0.0102727  0.624444  0.0129812
1307  0.348331  0.0102723  0.624444  0.0129812
1308  0.348331  0.0102723  0.624444  0.0129812
1309  0.348326  0.0102727  0.624444  0.0129812
1310  0.348325  0.0102725  0.624444  0.0129812
1311  0.348319  0.0102719  0.624444  0.0129812
1312  0.348318  0.0102719  0.624444  0.0129812
1313  0.348318  0.0102719  0.624444  0.0129812
1314  0.348318  0.0102719  0.624444  0.0129812
1315  0.348318  0.0102719  0.624444  0.0129812
1316  0.348318  0.0102719  0.624444  0.0129812
1317  0.348318  0.0102719  0.624444  0.0129812
1318  0.348318  0.0102719  0.624444  0.0129812
1319  0.348318  0.0102719  0.624444  0.0129812
1320  0.348318  0.0102719  0.624444  0.0129812
1321  0.348318  0.0102719  0.624444  0.0129812
1322  0.348318  0.0102719  0.624444  0.0129812
1323  0.348318  0.0102719  0.624444  0.0129812
1324  0.348318  0.0102719  0.624444  0.0129812
1325  0.348318  0.0102719  0.624444  0.0129812
1326  0.348318  0.0102719  0.624444  0.0129812
1327  0.348318  0.0102719  0.624444  0.0129812
1328  0.348318  0.0102719  0.624444  0.0129812
1329  0.348318  0.0102719  0.624444  0.0129812
1330  0.348318  0.0102719  0.624444  0.0129812
1331  0.348318  0.0102719  0.624444  0.0129812
1332  0.348318  0.0102719  0.624444  0.0129812
1333  0.348318  0.0102719  0.624444  0.0129812
1334  0.348318  0.0102719  0.624444  0.0129812
1335  0.348318  0.0102719  0.624444  0.0129812
1336  0.348318  0.0102719  0.624444  0.0129812
1337  0.348318  0.0102719  0.624444  0.0129812
1338  0.348318  0.0102719  0.624444  0.0129812
1339  0.348318  0.0102719  0.624444  0.0129812
1340  0.348318  0.0102719  0.624444  0.0129812
1341  0.348318  0.0102719  0.624444  0.0129812
1342  0.348282  0.0102664  0.625  0.0128731
1343  0.348282  0.0102664  0.625  0.0128731
1344  0.348167  0.0102499  0.62537  0.0128139
1345  0.348098  0.0102406  0.62537  0.0128139
1346  0.348098  0.0102406  0.62537  0.0128139
1347  0.348096  0.0102406  0.62537  0.0128139
1348  0.348096  0.0102406  0.62537  0.0128139
1349  0.348095  0.0102405  0.62537  0.0128139
1350  0.348095  0.0102405  0.62537  0.0128139
1351  0.348095  0.0102405  0.62537  0.0128139
1352  0.348095  0.0102405  0.62537  0.0128139
1353  0.348095  0.0102405  0.62537  0.0128139
1354  0.348095  0.0102405  0.62537  0.0128139
1355  0.348095  0.0102405  0.62537  0.0128139
1356  0.348095  0.0102405  0.62537  0.0128139
1357  0.348092  0.0102401  0.62537  0.0128139
1358  0.348091  0.0102401  0.62537  0.0128139
1359  0.348091  0.0102401  0.62537  0.0128139
1360  0.348091  0.0102401  0.62537  0.0128139
1361  0.348079  0.0102398  0.62537  0.0128139
1362  0.348069  0.0102395  0.62537  0.0128139
1363  0.348064  0.0102394  0.62537  0.0128139
1364  0.348064  0.0102394  0.62537  0.0128139
1365  0.348064  0.0102394  0.62537  0.0128139
1366  0.348064  0.0102394  0.62537  0.0128139
1367  0.348064  0.0102394  0.62537  0.0128139
1368  0.348064  0.0102394  0.62537  0.0128139
1369  0.348064  0.0102394  0.62537  0.0128139
1370  0.348064  0.0102394  0.62537  0.0128139
1371  0.348064  0.0102394  0.62537  0.0128139
1372  0.348064  0.0102394  0.62537  0.0128139
1373  0.348056  0.0102386  0.62537  0.0128139
1374  0.348044  0.0102373  0.62537  0.0128139
1375  0.348038  0.0102366  0.62537  0.0128139
1376  0.348029  0.0102357  0.62537  0.0128139
1377  0.348019  0.0102347  0.62537  0.0128139
1378  0.348018  0.0102346  0.62537  0.0128139
1379  0.348012  0.010234  0.62537  0.0128139
1380  0.34801  0.0102338  0.62537  0.0128139
1381  0.348003  0.0102331  0.62537  0.0128139
1382  0.348  0.0102328  0.62537  0.0128139
1383  0.347998  0.0102326  0.62537  0.0128139
1384  0.347995  0.0102323  0.62537  0.0128139
1385  0.347995  0.0102323  0.62537  0.0128139
1386  0.347995  0.0102323  0.62537  0.0128139
1387  0.347983  0.0102311  0.62537  0.0128139
1388  0.34798  0.0102307  0.62537  0.0128139
1389  0.347974  0.0102302  0.62537  0.0128139
1390  0.347974  0.0102302  0.62537  0.0128139
1391  0.347974  0.0102302  0.62537  0.0128139
1392  0.347974  0.0102302  0.62537  0.0128139
1393  0.347974  0.0102302  0.62537  0.0128139
1394  0.347974  0.0102302  0.62537  0.0128139
1395  0.347974  0.0102302  0.62537  0.0128139
1396  0.347974  0.0102302  0.62537  0.0128139
1397  0.347969  0.0102301  0.62537  0.0128139
1398  0.347969  0.0102301  0.62537  0.0128139
1399  0.347969  0.0102301  0.62537  0.0128139
1400  0.347969  0.0102301  0.62537  0.0128139
1401  0.347969  0.0102301  0.62537  0.0128139
1402  0.347969  0.0102301  0.62537  0.0128139
1403  0.347969  0.0102301  0.62537  0.0128139
1404  0.347969  0.0102301  0.62537  0.0128139
1405  0.347969  0.0102301  0.62537  0.0128139
1406  0.347956  0.01023  0.62537  0.0128139
1407  0.347956  0.01023  0.62537  0.0128139
1408  0.347956  0.01023  0.62537  0.0128139
1409  0.347956  0.01023  0.62537  0.0128139
1410  0.347956  0.01023  0.62537  0.0128139
1411  0.347956  0.01023  0.62537  0.0128139
1412  0.347953  0.0102299  0.62537  0.0128139
1413  0.347953  0.0102299  0.62537  0.0128139
1414  0.347948  0.0102298  0.62537  0.0128139
1415  0.347943  0.0102297  0.62537  0.0128139
1416  0.347928  0.0102288  0.626111  0.012727
1417  0.34792  0.0102283  0.626296  0.0127119
1418  0.347914  0.0102279  0.626296  0.0127119
1419  0.347912  0.0102278  0.626296  0.0127119
1420  0.347899  0.010227  0.626296  0.0127119
1421  0.347888  0.0102264  0.626296  0.0127119
1422  0.347881  0.0102259  0.626296  0.0127119
1423  0.347881  0.0102259  0.626296  0.0127119
1424  0.347877  0.0102257  0.626296  0.0127119
1425  0.347845  0.0102228  0.626296  0.0127119
1426  0.347841  0.0102225  0.626296  0.0127119
1427  0.347828  0.0102217  0.626296  0.0127119
1428  0.347828  0.0102217  0.626296  0.0127119
1429  0.347797  0.0102195  0.626296  0.0127119
1430  0.347747  0.0102164  0.626204  0.0127191
1431  0.34773  0.0102154  0.626204  0.0127191
1432  0.34773  0.0102154  0.626204  0.0127191
1433  0.34773  0.0102154  0.626204  0.0127191
1434  0.34773  0.0102154  0.626204  0.0127191
1435  0.347717  0.0102151  0.626204  0.0127191
1436  0.347713  0.010215  0.626204  0.0127191
1437  0.347712  0.010215  0.626204  0.0127191
1438  0.347711  0.0102151  0.626204  0.0127191
1439  0.347711  0.0102151  0.626204  0.0127191
1440  0.347711  0.0102151  0.626204  0.0127191
1441  0.347711  0.0102151  0.626204  0.0127191
1442  0.347711  0.0102151  0.626204  0.0127191
1443  0.347711  0.0102151  0.626204  0.0127191
1444  0.347711  0.0102151  0.626204  0.0127191
1445  0.347709  0.0102149  0.625278  0.012821
1446  0.347709  0.0102149  0.625278  0.012821
1447  0.347709  0.0102149  0.625278  0.012821
1448  0.347709  0.0102149  0.625278  0.012821
1449  0.347709  0.0102149  0.625278  0.012821
1450  0.347709  0.0102149  0.625278  0.012821
1451  0.347709  0.0102149  0.625278  0.012821
1452  0.347709  0.0102149  0.625278  0.012821
1453  0.347709  0.0102149  0.625278  0.012821
1454  0.347709  0.0102149  0.625278  0.012821
1455  0.347709  0.0102149  0.625278  0.012821
1456  0.347709  0.0102149  0.625278  0.012821
1457  0.347709  0.0102149  0.625278  0.012821
1458  0.347709  0.0102149  0.625278  0.012821
1459  0.347709  0.0102149  0.625185  0.0128281
1460  0.347701  0.0102142  0.62463  0.0128845
1461  0.347701  0.0102142  0.62463  0.0128845
1462  0.347701  0.0102142  0.62463  0.0128845
1463  0.347697  0.0102141  0.62463  0.0128845
1464  0.347697  0.0102141  0.62463  0.0128845
1465  0.347697  0.0102141  0.62463  0.0128845
1466  0.347697  0.0102141  0.62463  0.0128845
1467  0.347697  0.0102141  0.62463  0.0128845
1468  0.347697  0.0102141  0.62463  0.0128845
1469  0.347697  0.0102141  0.62463  0.0128845
1470  0.347697  0.0102141  0.62463  0.0128845
1471  0.347677  0.0102139  0.62463  0.0128845
1472  0.347677  0.0102139  0.62463  0.0128845
1473  0.347677  0.0102139  0.62463  0.0128845
1474  0.347677  0.0102139  0.62463  0.0128845
1475  0.347677  0.0102139  0.62463  0.0128845
1476  0.347677  0.0102139  0.62463  0.0128845
1477  0.347677  0.0102139  0.62463  0.0128845
1478  0.347677  0.0102139  0.62463  0.0128845
1479  0.347677  0.0102139  0.62463  0.0128845
1480  0.347677  0.0102139  0.62463  0.0128845
1481  0.347677  0.0102139  0.62463  0.0128845
1482  0.347677  0.0102139  0.62463  0.0128845
1483  0.347677  0.0102139  0.62463  0.0128845
1484  0.347677  0.0102139  0.62463  0.0128845
1485  0.347677  0.0102139  0.62463  0.0128845
1486  0.347677  0.0102139  0.62463  0.0128845
1487  0.347677  0.0102139  0.62463  0.0128845
1488  0.347677  0.0102139  0.62463  0.0128845
1489  0.347677  0.0102139  0.62463  0.0128845
1490  0.347677  0.0102139  0.62463  0.0128845
1491  0.347677  0.0102139  0.62463  0.0128845
1492  0.347677  0.0102139  0.62463  0.0128845
1493  0.347677  0.0102139  0.62463  0.0128845
1494  0.347677  0.0102139  0.62463  0.0128845
1495  0.347677  0.0102139  0.62463  0.0128845
1496  0.347677  0.0102139  0.62463  0.0128845
1497  0.347677  0.0102139  0.62463  0.0128845
1498  0.347677  0.0102139  0.62463  0.0128845
1499  0.347676  0.0102139  0.62463  0.0128845
1500  0.347676  0.0102139  0.62463  0.0128845
1501  0.347676  0.010214  0.62463  0.0128845
1502  0.347676  0.010214  0.62463  0.0128845
1503  0.347675  0.010214  0.62463  0.0128845
1504  0.347675  0.010214  0.62463  0.0128845
1505  0.347675  0.010214  0.62463  0.0128845
1506  0.347675  0.010214  0.62463  0.0128845
1507  0.347675  0.010214  0.62463  0.0128845
1508  0.347675  0.010214  0.62463  0.0128845
1509  0.347675  0.0102141  0.62463  0.0128845
1510  0.347675  0.0102141  0.62463  0.0128845
1511  0.347675  0.0102141  0.62463  0.0128845
1512  0.347675  0.0102141  0.62463  0.0128845
1513  0.347675  0.0102141  0.62463  0.0128845
1514  0.347675  0.0102141  0.62463  0.0128845
1515  0.347675  0.0102141  0.62463  0.0128845
1516  0.347675  0.0102141  0.62463  0.0128845
1517  0.347675  0.0102141  0.62463  0.0128845
1518  0.347675  0.0102141  0.62463  0.0128845
1519  0.347675  0.0102141  0.62463  0.0128845
1520  0.347675  0.0102141  0.62463  0.0128845
1521  0.347675  0.0102141  0.62463  0.0128845
1522  0.347675  0.0102141  0.62463  0.0128845
1523  0.347675  0.0102141  0.62463  0.0128845
1524  0.347675  0.0102141  0.62463  0.0128845
1525  0.347675  0.0102141  0.62463  0.0128845
1526  0.347675  0.0102141  0.62463  0.0128845
1527  0.347675  0.0102141  0.62463  0.0128845
1528  0.347675  0.0102141  0.62463  0.0128845
1529  0.347675  0.0102141  0.62463  0.0128845
1530  0.347675  0.0102141  0.62463  0.0128845
1531  0.347675  0.0102141  0.62463  0.0128845
1532  0.347675  0.0102141  0.62463  0.0128845
1533  0.347675  0.0102141  0.62463  0.0128845
1534  0.347675  0.0102141  0.62463  0.0128845
1535  0.347675  0.0102141  0.62463  0.0128845
1536  0.347675  0.0102141  0.62463  0.0128845
1537  0.347667  0.010214  0.62463  0.0128845
1538  0.347667  0.010214  0.62463  0.0128845
1539  0.347642  0.010213  0.62463  0.0128845
1540  0.347642  0.010213  0.62463  0.0128845
1541  0.347642  0.010213  0.62463  0.0128845
1542  0.347642  0.010213  0.62463  0.0128845
1543  0.34764  0.0102131  0.62463  0.0128845
1544  0.34764  0.0102131  0.62463  0.0128845
1545  0.34764  0.0102131  0.62463  0.0128845
1546  0.34764  0.0102131  0.62463  0.0128845
1547  0.34764  0.0102131  0.62463  0.0128845
1548  0.34764  0.0102131  0.62463  0.0128845
1549  0.34764  0.0102131  0.62463  0.0128845
1550  0.34764  0.0102131  0.62463  0.0128845
1551  0.34764  0.0102131  0.62463  0.0128845
1552  0.34764  0.0102131  0.62463  0.0128845
1553  0.34764  0.0102131  0.62463  0.0128845
1554  0.34764  0.0102131  0.62463  0.0128845
1555  0.34764  0.0102131  0.62463  0.0128845
1556  0.347624  0.0102112  0.624444  0.0128991
1557  0.347624  0.0102112  0.624444  0.0128991
1558  0.347624  0.0102112  0.624444  0.0128991
1559  0.347624  0.0102112  0.624444  0.0128991
1560  0.347624  0.0102112  0.624444  0.0128991
1561  0.347624  0.0102112  0.624444  0.0128991
1562  0.347624  0.0102112  0.624444  0.0128991
1563  0.347624  0.0102112  0.624444  0.0128991
1564  0.347624  0.0102112  0.624444  0.0128991
1565  0.347624  0.0102112  0.624444  0.0128991
1566  0.347622  0.0102112  0.624444  0.0128991
1567  0.347621  0.0102112  0.624444  0.0128991
1568  0.347621  0.0102111  0.624444  0.0128991
1569  0.34762  0.0102111  0.624444  0.0128991
1570  0.347596  0.0102139  0.624444  0.0128991
1571  0.347595  0.0102139  0.624444  0.0128991
1572  0.347592  0.0102139  0.624444  0.0128991
1573  0.347592  0.0102139  0.624444  0.0128991
1574  0.347592  0.0102139  0.624444  0.0128991
1575  0.347592  0.0102139  0.624444  0.0128991
1576  0.347592  0.0102139  0.624444  0.0128991
1577  0.347592  0.0102139  0.624444  0.0128991
1578  0.34759  0.0102141  0.624444  0.0128991
1579  0.34759  0.0102141  0.624444  0.0128991
1580  0.34759  0.0102141  0.624444  0.0128991
1581  0.34759  0.0102141  0.624444  0.0128991
1582  0.34759  0.0102141  0.624444  0.0128991
1583  0.34759  0.0102141  0.624444  0.0128991
1584  0.34759  0.0102141  0.624444  0.0128991
1585  0.34759  0.0102141  0.624444  0.0128991
1586  0.347587  0.010214  0.624444  0.0128991
1587  0.347587  0.010214  0.624444  0.0128991
1588  0.347587  0.010214  0.624444  0.0128991
1589  0.347587  0.010214  0.624444  0.0128991
1590  0.347587  0.010214  0.624444  0.0128991
1591  0.347587  0.010214  0.624444  0.0128991
1592  0.347587  0.010214  0.624444  0.0128991
1593  0.347587  0.010214  0.624444  0.0128991
1594  0.347587  0.010214  0.624444  0.0128991
1595  0.347587  0.010214  0.624444  0.0128991
1596  0.347587  0.010214  0.624444  0.0128991
1597  0.347587  0.010214  0.624444  0.0128991
1598  0.347587  0.010214  0.624444  0.0128991
1599  0.347587  0.010214  0.624444  0.0128991
1600  0.347587  0.010214  0.624444  0.0128991
1601  0.347587  0.010214  0.624444  0.0128991
1602  0.347587  0.010214  0.624444  0.0128991
1603  0.347587  0.010214  0.624444  0.0128991
1604  0.347587  0.010214  0.624444  0.0128991
1605  0.347587  0.010214  0.624444  0.0128991
1606  0.347587  0.010214  0.624444  0.0128991
1607  0.347587  0.010214  0.624444  0.0128991
1608  0.347587  0.010214  0.624444  0.0128991
1609  0.347587  0.010214  0.624444  0.0128991
1610  0.347587  0.010214  0.624444  0.0128991
1611  0.347587  0.010214  0.624444  0.0128991
1612  0.347587  0.010214  0.624444  0.0128991
1613  0.347587  0.010214  0.624444  0.0128991
1614  0.347587  0.010214  0.624444  0.0128991
1615  0.347583  0.0102136  0.624444  0.0128991
1616  0.347583  0.0102136  0.624444  0.0128991
1617  0.347575  0.0102129  0.624444  0.0128991
1618  0.347573  0.0102127  0.624444  0.0128991
1619  0.347573  0.0102127  0.624444  0.0128991
1620  0.347573  0.0102127  0.624444  0.0128991
1621  0.347573  0.0102127  0.624444  0.0128991
1622  0.347573  0.0102127  0.624444  0.0128991
1623  0.347573  0.0102127  0.624444  0.0128991
1624  0.347573  0.0102127  0.624444  0.0128991
1625  0.347573  0.0102127  0.624444  0.0128991
1626  0.347573  0.0102127  0.624444  0.0128991
1627  0.347573  0.0102127  0.624444  0.0128991
1628  0.347573  0.0102127  0.624444  0.0128991
1629  0.347573  0.0102127  0.624444  0.0128991
1630  0.347573  0.0102127  0.624444  0.0128991
1631  0.347573  0.0102127  0.624444  0.0128991
1632  0.347573  0.0102127  0.624444  0.0128991
1633  0.347573  0.0102127  0.624444  0.0128991
1634  0.347573  0.0102127  0.624444  0.0128991
1635  0.347573  0.0102127  0.624444  0.0128991
1636  0.347573  0.0102127  0.624444  0.0128991
1637  0.347573  0.0102127  0.624444  0.0128991
1638  0.347573  0.0102127  0.624444  0.0128991
1639  0.347573  0.0102127  0.624444  0.0128991
1640  0.347573  0.0102127  0.624444  0.0128991
1641  0.347573  0.0102127  0.624444  0.0128991
1642  0.347563  0.0102127  0.624444  0.0128991
1643  0.347563  0.0102127  0.624444  0.0128991
1644  0.347558  0.0102122  0.624444  0.0128991
1645  0.347554  0.0102117  0.624444  0.0128991
1646  0.347554  0.0102117  0.624444  0.0128991
1647  0.347554  0.0102117  0.624444  0.0128991
1648  0.347509  0.0102156  0.624444  0.0128991
1649  0.347509  0.0102156  0.624444  0.0128991
1650  0.347509  0.0102156  0.624444  0.0128991
1651  0.347509  0.0102156  0.624444  0.0128991
1652  0.347509  0.0102156  0.624444  0.0128991
1653  0.347503  0.0102156  0.624444  0.0128991
1654  0.347496  0.0102149  0.624444  0.0128991
1655  0.347496  0.0102149  0.624444  0.0128991
1656  0.347496  0.0102149  0.624444  0.0128991
1657  0.347496  0.0102149  0.624444  0.0128991
1658  0.347496  0.0102149  0.624444  0.0128991
1659  0.347496  0.0102149  0.624444  0.0128991
1660  0.347496  0.0102149  0.624444  0.0128991
1661  0.347494  0.0102149  0.624444  0.0128991
1662  0.347454  0.0102134  0.624444  0.0128991
1663  0.347454  0.0102134  0.624444  0.0128991
1664  0.347454  0.0102134  0.624444  0.0128991
1665  0.347454  0.0102134  0.624444  0.0128991
1666  0.347454  0.0102134  0.624444  0.0128991
1667  0.347454  0.0102134  0.624444  0.0128991
1668  0.347449  0.0102138  0.624444  0.0128991
1669  0.347442  0.0102135  0.624444  0.0128991
1670  0.347415  0.0102127  0.624444  0.0128991
1671  0.347384  0.0102118  0.624444  0.0128991
1672  0.347384  0.0102118  0.624444  0.0128991
1673  0.347384  0.0102118  0.624444  0.0128991
1674  0.347384  0.0102118  0.624444  0.0128991
1675  0.347384  0.0102118  0.624444  0.0128991
1676  0.347384  0.0102118  0.624444  0.0128991
1677  0.347384  0.0102118  0.624444  0.0128991
1678  0.347384  0.0102118  0.624444  0.0128991
1679  0.347384  0.0102118  0.624444  0.0128991
1680  0.347384  0.0102118  0.624444  0.0128991
1681  0.347384  0.0102118  0.624444  0.0128991
1682  0.347384  0.0102118  0.624444  0.0128991
1683  0.347384  0.0102118  0.624444  0.0128991
1684  0.347384  0.0102118  0.624444  0.0128991
1685  0.347384  0.0102118  0.624444  0.0128991
1686  0.347384  0.0102118  0.624444  0.0128991
1687  0.347384  0.0102118  0.624444  0.0128991
1688  0.347384  0.0102118  0.624444  0.0128991
1689  0.347384  0.0102118  0.624444  0.0128991
1690  0.347384  0.0102118  0.624444  0.0128991
1691  0.347384  0.0102118  0.624444  0.0128991
1692  0.347384  0.0102118  0.624444  0.0128991
1693  0.347384  0.0102118  0.624444  0.0128991
1694  0.347384  0.0102118  0.624444  0.0128991
1695  0.347384  0.0102118  0.624444  0.0128991
1696  0.347384  0.0102118  0.624444  0.0128991
1697  0.347384  0.0102118  0.624444  0.0128991
1698  0.347384  0.0102118  0.624444  0.0128991
1699  0.347384  0.0102118  0.624444  0.0128991
1700  0.347384  0.0102118  0.624444  0.0128991
1701  0.347384  0.0102118  0.624444  0.0128991
1702  0.347384  0.0102118  0.624444  0.0128991
1703  0.347384  0.0102118  0.624444  0.0128991
1704  0.347384  0.0102118  0.624444  0.0128991
1705  0.347384  0.0102118  0.624444  0.0128991
1706  0.347384  0.0102118  0.624444  0.0128991
1707  0.347384  0.0102118  0.624444  0.0128991
1708  0.347384  0.0102118  0.624444  0.0128991
1709  0.347384  0.0102118  0.624444  0.0128991
1710  0.347379  0.0102117  0.624444  0.0128991
1711  0.347379  0.0102118  0.624444  0.0128991
1712  0.347379  0.0102118  0.624444  0.0128991
1713  0.347379  0.0102118  0.624444  0.0128991
1714  0.347379  0.0102118  0.624444  0.0128991
1715  0.347379  0.0102118  0.624444  0.0128991
1716  0.347379  0.0102118  0.624444  0.0128991
1717  0.347379  0.0102118  0.624444  0.0128991
1718  0.347379  0.0102118  0.624444  0.0128991
1719  0.347379  0.0102118  0.624444  0.0128991
1720  0.347379  0.0102118  0.624444  0.0128991
1721  0.347379  0.0102118  0.624444  0.0128991
1722  0.347378  0.0102118  0.624444  0.0128991
1723  0.347378  0.0102118  0.624444  0.0128991
1724  0.347378  0.0102118  0.624444  0.0128991
1725  0.347378  0.0102118  0.624444  0.0128991
1726  0.347378  0.0102118  0.624444  0.0128991
1727  0.347378  0.0102118  0.624444  0.0128991
1728  0.347376  0.0102116  0.624444  0.0128991
1729  0.347376  0.0102116  0.624444  0.0128991
1730  0.347375  0.0102116  0.624444  0.0128991
1731  0.347372  0.0102112  0.625093  0.0128358
1732  0.347371  0.0102112  0.625093  0.0128358
1733  0.347371  0.0102112  0.625093  0.0128358
1734  0.347371  0.0102112  0.625093  0.0128358
1735  0.347325  0.0102099  0.625093  0.0128358
1736  0.347284  0.0102087  0.62463  0.0128778
1737  0.347276  0.010208  0.623241  0.0131013
1738  0.347276  0.010208  0.623241  0.0131013
1739  0.347276  0.010208  0.623241  0.0131013
1740  0.347276  0.010208  0.623241  0.0131013
1741  0.347276  0.010208  0.623241  0.0131013
1742  0.347276  0.010208  0.623241  0.0131013
1743  0.347275  0.010208  0.623241  0.0131013
1744  0.347275  0.010208  0.623241  0.0131013
1745  0.347275  0.010208  0.623241  0.0131013
1746  0.347275  0.010208  0.623241  0.0131013
1747  0.347275  0.010208  0.623241  0.0131013
1748  0.347275  0.010208  0.623241  0.0131013
1749  0.347275  0.010208  0.623241  0.0131013
1750  0.347275  0.010208  0.623241  0.0131013
1751  0.347275  0.010208  0.623241  0.0131013
1752  0.347275  0.010208  0.623241  0.0131013
1753  0.347275  0.010208  0.623241  0.0131013
1754  0.347275  0.010208  0.623241  0.0131013
1755  0.347275  0.010208  0.623241  0.0131013
1756  0.347275  0.010208  0.623241  0.0131013
1757  0.347275  0.010208  0.623241  0.0131013
1758  0.347275  0.010208  0.623241  0.0131013
1759  0.347275  0.010208  0.623241  0.0131013
1760  0.347275  0.010208  0.623241  0.0131013
1761  0.347275  0.010208  0.623241  0.0131013
1762  0.347275  0.010208  0.623241  0.0131013
1763  0.347275  0.010208  0.623241  0.0131013
1764  0.347275  0.010208  0.623241  0.0131013
1765  0.347275  0.010208  0.623241  0.0131013
1766  0.347275  0.010208  0.623241  0.0131013
1767  0.347275  0.010208  0.623241  0.0131013
1768  0.34727  0.0102076  0.623241  0.0131013
1769  0.34727  0.0102076  0.623241  0.0131013
1770  0.347269  0.0102074  0.623241  0.0131013
1771  0.347269  0.0102074  0.623241  0.0131013
1772  0.347193  0.0102018  0.623241  0.0131013
1773  0.347096  0.0101953  0.623241  0.0131013
1774  0.347096  0.0101953  0.623241  0.0131013
1775  0.347096  0.0101953  0.623241  0.0131013
1776  0.347096  0.0101953  0.623241  0.0131013
1777  0.347073  0.0101969  0.623241  0.0131013
1778  0.347073  0.0101969  0.623241  0.0131013
1779  0.347073  0.0101969  0.623241  0.0131013
1780  0.347073  0.0101969  0.623241  0.0131013
1781  0.347073  0.0101969  0.623241  0.0131013
1782  0.347073  0.0101969  0.623241  0.0131013
1783  0.347073  0.0101969  0.623241  0.0131013
1784  0.347073  0.0101969  0.623241  0.0131013
1785  0.347044  0.0101952  0.623241  0.0131013
1786  0.347016  0.0101935  0.623241  0.0131013
1787  0.34697  0.0101911  0.623889  0.0130718
1788  0.346916  0.0101884  0.624167  0.013069
1789  0.346916  0.0101884  0.624167  0.013069
1790  0.346916  0.0101884  0.624167  0.013069
1791  0.346916  0.0101884  0.624167  0.013069
1792  0.346916  0.0101884  0.624167  0.013069
1793  0.346916  0.0101884  0.624167  0.013069
1794  0.346916  0.0101884  0.624167  0.013069
1795  0.346916  0.0101884  0.624167  0.013069
1796  0.346916  0.0101884  0.624167  0.013069
1797  0.346916  0.0101884  0.624167  0.013069
1798  0.346916  0.0101884  0.624167  0.013069
1799  0.346916  0.0101884  0.624167  0.013069
1800  0.346916  0.0101884  0.624167  0.013069
1801  0.346916  0.0101884  0.624167  0.013069
1802  0.346915  0.0101884  0.624167  0.013069
1803  0.346915  0.0101884  0.624167  0.013069
1804  0.346915  0.0101884  0.624167  0.013069
1805  0.346915  0.0101884  0.624167  0.013069
1806  0.346915  0.0101884  0.624167  0.013069
1807  0.346915  0.0101884  0.624167  0.013069
1808  0.346915  0.0101884  0.624167  0.013069
1809  0.346915  0.0101884  0.624167  0.013069
1810  0.346915  0.0101884  0.624167  0.013069
1811  0.346915  0.0101884  0.624167  0.013069
1812  0.346915  0.0101884  0.624167  0.013069
1813  0.346915  0.0101884  0.624167  0.013069
1814  0.346914  0.0101884  0.624167  0.013069
1815  0.346914  0.0101884  0.624167  0.013069
1816  0.346914  0.0101884  0.624167  0.013069
1817  0.346914  0.0101884  0.624167  0.013069
1818  0.346914  0.0101884  0.624167  0.013069
1819  0.346914  0.0101884  0.624167  0.013069
1820  0.346914  0.0101884  0.624167  0.013069
1821  0.346907  0.0101883  0.624167  0.013069
1822  0.346907  0.0101883  0.624167  0.013069
1823  0.346907  0.0101883  0.624167  0.013069
1824  0.346907  0.0101883  0.624167  0.013069
1825  0.346907  0.0101883  0.624167  0.013069
1826  0.346907  0.0101883  0.624167  0.013069
1827  0.346907  0.0101883  0.624167  0.013069
1828  0.346907  0.0101883  0.624167  0.013069
1829  0.346907  0.0101883  0.624167  0.013069
1830  0.346907  0.0101883  0.624167  0.013069
1831  0.346907  0.0101883  0.624167  0.013069
1832  0.346907  0.0101883  0.624167  0.013069
1833  0.346907  0.0101883  0.624167  0.013069
1834  0.346905  0.0101882  0.624259  0.0130621
1835  0.346905  0.0101882  0.624259  0.0130621
1836  0.346905  0.0101882  0.624259  0.0130621
1837  0.346905  0.0101882  0.624259  0.0130621
1838  0.346905  0.0101882  0.624259  0.0130621
1839  0.346905  0.0101882  0.624259  0.0130621
1840  0.346905  0.0101882  0.624259  0.0130621
1841  0.346905  0.0101882  0.624259  0.0130621
1842  0.346905  0.0101882  0.624259  0.0130621
1843  0.346905  0.0101882  0.624259  0.0130621
1844  0.346905  0.0101882  0.624259  0.0130621
1845  0.346905  0.0101882  0.624259  0.0130621
1846  0.346905  0.0101882  0.624259  0.0130621
1847  0.346905  0.0101882  0.624259  0.0130621
1848  0.346905  0.0101882  0.624259  0.0130621
1849  0.346905  0.0101882  0.624259  0.0130621
1850  0.346905  0.0101882  0.624259  0.0130621
1851  0.346905  0.0101882  0.624259  0.0130621
1852  0.346905  0.0101882  0.624259  0.0130621
1853  0.346905  0.0101882  0.624259  0.0130621
1854  0.346905  0.0101882  0.624259  0.0130621
1855  0.346905  0.0101882  0.624259  0.0130621
1856  0.346905  0.0101882  0.624259  0.0130621
1857  0.346905  0.0101882  0.624259  0.0130621
1858  0.346905  0.0101882  0.624259  0.0130621
1859  0.346905  0.0101882  0.624259  0.0130621
1860  0.346905  0.0101882  0.624259  0.0130621
1861  0.346905  0.0101882  0.624259  0.0130621
1862  0.346905  0.0101882  0.624259  0.0130621
1863  0.346905  0.0101882  0.624259  0.0130621
1864  0.346905  0.0101882  0.624259  0.0130621
1865  0.346905  0.0101882  0.624259  0.0130621
1866  0.346905  0.0101882  0.624259  0.0130621
1867  0.346905  0.0101882  0.624259  0.0130621
1868  0.346905  0.0101882  0.624259  0.0130621
1869  0.346868  0.0101878  0.624259  0.0130621
1870  0.346868  0.0101878  0.624259  0.0130621
1871  0.346868  0.0101878  0.624259  0.0130621
1872  0.346868  0.0101878  0.624259  0.0130621
1873  0.346868  0.0101878  0.624259  0.0130621
1874  0.346868  0.0101877  0.624259  0.0130621
1875  0.346868  0.0101877  0.624259  0.0130621
1876  0.346864  0.0101876  0.623889  0.0130936
1877  0.346864  0.0101876  0.623889  0.0130936
1878  0.346864  0.0101876  0.623889  0.0130936
1879  0.346864  0.0101876  0.623889  0.0130936
1880  0.346864  0.0101876  0.623889  0.0130936
1881  0.346864  0.0101876  0.623889  0.0130936
1882  0.346864  0.0101876  0.623889  0.0130936
1883  0.346864  0.0101876  0.623889  0.0130936
1884  0.346864  0.0101876  0.623889  0.0130936
1885  0.346864  0.0101876  0.623889  0.0130936
1886  0.346864  0.0101876  0.623889  0.0130936
1887  0.346864  0.0101876  0.623889  0.0130936
1888  0.346864  0.0101876  0.623889  0.0130936
1889  0.346864  0.0101876  0.623889  0.0130936
1890  0.346864  0.0101876  0.623889  0.0130936
1891  0.346856  0.0101866  0.623889  0.0130936
1892  0.346856  0.0101866  0.623889  0.0130936
1893  0.346856  0.0101866  0.623889  0.0130936
1894  0.346848  0.0101857  0.623889  0.0130936
1895  0.346848  0.0101857  0.623889  0.0130936
1896  0.346848  0.0101857  0.623889  0.0130936
1897  0.346848  0.0101857  0.623889  0.0130936
1898  0.346848  0.0101857  0.623889  0.0130936
1899  0.346848  0.0101857  0.623889  0.0130936
1900  0.346848  0.0101857  0.623889  0.0130936
1901  0.346848  0.0101857  0.623889  0.0130936
1902  0.346845  0.0101854  0.623889  0.0130936
1903  0.346842  0.0101851  0.623889  0.0130936
1904  0.346841  0.010185  0.623889  0.0130936
1905  0.346841  0.010185  0.623889  0.0130936
1906  0.346841  0.0101849  0.623889  0.0130936
1907  0.346841  0.0101849  0.623889  0.0130936
1908  0.346841  0.0101849  0.623889  0.0130936
1909  0.346841  0.0101849  0.623889  0.0130936
1910  0.346841  0.0101849  0.623889  0.0130936
1911  0.346841  0.0101849  0.623889  0.0130936
1912  0.346841  0.0101849  0.623889  0.0130936
1913  0.346841  0.0101849  0.623889  0.0130936
1914  0.346841  0.0101849  0.623889  0.0130936
1915  0.346841  0.0101849  0.623889  0.0130936
1916  0.346841  0.0101849  0.623889  0.0130936
1917  0.346841  0.0101849  0.623889  0.0130936
1918  0.346841  0.0101849  0.623889  0.0130936
1919  0.346841  0.0101849  0.623889  0.0130936
1920  0.346841  0.0101849  0.623889  0.0130936
1921  0.346841  0.0101849  0.623889  0.0130936
1922  0.346841  0.0101849  0.623889  0.0130936
1923  0.346841  0.0101849  0.623889  0.0130936
1924  0.34684  0.0101848  0.623889  0.0130936
1925  0.34684  0.0101848  0.623889  0.0130936
1926  0.346836  0.0101847  0.623889  0.0130936
1927  0.346821  0.0101845  0.623889  0.0130936
1928  0.346814  0.0101844  0.623889  0.0130936
1929  0.346814  0.0101844  0.623889  0.0130936
1930  0.346814  0.0101844  0.623889  0.0130936
1931  0.346814  0.0101844  0.623889  0.0130936
1932  0.346814  0.0101844  0.623889  0.0130936
1933  0.346814  0.0101844  0.623889  0.0130936
1934  0.346814  0.0101844  0.623889  0.0130936
1935  0.346814  0.0101844  0.623889  0.0130936
1936  0.346814  0.0101844  0.623889  0.0130936
1937  0.346814  0.0101844  0.623889  0.0130936
1938  0.346814  0.0101844  0.623889  0.0130936
1939  0.346814  0.0101844  0.623889  0.0130936
1940  0.346814  0.0101844  0.623889  0.0130936
1941  0.346814  0.0101844  0.623889  0.0130936
1942  0.346814  0.0101844  0.623889  0.0130936
1943  0.346814  0.0101844  0.623889  0.0130936
1944  0.346814  0.0101844  0.623889  0.0130936
1945  0.346814  0.0101844  0.623889  0.0130936
1946  0.346814  0.0101844  0.623889  0.0130936
1947  0.346814  0.0101844  0.623889  0.0130936
1948  0.346814  0.0101844  0.623889  0.0130936
1949  0.346814  0.0101844  0.623889  0.0130936
1950  0.346814  0.0101844  0.623889  0.0130936
1951  0.346814  0.0101844  0.623889  0.0130936
1952  0.346814  0.0101844  0.623889  0.0130936
1953  0.346814  0.0101844  0.623889  0.0130936
1954  0.346814  0.0101844  0.623889  0.0130936
1955  0.346814  0.0101844  0.623889  0.0130936
1956  0.346814  0.0101844  0.623889  0.0130936
1957  0.346814  0.0101844  0.623889  0.0130936
1958  0.346814  0.0101844  0.623889  0.0130936
1959  0.346814  0.0101844  0.623889  0.0130936
1960  0.346814  0.0101844  0.623889  0.0130936
1961  0.346814  0.0101844  0.623889  0.0130936
1962  0.346814  0.0101844  0.623889  0.0130936
1963  0.346814  0.0101844  0.623889  0.0130936
1964  0.346814  0.0101844  0.623889  0.0130936
1965  0.346814  0.0101844  0.623889  0.0130936
1966  0.346814  0.0101844  0.623889  0.0130936
1967  0.346814  0.0101844  0.623889  0.0130936
1968  0.346808  0.0101849  0.623889  0.0130936
1969  0.346808  0.0101849  0.623889  0.0130936
1970  0.346808  0.0101849  0.623889  0.0130936
1971  0.346808  0.0101849  0.623889  0.0130936
1972  0.346808  0.0101849  0.623889  0.0130936
1973  0.346808  0.0101849  0.623889  0.0130936
1974  0.346808  0.0101849  0.623889  0.0130936
1975  0.346808  0.0101849  0.623889  0.0130936
1976  0.346808  0.0101849  0.623889  0.0130936
1977  0.346808  0.0101849  0.623889  0.0130936
1978  0.346808  0.0101849  0.623889  0.0130936
1979  0.346808  0.0101849  0.623889  0.0130936
1980  0.346808  0.0101849  0.623889  0.0130936
1981  0.346808  0.0101849  0.623889  0.0130936
1982  0.346807  0.0101848  0.623889  0.0130936
1983  0.346806  0.0101847  0.623889  0.0130936
1984  0.346806  0.0101847  0.623889  0.0130936
1985  0.346806  0.0101847  0.623889  0.0130936
1986  0.346806  0.0101847  0.623889  0.0130936
1987  0.346806  0.0101847  0.623889  0.0130936
1988  0.346806  0.0101847  0.623889  0.0130936
1989  0.346806  0.0101847  0.623889  0.0130936
1990  0.346806  0.0101847  0.623889  0.0130936
1991  0.346806  0.0101847  0.623889  0.0130936
1992  0.346806  0.0101847  0.623889  0.0130936
1993  0.346806  0.0101847  0.623889  0.0130936
1994  0.346806  0.0101847  0.623889  0.0130936
1995  0.3468  0.010184  0.623796  0.0131005
1996  0.346793  0.0101834  0.623796  0.0131005
1997  0.346793  0.0101834  0.623796  0.0131005
1998  0.346791  0.0101831  0.623148  0.0131667
1999  0.346788  0.0101829  0.623056  0.0131787
