#sample=1565
0  0.442193  0.00474673  0.446709  0.00927355
1  0.393781  0.00495592  0.494569  0.00914954
2  0.355765  0.00520291  0.545272  0.00871751
3  0.326191  0.0054358  0.589872  0.00845672
4  0.305063  0.00562413  0.627061  0.00832242
5  0.290504  0.0057783  0.646901  0.00827383
6  0.280088  0.00587734  0.66492  0.00819996
7  0.272129  0.00595566  0.676262  0.00813949
8  0.265621  0.00602095  0.686677  0.00807446
9  0.26123  0.00605777  0.691853  0.00803029
10  0.257515  0.00608723  0.698083  0.00793421
11  0.255083  0.00610471  0.699808  0.00795146
12  0.253487  0.00611367  0.700799  0.00794417
13  0.252304  0.00611822  0.702204  0.00789616
14  0.251237  0.00612073  0.705048  0.00785427
15  0.250351  0.00612181  0.705463  0.00784648
16  0.249665  0.00611878  0.706038  0.00783983
17  0.248892  0.0061158  0.705974  0.00786094
18  0.248242  0.00611251  0.707029  0.00784406
19  0.247829  0.00610855  0.707859  0.00781302
20  0.247494  0.00610433  0.708179  0.00780379
21  0.247104  0.00609826  0.708946  0.00778622
22  0.246755  0.00609525  0.709137  0.00777964
23  0.246327  0.00609285  0.709872  0.00775151
24  0.245904  0.0060866  0.710799  0.00771923
25  0.24562  0.00608122  0.711757  0.00768877
26  0.245279  0.00607638  0.71262  0.00767253
27  0.244941  0.00607281  0.713546  0.00764157
28  0.244707  0.00606925  0.71278  0.00767389
29  0.24436  0.00606408  0.71377  0.00765127
30  0.244066  0.00605937  0.714505  0.00762801
31  0.243802  0.0060547  0.714888  0.00761976
32  0.243584  0.00605061  0.715655  0.00758977
33  0.243385  0.00604602  0.716134  0.00757181
34  0.243175  0.00604214  0.716006  0.00757846
35  0.242948  0.00603937  0.717157  0.0075321
36  0.242764  0.00603652  0.717476  0.00750759
37  0.242573  0.00603318  0.717764  0.00749674
38  0.24244  0.0060303  0.718019  0.00748626
39  0.242262  0.0060263  0.717859  0.00750783
40  0.242085  0.00602242  0.718786  0.00748273
41  0.241943  0.00601983  0.718498  0.00747848
42  0.241739  0.00601596  0.719489  0.00742788
43  0.241643  0.00601334  0.71984  0.00741634
44  0.241512  0.00601081  0.719744  0.00742167
45  0.241325  0.00600759  0.719808  0.00742486
46  0.241096  0.00600413  0.72016  0.00742708
47  0.240958  0.00600167  0.720575  0.0074092
48  0.240841  0.00599906  0.720639  0.00741928
49  0.240707  0.00599655  0.720671  0.00741985
50  0.240642  0.00599492  0.721214  0.00739688
51  0.240503  0.00599188  0.721853  0.00737826
52  0.240364  0.00598974  0.722045  0.0073707
53  0.240251  0.00598762  0.72246  0.00734039
54  0.24015  0.00598513  0.723355  0.00730288
55  0.240068  0.00598324  0.723387  0.00730219
56  0.23997  0.00598082  0.722939  0.00732237
57  0.239868  0.00597853  0.723674  0.00729187
58  0.239782  0.00597681  0.723994  0.0072769
59  0.239693  0.00597484  0.72393  0.00727844
60  0.239588  0.00597267  0.724217  0.00726989
61  0.239444  0.00597069  0.724728  0.00724797
62  0.239328  0.00596844  0.72476  0.00726514
63  0.239246  0.00596675  0.72508  0.00725177
64  0.239171  0.00596528  0.72508  0.00724938
65  0.239098  0.00596374  0.725176  0.00725107
66  0.239024  0.00596251  0.72524  0.00725684
67  0.238955  0.00596115  0.725559  0.00724401
68  0.238808  0.00595964  0.725623  0.00724443
69  0.238706  0.00595806  0.725751  0.0072392
70  0.238653  0.00595682  0.726422  0.00721242
71  0.238539  0.00595467  0.726741  0.00721309
72  0.23844  0.00595264  0.727476  0.00718344
73  0.238359  0.00595067  0.727796  0.00716984
74  0.23829  0.00594935  0.727796  0.00716984
75  0.238193  0.00594794  0.728147  0.00716989
76  0.238112  0.00594636  0.728147  0.00716989
77  0.238031  0.00594493  0.728435  0.00715826
78  0.23797  0.00594371  0.728658  0.00714719
79  0.237874  0.00594332  0.72869  0.00715118
80  0.237794  0.00594222  0.728914  0.00715353
81  0.237695  0.0059401  0.729233  0.00713984
82  0.237629  0.00593891  0.730064  0.00710522
83  0.237565  0.00593787  0.730064  0.00710522
84  0.237529  0.00593721  0.729776  0.00711698
85  0.237456  0.00593536  0.730383  0.0070914
86  0.237394  0.00593419  0.730703  0.00709196
87  0.237314  0.0059325  0.730799  0.00708629
88  0.237244  0.00593115  0.731565  0.00706392
89  0.237174  0.00592962  0.731406  0.00706661
90  0.237102  0.0059281  0.731725  0.00706426
91  0.237014  0.00592676  0.731853  0.0070623
92  0.236924  0.00592517  0.731789  0.00706624
93  0.236858  0.00592423  0.731502  0.00708085
94  0.236784  0.005923  0.731342  0.00708599
95  0.236727  0.00592182  0.731821  0.00706694
96  0.236686  0.0059209  0.731821  0.00706694
97  0.236635  0.00591999  0.731821  0.00706694
98  0.236545  0.00591863  0.731246  0.00707638
99  0.236488  0.00591745  0.731246  0.00707638
100  0.236408  0.00591593  0.731342  0.0070707
101  0.236315  0.00591437  0.731342  0.00707301
102  0.236215  0.00591386  0.731885  0.00707557
103  0.236161  0.00591251  0.732013  0.00706827
104  0.236115  0.00591138  0.73246  0.00706089
105  0.23604  0.00591007  0.732236  0.00707419
106  0.236012  0.0059095  0.732748  0.0070536
107  0.235971  0.00590901  0.732492  0.00706492
108  0.235897  0.00590758  0.732588  0.0070767
109  0.23584  0.00590622  0.732236  0.00709121
110  0.235747  0.0059046  0.732364  0.00708392
111  0.235638  0.00590252  0.732812  0.00708058
112  0.235595  0.00590149  0.732812  0.00708058
113  0.235539  0.00590041  0.732812  0.00708058
114  0.235498  0.00589957  0.732843  0.00707984
115  0.235444  0.0058987  0.733163  0.00708033
116  0.235404  0.00589796  0.733227  0.00707927
117  0.235366  0.00589717  0.733259  0.00707853
118  0.235327  0.00589641  0.733259  0.00707853
119  0.235301  0.00589574  0.733259  0.00707853
120  0.235257  0.00589489  0.73361  0.00706396
121  0.235212  0.00589438  0.733898  0.00705549
122  0.235168  0.00589339  0.734026  0.00705162
123  0.23512  0.00589233  0.734313  0.00703964
124  0.235075  0.00589163  0.734026  0.00705162
125  0.235023  0.00589087  0.734313  0.00703964
126  0.23501  0.0058905  0.734313  0.00703964
127  0.234958  0.00588965  0.734441  0.00703691
128  0.23492  0.00588883  0.734665  0.00702757
129  0.234869  0.00588807  0.734665  0.00702757
130  0.234812  0.00588748  0.734441  0.00703691
131  0.234741  0.00588693  0.735016  0.00702144
132  0.234712  0.00588622  0.734952  0.00702092
133  0.234676  0.00588569  0.735176  0.00701256
134  0.234619  0.00588484  0.735431  0.00701407
135  0.234558  0.00588412  0.73607  0.00700032
136  0.234458  0.00588348  0.735751  0.00699991
137  0.234414  0.00588271  0.735751  0.00699991
138  0.234371  0.00588192  0.735751  0.00699991
139  0.234336  0.00588104  0.73607  0.00698572
140  0.234282  0.00587975  0.736006  0.00698739
141  0.234241  0.00587882  0.73607  0.00698572
142  0.234202  0.00587793  0.736326  0.0069796
143  0.234155  0.0058768  0.736358  0.00697869
144  0.234115  0.00587589  0.736518  0.00697999
145  0.234083  0.00587501  0.73623  0.00699344
146  0.234023  0.00587366  0.73623  0.00699344
147  0.233971  0.00587256  0.736134  0.00699179
148  0.233945  0.00587195  0.73623  0.00699344
149  0.233889  0.00587073  0.735591  0.00700721
150  0.233845  0.00586988  0.735591  0.00700721
151  0.233818  0.00586922  0.735591  0.00700721
152  0.233783  0.00586872  0.735527  0.00700888
153  0.233738  0.00586817  0.735783  0.007013
154  0.233702  0.00586729  0.735687  0.00701542
155  0.233653  0.00586712  0.735719  0.00701466
156  0.233604  0.0058661  0.735527  0.00702343
157  0.233536  0.00586518  0.735783  0.00701445
158  0.233516  0.00586468  0.735783  0.00701445
159  0.233478  0.00586427  0.735783  0.00701445
160  0.233428  0.00586391  0.735815  0.00701515
161  0.233354  0.00586284  0.735911  0.00701375
162  0.233305  0.00586173  0.735591  0.00702788
163  0.233265  0.00586093  0.735591  0.00702788
164  0.233218  0.00586008  0.735463  0.00703178
165  0.233196  0.00585962  0.735783  0.00701766
166  0.233147  0.00585906  0.735751  0.00701711
167  0.233123  0.00585848  0.735783  0.00701766
168  0.233075  0.00585801  0.735783  0.00701766
169  0.23305  0.00585745  0.735783  0.00701766
170  0.233015  0.00585668  0.735783  0.00701766
171  0.232996  0.00585619  0.735783  0.00701766
172  0.232929  0.00585529  0.735783  0.00701766
173  0.232893  0.00585463  0.735815  0.00701559
174  0.232842  0.00585363  0.735879  0.00701625
175  0.232777  0.00585273  0.736198  0.00701666
176  0.232711  0.00585189  0.736326  0.00701216
177  0.232674  0.00585139  0.736613  0.00700122
178  0.23264  0.00585107  0.736613  0.00700122
179  0.232605  0.00585082  0.736613  0.00700122
180  0.232545  0.00585053  0.736358  0.0070114
181  0.232494  0.00584936  0.736358  0.0070114
182  0.232426  0.00584923  0.73639  0.00701209
183  0.2324  0.00584871  0.73639  0.00701209
184  0.232367  0.00584795  0.73639  0.00701209
185  0.232321  0.00584685  0.73639  0.00701209
186  0.232285  0.00584606  0.73639  0.00701209
187  0.23225  0.00584528  0.73639  0.00701209
188  0.232208  0.00584433  0.736581  0.00700183
189  0.232176  0.00584362  0.736581  0.00700183
190  0.232148  0.00584327  0.736486  0.00700456
191  0.232116  0.00584247  0.73623  0.00701706
192  0.232071  0.00584204  0.73623  0.00701706
193  0.232032  0.005841  0.73623  0.00701706
194  0.232017  0.00584059  0.73623  0.00701706
195  0.231984  0.00583975  0.73655  0.00700289
196  0.231953  0.00583889  0.73655  0.00700289
197  0.231937  0.00583848  0.73655  0.00700289
198  0.231897  0.00583752  0.73655  0.00700289
199  0.231832  0.00583728  0.73655  0.00700289
200  0.231806  0.00583657  0.73655  0.00700289
201  0.231743  0.00583576  0.736677  0.00700202
202  0.231714  0.00583525  0.736709  0.00700272
203  0.231695  0.00583489  0.736677  0.00700771
204  0.231644  0.00583402  0.736677  0.00700771
205  0.231613  0.00583345  0.736677  0.00700771
206  0.231594  0.00583311  0.736645  0.00700833
207  0.231567  0.00583254  0.736645  0.00700833
208  0.231544  0.00583209  0.736645  0.00700833
209  0.231515  0.00583154  0.736645  0.00700833
210  0.231491  0.00583097  0.736965  0.00699412
211  0.231477  0.00583061  0.737029  0.00698836
212  0.231457  0.00583019  0.737061  0.00698686
213  0.231442  0.00582976  0.737125  0.00698518
214  0.231411  0.00582907  0.736805  0.00699941
215  0.231396  0.0058287  0.736805  0.00699941
216  0.231369  0.00582796  0.737093  0.00698726
217  0.231334  0.00582719  0.737093  0.00698726
218  0.231313  0.00582672  0.737412  0.006973
219  0.231272  0.00582597  0.737412  0.006973
220  0.23125  0.00582549  0.737412  0.006973
221  0.231211  0.00582458  0.737157  0.00698558
222  0.23119  0.00582415  0.737157  0.00698558
223  0.231144  0.00582326  0.737444  0.00697209
224  0.231112  0.00582261  0.737796  0.00695702
225  0.231086  0.00582201  0.737796  0.00695702
226  0.231055  0.00582135  0.737476  0.00697132
227  0.231016  0.00582054  0.737476  0.00697132
228  0.230995  0.00582001  0.737476  0.00697132
229  0.230959  0.00581912  0.7377  0.00695845
230  0.230921  0.00581826  0.737572  0.00696593
231  0.230865  0.00581721  0.737572  0.00696593
232  0.230815  0.00581638  0.737827  0.00696534
233  0.230783  0.00581578  0.737827  0.00696534
234  0.230761  0.00581536  0.737923  0.00696699
235  0.23073  0.00581494  0.738243  0.00696734
236  0.230679  0.00581461  0.737923  0.00696699
237  0.230661  0.00581418  0.738019  0.00696423
238  0.230645  0.00581378  0.737476  0.00697981
239  0.230624  0.00581352  0.737476  0.00697981
240  0.230599  0.00581307  0.737796  0.00698017
241  0.230587  0.00581275  0.738115  0.00696588
242  0.230578  0.0058125  0.737796  0.00696553
243  0.230552  0.00581229  0.737796  0.00696553
244  0.230518  0.0058121  0.737796  0.00696553
245  0.230483  0.00581146  0.737796  0.00696553
246  0.230461  0.00581102  0.737796  0.00696553
247  0.230426  0.00581037  0.7377  0.00697135
248  0.230412  0.00581008  0.7377  0.00697135
249  0.230364  0.00580908  0.737891  0.00696057
250  0.230309  0.00580818  0.737572  0.00697487
251  0.230268  0.00580772  0.737572  0.00697487
252  0.230199  0.00580724  0.737572  0.00697487
253  0.230162  0.00580692  0.737572  0.00697487
254  0.230141  0.00580654  0.737572  0.00697487
255  0.230114  0.00580623  0.737572  0.00697487
256  0.230093  0.005806  0.737572  0.00697487
257  0.230073  0.00580568  0.737572  0.00697487
258  0.230043  0.00580529  0.737572  0.00697487
259  0.230004  0.00580522  0.737955  0.00697413
260  0.229981  0.00580487  0.737955  0.00697413
261  0.229961  0.00580438  0.737955  0.00697413
262  0.229937  0.0058044  0.738179  0.00697489
263  0.229911  0.00580413  0.738179  0.00697489
264  0.229887  0.00580356  0.737859  0.00697454
265  0.22986  0.00580283  0.737859  0.00697454
266  0.229856  0.00580271  0.737859  0.00697454
267  0.229834  0.00580244  0.737859  0.00697454
268  0.229809  0.00580236  0.737859  0.00697454
269  0.229778  0.00580164  0.737859  0.00697454
270  0.229755  0.00580104  0.737859  0.00697454
271  0.22974  0.0058007  0.737859  0.00697454
272  0.229726  0.00580044  0.737859  0.00697454
273  0.229712  0.00580009  0.73754  0.00698881
274  0.229682  0.00579947  0.737188  0.00699081
275  0.229652  0.0057987  0.737188  0.00699081
276  0.229639  0.0057983  0.737188  0.00699081
277  0.229611  0.00579769  0.737252  0.00698913
278  0.229579  0.00579705  0.737252  0.00698913
279  0.229561  0.00579666  0.737252  0.00698913
280  0.229548  0.00579637  0.737252  0.00698913
281  0.229534  0.00579599  0.737252  0.00698913
282  0.229513  0.00579551  0.737252  0.00698913
283  0.229478  0.00579477  0.737572  0.00697487
284  0.229447  0.00579407  0.737572  0.00697487
285  0.229414  0.00579348  0.737891  0.00696057
286  0.229367  0.00579271  0.738019  0.0069566
287  0.229336  0.00579216  0.738051  0.00695598
288  0.229303  0.00579166  0.738403  0.00695482
289  0.229265  0.00579103  0.738339  0.00697015
290  0.22924  0.00579043  0.738339  0.00697015
291  0.229221  0.00579001  0.738019  0.0069698
292  0.229196  0.00578937  0.738019  0.0069698
293  0.229185  0.00578909  0.738019  0.0069698
294  0.22916  0.00578861  0.738243  0.00696616
295  0.229127  0.00578801  0.738658  0.00695303
296  0.229118  0.00578778  0.738626  0.00695248
297  0.229095  0.00578742  0.738914  0.00695329
298  0.229081  0.00578719  0.738914  0.00695329
299  0.229069  0.00578688  0.738914  0.00695329
300  0.229061  0.00578672  0.738914  0.00695329
301  0.229035  0.00578628  0.739137  0.00695198
302  0.229015  0.00578593  0.739265  0.00695431
303  0.228988  0.00578573  0.739265  0.00695431
304  0.228949  0.00578499  0.739201  0.00695307
305  0.228932  0.00578452  0.739201  0.00695307
306  0.22891  0.00578395  0.738946  0.00695281
307  0.228888  0.00578336  0.738946  0.00695281
308  0.228882  0.00578317  0.738946  0.00695281
309  0.228871  0.00578287  0.738946  0.00695281
310  0.228861  0.00578258  0.738946  0.00695281
311  0.228847  0.00578218  0.738946  0.00695281
312  0.228833  0.00578197  0.739201  0.00694248
313  0.228817  0.00578161  0.73885  0.00695763
314  0.228796  0.00578117  0.73885  0.00695763
315  0.228774  0.00578059  0.73885  0.00695763
316  0.22876  0.00578031  0.73885  0.00695763
317  0.228742  0.00577993  0.73885  0.00695763
318  0.228707  0.00577922  0.739169  0.00694326
319  0.228685  0.00577866  0.739169  0.00694326
320  0.228648  0.00577798  0.73901  0.00695214
321  0.228611  0.00577705  0.73901  0.00695214
322  0.228583  0.00577649  0.73901  0.00695214
323  0.228543  0.00577563  0.739297  0.00693986
324  0.228525  0.00577514  0.739297  0.00693986
325  0.228463  0.0057742  0.739425  0.00693645
326  0.228405  0.00577349  0.739712  0.00692589
327  0.228365  0.00577305  0.739776  0.00692595
328  0.22834  0.00577246  0.739776  0.00692595
329  0.228312  0.00577196  0.739808  0.00692517
330  0.228289  0.00577148  0.739489  0.0069396
331  0.228254  0.00577089  0.739681  0.00693802
332  0.228206  0.00576993  0.739808  0.00693991
333  0.228181  0.0057696  0.740128  0.0069402
334  0.228153  0.00576903  0.740128  0.0069402
335  0.228123  0.00576908  0.73984  0.0069553
336  0.228088  0.0057688  0.74016  0.00694354
337  0.228058  0.0057682  0.74016  0.00694354
338  0.228042  0.00576799  0.74016  0.00694354
339  0.228029  0.00576765  0.74016  0.00694354
340  0.228015  0.00576734  0.74016  0.00694354
341  0.227996  0.00576691  0.74016  0.00694354
342  0.227972  0.00576648  0.740479  0.0069291
343  0.227933  0.0057659  0.740479  0.0069291
344  0.227889  0.00576522  0.740479  0.00692822
345  0.227862  0.00576485  0.740543  0.0069265
346  0.227847  0.00576443  0.740288  0.00693689
347  0.2278  0.00576381  0.740224  0.00694095
348  0.22778  0.00576339  0.740224  0.00694095
349  0.227774  0.00576323  0.740224  0.00694095
350  0.227766  0.0057631  0.740224  0.00694095
351  0.227754  0.00576278  0.740224  0.00694095
352  0.22774  0.00576247  0.740543  0.0069265
353  0.227706  0.00576166  0.741214  0.00689552
354  0.227686  0.0057614  0.741182  0.00689616
355  0.227683  0.00576131  0.741182  0.00689616
356  0.22766  0.00576097  0.740958  0.00689442
357  0.227637  0.00576048  0.740958  0.00689442
358  0.22757  0.00576017  0.741278  0.00689468
359  0.227557  0.00575993  0.741278  0.00689468
360  0.227539  0.00575963  0.741278  0.00689468
361  0.22753  0.00575939  0.741278  0.00689468
362  0.227509  0.0057592  0.741629  0.00689222
363  0.227475  0.00575902  0.741789  0.0068933
364  0.227424  0.00575892  0.741821  0.00689118
365  0.227379  0.00575832  0.742748  0.00687916
366  0.227358  0.00575808  0.742748  0.00687916
367  0.22735  0.00575794  0.742748  0.00687916
368  0.227311  0.00575749  0.742748  0.00687916
369  0.227292  0.00575723  0.742684  0.00687793
370  0.22727  0.005757  0.742652  0.00687724
371  0.227233  0.00575644  0.74246  0.00687889
372  0.227213  0.00575604  0.742492  0.00687958
373  0.227196  0.00575567  0.742492  0.00687958
374  0.227176  0.00575522  0.742492  0.00687958
375  0.22717  0.00575505  0.742492  0.00687958
376  0.22715  0.00575484  0.742492  0.00687958
377  0.227139  0.00575455  0.742492  0.00687958
378  0.227117  0.005754  0.742492  0.00687958
379  0.227088  0.00575343  0.742812  0.00686493
380  0.227064  0.005753  0.742812  0.00686493
381  0.227047  0.00575321  0.742843  0.00686562
382  0.227039  0.005753  0.742843  0.00686562
383  0.227036  0.00575296  0.742971  0.00686749
384  0.227018  0.00575281  0.742971  0.00686749
385  0.227012  0.00575267  0.742716  0.00687802
386  0.227008  0.00575254  0.742716  0.00687802
387  0.22699  0.00575209  0.743035  0.00687824
388  0.226981  0.00575191  0.743035  0.00687824
389  0.226975  0.00575178  0.743035  0.00687824
390  0.226929  0.0057512  0.743259  0.0068789
391  0.226896  0.00575064  0.743387  0.00687719
392  0.22687  0.00575015  0.743387  0.00687719
393  0.226846  0.00574965  0.74361  0.00687577
394  0.226811  0.0057491  0.743706  0.00687739
395  0.226785  0.00574881  0.743706  0.00687739
396  0.226763  0.00574831  0.743706  0.00687739
397  0.226744  0.00574804  0.743706  0.00687739
398  0.226721  0.00574782  0.743706  0.00687739
399  0.226687  0.00574792  0.743706  0.00687739
400  0.226663  0.00574781  0.743706  0.00687739
401  0.226637  0.00574795  0.743706  0.00687739
402  0.226626  0.00574774  0.743706  0.00687739
403  0.226612  0.0057475  0.743706  0.00687739
404  0.226575  0.00574684  0.743706  0.00687739
405  0.226557  0.00574663  0.743706  0.00687739
406  0.226543  0.00574646  0.743706  0.00687739
407  0.226525  0.00574625  0.743706  0.00687739
408  0.226507  0.00574604  0.743706  0.00687739
409  0.226502  0.00574607  0.743706  0.00687739
410  0.226482  0.00574581  0.743706  0.00687739
411  0.226475  0.0057457  0.743706  0.00687739
412  0.226449  0.00574615  0.743738  0.00687807
413  0.226439  0.00574594  0.743738  0.00687807
414  0.22643  0.00574569  0.743738  0.00687807
415  0.226422  0.00574546  0.743738  0.00687807
416  0.226375  0.00574445  0.74361  0.00687978
417  0.226326  0.00574392  0.74393  0.00687996
418  0.226313  0.00574366  0.74393  0.00687996
419  0.226303  0.00574349  0.74393  0.00687996
420  0.226293  0.00574321  0.74361  0.00689461
421  0.226282  0.0057431  0.74361  0.00689461
422  0.22627  0.00574293  0.74361  0.00689461
423  0.226247  0.00574249  0.743866  0.0068829
424  0.226235  0.00574227  0.743578  0.00687909
425  0.226212  0.00574192  0.743866  0.0068829
426  0.22619  0.00574146  0.74377  0.00688574
427  0.226168  0.00574109  0.743994  0.00687391
428  0.226155  0.00574088  0.743994  0.00687391
429  0.226137  0.00574047  0.744058  0.00686979
430  0.226125  0.00574019  0.744058  0.00686979
431  0.226116  0.00573995  0.743738  0.00688446
432  0.226101  0.00573963  0.743738  0.00688446
433  0.226084  0.00573932  0.74377  0.00688514
434  0.226065  0.005739  0.743962  0.00688584
435  0.226041  0.00573854  0.743738  0.00689454
436  0.225996  0.00573807  0.743802  0.00689042
437  0.225985  0.00573787  0.743994  0.00688059
438  0.225969  0.00573752  0.743994  0.00688059
439  0.225955  0.00573731  0.743994  0.00688059
440  0.225943  0.00573696  0.743994  0.00688059
441  0.225931  0.00573673  0.744505  0.00686422
442  0.225878  0.00573622  0.744633  0.00685118
443  0.22587  0.00573607  0.744633  0.00685118
444  0.225849  0.00573587  0.744633  0.00685118
445  0.225835  0.00573574  0.744601  0.00685184
446  0.225823  0.00573555  0.744601  0.00685184
447  0.225789  0.00573513  0.744633  0.00685103
448  0.22576  0.00573495  0.744633  0.00685103
449  0.225721  0.00573431  0.744633  0.00685103
450  0.225714  0.00573416  0.744633  0.00685103
451  0.225702  0.00573388  0.744633  0.00685103
452  0.225684  0.00573347  0.744633  0.00685103
453  0.225674  0.00573318  0.744633  0.00685103
454  0.225661  0.00573289  0.744633  0.00685103
455  0.225639  0.00573242  0.744633  0.00685103
456  0.225606  0.00573175  0.744633  0.00685103
457  0.22559  0.00573145  0.744633  0.00685103
458  0.225577  0.00573114  0.744633  0.00685103
459  0.225558  0.00573075  0.744633  0.00685103
460  0.225514  0.00573029  0.744633  0.00685103
461  0.225479  0.00572995  0.744633  0.00685103
462  0.225458  0.00572979  0.744633  0.00685103
463  0.225429  0.00572932  0.744952  0.00685119
464  0.225414  0.0057294  0.744984  0.00685187
465  0.225405  0.00572919  0.744984  0.00685187
466  0.225387  0.00572882  0.744984  0.00685187
467  0.225366  0.00572833  0.744984  0.00685187
468  0.22535  0.00572801  0.744984  0.00685187
469  0.225327  0.0057276  0.745304  0.00685202
470  0.225313  0.00572727  0.745304  0.00685202
471  0.225303  0.00572709  0.745304  0.00685202
472  0.225279  0.00572667  0.745304  0.00685202
473  0.225273  0.00572654  0.745304  0.00685202
474  0.225211  0.00572723  0.745304  0.00685202
475  0.225176  0.00572675  0.74508  0.00686078
476  0.225147  0.00572662  0.744792  0.00685997
477  0.225142  0.00572649  0.745112  0.00684522
478  0.22511  0.00572605  0.74508  0.00684588
479  0.225096  0.0057257  0.74508  0.00684588
480  0.225088  0.00572552  0.74508  0.00684588
481  0.225053  0.00572523  0.745399  0.00683108
482  0.225033  0.0057251  0.745399  0.00683108
483  0.225019  0.00572485  0.745399  0.00683108
484  0.224993  0.00572455  0.745591  0.00682398
485  0.224956  0.00572431  0.745272  0.0068388
486  0.224949  0.00572416  0.745272  0.0068388
487  0.224944  0.00572407  0.745272  0.0068388
488  0.224942  0.00572403  0.745272  0.0068388
489  0.22492  0.0057241  0.745272  0.0068388
490  0.224876  0.00572355  0.745272  0.0068388
491  0.22486  0.00572312  0.745272  0.0068388
492  0.224823  0.00572302  0.745272  0.0068388
493  0.224806  0.00572269  0.745272  0.0068388
494  0.224788  0.00572214  0.745272  0.0068388
495  0.224758  0.00572203  0.745144  0.00683575
496  0.22473  0.00572144  0.745144  0.00683575
497  0.224717  0.00572114  0.745144  0.00683575
498  0.22469  0.00572061  0.745144  0.00683575
499  0.224686  0.00572048  0.745144  0.00683575
500  0.224677  0.00572023  0.745144  0.00683575
501  0.224662  0.00571982  0.745144  0.00683575
502  0.224635  0.00571919  0.745144  0.00683575
503  0.224611  0.00571881  0.745144  0.00683575
504  0.224595  0.00571849  0.745431  0.00683521
505  0.224578  0.0057183  0.745751  0.00683534
506  0.224549  0.0057178  0.745623  0.00683947
507  0.224532  0.00571747  0.745751  0.00683534
508  0.224499  0.005717  0.745719  0.0068348
509  0.224488  0.00571671  0.745719  0.0068348
510  0.224474  0.00571639  0.745719  0.0068348
511  0.224463  0.00571618  0.745719  0.0068348
512  0.224458  0.00571604  0.745719  0.0068348
513  0.224453  0.00571589  0.745719  0.0068348
514  0.224451  0.00571584  0.745719  0.0068348
515  0.224447  0.00571573  0.745719  0.0068348
516  0.224435  0.00571552  0.745719  0.0068348
517  0.224423  0.00571528  0.745431  0.00683536
518  0.22439  0.00571491  0.745431  0.00683536
519  0.224363  0.00571441  0.745431  0.00683536
520  0.224356  0.00571419  0.745272  0.00684089
521  0.22434  0.00571379  0.745272  0.00684089
522  0.224319  0.00571342  0.744952  0.00685566
523  0.224295  0.00571315  0.744952  0.00685566
524  0.224271  0.00571289  0.745016  0.0068539
525  0.224255  0.00571264  0.745016  0.0068539
526  0.22425  0.00571249  0.745016  0.0068539
527  0.22423  0.00571207  0.745655  0.00682431
528  0.224201  0.00571151  0.745623  0.00682512
529  0.224176  0.00571112  0.745623  0.00682512
530  0.224136  0.0057108  0.745623  0.00682512
531  0.224108  0.00571021  0.745623  0.00682512
532  0.224099  0.00570997  0.745623  0.00682512
533  0.224088  0.00570972  0.745623  0.00682512
534  0.224074  0.00570945  0.745623  0.00682512
535  0.224069  0.00570929  0.745623  0.00682512
536  0.224038  0.00570912  0.745911  0.00682591
537  0.224033  0.00570907  0.745911  0.00682591
538  0.224021  0.00570902  0.745911  0.00682591
539  0.224017  0.00570901  0.745783  0.00683005
540  0.224014  0.00570891  0.745591  0.00684073
541  0.224007  0.00570868  0.745591  0.00684073
542  0.224004  0.0057086  0.745591  0.00684073
543  0.223982  0.00570803  0.745591  0.00684073
544  0.223958  0.00570773  0.745847  0.00683007
545  0.223937  0.00570728  0.745847  0.00683007
546  0.223915  0.00570689  0.745847  0.00683007
547  0.223909  0.00570671  0.745847  0.00683007
548  0.22388  0.00570622  0.746006  0.00682452
549  0.223873  0.00570602  0.746006  0.00682452
550  0.223856  0.00570567  0.746006  0.00682452
551  0.223854  0.00570563  0.746006  0.00682452
552  0.223841  0.00570531  0.746006  0.00682452
553  0.223829  0.00570508  0.746326  0.00680965
554  0.223808  0.00570482  0.746645  0.00680976
555  0.223794  0.0057047  0.746326  0.00682464
556  0.223764  0.00570425  0.746581  0.00681394
557  0.22374  0.00570381  0.746262  0.0068288
558  0.223732  0.00570368  0.746262  0.0068288
559  0.223728  0.0057036  0.746262  0.0068288
560  0.223705  0.00570346  0.746262  0.0068288
561  0.223692  0.00570335  0.746262  0.0068288
562  0.223677  0.00570299  0.746262  0.0068288
563  0.223666  0.00570274  0.746262  0.0068288
564  0.223656  0.00570263  0.746262  0.0068288
565  0.223627  0.00570251  0.746294  0.00682949
566  0.223615  0.00570225  0.746294  0.00682949
567  0.223602  0.00570188  0.746294  0.00682949
568  0.223596  0.00570172  0.746294  0.00682949
569  0.223591  0.00570158  0.746294  0.00682949
570  0.223589  0.0057015  0.746294  0.00682949
571  0.223567  0.00570109  0.746294  0.00682949
572  0.223556  0.00570095  0.746294  0.00682949
573  0.223543  0.00570065  0.746038  0.00683059
574  0.223541  0.0057006  0.746038  0.00683059
575  0.22353  0.00570044  0.746038  0.00683059
576  0.223507  0.0057  0.746038  0.00683059
577  0.223486  0.00569938  0.745751  0.00684325
578  0.22345  0.00569895  0.745751  0.00684325
579  0.223448  0.00569891  0.745751  0.00684325
580  0.223439  0.00569866  0.745655  0.00684926
581  0.223435  0.00569855  0.745655  0.00684926
582  0.22342  0.00569816  0.745655  0.00684926
583  0.223414  0.00569801  0.745655  0.00684926
584  0.223394  0.00569756  0.745655  0.00684926
585  0.22337  0.005697  0.745655  0.00684926
586  0.223362  0.0056968  0.745655  0.00684926
587  0.223352  0.00569663  0.745655  0.00684926
588  0.223341  0.00569637  0.745974  0.00683445
589  0.223333  0.00569635  0.745974  0.00683445
590  0.223309  0.00569625  0.745974  0.00683445
591  0.223273  0.00569594  0.745974  0.00683445
592  0.223261  0.00569593  0.746006  0.00683379
593  0.223247  0.00569567  0.746006  0.00683379
594  0.223235  0.00569546  0.746006  0.00683379
595  0.223221  0.00569507  0.746006  0.00683379
596  0.223174  0.00569447  0.746102  0.00683091
597  0.223145  0.00569413  0.746262  0.00682461
598  0.223136  0.00569397  0.746262  0.00682461
599  0.223116  0.00569375  0.74623  0.00682528
600  0.223115  0.00569371  0.74623  0.00682528
601  0.223107  0.00569352  0.745911  0.00684011
602  0.223103  0.00569343  0.745911  0.00684011
603  0.223091  0.0056932  0.745591  0.00683998
604  0.223084  0.00569313  0.745591  0.00683998
605  0.223074  0.00569295  0.745591  0.00683998
606  0.223021  0.00569254  0.745815  0.0068385
607  0.222986  0.00569237  0.745911  0.00684011
608  0.222978  0.0056923  0.745911  0.00684011
609  0.222968  0.00569216  0.745911  0.00684011
610  0.222965  0.00569208  0.745911  0.00684011
611  0.222958  0.00569189  0.745911  0.00684011
612  0.222953  0.00569186  0.745911  0.00684011
613  0.222944  0.00569166  0.745911  0.00684011
614  0.222939  0.00569152  0.745911  0.00684011
615  0.22293  0.00569134  0.745911  0.00684011
616  0.222919  0.00569103  0.745911  0.00684011
617  0.222916  0.00569095  0.745911  0.00684011
618  0.222915  0.00569089  0.745911  0.00684011
619  0.222909  0.00569077  0.745911  0.00684011
620  0.222902  0.00569067  0.745911  0.00684011
621  0.222899  0.00569057  0.745911  0.00684011
622  0.222885  0.0056902  0.745911  0.00684011
623  0.222878  0.00569  0.745911  0.00684011
624  0.222873  0.00568989  0.745942  0.00683795
625  0.222863  0.00568963  0.745942  0.00683795
626  0.222861  0.00568956  0.745942  0.00683795
627  0.222854  0.00568942  0.745911  0.00684011
628  0.22284  0.00568913  0.745942  0.00683795
629  0.222838  0.00568907  0.745942  0.00683795
630  0.222819  0.0056887  0.74655  0.00682538
631  0.222795  0.0056884  0.746358  0.00682352
632  0.222786  0.00568826  0.746358  0.00682352
633  0.222779  0.0056881  0.746358  0.00682352
634  0.222774  0.00568797  0.746358  0.00682352
635  0.222765  0.00568775  0.746358  0.00682352
636  0.222762  0.0056877  0.746358  0.00682352
637  0.222742  0.00568735  0.746358  0.00682352
638  0.222724  0.00568709  0.746677  0.00682363
639  0.222714  0.00568691  0.746677  0.00682363
640  0.222706  0.0056867  0.746677  0.00682363
641  0.2227  0.00568652  0.746677  0.00682363
642  0.222696  0.00568643  0.746997  0.00680874
643  0.222681  0.00568619  0.746997  0.00680874
644  0.222679  0.00568614  0.746997  0.00680874
645  0.222668  0.00568584  0.746997  0.00680874
646  0.222655  0.00568558  0.746997  0.00680874
647  0.22265  0.00568542  0.746997  0.00680874
648  0.222648  0.00568536  0.746997  0.00680874
649  0.222626  0.00568471  0.746997  0.00680874
650  0.22262  0.00568454  0.746997  0.00680874
651  0.222612  0.00568431  0.746997  0.00680874
652  0.222603  0.00568416  0.746933  0.00680752
653  0.222597  0.00568405  0.746997  0.00680874
654  0.222596  0.00568405  0.746997  0.00680874
655  0.222585  0.00568396  0.746805  0.00681588
656  0.222584  0.00568393  0.746805  0.00681588
657  0.222575  0.00568367  0.746677  0.00682363
658  0.222561  0.00568334  0.746677  0.00682363
659  0.222536  0.00568307  0.746997  0.00682372
660  0.222531  0.00568295  0.746997  0.00682372
661  0.222507  0.00568254  0.746997  0.00682372
662  0.222486  0.00568202  0.74722  0.00681487
663  0.222472  0.00568172  0.74722  0.00681487
664  0.222461  0.00568146  0.74722  0.00681487
665  0.222455  0.00568129  0.74722  0.00681487
666  0.222431  0.00568109  0.74722  0.00681487
667  0.222423  0.00568099  0.74722  0.00681487
668  0.222421  0.00568099  0.74722  0.00681487
669  0.222419  0.00568095  0.74722  0.00681487
670  0.222413  0.00568084  0.74722  0.00681487
671  0.222407  0.00568065  0.74722  0.00681487
672  0.222392  0.00568022  0.747476  0.00680173
673  0.222361  0.00567945  0.747157  0.00681665
674  0.222338  0.00567886  0.747157  0.00681665
675  0.222331  0.00567867  0.747157  0.00681665
676  0.222318  0.00567839  0.747125  0.00681747
677  0.222295  0.00567813  0.747125  0.00681747
678  0.222281  0.00567787  0.747157  0.00681665
679  0.22228  0.00567782  0.747157  0.00681665
680  0.22226  0.00567778  0.747157  0.00681665
681  0.222246  0.00567754  0.747444  0.00680255
682  0.222243  0.00567744  0.747444  0.00680255
683  0.222233  0.00567724  0.747157  0.00681665
684  0.222226  0.00567706  0.747157  0.00681665
685  0.222213  0.00567694  0.746837  0.00681656
686  0.222209  0.00567683  0.746837  0.00681656
687  0.222204  0.00567668  0.746837  0.00681656
688  0.222188  0.00567629  0.746518  0.00683143
689  0.22218  0.00567609  0.746518  0.00683143
690  0.222177  0.00567601  0.746837  0.00681656
691  0.222166  0.00567573  0.746837  0.00681656
692  0.222157  0.00567559  0.746518  0.00683143
693  0.222143  0.00567534  0.746837  0.00681656
694  0.222128  0.0056752  0.746837  0.00681656
695  0.222122  0.00567517  0.746837  0.00681656
696  0.222114  0.00567511  0.746837  0.00681656
697  0.222111  0.00567503  0.746837  0.00681656
698  0.2221  0.00567472  0.746837  0.00681656
699  0.222096  0.00567459  0.746837  0.00681656
700  0.222092  0.0056745  0.746837  0.00681656
701  0.22209  0.00567444  0.746837  0.00681656
702  0.222072  0.00567392  0.746837  0.00681656
703  0.222062  0.00567362  0.746837  0.00681656
704  0.22205  0.00567343  0.746837  0.00681656
705  0.222042  0.00567323  0.746837  0.00681656
706  0.222038  0.00567312  0.746837  0.00681656
707  0.222026  0.00567279  0.746837  0.00681656
708  0.222022  0.00567264  0.746837  0.00681656
709  0.222009  0.00567236  0.746837  0.00681656
710  0.222007  0.00567229  0.746837  0.00681656
711  0.221993  0.00567191  0.746518  0.00683143
712  0.221989  0.0056718  0.746518  0.00683143
713  0.221976  0.00567157  0.746518  0.00683143
714  0.221974  0.0056715  0.746518  0.00683143
715  0.221963  0.00567154  0.746518  0.00683143
716  0.221952  0.00567157  0.746518  0.00683143
717  0.221945  0.00567143  0.746518  0.00683143
718  0.221936  0.00567124  0.746518  0.00683143
719  0.221927  0.00567099  0.746518  0.00683143
720  0.221926  0.00567098  0.746518  0.00683143
721  0.221905  0.00567062  0.746518  0.00683143
722  0.221891  0.00567044  0.74655  0.00683077
723  0.221885  0.00567038  0.74655  0.00683077
724  0.221873  0.0056702  0.74655  0.00683077
725  0.221869  0.00567011  0.74655  0.00683077
726  0.221863  0.00566996  0.74655  0.00683077
727  0.221858  0.00566988  0.74655  0.00683077
728  0.221846  0.00566956  0.74655  0.00683077
729  0.221832  0.00566918  0.74655  0.00683077
730  0.221826  0.005669  0.74655  0.00683077
731  0.22182  0.00566882  0.74655  0.00683077
732  0.2218  0.00566878  0.74655  0.00683077
733  0.221794  0.00566871  0.74655  0.00683077
734  0.221791  0.0056686  0.74655  0.00683077
735  0.221786  0.00566843  0.74655  0.00683077
736  0.22177  0.00566825  0.74655  0.00683077
737  0.221759  0.00566803  0.74655  0.00683077
738  0.221731  0.00566782  0.74623  0.00683066
739  0.221729  0.00566776  0.74623  0.00683066
740  0.221724  0.0056676  0.74623  0.00683066
741  0.221721  0.00566751  0.74623  0.00683066
742  0.221681  0.00566696  0.746326  0.00682778
743  0.221625  0.00566596  0.74639  0.0068266
744  0.221612  0.00566585  0.746358  0.00682712
745  0.221599  0.00566566  0.746486  0.00682596
746  0.221594  0.00566548  0.746486  0.00682596
747  0.221587  0.00566529  0.746486  0.00682596
748  0.221587  0.00566529  0.746486  0.00682596
749  0.221578  0.00566509  0.746486  0.00682596
750  0.221575  0.00566501  0.74655  0.00682419
751  0.221566  0.00566477  0.74655  0.00682419
752  0.221553  0.00566454  0.74655  0.00682419
753  0.22155  0.00566446  0.74655  0.00682419
754  0.221546  0.00566435  0.74655  0.00682419
755  0.221545  0.00566433  0.74655  0.00682419
756  0.221545  0.00566432  0.74655  0.00682419
757  0.221539  0.00566415  0.74655  0.00682419
758  0.221527  0.00566409  0.746613  0.0068254
759  0.221525  0.00566404  0.746613  0.0068254
760  0.221522  0.00566393  0.746613  0.0068254
761  0.221518  0.00566382  0.746294  0.00684025
762  0.221516  0.00566375  0.746294  0.00684025
763  0.221507  0.00566354  0.74639  0.00683423
764  0.221507  0.00566352  0.74639  0.00683423
765  0.221503  0.00566343  0.74607  0.00684905
766  0.221502  0.0056634  0.74607  0.00684905
767  0.221489  0.00566304  0.74607  0.00684905
768  0.221484  0.00566289  0.74607  0.00684905
769  0.22148  0.00566278  0.74607  0.00684905
770  0.221459  0.00566245  0.74607  0.00684905
771  0.221442  0.00566217  0.74607  0.00684905
772  0.22143  0.00566188  0.74607  0.00684905
773  0.221424  0.00566174  0.74607  0.00684905
774  0.221422  0.00566166  0.74607  0.00684905
775  0.221412  0.00566143  0.74607  0.00684905
776  0.22141  0.00566138  0.74607  0.00684905
777  0.221375  0.00566078  0.74607  0.00684905
778  0.221374  0.00566075  0.74607  0.00684905
779  0.221371  0.00566072  0.74607  0.00684905
780  0.221363  0.00566064  0.74607  0.00684905
781  0.221356  0.00566049  0.74607  0.00684905
782  0.221333  0.00566018  0.74607  0.00684905
783  0.221329  0.00566008  0.74607  0.00684905
784  0.221308  0.00565975  0.746102  0.00684839
785  0.221301  0.00565957  0.746102  0.00684839
786  0.221298  0.00565957  0.746102  0.00684839
787  0.221295  0.00565949  0.746102  0.00684839
788  0.221292  0.00565941  0.746102  0.00684839
789  0.221284  0.00565918  0.746102  0.00684839
790  0.221281  0.00565911  0.746102  0.00684839
791  0.221272  0.00565885  0.746102  0.00684839
792  0.221271  0.00565883  0.746102  0.00684839
793  0.221264  0.00565869  0.746102  0.00684839
794  0.221254  0.00565852  0.746102  0.00684839
795  0.221245  0.00565835  0.746102  0.00684839
796  0.221233  0.00565803  0.746102  0.00684839
797  0.221175  0.00565735  0.746102  0.00684839
798  0.221159  0.00565704  0.746102  0.00684839
799  0.221153  0.00565693  0.746102  0.00684839
800  0.221134  0.00565669  0.746102  0.00684839
801  0.22112  0.00565666  0.746102  0.00684839
802  0.221115  0.00565656  0.746102  0.00684839
803  0.221113  0.00565651  0.746102  0.00684839
804  0.221111  0.00565647  0.746102  0.00684839
805  0.221104  0.00565632  0.746102  0.00684839
806  0.221102  0.00565626  0.746102  0.00684839
807  0.221079  0.00565622  0.745974  0.00685013
808  0.221068  0.00565608  0.745974  0.00685013
809  0.221044  0.00565546  0.745974  0.00685013
810  0.221039  0.00565535  0.745974  0.00685013
811  0.221022  0.00565501  0.746294  0.00685024
812  0.221015  0.00565487  0.746294  0.00685024
813  0.221003  0.00565464  0.746294  0.00685024
814  0.220979  0.00565414  0.746294  0.00685024
815  0.220972  0.00565398  0.746294  0.00685024
816  0.220967  0.00565385  0.746294  0.00685024
817  0.220944  0.00565341  0.746294  0.00685024
818  0.220935  0.00565327  0.746294  0.00685024
819  0.220912  0.00565294  0.74623  0.0068532
820  0.220899  0.0056527  0.74623  0.0068532
821  0.22088  0.00565233  0.74623  0.0068532
822  0.220867  0.00565205  0.74623  0.0068532
823  0.220835  0.00565136  0.74623  0.0068532
824  0.22083  0.00565124  0.74623  0.0068532
825  0.220817  0.005651  0.74623  0.0068532
826  0.220814  0.0056509  0.74623  0.0068532
827  0.220789  0.00565069  0.74655  0.00683839
828  0.220782  0.0056505  0.74655  0.00683839
829  0.220772  0.00565032  0.74655  0.00683839
830  0.220756  0.00565002  0.74655  0.00683839
831  0.220753  0.00564991  0.74655  0.00683839
832  0.220746  0.0056498  0.746645  0.00683551
833  0.220725  0.00564966  0.746645  0.00683551
834  0.220724  0.00564962  0.746645  0.00683551
835  0.220708  0.0056494  0.746805  0.00683593
836  0.220696  0.00564919  0.746869  0.00683714
837  0.220654  0.0056483  0.746837  0.00683796
838  0.220633  0.00564811  0.746837  0.00683796
839  0.22062  0.00564778  0.746837  0.00683796
840  0.220617  0.00564771  0.746837  0.00683796
841  0.220615  0.00564767  0.746837  0.00683796
842  0.220605  0.0056476  0.746837  0.00683796
843  0.220596  0.00564747  0.746837  0.00683796
844  0.220588  0.00564734  0.746837  0.00683796
845  0.220586  0.00564733  0.747157  0.00683805
846  0.220585  0.00564729  0.747157  0.00683805
847  0.220578  0.00564707  0.747157  0.00683805
848  0.22056  0.00564667  0.747412  0.00682495
849  0.220544  0.0056464  0.747412  0.00682495
850  0.220533  0.00564625  0.747412  0.00682495
851  0.220526  0.00564601  0.747412  0.00682495
852  0.220517  0.0056458  0.747732  0.00681005
853  0.220516  0.0056458  0.7477  0.00680936
854  0.220508  0.00564568  0.7477  0.00680936
855  0.220507  0.00564566  0.7477  0.00680936
856  0.220497  0.0056455  0.7477  0.00680936
857  0.22049  0.00564539  0.748019  0.00679441
858  0.220481  0.00564521  0.748019  0.00679441
859  0.220475  0.00564517  0.748019  0.00679441
860  0.220473  0.00564511  0.748019  0.00679441
861  0.220465  0.00564507  0.747859  0.0067925
862  0.22046  0.00564504  0.747764  0.00679316
863  0.220453  0.00564498  0.7477  0.00679435
864  0.22044  0.00564489  0.7477  0.00679435
865  0.220433  0.00564468  0.7477  0.00679435
866  0.220392  0.00564381  0.7477  0.00679435
867  0.220375  0.00564369  0.7477  0.00679435
868  0.220364  0.00564374  0.7477  0.00679435
869  0.220341  0.00564383  0.7477  0.00679435
870  0.220323  0.00564367  0.747796  0.0068009
871  0.220302  0.00564357  0.747508  0.00680152
872  0.220291  0.00564348  0.747508  0.00680152
873  0.220281  0.00564353  0.747508  0.00680152
874  0.220264  0.00564328  0.747508  0.00680152
875  0.220261  0.00564328  0.747508  0.00680152
876  0.220255  0.00564312  0.747508  0.00680152
877  0.22023  0.00564274  0.747508  0.00680152
878  0.220207  0.00564231  0.747764  0.00679075
879  0.220198  0.00564213  0.747764  0.00679075
880  0.220187  0.00564199  0.747764  0.00679075
881  0.220141  0.00564167  0.747444  0.00679068
882  0.220112  0.00564164  0.747444  0.00679068
883  0.220094  0.00564153  0.747444  0.00679068
884  0.220077  0.00564136  0.747444  0.00679068
885  0.220028  0.00564065  0.747732  0.00679157
886  0.22  0.00564027  0.747732  0.00679157
887  0.219918  0.00564006  0.747732  0.00679157
888  0.219876  0.00563984  0.747732  0.00679157
889  0.219859  0.00563967  0.747732  0.00679157
890  0.219839  0.00563934  0.7477  0.00679239
891  0.219827  0.00563931  0.7477  0.00679239
892  0.219818  0.00563922  0.7477  0.00679239
893  0.219803  0.00563908  0.7477  0.00679239
894  0.219793  0.00563881  0.7477  0.00679239
895  0.219773  0.00563864  0.748019  0.00679246
896  0.219764  0.00563838  0.748019  0.00679246
897  0.219747  0.0056381  0.748019  0.00679246
898  0.219725  0.00563782  0.748019  0.00679246
899  0.219717  0.00563763  0.748019  0.00679246
900  0.21971  0.00563744  0.748019  0.00679246
901  0.219705  0.00563728  0.748019  0.00679246
902  0.219687  0.00563703  0.748019  0.00679246
903  0.219675  0.00563685  0.748019  0.00679246
904  0.219664  0.00563666  0.748019  0.00679246
905  0.219663  0.00563665  0.748019  0.00679246
906  0.21965  0.00563637  0.748019  0.00679246
907  0.219644  0.00563629  0.748019  0.00679246
908  0.21964  0.00563625  0.748019  0.00679246
909  0.219635  0.00563611  0.748019  0.00679246
910  0.219635  0.00563611  0.748019  0.00679246
911  0.219634  0.00563609  0.748019  0.00679246
912  0.219632  0.00563604  0.748019  0.00679246
913  0.219626  0.00563587  0.748019  0.00679246
914  0.219622  0.00563576  0.748019  0.00679246
915  0.219617  0.00563571  0.748019  0.00679246
916  0.21961  0.00563566  0.748211  0.00678256
917  0.219601  0.00563545  0.748211  0.00678256
918  0.219592  0.00563523  0.748211  0.00678256
919  0.219583  0.00563503  0.748307  0.00677964
920  0.219571  0.00563485  0.748307  0.00677964
921  0.219559  0.00563464  0.748307  0.00677964
922  0.219532  0.00563432  0.748307  0.00677964
923  0.219515  0.00563396  0.748307  0.00677964
924  0.219515  0.00563395  0.748307  0.00677964
925  0.219514  0.00563391  0.748307  0.00677964
926  0.219509  0.00563383  0.748307  0.00677964
927  0.219488  0.00563375  0.748626  0.00677968
928  0.219478  0.00563369  0.748626  0.00677968
929  0.21947  0.00563348  0.748626  0.00677968
930  0.219456  0.00563323  0.748626  0.00677968
931  0.21945  0.00563322  0.748626  0.00677968
932  0.219446  0.0056332  0.748626  0.00677968
933  0.219428  0.00563308  0.748626  0.00677968
934  0.219421  0.00563307  0.748626  0.00677968
935  0.219407  0.00563274  0.748626  0.00677968
936  0.2194  0.00563261  0.748626  0.00677968
937  0.219399  0.00563259  0.748626  0.00677968
938  0.219398  0.00563255  0.748626  0.00677968
939  0.219397  0.00563256  0.748626  0.00677968
940  0.219397  0.00563254  0.748626  0.00677968
941  0.219389  0.0056325  0.748626  0.00677968
942  0.219389  0.0056325  0.748626  0.00677968
943  0.219383  0.00563259  0.748626  0.00677968
944  0.219381  0.00563259  0.748626  0.00677968
945  0.21937  0.00563242  0.748626  0.00677968
946  0.219355  0.00563203  0.748626  0.00677968
947  0.219345  0.00563179  0.748626  0.00677968
948  0.219321  0.00563139  0.748594  0.00678066
949  0.219318  0.00563136  0.748594  0.00678066
950  0.219301  0.0056313  0.748626  0.00678014
951  0.219279  0.00563108  0.748882  0.00678137
952  0.219274  0.00563094  0.748882  0.00678137
953  0.21926  0.0056306  0.748882  0.00678137
954  0.219251  0.00563036  0.748882  0.00678137
955  0.219237  0.00563017  0.748882  0.00678137
956  0.219236  0.00563013  0.748882  0.00678137
957  0.219228  0.0056301  0.748882  0.00678137
958  0.219212  0.00562999  0.748882  0.00678137
959  0.2192  0.00562983  0.748882  0.00678137
960  0.219197  0.00562973  0.748882  0.00678137
961  0.219197  0.00562971  0.748882  0.00678137
962  0.219188  0.00562948  0.748882  0.00678137
963  0.21918  0.00562943  0.748882  0.00678137
964  0.21918  0.00562943  0.748882  0.00678137
965  0.21918  0.00562943  0.748882  0.00678137
966  0.21918  0.00562942  0.748882  0.00678137
967  0.219141  0.00562907  0.749201  0.0067814
968  0.21911  0.00562911  0.749201  0.0067814
969  0.219097  0.00562903  0.749201  0.0067814
970  0.219084  0.00562885  0.749201  0.0067814
971  0.219063  0.00562854  0.749201  0.0067814
972  0.21905  0.00562847  0.749201  0.0067814
973  0.219024  0.00562818  0.749201  0.0067814
974  0.218999  0.00562786  0.749521  0.00676634
975  0.218989  0.0056277  0.749521  0.00676634
976  0.218986  0.00562765  0.749553  0.00676566
977  0.218957  0.00562694  0.749553  0.00676566
978  0.218934  0.00562641  0.749457  0.0067686
979  0.218931  0.00562631  0.749457  0.0067686
980  0.218897  0.00562565  0.749553  0.00676566
981  0.218892  0.00562554  0.749553  0.00676566
982  0.218892  0.00562554  0.749553  0.00676566
983  0.218889  0.0056255  0.749553  0.00676566
984  0.218879  0.00562528  0.749553  0.00676566
985  0.218878  0.00562528  0.749553  0.00676566
986  0.218876  0.00562529  0.749553  0.00676566
987  0.218874  0.00562526  0.749553  0.00676566
988  0.218865  0.00562515  0.749553  0.00676566
989  0.218858  0.00562496  0.749553  0.00676566
990  0.218858  0.00562495  0.749553  0.00676566
991  0.218855  0.00562488  0.749553  0.00676566
992  0.218843  0.00562465  0.749553  0.00676566
993  0.218841  0.00562458  0.749553  0.00676566
994  0.218838  0.00562449  0.749553  0.00676566
995  0.218833  0.00562438  0.749553  0.00676566
996  0.218816  0.00562415  0.749553  0.00676566
997  0.218815  0.00562409  0.749361  0.0067729
998  0.218812  0.00562405  0.749361  0.0067729
999  0.2188  0.00562389  0.749489  0.00676747
1000  0.218796  0.00562379  0.749521  0.00676649
1001  0.218783  0.00562369  0.749521  0.00676649
1002  0.218766  0.00562359  0.749521  0.00676649
1003  0.218752  0.00562332  0.749521  0.00676649
1004  0.218732  0.005623  0.749617  0.00676491
1005  0.218716  0.00562275  0.749201  0.00678607
1006  0.218704  0.00562243  0.749201  0.00678607
1007  0.218694  0.00562227  0.749201  0.00678607
1008  0.218691  0.00562217  0.749201  0.00678607
1009  0.21867  0.00562194  0.749201  0.00678607
1010  0.218662  0.00562175  0.749201  0.00678607
1011  0.218603  0.0056215  0.749521  0.00678609
1012  0.218598  0.00562136  0.749521  0.00678609
1013  0.218589  0.00562121  0.749521  0.00678609
1014  0.218584  0.00562114  0.749521  0.00678609
1015  0.218584  0.00562112  0.749521  0.00678609
1016  0.21858  0.00562101  0.749521  0.00678609
1017  0.218579  0.00562096  0.749521  0.00678609
1018  0.218577  0.00562089  0.749521  0.00678609
1019  0.218569  0.00562074  0.749361  0.00679548
1020  0.218566  0.00562067  0.749042  0.00681047
1021  0.218562  0.00562054  0.749042  0.00681047
1022  0.218561  0.0056205  0.749042  0.00681047
1023  0.218554  0.00562032  0.749042  0.00681047
1024  0.218553  0.00562028  0.749042  0.00681047
1025  0.21854  0.00561989  0.749361  0.00681049
1026  0.218513  0.00561945  0.749361  0.00681049
1027  0.21849  0.00561909  0.749105  0.00680927
1028  0.21847  0.00561869  0.749297  0.00680929
1029  0.218465  0.00561856  0.749329  0.00680847
1030  0.218434  0.00561799  0.749329  0.00680847
1031  0.218432  0.00561793  0.749329  0.00680847
1032  0.218422  0.00561772  0.749329  0.00680847
1033  0.218413  0.0056176  0.749329  0.00680847
1034  0.218412  0.00561758  0.749329  0.00680847
1035  0.2184  0.00561724  0.74901  0.00682343
1036  0.218398  0.00561719  0.74901  0.00682343
1037  0.218397  0.00561717  0.74901  0.00682343
1038  0.218394  0.00561709  0.74901  0.00682343
1039  0.218378  0.00561689  0.74901  0.00682343
1040  0.218369  0.00561676  0.74901  0.00682343
1041  0.218368  0.00561672  0.748946  0.00682552
1042  0.218368  0.00561672  0.748946  0.00682552
1043  0.218361  0.00561664  0.748946  0.00682552
1044  0.218355  0.00561647  0.748946  0.00682552
1045  0.218355  0.00561646  0.748946  0.00682552
1046  0.218352  0.0056164  0.749265  0.00681056
1047  0.218352  0.00561638  0.749265  0.00681056
1048  0.218347  0.00561639  0.749265  0.00681056
1049  0.218347  0.00561638  0.749265  0.00681056
1050  0.218346  0.00561637  0.749265  0.00681056
1051  0.218346  0.00561635  0.749265  0.00681056
1052  0.218344  0.0056163  0.749265  0.00681056
1053  0.21833  0.00561606  0.749265  0.00681056
1054  0.218323  0.00561589  0.749265  0.00681056
1055  0.218319  0.00561578  0.749265  0.00681056
1056  0.218312  0.00561562  0.749265  0.00681056
1057  0.218305  0.00561541  0.749265  0.00681056
1058  0.218304  0.00561536  0.749265  0.00681056
1059  0.218283  0.00561497  0.749265  0.00681056
1060  0.218277  0.00561482  0.749265  0.00681056
1061  0.218276  0.00561478  0.749265  0.00681056
1062  0.218272  0.00561464  0.749265  0.00681056
1063  0.218262  0.00561439  0.749265  0.00681056
1064  0.218248  0.00561404  0.749265  0.00681056
1065  0.218246  0.00561398  0.749265  0.00681056
1066  0.218242  0.00561383  0.749265  0.00681056
1067  0.21824  0.00561376  0.749265  0.00681056
1068  0.21824  0.00561375  0.749265  0.00681056
1069  0.218234  0.00561356  0.749265  0.00681056
1070  0.218234  0.00561356  0.749265  0.00681056
1071  0.218234  0.00561356  0.749265  0.00681056
1072  0.218229  0.00561356  0.749265  0.00681056
1073  0.218227  0.00561352  0.748978  0.00682335
1074  0.218224  0.00561343  0.748978  0.00682335
1075  0.218224  0.00561342  0.748978  0.00682335
1076  0.218215  0.00561316  0.748978  0.00682335
1077  0.218211  0.00561307  0.748978  0.00682335
1078  0.218206  0.00561299  0.748978  0.00682335
1079  0.218204  0.00561293  0.748978  0.00682335
1080  0.218203  0.0056129  0.748978  0.00682335
1081  0.2182  0.00561282  0.748978  0.00682335
1082  0.218199  0.00561279  0.748978  0.00682335
1083  0.218199  0.00561278  0.748978  0.00682335
1084  0.218198  0.00561277  0.748978  0.00682335
1085  0.218193  0.00561265  0.748978  0.00682335
1086  0.218165  0.00561232  0.748978  0.00682335
1087  0.218153  0.00561206  0.748978  0.00682335
1088  0.218149  0.00561194  0.748978  0.00682335
1089  0.218142  0.00561188  0.748978  0.00682335
1090  0.218124  0.00561166  0.748978  0.00682335
1091  0.218117  0.00561158  0.748978  0.00682335
1092  0.218117  0.00561158  0.748978  0.00682335
1093  0.218104  0.00561148  0.748978  0.00682335
1094  0.218088  0.00561134  0.748978  0.00682335
1095  0.21808  0.00561136  0.748978  0.00682335
1096  0.218074  0.00561123  0.74901  0.00682253
1097  0.21807  0.00561116  0.74901  0.00682253
1098  0.218067  0.00561108  0.74901  0.00682253
1099  0.218065  0.00561105  0.749329  0.00682255
1100  0.218054  0.00561094  0.749329  0.00682255
1101  0.218053  0.00561092  0.749329  0.00682255
1102  0.218047  0.00561086  0.749329  0.00682255
1103  0.218034  0.00561076  0.749329  0.00682255
1104  0.218033  0.00561071  0.749329  0.00682255
1105  0.21803  0.00561066  0.749329  0.00682255
1106  0.218026  0.00561062  0.749329  0.00682255
1107  0.218026  0.00561062  0.749329  0.00682255
1108  0.218026  0.00561062  0.749329  0.00682255
1109  0.218026  0.00561062  0.749329  0.00682255
1110  0.218026  0.00561061  0.749329  0.00682255
1111  0.218025  0.00561061  0.749329  0.00682255
1112  0.218021  0.00561049  0.749329  0.00682255
1113  0.218016  0.00561035  0.749329  0.00682255
1114  0.218015  0.00561032  0.749329  0.00682255
1115  0.218014  0.00561028  0.749329  0.00682255
1116  0.218012  0.00561024  0.749329  0.00682255
1117  0.217999  0.00561006  0.749712  0.00680878
1118  0.217999  0.00561004  0.749712  0.00680878
1119  0.217995  0.00560992  0.749712  0.00680878
1120  0.217995  0.0056099  0.749712  0.00680878
1121  0.217988  0.00560975  0.750032  0.00680879
1122  0.217985  0.00560967  0.750032  0.00680879
1123  0.217982  0.00560957  0.750032  0.00680879
1124  0.217968  0.0056096  0.750064  0.00680946
1125  0.217965  0.00560953  0.750064  0.00680946
1126  0.21796  0.00560939  0.750064  0.00680946
1127  0.217943  0.00560918  0.750064  0.00680946
1128  0.217941  0.00560914  0.750064  0.00680946
1129  0.217939  0.00560908  0.750064  0.00680946
1130  0.217927  0.00560894  0.749936  0.00681066
1131  0.217924  0.00560887  0.749936  0.00681066
1132  0.217922  0.00560878  0.749936  0.00681066
1133  0.21792  0.00560875  0.749936  0.00681066
1134  0.217918  0.00560869  0.749936  0.00681066
1135  0.21791  0.00560857  0.749936  0.00681066
1136  0.217906  0.00560845  0.749936  0.00681066
1137  0.217904  0.00560839  0.749936  0.00681066
1138  0.217896  0.00560824  0.750224  0.00680998
1139  0.217891  0.00560814  0.750224  0.00680998
1140  0.217884  0.00560802  0.750224  0.00680998
1141  0.217881  0.00560796  0.750224  0.00680998
1142  0.217875  0.00560785  0.750224  0.00680998
1143  0.217867  0.00560778  0.749904  0.00680999
1144  0.217865  0.00560774  0.749904  0.00680999
1145  0.21786  0.00560772  0.750224  0.00680998
1146  0.217858  0.00560765  0.750224  0.00680998
1147  0.217857  0.00560763  0.750224  0.00680998
1148  0.217853  0.00560754  0.750224  0.00680998
1149  0.217852  0.0056075  0.750224  0.00680998
1150  0.21785  0.00560745  0.750224  0.00680998
1151  0.217846  0.00560733  0.750224  0.00680998
1152  0.217835  0.00560702  0.750224  0.00680998
1153  0.217829  0.00560687  0.750224  0.00680998
1154  0.217826  0.00560677  0.750224  0.00680998
1155  0.21782  0.00560659  0.750224  0.00680998
1156  0.217812  0.00560636  0.750224  0.00680998
1157  0.217809  0.00560626  0.750224  0.00680998
1158  0.2178  0.00560604  0.750224  0.00680998
1159  0.217796  0.00560591  0.750224  0.00680998
1160  0.217795  0.00560588  0.750224  0.00680998
1161  0.217788  0.00560574  0.750224  0.00680998
1162  0.217778  0.00560554  0.75016  0.00681209
1163  0.217765  0.00560518  0.75016  0.00681209
1164  0.217755  0.0056049  0.75  0.00681995
1165  0.217752  0.00560482  0.75  0.00681995
1166  0.217747  0.00560466  0.75  0.00681995
1167  0.217743  0.0056046  0.75  0.00681995
1168  0.217714  0.00560389  0.74984  0.00682557
1169  0.217712  0.00560385  0.74984  0.00682557
1170  0.21771  0.00560379  0.74984  0.00682557
1171  0.2177  0.00560368  0.75016  0.00682557
1172  0.217697  0.0056036  0.75016  0.00682557
1173  0.217687  0.00560348  0.75016  0.00682557
1174  0.217683  0.00560344  0.75016  0.00682557
1175  0.217682  0.00560341  0.75016  0.00682557
1176  0.217681  0.00560336  0.75016  0.00682557
1177  0.217673  0.00560315  0.75016  0.00682557
1178  0.217665  0.005603  0.750319  0.0068222
1179  0.217665  0.00560298  0.750319  0.0068222
1180  0.217645  0.00560289  0.750319  0.0068222
1181  0.21763  0.00560293  0.750319  0.0068222
1182  0.217628  0.00560291  0.750319  0.0068222
1183  0.217617  0.00560268  0.750319  0.0068222
1184  0.217614  0.0056026  0.750319  0.0068222
1185  0.217605  0.00560232  0.750319  0.0068222
1186  0.217595  0.00560207  0.750319  0.0068222
1187  0.217584  0.00560199  0.750319  0.0068222
1188  0.21758  0.0056019  0.750319  0.0068222
1189  0.217576  0.00560177  0.750319  0.0068222
1190  0.217575  0.00560173  0.750319  0.0068222
1191  0.21757  0.0056016  0.750319  0.0068222
1192  0.217555  0.00560145  0.750319  0.0068222
1193  0.217545  0.0056013  0.750319  0.0068222
1194  0.217514  0.00560129  0.750639  0.00682218
1195  0.217509  0.00560128  0.750703  0.00682038
1196  0.217487  0.00560108  0.750703  0.00682038
1197  0.217455  0.00560073  0.750703  0.00682038
1198  0.21745  0.00560058  0.750703  0.00682038
1199  0.217437  0.00560026  0.750735  0.00681821
1200  0.217402  0.00559976  0.750735  0.0068197
1201  0.217396  0.00559971  0.750735  0.0068197
1202  0.217392  0.0055996  0.750735  0.0068197
1203  0.217384  0.00559942  0.751054  0.00680468
1204  0.217384  0.00559941  0.751054  0.00680468
1205  0.217384  0.00559941  0.751054  0.00680468
1206  0.217378  0.0055993  0.751054  0.00680468
1207  0.217345  0.00559902  0.751374  0.00680465
1208  0.217333  0.00559884  0.751374  0.00680465
1209  0.217323  0.00559864  0.751374  0.00680465
1210  0.21732  0.00559855  0.751214  0.00681029
1211  0.217318  0.00559851  0.751214  0.00681029
1212  0.217316  0.00559843  0.750895  0.00682531
1213  0.21725  0.00559812  0.751214  0.00682527
1214  0.217248  0.00559807  0.751214  0.00682527
1215  0.217244  0.00559796  0.751406  0.00681447
1216  0.217223  0.00559749  0.751725  0.00681442
1217  0.217221  0.00559743  0.751725  0.00681442
1218  0.217214  0.00559726  0.751725  0.00681442
1219  0.217213  0.00559724  0.751725  0.00681442
1220  0.217211  0.00559717  0.751725  0.00681442
1221  0.21721  0.00559716  0.751725  0.00681442
1222  0.2172  0.00559692  0.751725  0.00681442
1223  0.217197  0.00559683  0.751725  0.00681442
1224  0.217194  0.00559672  0.751725  0.00681442
1225  0.217194  0.00559672  0.751725  0.00681442
1226  0.217192  0.00559668  0.751725  0.00681442
1227  0.217192  0.00559668  0.751725  0.00681442
1228  0.217185  0.00559642  0.751725  0.00681442
1229  0.217184  0.00559642  0.751725  0.00681442
1230  0.217162  0.0055962  0.751725  0.00681442
1231  0.217161  0.00559617  0.751725  0.00681442
1232  0.217158  0.00559618  0.751725  0.00681442
1233  0.217155  0.00559606  0.751725  0.00681442
1234  0.217144  0.00559592  0.751725  0.00681442
1235  0.217142  0.00559586  0.751725  0.00681442
1236  0.217142  0.00559585  0.751725  0.00681442
1237  0.217142  0.00559585  0.751725  0.00681442
1238  0.217135  0.00559592  0.751725  0.00681442
1239  0.217128  0.00559596  0.751725  0.00681442
1240  0.217122  0.0055958  0.751725  0.00681442
1241  0.217122  0.0055958  0.751725  0.00681442
1242  0.217122  0.00559579  0.751725  0.00681442
1243  0.217101  0.00559558  0.752045  0.00681436
1244  0.217098  0.00559551  0.752045  0.00681436
1245  0.217081  0.00559518  0.752045  0.00681436
1246  0.217071  0.00559496  0.752045  0.00681436
1247  0.217051  0.00559442  0.751917  0.00681858
1248  0.217043  0.0055944  0.751917  0.00681858
1249  0.217042  0.00559437  0.751917  0.00681858
1250  0.217041  0.00559433  0.751917  0.00681858
1251  0.217039  0.00559429  0.751917  0.00681858
1252  0.217036  0.00559424  0.751917  0.00681858
1253  0.217035  0.00559421  0.751917  0.00681858
1254  0.217035  0.00559421  0.751917  0.00681858
1255  0.217032  0.00559416  0.751917  0.00681858
1256  0.217016  0.00559437  0.751917  0.00681858
1257  0.217016  0.00559437  0.751917  0.00681858
1258  0.217014  0.00559433  0.751917  0.00681858
1259  0.217013  0.00559428  0.751917  0.00681858
1260  0.217011  0.00559423  0.751917  0.00681858
1261  0.217004  0.0055941  0.751917  0.00681858
1262  0.217001  0.00559403  0.751917  0.00681858
1263  0.216994  0.00559383  0.751917  0.00681858
1264  0.216992  0.00559376  0.751917  0.00681858
1265  0.21699  0.0055937  0.751917  0.00681858
1266  0.216965  0.00559347  0.751949  0.0068179
1267  0.216964  0.00559345  0.751949  0.0068179
1268  0.216951  0.00559341  0.751949  0.0068179
1269  0.216951  0.00559339  0.751949  0.0068179
1270  0.21695  0.00559336  0.751949  0.0068179
1271  0.216944  0.00559322  0.751949  0.0068179
1272  0.216935  0.00559294  0.751438  0.0068437
1273  0.216932  0.00559285  0.751438  0.0068437
1274  0.216923  0.00559261  0.751438  0.0068437
1275  0.216915  0.00559256  0.751438  0.0068437
1276  0.216912  0.00559252  0.751118  0.00685865
1277  0.216907  0.00559244  0.751118  0.00685865
1278  0.216897  0.00559248  0.751118  0.00685865
1279  0.21689  0.00559236  0.751118  0.00685865
1280  0.21688  0.00559242  0.751118  0.00685865
1281  0.21688  0.00559242  0.751118  0.00685865
1282  0.216877  0.00559236  0.751118  0.00685865
1283  0.216871  0.00559227  0.751118  0.00685865
1284  0.216871  0.00559226  0.751118  0.00685865
1285  0.216871  0.00559226  0.751118  0.00685865
1286  0.216863  0.00559206  0.751118  0.00685865
1287  0.216862  0.00559204  0.751118  0.00685865
1288  0.216858  0.00559191  0.751118  0.00685865
1289  0.216856  0.00559184  0.751118  0.00685865
1290  0.216854  0.00559179  0.751438  0.0068437
1291  0.216851  0.0055917  0.751438  0.0068437
1292  0.216849  0.00559165  0.751438  0.0068437
1293  0.216848  0.00559162  0.751438  0.0068437
1294  0.216831  0.00559126  0.751438  0.0068437
1295  0.216831  0.00559126  0.751438  0.0068437
1296  0.216831  0.00559126  0.751438  0.0068437
1297  0.216831  0.00559126  0.751438  0.0068437
1298  0.216831  0.00559126  0.751438  0.0068437
1299  0.216824  0.00559129  0.751438  0.0068437
1300  0.21682  0.00559126  0.75147  0.00684153
1301  0.216819  0.00559125  0.751661  0.00683165
1302  0.216816  0.00559115  0.751661  0.00683165
1303  0.21681  0.00559099  0.751661  0.00683165
1304  0.216809  0.00559096  0.751661  0.00683165
1305  0.216809  0.00559096  0.751661  0.00683165
1306  0.216807  0.0055909  0.751661  0.00683165
1307  0.216797  0.00559073  0.751661  0.00683165
1308  0.216797  0.00559073  0.751661  0.00683165
1309  0.21675  0.00559044  0.75131  0.00683311
1310  0.216735  0.00559028  0.75131  0.00683311
1311  0.216726  0.00559012  0.75131  0.00683311
1312  0.21672  0.0055901  0.75115  0.00682753
1313  0.21672  0.0055901  0.75115  0.00682753
1314  0.216719  0.00559009  0.75115  0.00682753
1315  0.216704  0.00558974  0.75131  0.00682564
1316  0.216699  0.0055896  0.75131  0.00682564
1317  0.216696  0.00558952  0.75131  0.00682564
1318  0.216693  0.0055895  0.75131  0.00682564
1319  0.216678  0.00558959  0.75131  0.00682564
1320  0.216671  0.00558945  0.75131  0.00682564
1321  0.216664  0.00558928  0.75131  0.00682564
1322  0.216658  0.00558925  0.75131  0.00682564
1323  0.216634  0.00558895  0.751342  0.00682496
1324  0.216631  0.00558885  0.751342  0.00682496
1325  0.216623  0.00558875  0.751374  0.00682443
1326  0.21662  0.00558868  0.751374  0.00682443
1327  0.216587  0.00558836  0.751629  0.00682559
1328  0.216565  0.00558816  0.751629  0.00682559
1329  0.216553  0.00558808  0.751629  0.00682559
1330  0.216548  0.00558795  0.751629  0.00682559
1331  0.216543  0.00558787  0.751629  0.00682559
1332  0.216532  0.00558783  0.751885  0.00681477
1333  0.216528  0.0055878  0.751885  0.00681477
1334  0.216528  0.00558779  0.751885  0.00681477
1335  0.216527  0.00558777  0.751885  0.00681477
1336  0.216523  0.00558769  0.751885  0.00681477
1337  0.216516  0.00558748  0.751885  0.00681477
1338  0.216513  0.00558742  0.751885  0.00681477
1339  0.216513  0.00558742  0.751885  0.00681477
1340  0.216511  0.00558735  0.751885  0.00681477
1341  0.2165  0.00558708  0.751885  0.00681477
1342  0.216499  0.00558706  0.751885  0.00681477
1343  0.216493  0.00558686  0.751885  0.00681477
1344  0.216493  0.00558686  0.751885  0.00681477
1345  0.216477  0.00558659  0.751885  0.00681477
1346  0.216462  0.00558627  0.751885  0.00681477
1347  0.216456  0.00558629  0.751885  0.00681477
1348  0.216452  0.00558617  0.751885  0.00681477
1349  0.216443  0.00558596  0.751885  0.00681477
1350  0.216437  0.00558584  0.751885  0.00681477
1351  0.216431  0.00558573  0.751885  0.00681477
1352  0.216409  0.00558575  0.751885  0.00681477
1353  0.216406  0.00558565  0.751885  0.00681477
1354  0.216403  0.00558555  0.751885  0.00681477
1355  0.216394  0.00558529  0.751885  0.00681477
1356  0.216391  0.00558523  0.751885  0.00681477
1357  0.216384  0.005585  0.751885  0.00681477
1358  0.21638  0.00558487  0.751885  0.00681477
1359  0.216372  0.00558469  0.751885  0.00681477
1360  0.21637  0.00558462  0.751885  0.00681477
1361  0.216368  0.00558457  0.751885  0.00681477
1362  0.216366  0.00558448  0.751885  0.00681477
1363  0.216359  0.00558436  0.751885  0.00681477
1364  0.216334  0.00558446  0.751885  0.00681477
1365  0.216329  0.0055843  0.751885  0.00681477
1366  0.216324  0.00558425  0.751885  0.00681477
1367  0.216322  0.00558419  0.751885  0.00681477
1368  0.21632  0.00558412  0.751885  0.00681477
1369  0.216317  0.00558406  0.751885  0.00681477
1370  0.21631  0.0055839  0.751885  0.00681477
1371  0.216307  0.00558382  0.751885  0.00681477
1372  0.216297  0.00558356  0.751885  0.00681477
1373  0.216295  0.00558351  0.751885  0.00681477
1374  0.216294  0.00558347  0.751885  0.00681477
1375  0.216293  0.00558343  0.751885  0.00681477
1376  0.216265  0.00558347  0.751885  0.00681477
1377  0.21626  0.00558355  0.751885  0.00681477
1378  0.21625  0.00558349  0.751597  0.00681549
1379  0.216248  0.00558351  0.751597  0.00681549
1380  0.216235  0.00558322  0.751597  0.00681549
1381  0.216232  0.00558314  0.751597  0.00681549
1382  0.216228  0.00558302  0.751597  0.00681549
1383  0.216225  0.00558292  0.751597  0.00681549
1384  0.216224  0.00558289  0.751597  0.00681549
1385  0.216215  0.00558266  0.751597  0.00681549
1386  0.21621  0.00558247  0.751597  0.00681549
1387  0.21621  0.00558247  0.751597  0.00681549
1388  0.216209  0.00558246  0.751597  0.00681549
1389  0.216209  0.00558245  0.751597  0.00681549
1390  0.216209  0.00558245  0.751597  0.00681549
1391  0.216207  0.0055824  0.751597  0.00681549
1392  0.216207  0.0055824  0.751597  0.00681549
1393  0.216207  0.0055824  0.751597  0.00681549
1394  0.216202  0.00558228  0.751597  0.00681549
1395  0.216197  0.00558213  0.751917  0.00680043
1396  0.216184  0.00558177  0.752141  0.00678829
1397  0.216181  0.00558169  0.752141  0.00678829
1398  0.216181  0.00558169  0.752141  0.00678829
1399  0.216181  0.00558169  0.752141  0.00678829
1400  0.216179  0.00558164  0.752141  0.00678829
1401  0.216179  0.00558164  0.752141  0.00678829
1402  0.216173  0.00558144  0.752141  0.00678829
1403  0.216169  0.00558133  0.752141  0.00678829
1404  0.216144  0.00558115  0.752396  0.00678824
1405  0.216131  0.00558081  0.752396  0.00678824
1406  0.216104  0.00558058  0.752396  0.00678824
1407  0.216096  0.00558039  0.752396  0.00678824
1408  0.216087  0.00558021  0.752396  0.00678824
1409  0.216083  0.00558012  0.752396  0.00678824
1410  0.216059  0.00557992  0.752396  0.00678824
1411  0.21604  0.00557973  0.752684  0.00678884
1412  0.216039  0.0055797  0.752684  0.00678884
1413  0.216026  0.00557971  0.752684  0.00678884
1414  0.216026  0.00557969  0.752684  0.00678884
1415  0.216025  0.00557971  0.752684  0.00678884
1416  0.216025  0.00557971  0.752684  0.00678884
1417  0.216024  0.00557968  0.752364  0.00680395
1418  0.216014  0.00557965  0.752364  0.00680395
1419  0.216005  0.00557944  0.752652  0.00679103
1420  0.21599  0.00557918  0.752652  0.00679103
1421  0.215985  0.00557909  0.753291  0.0067758
1422  0.21592  0.00557905  0.753291  0.0067758
1423  0.215917  0.00557905  0.753291  0.0067758
1424  0.215908  0.00557907  0.752971  0.00677589
1425  0.215906  0.00557908  0.752971  0.00677589
1426  0.215904  0.00557909  0.752907  0.0067747
1427  0.215904  0.00557908  0.752907  0.0067747
1428  0.215904  0.00557908  0.752907  0.0067747
1429  0.215902  0.00557908  0.752907  0.0067747
1430  0.215902  0.00557908  0.752907  0.0067747
1431  0.215899  0.00557911  0.752907  0.0067747
1432  0.215894  0.00557901  0.752907  0.0067747
1433  0.215891  0.00557889  0.752907  0.0067747
1434  0.21589  0.00557888  0.752907  0.0067747
1435  0.215889  0.00557885  0.752907  0.0067747
1436  0.215883  0.00557872  0.752907  0.0067747
1437  0.215882  0.00557867  0.752907  0.0067747
1438  0.215876  0.00557862  0.752907  0.0067747
1439  0.215876  0.00557861  0.752907  0.0067747
1440  0.215875  0.00557858  0.752907  0.0067747
1441  0.215859  0.00557867  0.752971  0.00677589
1442  0.215854  0.0055786  0.752971  0.00677589
1443  0.215843  0.00557848  0.753291  0.0067758
1444  0.21581  0.00557827  0.753291  0.0067758
1445  0.215786  0.00557821  0.753291  0.0067758
1446  0.215784  0.00557816  0.753291  0.0067758
1447  0.215782  0.00557809  0.753291  0.0067758
1448  0.215781  0.00557804  0.753291  0.0067758
1449  0.215773  0.00557787  0.753291  0.0067758
1450  0.21577  0.00557781  0.753291  0.0067758
1451  0.215764  0.00557761  0.753291  0.0067758
1452  0.21575  0.00557751  0.752971  0.00677589
1453  0.215741  0.00557729  0.752843  0.00678015
1454  0.215724  0.00557725  0.753291  0.0067758
1455  0.215705  0.00557728  0.753227  0.00677763
1456  0.215697  0.00557716  0.753195  0.00677876
1457  0.215696  0.00557713  0.753195  0.00677876
1458  0.215696  0.00557712  0.753195  0.00677876
1459  0.215695  0.00557709  0.753195  0.00677876
1460  0.21569  0.00557698  0.753195  0.00677876
1461  0.215685  0.00557685  0.753195  0.00677876
1462  0.215679  0.00557672  0.753195  0.00677876
1463  0.215668  0.00557664  0.753227  0.00677808
1464  0.215655  0.00557638  0.753227  0.00677808
1465  0.215654  0.00557634  0.753227  0.00677808
1466  0.215653  0.0055763  0.753227  0.00677808
1467  0.215653  0.0055763  0.753227  0.00677808
1468  0.215651  0.00557626  0.753227  0.00677808
1469  0.215651  0.00557626  0.753227  0.00677808
1470  0.215648  0.00557619  0.753227  0.00677808
1471  0.215647  0.00557617  0.753227  0.00677808
1472  0.215644  0.00557611  0.753227  0.00677808
1473  0.215636  0.00557592  0.753227  0.00677808
1474  0.215634  0.00557586  0.753227  0.00677808
1475  0.215633  0.00557584  0.753227  0.00677808
1476  0.215633  0.00557583  0.753227  0.00677808
1477  0.215624  0.00557573  0.753227  0.00677808
1478  0.215622  0.00557568  0.753227  0.00677808
1479  0.215622  0.00557566  0.753227  0.00677808
1480  0.21562  0.0055756  0.753227  0.00677808
1481  0.215594  0.00557506  0.753546  0.00677798
1482  0.215591  0.00557498  0.753546  0.00677798
1483  0.215588  0.0055749  0.753546  0.00677798
1484  0.215579  0.00557475  0.753514  0.00677881
1485  0.215573  0.00557458  0.753514  0.00677881
1486  0.215571  0.00557451  0.753514  0.00677881
1487  0.215569  0.00557442  0.753514  0.00677881
1488  0.215565  0.00557437  0.753514  0.00677881
1489  0.215554  0.00557419  0.753514  0.00677881
1490  0.21555  0.00557407  0.753514  0.00677881
1491  0.215548  0.00557401  0.753514  0.00677881
1492  0.215547  0.00557396  0.753514  0.00677881
1493  0.215545  0.00557391  0.753514  0.00677881
1494  0.215545  0.00557391  0.753514  0.00677881
1495  0.215537  0.00557376  0.753546  0.00677798
1496  0.215536  0.00557373  0.753546  0.00677798
1497  0.215531  0.00557361  0.753802  0.00676461
1498  0.215531  0.00557358  0.753802  0.00676461
1499  0.215528  0.00557351  0.753802  0.00676461
1500  0.215523  0.00557342  0.753802  0.00676461
1501  0.215517  0.00557324  0.753802  0.00676461
1502  0.215505  0.00557295  0.753802  0.00676461
1503  0.215479  0.00557237  0.753546  0.00677798
1504  0.215471  0.00557217  0.753546  0.00677798
1505  0.215468  0.0055721  0.753546  0.00677798
1506  0.215468  0.0055721  0.753546  0.00677798
1507  0.215468  0.00557209  0.753546  0.00677798
1508  0.215467  0.00557208  0.753546  0.00677798
1509  0.215467  0.00557206  0.753546  0.00677798
1510  0.215466  0.00557204  0.753546  0.00677798
1511  0.215462  0.00557195  0.753546  0.00677798
1512  0.215462  0.00557195  0.753546  0.00677798
1513  0.21546  0.00557191  0.753546  0.00677798
1514  0.215454  0.00557179  0.753546  0.00677798
1515  0.215453  0.00557175  0.753546  0.00677798
1516  0.215443  0.00557146  0.753546  0.00677798
1517  0.215437  0.00557129  0.753546  0.00677798
1518  0.215433  0.00557114  0.753546  0.00677798
1519  0.215433  0.00557114  0.753546  0.00677798
1520  0.215428  0.005571  0.753546  0.00677798
1521  0.215419  0.00557075  0.753546  0.00677798
1522  0.21539  0.0055704  0.753546  0.00677798
1523  0.215383  0.00557031  0.753866  0.00677786
1524  0.215382  0.00557028  0.753866  0.00677786
1525  0.215382  0.00557027  0.753866  0.00677786
1526  0.215372  0.00557011  0.753866  0.00677786
1527  0.215369  0.00557007  0.753706  0.0067798
1528  0.215355  0.00557002  0.754026  0.00677969
1529  0.215303  0.00557052  0.754026  0.00677969
1530  0.215294  0.00557029  0.754026  0.00677969
1531  0.215284  0.00557011  0.754026  0.00677969
1532  0.215281  0.00557006  0.754026  0.00677969
1533  0.215268  0.00556975  0.754026  0.00677969
1534  0.215266  0.00556966  0.754026  0.00677969
1535  0.215266  0.00556966  0.754026  0.00677969
1536  0.215266  0.00556965  0.754026  0.00677969
1537  0.215262  0.00556956  0.754026  0.00677969
1538  0.215259  0.00556945  0.754026  0.00677969
1539  0.215251  0.00556926  0.754026  0.00677969
1540  0.215244  0.00556911  0.754026  0.00677969
1541  0.215226  0.00556925  0.754026  0.00677969
1542  0.215222  0.00556912  0.754026  0.00677969
1543  0.215209  0.00556875  0.753898  0.00678395
1544  0.215194  0.0055687  0.753898  0.00678395
1545  0.215191  0.00556861  0.753898  0.00678395
1546  0.215187  0.00556847  0.753898  0.00678395
1547  0.215185  0.00556841  0.753898  0.00678395
1548  0.215183  0.00556832  0.753898  0.00678395
1549  0.215181  0.00556826  0.753898  0.00678395
1550  0.215176  0.00556831  0.753898  0.00678395
1551  0.215175  0.00556826  0.753898  0.00678395
1552  0.215175  0.00556826  0.753898  0.00678395
1553  0.215175  0.00556826  0.753898  0.00678395
1554  0.215173  0.00556826  0.753898  0.00678395
1555  0.215172  0.00556826  0.753898  0.00678395
1556  0.215165  0.00556806  0.753898  0.00678395
1557  0.215161  0.00556794  0.753898  0.00678395
1558  0.215157  0.0055678  0.753898  0.00678395
1559  0.215151  0.00556764  0.753898  0.00678395
1560  0.21515  0.00556761  0.753898  0.00678395
1561  0.21515  0.0055676  0.753898  0.00678395
1562  0.21515  0.0055676  0.753898  0.00678395
1563  0.215149  0.0055676  0.753898  0.00678395
1564  0.215149  0.0055676  0.753898  0.00678395
1565  0.215149  0.0055676  0.753898  0.00678395
1566  0.215148  0.00556757  0.753898  0.00678395
1567  0.215134  0.0055676  0.753898  0.00678395
1568  0.215127  0.00556753  0.753898  0.00678395
1569  0.215123  0.00556741  0.75345  0.0068083
1570  0.215115  0.00556731  0.75345  0.0068083
1571  0.215109  0.00556731  0.75345  0.0068083
1572  0.215108  0.00556733  0.75345  0.0068083
1573  0.215099  0.00556725  0.75345  0.0068083
1574  0.215093  0.00556711  0.75345  0.0068083
1575  0.215092  0.00556711  0.75345  0.0068083
1576  0.215086  0.0055671  0.753578  0.00680646
1577  0.215083  0.00556703  0.753578  0.00680646
1578  0.215082  0.00556699  0.753578  0.00680646
1579  0.21508  0.00556695  0.753578  0.00680646
1580  0.21508  0.00556695  0.753578  0.00680646
1581  0.215079  0.00556692  0.753578  0.00680646
1582  0.215078  0.00556687  0.753578  0.00680646
1583  0.215078  0.00556687  0.753578  0.00680646
1584  0.215078  0.00556687  0.753578  0.00680646
1585  0.215063  0.00556696  0.753578  0.00680646
1586  0.21506  0.00556687  0.753578  0.00680646
1587  0.215056  0.00556675  0.753578  0.00680646
1588  0.215056  0.00556674  0.753578  0.00680646
1589  0.215052  0.00556664  0.75345  0.0068107
1590  0.215052  0.00556664  0.75345  0.0068107
1591  0.21505  0.0055666  0.75345  0.0068107
1592  0.215046  0.00556649  0.75345  0.0068107
1593  0.215046  0.00556649  0.75345  0.0068107
1594  0.215046  0.00556649  0.75345  0.0068107
1595  0.215041  0.00556634  0.75345  0.0068107
1596  0.215041  0.00556634  0.75345  0.0068107
1597  0.215041  0.00556634  0.75345  0.0068107
1598  0.215041  0.00556634  0.75345  0.0068107
1599  0.215032  0.00556627  0.75345  0.0068107
1600  0.215025  0.00556606  0.75345  0.0068107
1601  0.215025  0.00556606  0.75345  0.0068107
1602  0.215025  0.00556606  0.75345  0.0068107
1603  0.215024  0.00556602  0.75345  0.0068107
1604  0.215015  0.00556571  0.75345  0.0068107
1605  0.215012  0.00556562  0.75345  0.0068107
1606  0.215009  0.00556551  0.75345  0.0068107
1607  0.215007  0.00556544  0.75345  0.0068107
1608  0.215003  0.00556535  0.75345  0.0068107
1609  0.214997  0.00556543  0.75345  0.0068107
1610  0.214995  0.00556535  0.75345  0.0068107
1611  0.214994  0.00556533  0.75345  0.0068107
1612  0.214993  0.00556529  0.75345  0.0068107
1613  0.214992  0.00556525  0.75345  0.0068107
1614  0.214991  0.00556524  0.75345  0.0068107
1615  0.214991  0.00556521  0.75345  0.0068107
1616  0.21499  0.00556517  0.75345  0.0068107
1617  0.21497  0.00556479  0.75345  0.0068107
1618  0.21497  0.00556479  0.75345  0.0068107
1619  0.214957  0.00556483  0.75377  0.00681059
1620  0.214956  0.00556482  0.75377  0.00681059
1621  0.21495  0.00556473  0.75377  0.00681059
1622  0.214947  0.00556477  0.75377  0.00681059
1623  0.214941  0.00556485  0.75377  0.00681059
1624  0.214937  0.00556479  0.75377  0.00681059
1625  0.214936  0.0055648  0.75377  0.00681059
1626  0.214934  0.00556474  0.75377  0.00681059
1627  0.214932  0.00556475  0.75377  0.00681059
1628  0.214928  0.00556471  0.75377  0.00681059
1629  0.214928  0.00556468  0.75377  0.00681059
1630  0.214926  0.00556465  0.75377  0.00681059
1631  0.214924  0.00556462  0.75377  0.00681059
1632  0.214919  0.00556456  0.75377  0.00681059
1633  0.214919  0.00556456  0.75377  0.00681059
1634  0.214919  0.00556454  0.75377  0.00681059
1635  0.214914  0.00556443  0.75377  0.00681059
1636  0.214914  0.00556443  0.75377  0.00681059
1637  0.214914  0.00556443  0.75377  0.00681059
1638  0.214912  0.00556439  0.75377  0.00681059
1639  0.214911  0.00556433  0.75377  0.00681059
1640  0.214904  0.00556418  0.753994  0.00681209
1641  0.214883  0.00556415  0.753994  0.00681209
1642  0.214881  0.00556409  0.753994  0.00681209
1643  0.214878  0.00556404  0.753994  0.00681209
1644  0.214876  0.00556402  0.753994  0.00681209
1645  0.214876  0.00556402  0.753994  0.00681209
1646  0.214875  0.00556399  0.753994  0.00681209
1647  0.214875  0.00556399  0.753994  0.00681209
1648  0.214875  0.00556399  0.753994  0.00681209
1649  0.21487  0.00556385  0.753994  0.00681209
1650  0.214867  0.00556377  0.753994  0.00681209
1651  0.214866  0.00556375  0.753994  0.00681209
1652  0.214865  0.0055637  0.753994  0.00681209
1653  0.214858  0.00556374  0.753994  0.00681209
1654  0.214846  0.00556377  0.753994  0.00681209
1655  0.214818  0.00556365  0.753674  0.00682718
1656  0.214811  0.00556345  0.753674  0.00682718
1657  0.214811  0.00556344  0.753674  0.00682718
1658  0.214806  0.00556343  0.753674  0.00682718
1659  0.214799  0.00556344  0.753674  0.00682718
1660  0.214798  0.00556342  0.753674  0.00682718
1661  0.214798  0.00556342  0.753674  0.00682718
1662  0.214797  0.00556342  0.75361  0.006826
1663  0.214783  0.00556336  0.753355  0.00682728
1664  0.214765  0.005563  0.753674  0.00682718
1665  0.214755  0.00556286  0.753674  0.00682718
1666  0.214755  0.00556284  0.753674  0.00682718
1667  0.214755  0.00556284  0.753674  0.00682718
1668  0.214755  0.00556284  0.753674  0.00682718
1669  0.214748  0.00556265  0.753674  0.00682718
1670  0.214727  0.00556247  0.753674  0.00682718
1671  0.214722  0.00556234  0.753674  0.00682718
1672  0.214721  0.0055623  0.753674  0.00682718
1673  0.214719  0.00556226  0.753674  0.00682718
1674  0.214718  0.00556222  0.753674  0.00682718
1675  0.214688  0.00556268  0.753674  0.00682718
1676  0.214686  0.00556264  0.753674  0.00682718
1677  0.214686  0.00556264  0.753674  0.00682718
1678  0.214684  0.0055626  0.753674  0.00682718
1679  0.214684  0.0055626  0.753674  0.00682718
1680  0.214682  0.00556255  0.753674  0.00682718
1681  0.214679  0.00556247  0.753674  0.00682718
1682  0.214679  0.00556247  0.753674  0.00682718
1683  0.214679  0.00556245  0.753674  0.00682718
1684  0.214676  0.0055624  0.753674  0.00682718
1685  0.214676  0.0055624  0.753674  0.00682718
1686  0.214675  0.00556236  0.753674  0.00682718
1687  0.21465  0.00556184  0.753674  0.00682718
1688  0.214647  0.0055618  0.753674  0.00682718
1689  0.214634  0.00556158  0.753674  0.00682718
1690  0.214629  0.00556146  0.753674  0.00682718
1691  0.214625  0.00556134  0.753674  0.00682718
1692  0.214619  0.00556126  0.753674  0.00682718
1693  0.2146  0.00556111  0.753674  0.00682718
1694  0.214586  0.00556083  0.753674  0.00682718
1695  0.214583  0.00556077  0.753674  0.00682718
1696  0.21458  0.00556072  0.753674  0.00682718
1697  0.214551  0.00556018  0.753674  0.00682718
1698  0.214548  0.0055601  0.753674  0.00682718
1699  0.214534  0.00555975  0.753674  0.00682718
1700  0.214529  0.00555959  0.753674  0.00682718
1701  0.214522  0.00555949  0.753674  0.00682718
1702  0.214519  0.00555945  0.753994  0.00682707
1703  0.214518  0.00555943  0.753994  0.00682707
1704  0.214514  0.00555932  0.753994  0.00682707
1705  0.21451  0.00555919  0.753994  0.00682707
1706  0.21451  0.00555919  0.753994  0.00682707
1707  0.2145  0.00555899  0.753994  0.00682707
1708  0.214497  0.00555888  0.753994  0.00682707
1709  0.214497  0.00555888  0.753994  0.00682707
1710  0.214497  0.00555888  0.753994  0.00682707
1711  0.214497  0.00555888  0.753994  0.00682707
1712  0.214472  0.00555873  0.754089  0.00683906
1713  0.214463  0.0055587  0.754089  0.00683906
1714  0.214442  0.00555857  0.754089  0.00683906
1715  0.214417  0.00555853  0.754089  0.00683906
1716  0.214414  0.00555847  0.754089  0.00683906
1717  0.214406  0.00555835  0.754089  0.00683906
1718  0.214406  0.00555835  0.754089  0.00683906
1719  0.214406  0.00555835  0.754089  0.00683906
1720  0.214406  0.00555835  0.754089  0.00683906
1721  0.214405  0.00555831  0.754089  0.00683906
1722  0.214404  0.0055583  0.754089  0.00683906
1723  0.214396  0.00555812  0.754089  0.00683906
1724  0.214396  0.0055581  0.754089  0.00683906
1725  0.214394  0.00555805  0.754089  0.00683906
1726  0.214393  0.00555801  0.754089  0.00683906
1727  0.21439  0.00555794  0.754089  0.00683906
1728  0.21439  0.00555794  0.754089  0.00683906
1729  0.21439  0.00555793  0.754089  0.00683906
1730  0.21439  0.00555793  0.754089  0.00683906
1731  0.214388  0.00555788  0.754089  0.00683906
1732  0.214387  0.00555786  0.754089  0.00683906
1733  0.214382  0.0055578  0.754089  0.00683906
1734  0.21438  0.00555778  0.754089  0.00683906
1735  0.21438  0.00555778  0.754089  0.00683906
1736  0.214373  0.00555764  0.754089  0.00683906
1737  0.214367  0.00555755  0.754089  0.00683906
1738  0.214367  0.00555753  0.754089  0.00683906
1739  0.214366  0.0055575  0.754089  0.00683906
1740  0.214363  0.00555747  0.754089  0.00683906
1741  0.214332  0.00555712  0.754089  0.00683906
1742  0.214331  0.0055571  0.754089  0.00683906
1743  0.214331  0.00555709  0.754089  0.00683906
1744  0.214323  0.00555702  0.754089  0.00683906
1745  0.214323  0.00555702  0.754089  0.00683906
1746  0.214319  0.00555701  0.754089  0.00683906
1747  0.214318  0.00555702  0.754089  0.00683906
1748  0.214317  0.00555702  0.754089  0.00683906
1749  0.214317  0.00555702  0.754089  0.00683906
1750  0.214314  0.00555692  0.754089  0.00683906
1751  0.214314  0.00555692  0.754089  0.00683906
1752  0.214314  0.00555692  0.754089  0.00683906
1753  0.214314  0.00555692  0.754089  0.00683906
1754  0.214312  0.00555688  0.754089  0.00683906
1755  0.214309  0.00555687  0.754089  0.00683906
1756  0.214297  0.00555655  0.754089  0.00683906
1757  0.214291  0.00555642  0.754089  0.00683906
1758  0.214286  0.00555631  0.754089  0.00683906
1759  0.214272  0.00555599  0.754089  0.00683906
1760  0.214267  0.0055559  0.754089  0.00683906
1761  0.214243  0.0055558  0.754089  0.00683906
1762  0.214243  0.0055558  0.754089  0.00683906
1763  0.214239  0.00555573  0.754089  0.00683906
1764  0.214238  0.00555571  0.754089  0.00683906
1765  0.214225  0.00555546  0.754089  0.00683906
1766  0.214213  0.00555524  0.754089  0.00683906
1767  0.214212  0.00555525  0.754089  0.00683906
1768  0.214205  0.00555531  0.754089  0.00683906
1769  0.214202  0.00555536  0.754089  0.00683906
1770  0.214199  0.00555535  0.754089  0.00683906
1771  0.214199  0.00555535  0.754089  0.00683906
1772  0.214199  0.00555535  0.754089  0.00683906
1773  0.214197  0.00555529  0.754089  0.00683906
1774  0.214195  0.00555525  0.754089  0.00683906
1775  0.214194  0.0055552  0.754089  0.00683906
1776  0.214194  0.0055552  0.754026  0.00683789
1777  0.214191  0.00555514  0.754026  0.00683789
1778  0.214187  0.00555514  0.754026  0.00683789
1779  0.214186  0.00555511  0.754026  0.00683789
1780  0.214184  0.00555508  0.754026  0.00683789
1781  0.214181  0.00555509  0.754026  0.00683789
1782  0.214181  0.00555509  0.754026  0.00683789
1783  0.214177  0.00555497  0.754249  0.00682577
1784  0.214173  0.00555485  0.754249  0.00682577
1785  0.214171  0.00555477  0.754249  0.00682577
1786  0.21417  0.00555472  0.754249  0.00682577
1787  0.214164  0.00555458  0.754249  0.00682577
1788  0.214153  0.00555433  0.754249  0.00682577
1789  0.214143  0.00555413  0.754249  0.00682577
1790  0.21414  0.00555403  0.754249  0.00682577
1791  0.214133  0.00555391  0.754153  0.00682872
1792  0.214099  0.00555338  0.754537  0.00682498
1793  0.214099  0.00555337  0.754537  0.00682498
1794  0.214099  0.00555337  0.754537  0.00682498
1795  0.214086  0.00555311  0.754537  0.00682498
1796  0.214069  0.00555301  0.754537  0.00682498
1797  0.214034  0.00555267  0.754856  0.00682484
1798  0.214033  0.00555266  0.754856  0.00682484
1799  0.214033  0.00555266  0.754856  0.00682484
1800  0.214032  0.00555265  0.754856  0.00682484
1801  0.214032  0.00555264  0.754856  0.00682484
1802  0.214032  0.00555264  0.754856  0.00682484
1803  0.214032  0.00555264  0.754856  0.00682484
1804  0.214032  0.00555264  0.754856  0.00682484
1805  0.214025  0.0055525  0.754856  0.00682484
1806  0.214021  0.0055524  0.754856  0.00682484
1807  0.214018  0.00555236  0.754856  0.00682484
1808  0.214014  0.00555229  0.754856  0.00682484
1809  0.214014  0.00555229  0.754856  0.00682484
1810  0.214005  0.00555218  0.754856  0.00682484
1811  0.214005  0.00555217  0.754856  0.00682484
1812  0.214004  0.00555214  0.754856  0.00682484
1813  0.213987  0.00555221  0.755176  0.00682469
1814  0.213987  0.00555221  0.755176  0.00682469
1815  0.213983  0.00555216  0.755176  0.00682469
1816  0.213983  0.00555213  0.755176  0.00682469
1817  0.213982  0.00555211  0.755176  0.00682469
1818  0.213982  0.00555211  0.755176  0.00682469
1819  0.213977  0.00555205  0.75524  0.00682585
1820  0.213976  0.00555204  0.75524  0.00682585
1821  0.213967  0.00555193  0.75524  0.00682585
1822  0.213967  0.00555192  0.75524  0.00682585
1823  0.213963  0.00555183  0.75524  0.00682585
1824  0.213962  0.0055518  0.75524  0.00682585
1825  0.213962  0.0055518  0.75524  0.00682585
1826  0.213956  0.00555167  0.75524  0.00682585
1827  0.213955  0.00555165  0.75524  0.00682585
1828  0.213955  0.00555165  0.75524  0.00682585
1829  0.213945  0.00555153  0.75524  0.00682585
1830  0.213941  0.00555144  0.75524  0.00682585
1831  0.21394  0.00555141  0.75524  0.00682585
1832  0.213937  0.00555132  0.75524  0.00682585
1833  0.21393  0.00555114  0.75524  0.00682585
1834  0.21393  0.00555114  0.75524  0.00682585
1835  0.213911  0.00555094  0.75524  0.00682585
1836  0.213888  0.00555109  0.75524  0.00682585
1837  0.213885  0.00555101  0.75524  0.00682585
1838  0.213885  0.005551  0.75524  0.00682585
1839  0.213879  0.00555103  0.75524  0.00682585
1840  0.213861  0.00555115  0.75524  0.00682585
1841  0.213849  0.00555112  0.755431  0.00682396
1842  0.213844  0.00555114  0.755559  0.00682569
1843  0.213835  0.00555104  0.755623  0.00682446
1844  0.213829  0.00555084  0.755623  0.00682446
1845  0.213817  0.00555062  0.755879  0.00682552
1846  0.213815  0.00555057  0.755879  0.00682552
1847  0.2138  0.00555047  0.755879  0.00682552
1848  0.2138  0.00555047  0.755879  0.00682552
1849  0.213798  0.00555047  0.755879  0.00682552
1850  0.213798  0.00555047  0.755879  0.00682552
1851  0.213798  0.00555046  0.75607  0.00681823
1852  0.213797  0.00555045  0.75607  0.00681823
1853  0.213797  0.00555043  0.75607  0.00681823
1854  0.213796  0.0055504  0.75607  0.00681823
1855  0.213777  0.00555047  0.75607  0.00681823
1856  0.213767  0.0055506  0.75607  0.00681823
1857  0.213757  0.0055508  0.75607  0.00681823
1858  0.213756  0.00555076  0.75607  0.00681823
1859  0.213756  0.00555076  0.75607  0.00681823
1860  0.213756  0.00555076  0.75607  0.00681823
1861  0.213756  0.00555076  0.75607  0.00681823
1862  0.213755  0.00555074  0.75607  0.00681823
1863  0.213754  0.00555072  0.75607  0.00681823
1864  0.213754  0.0055507  0.75607  0.00681823
1865  0.213753  0.00555067  0.75607  0.00681823
1866  0.213753  0.00555066  0.75607  0.00681823
1867  0.213753  0.00555066  0.75607  0.00681823
1868  0.213746  0.00555042  0.75607  0.00681823
1869  0.213746  0.00555042  0.75607  0.00681823
1870  0.213745  0.00555039  0.75607  0.00681823
1871  0.213744  0.00555038  0.75607  0.00681823
1872  0.213743  0.00555035  0.75607  0.00681823
1873  0.213743  0.00555033  0.75607  0.00681823
1874  0.213737  0.00555017  0.75607  0.00681823
1875  0.213737  0.00555016  0.75607  0.00681823
1876  0.213734  0.00555008  0.75607  0.00681823
1877  0.213734  0.00555006  0.75607  0.00681823
1878  0.213715  0.00554974  0.75607  0.00681823
1879  0.213714  0.0055497  0.75607  0.00681823
1880  0.213712  0.00554964  0.75607  0.00681823
1881  0.213711  0.00554962  0.75607  0.00681823
1882  0.213706  0.00554954  0.75607  0.00681823
1883  0.213703  0.00554947  0.75607  0.00681823
1884  0.2137  0.00554938  0.75607  0.00681823
1885  0.213699  0.00554935  0.75607  0.00681823
1886  0.213697  0.00554928  0.75607  0.00681823
1887  0.213686  0.00554904  0.75607  0.00681823
1888  0.213683  0.00554903  0.75607  0.00681823
1889  0.213682  0.00554901  0.75607  0.00681823
1890  0.213672  0.00554882  0.75607  0.00681823
1891  0.213672  0.00554882  0.75607  0.00681823
1892  0.213668  0.00554872  0.75607  0.00681823
1893  0.213667  0.00554869  0.75607  0.00681823
1894  0.213666  0.00554868  0.75607  0.00681823
1895  0.213666  0.00554868  0.75607  0.00681823
1896  0.213666  0.00554867  0.75607  0.00681823
1897  0.21365  0.00554844  0.75607  0.00681823
1898  0.213642  0.00554844  0.75607  0.00681823
1899  0.21364  0.00554844  0.75607  0.00681823
1900  0.213627  0.00554839  0.75607  0.00681823
1901  0.213615  0.00554843  0.75607  0.00681823
1902  0.213606  0.00554831  0.75607  0.00681823
1903  0.213605  0.00554829  0.75607  0.00681823
1904  0.213604  0.00554826  0.75607  0.00681823
1905  0.213602  0.00554819  0.75607  0.00681823
1906  0.213602  0.00554819  0.75607  0.00681823
1907  0.213602  0.00554819  0.75607  0.00681823
1908  0.213589  0.00554796  0.75607  0.00681823
1909  0.213586  0.00554788  0.75607  0.00681823
1910  0.213585  0.00554784  0.75607  0.00681823
1911  0.213583  0.00554779  0.75607  0.00681823
1912  0.213582  0.00554775  0.75607  0.00681823
1913  0.213582  0.00554775  0.75607  0.00681823
1914  0.213582  0.00554775  0.75607  0.00681823
1915  0.213582  0.00554775  0.75607  0.00681823
1916  0.213577  0.00554771  0.756294  0.00681652
1917  0.213577  0.0055477  0.756294  0.00681652
1918  0.213577  0.0055477  0.75607  0.00681823
1919  0.213577  0.0055477  0.75607  0.00681823
1920  0.213559  0.00554759  0.75639  0.00681804
1921  0.213549  0.00554767  0.75639  0.00681804
1922  0.213541  0.0055475  0.75639  0.00681804
1923  0.213531  0.00554746  0.75639  0.00681804
1924  0.21353  0.00554746  0.75639  0.00681804
1925  0.213529  0.00554744  0.75639  0.00681804
1926  0.213525  0.00554749  0.75639  0.00681804
1927  0.213518  0.00554735  0.75639  0.00681804
1928  0.213518  0.00554734  0.75639  0.00681804
1929  0.213516  0.0055473  0.75639  0.00681804
1930  0.213513  0.0055472  0.75639  0.00681804
1931  0.213508  0.00554726  0.75639  0.00681804
1932  0.213508  0.00554725  0.75639  0.00681804
1933  0.213508  0.00554725  0.75639  0.00681804
1934  0.213507  0.0055472  0.75639  0.00681804
1935  0.213503  0.00554716  0.756422  0.00681735
1936  0.213481  0.00554721  0.756102  0.0068325
1937  0.213478  0.00554724  0.756102  0.0068325
1938  0.213472  0.00554704  0.756102  0.0068325
1939  0.213464  0.00554691  0.756102  0.0068325
1940  0.213462  0.00554685  0.756102  0.0068325
1941  0.213456  0.00554668  0.756102  0.0068325
1942  0.213455  0.00554663  0.756102  0.0068325
1943  0.213454  0.00554662  0.756102  0.0068325
1944  0.213454  0.0055466  0.756102  0.0068325
1945  0.213451  0.00554652  0.756102  0.0068325
1946  0.21345  0.00554649  0.756102  0.0068325
1947  0.213448  0.00554644  0.756102  0.0068325
1948  0.213439  0.00554619  0.756102  0.0068325
1949  0.213433  0.00554603  0.756102  0.0068325
1950  0.213421  0.00554613  0.756102  0.0068325
1951  0.213421  0.00554613  0.756102  0.0068325
1952  0.213417  0.0055461  0.756166  0.00683366
1953  0.213417  0.0055461  0.756166  0.00683366
1954  0.213415  0.00554603  0.756166  0.00683366
1955  0.213415  0.00554603  0.756166  0.00683366
1956  0.213414  0.00554602  0.756166  0.00683366
1957  0.213412  0.00554597  0.756166  0.00683366
1958  0.213412  0.00554596  0.756166  0.00683366
1959  0.213412  0.00554596  0.756166  0.00683366
1960  0.213411  0.00554594  0.756166  0.00683366
1961  0.213411  0.00554594  0.756166  0.00683366
1962  0.213411  0.00554594  0.756166  0.00683366
1963  0.213401  0.00554567  0.756166  0.00683366
1964  0.213401  0.00554567  0.756166  0.00683366
1965  0.213401  0.00554567  0.756166  0.00683366
1966  0.213398  0.0055456  0.756166  0.00683366
1967  0.213398  0.0055456  0.756166  0.00683366
1968  0.213396  0.00554561  0.756166  0.00683366
1969  0.213395  0.0055456  0.756166  0.00683366
1970  0.213393  0.00554556  0.756166  0.00683366
1971  0.213379  0.00554523  0.756166  0.00683366
1972  0.213374  0.0055451  0.756166  0.00683366
1973  0.213371  0.00554503  0.756166  0.00683366
1974  0.213363  0.00554494  0.756166  0.00683366
1975  0.213353  0.00554477  0.756166  0.00683366
1976  0.213347  0.00554461  0.756166  0.00683366
1977  0.213343  0.00554452  0.756166  0.00683366
1978  0.213343  0.00554452  0.756166  0.00683366
1979  0.213339  0.00554441  0.756326  0.00682422
1980  0.213332  0.00554426  0.756358  0.00682278
1981  0.213332  0.00554426  0.756358  0.00682278
1982  0.213328  0.00554425  0.756358  0.00682278
1983  0.213328  0.00554425  0.756358  0.00682278
1984  0.213318  0.00554419  0.756358  0.00682278
1985  0.213317  0.00554418  0.756358  0.00682278
1986  0.21331  0.00554394  0.756358  0.00682278
1987  0.21331  0.00554394  0.756358  0.00682278
1988  0.213306  0.00554384  0.756358  0.00682278
1989  0.213301  0.00554374  0.756358  0.00682278
1990  0.213299  0.00554367  0.756358  0.00682278
1991  0.213284  0.00554344  0.75655  0.00682446
1992  0.213273  0.00554343  0.75655  0.00682446
1993  0.213269  0.00554337  0.75655  0.00682446
1994  0.213264  0.00554329  0.75655  0.00682446
1995  0.213264  0.00554329  0.75655  0.00682446
1996  0.213264  0.0055433  0.75655  0.00682446
1997  0.213263  0.00554328  0.75655  0.00682446
1998  0.213263  0.00554327  0.75655  0.00682446
1999  0.213252  0.00554297  0.75655  0.00682446
