#sample=267
0  0.464315  0.00795527  0.423408  0.0175229
1  0.440239  0.00833879  0.448315  0.0178021
2  0.420108  0.00874572  0.462734  0.0183613
3  0.403676  0.0090669  0.474906  0.0181575
4  0.389072  0.00939047  0.496536  0.0175324
5  0.37821  0.00956809  0.520225  0.0168729
6  0.368404  0.00974499  0.536704  0.0168272
7  0.360956  0.00989275  0.551873  0.0162239
8  0.354268  0.010017  0.566573  0.0155795
9  0.350178  0.0100328  0.580056  0.0150373
10  0.346745  0.0100175  0.590543  0.0145439
11  0.343387  0.0100169  0.601404  0.0143849
12  0.340648  0.0100025  0.612266  0.0140453
13  0.337824  0.0099895  0.613764  0.0139015
14  0.334453  0.00995909  0.617322  0.0138871
15  0.33198  0.00992937  0.619101  0.013897
16  0.330046  0.00991423  0.626966  0.0136392
17  0.328398  0.00990496  0.634551  0.0131957
18  0.327039  0.00989733  0.638296  0.0131146
19  0.325716  0.00988955  0.639139  0.013115
20  0.324236  0.00987282  0.64073  0.0129607
21  0.322458  0.00986746  0.642603  0.0128896
22  0.321332  0.00985739  0.643539  0.0128847
23  0.32071  0.00985319  0.646629  0.0127245
24  0.320154  0.00984743  0.647191  0.0127292
25  0.319457  0.00983972  0.647753  0.0126506
26  0.31897  0.00983827  0.649625  0.0124973
27  0.318677  0.00983545  0.650562  0.0124903
28  0.318308  0.00983787  0.650655  0.0124793
29  0.317879  0.00983961  0.650655  0.0124737
30  0.317224  0.00983616  0.652434  0.0123726
31  0.316658  0.00983177  0.652528  0.0123679
32  0.315877  0.0098221  0.654869  0.0122563
33  0.315147  0.00981662  0.655899  0.0122427
34  0.314473  0.00981037  0.655899  0.0123144
35  0.313839  0.00980343  0.656742  0.0123031
36  0.313303  0.00979515  0.657772  0.0122962
37  0.312774  0.00979426  0.657772  0.0122962
38  0.312155  0.00979895  0.659644  0.0122769
39  0.311908  0.00979737  0.660581  0.0122668
40  0.311806  0.00979504  0.660861  0.0122346
41  0.31161  0.00979713  0.660861  0.0122346
42  0.311242  0.00979825  0.660487  0.0122825
43  0.311003  0.00979684  0.66236  0.0121896
44  0.310487  0.00980923  0.66367  0.0121569
45  0.310042  0.00980636  0.665918  0.0120462
46  0.309182  0.00981555  0.665918  0.0120418
47  0.308864  0.00981502  0.665918  0.0120418
48  0.308482  0.00981962  0.667041  0.0119458
49  0.308287  0.00981962  0.667041  0.0119458
50  0.308177  0.00981759  0.667322  0.0119277
51  0.308127  0.00981593  0.668071  0.0118643
52  0.307947  0.00981327  0.667228  0.0119389
53  0.307866  0.00980988  0.666386  0.0120179
54  0.307777  0.00980685  0.666386  0.0120179
55  0.30761  0.00980675  0.666386  0.0120179
56  0.307532  0.0098069  0.666386  0.0120179
57  0.307463  0.00980471  0.665449  0.0121028
58  0.307423  0.0098029  0.665449  0.0121028
59  0.307363  0.00980135  0.665449  0.0121028
60  0.307337  0.00980135  0.664607  0.0121817
61  0.307048  0.00979658  0.664607  0.0121817
62  0.306942  0.00979516  0.664607  0.0121817
63  0.306846  0.00979295  0.664607  0.0121817
64  0.306825  0.00979156  0.664607  0.0121817
65  0.306779  0.00979012  0.665543  0.0121701
66  0.306616  0.00978839  0.666479  0.0120857
67  0.306488  0.00978724  0.666479  0.0120857
68  0.306374  0.00978813  0.666479  0.0120857
69  0.30633  0.0097863  0.665543  0.0121701
70  0.306219  0.00978262  0.664607  0.0122538
71  0.305988  0.00977602  0.664513  0.0122517
72  0.305604  0.00977037  0.664513  0.0122517
73  0.305308  0.0097702  0.664513  0.0122517
74  0.305177  0.00976878  0.664513  0.0122517
75  0.305114  0.00976994  0.664513  0.0122517
76  0.305084  0.00977009  0.664513  0.0122517
77  0.305055  0.00976958  0.664513  0.0122517
78  0.305037  0.00976835  0.664513  0.0122517
79  0.305033  0.00976811  0.664513  0.0122517
80  0.304985  0.00976732  0.664513  0.0122517
81  0.304948  0.00976461  0.664513  0.0122517
82  0.304779  0.00977267  0.664794  0.0122752
83  0.304711  0.00977116  0.66573  0.0121916
84  0.304565  0.00976787  0.66573  0.0122636
85  0.304443  0.00976944  0.66573  0.0122636
86  0.304413  0.00976984  0.66573  0.0122636
87  0.304378  0.0097683  0.667603  0.012095
88  0.304344  0.00976617  0.666948  0.0121468
89  0.304236  0.00976515  0.666854  0.0121571
90  0.304206  0.00976554  0.666854  0.0121571
91  0.304181  0.00976586  0.666573  0.0121748
92  0.304083  0.00976743  0.666386  0.0121974
93  0.304013  0.00976699  0.666479  0.0121908
94  0.303884  0.009771  0.666479  0.0121908
95  0.303871  0.00977028  0.666479  0.0121908
96  0.303848  0.00976903  0.666479  0.0121908
97  0.303829  0.00976818  0.665543  0.0122745
98  0.303722  0.00976616  0.664981  0.0123158
99  0.303663  0.00976318  0.665543  0.0122745
100  0.303644  0.00976186  0.665543  0.0122745
101  0.303606  0.00976011  0.665543  0.0122745
102  0.30344  0.00976382  0.665543  0.0122745
103  0.303229  0.00976329  0.665543  0.0122745
104  0.303066  0.00976407  0.665449  0.0122861
105  0.302823  0.00976525  0.665449  0.0122861
106  0.30273  0.00976333  0.665449  0.0122861
107  0.302512  0.00976434  0.665356  0.0122912
108  0.302472  0.00976212  0.664794  0.0123367
109  0.302435  0.00976006  0.664794  0.0123367
110  0.302373  0.00975893  0.664513  0.0123689
111  0.302331  0.00975857  0.664607  0.0123632
112  0.302322  0.00975786  0.664607  0.0123632
113  0.302265  0.00975713  0.6647  0.0123581
114  0.302231  0.00975515  0.6647  0.0123581
115  0.302176  0.00975355  0.6647  0.0123581
116  0.30212  0.00975111  0.665543  0.0123446
117  0.302041  0.0097476  0.664981  0.0124112
118  0.30202  0.00974639  0.664981  0.0124112
119  0.302015  0.00974612  0.664981  0.0124112
120  0.302001  0.00974513  0.664981  0.0124112
121  0.301987  0.00974446  0.664981  0.0124112
122  0.301979  0.00974403  0.664981  0.0124112
123  0.301938  0.00974342  0.664981  0.0124112
124  0.301878  0.00974274  0.664981  0.0124112
125  0.301811  0.00974323  0.664981  0.0124112
126  0.301791  0.0097431  0.664981  0.0124112
127  0.301771  0.00974204  0.664981  0.0124112
128  0.301757  0.00974131  0.664981  0.0124112
129  0.301668  0.00974223  0.664981  0.0124112
130  0.301653  0.00974186  0.664981  0.0124112
131  0.301622  0.00974031  0.664981  0.0124112
132  0.301613  0.00973987  0.664981  0.0124112
133  0.301527  0.00974259  0.664981  0.0124112
134  0.301493  0.00974129  0.665449  0.0124144
135  0.301474  0.00974117  0.665449  0.0124144
136  0.301448  0.00974029  0.665356  0.0124194
137  0.301407  0.00973901  0.664232  0.0124922
138  0.301372  0.00973711  0.664981  0.0124466
139  0.301352  0.00973612  0.664981  0.0124466
140  0.301345  0.00973601  0.664981  0.0124466
141  0.301305  0.00973353  0.665918  0.0123642
142  0.301292  0.00973267  0.665918  0.0123642
143  0.301291  0.00973257  0.665918  0.0123642
144  0.301256  0.00973299  0.665918  0.0123642
145  0.301251  0.00973279  0.665918  0.0123642
146  0.301211  0.00973098  0.666573  0.0122985
147  0.301206  0.00973058  0.666573  0.0122985
148  0.30118  0.0097294  0.666573  0.0122985
149  0.301078  0.00972762  0.667322  0.0122257
150  0.300925  0.00972902  0.667416  0.0122198
151  0.300787  0.0097302  0.667416  0.0122198
152  0.30074  0.00972814  0.668352  0.0121351
153  0.30062  0.00973395  0.668539  0.0121384
154  0.300541  0.00973341  0.668539  0.0121384
155  0.300452  0.00973339  0.668539  0.0121384
156  0.30032  0.00973224  0.667603  0.0122231
157  0.300221  0.00973291  0.667884  0.0121902
158  0.30021  0.00973251  0.667603  0.0122231
159  0.300173  0.00973114  0.667603  0.0122231
160  0.300136  0.00972959  0.667603  0.0122231
161  0.300111  0.00972827  0.667603  0.0122231
162  0.300103  0.00972792  0.667603  0.0122231
163  0.30009  0.00972734  0.667135  0.0122741
164  0.300066  0.00972752  0.666479  0.01228
165  0.300057  0.0097269  0.667416  0.012196
166  0.300034  0.00972594  0.667416  0.012196
167  0.300014  0.00972498  0.667416  0.012196
168  0.299981  0.00972359  0.667509  0.0121843
169  0.299963  0.009723  0.66882  0.0120958
170  0.299954  0.00972236  0.668258  0.0121164
171  0.299941  0.00972217  0.669007  0.0121121
172  0.299907  0.00972249  0.669007  0.0121121
173  0.299841  0.00972109  0.669288  0.0120941
174  0.299764  0.00972313  0.670037  0.012072
175  0.299729  0.00972216  0.670037  0.012072
176  0.299679  0.00972043  0.670225  0.0120738
177  0.299654  0.00971925  0.670225  0.0120738
178  0.299644  0.00971845  0.670225  0.0120738
179  0.299627  0.00971786  0.670225  0.0120738
180  0.299595  0.00971618  0.670225  0.0120738
181  0.299575  0.00971549  0.670037  0.0120706
182  0.299503  0.00971414  0.669476  0.0120842
183  0.299484  0.00971388  0.669476  0.0120842
184  0.299398  0.00971246  0.669382  0.0120822
185  0.299392  0.00971197  0.669382  0.0120822
186  0.299371  0.00971103  0.668633  0.0121506
187  0.299358  0.00971033  0.668633  0.0121506
188  0.299339  0.00970944  0.669944  0.0120204
189  0.299309  0.00970796  0.670131  0.0120089
190  0.29922  0.0097136  0.669195  0.012095
191  0.299209  0.00971354  0.669195  0.012095
192  0.299191  0.00971235  0.669195  0.012095
193  0.299181  0.00971165  0.669195  0.012095
194  0.299118  0.00971224  0.669195  0.012095
195  0.299105  0.00971158  0.669195  0.012095
196  0.299097  0.0097112  0.669195  0.012095
197  0.299088  0.00971097  0.669195  0.012095
198  0.299073  0.00971087  0.669288  0.0120832
199  0.299073  0.00971088  0.669288  0.0120832
200  0.299064  0.00971068  0.668633  0.0121353
201  0.299064  0.00971068  0.668633  0.0121353
202  0.299062  0.0097105  0.668633  0.0121353
203  0.299059  0.00971027  0.669007  0.0121012
204  0.299053  0.00970977  0.669288  0.0120832
205  0.29905  0.00970957  0.669288  0.0120832
206  0.299014  0.00970705  0.669288  0.0120832
207  0.299009  0.00970668  0.669288  0.0120832
208  0.298982  0.00970731  0.669288  0.0120832
209  0.298967  0.00970694  0.669288  0.0120832
210  0.29896  0.00970675  0.669288  0.0120832
211  0.298943  0.00970618  0.669288  0.0120832
212  0.298935  0.00970599  0.669288  0.0120832
213  0.298929  0.00970545  0.669288  0.0120832
214  0.298929  0.00970545  0.669288  0.0120832
215  0.298927  0.00970532  0.669288  0.0120832
216  0.298923  0.00970509  0.669288  0.0120832
217  0.298914  0.00970468  0.669195  0.012095
218  0.298905  0.00970432  0.669195  0.012095
219  0.298901  0.00970425  0.669195  0.012095
220  0.298875  0.00970312  0.669195  0.012095
221  0.298859  0.00970256  0.669195  0.012095
222  0.298856  0.00970241  0.669195  0.012095
223  0.298841  0.00970213  0.669195  0.012095
224  0.298841  0.00970215  0.669195  0.012095
225  0.298839  0.0097022  0.669195  0.012095
226  0.298838  0.00970221  0.669195  0.012095
227  0.298836  0.00970224  0.669195  0.012095
228  0.298831  0.00970178  0.669195  0.012095
229  0.298829  0.00970167  0.669195  0.012095
230  0.298828  0.00970163  0.669195  0.012095
231  0.298827  0.00970167  0.669195  0.012095
232  0.298823  0.00970164  0.669195  0.012095
233  0.298823  0.00970166  0.669195  0.012095
234  0.298822  0.00970167  0.669195  0.012095
235  0.29882  0.00970155  0.669195  0.012095
236  0.298818  0.0097014  0.669195  0.012095
237  0.298816  0.00970127  0.669195  0.012095
238  0.298816  0.00970127  0.669195  0.012095
239  0.298808  0.00970078  0.668352  0.0122334
240  0.298789  0.00969965  0.668258  0.0122522
241  0.298756  0.00969754  0.668258  0.0122522
242  0.298756  0.00969754  0.668258  0.0122522
243  0.298754  0.00969745  0.668258  0.0122522
244  0.298754  0.00969746  0.668258  0.0122522
245  0.298753  0.00969746  0.668258  0.0122522
246  0.29875  0.00969725  0.668258  0.0122522
247  0.298746  0.00969706  0.668258  0.0122522
248  0.298746  0.00969706  0.668258  0.0122522
249  0.298745  0.00969709  0.668258  0.0122522
250  0.298738  0.00969681  0.668258  0.0122522
251  0.298699  0.00969665  0.668258  0.0122522
252  0.298679  0.00969576  0.668258  0.0122522
253  0.298647  0.00969453  0.669195  0.0121675
254  0.298642  0.00969423  0.669195  0.0121675
255  0.298637  0.00969386  0.669195  0.0121675
256  0.298633  0.00969348  0.669195  0.0121675
257  0.298633  0.00969349  0.669195  0.0121675
258  0.298618  0.0096926  0.669195  0.0121675
259  0.298569  0.00969239  0.669288  0.0121695
260  0.298569  0.0096924  0.669288  0.0121695
261  0.298568  0.00969243  0.669288  0.0121695
262  0.298567  0.00969238  0.669288  0.0121695
263  0.298541  0.00969313  0.669288  0.0121695
264  0.298513  0.00969419  0.669288  0.0121695
265  0.298389  0.00969631  0.669288  0.0121695
266  0.29837  0.00969626  0.668352  0.0122542
267  0.298369  0.00969623  0.668352  0.0122542
268  0.298365  0.00969599  0.668352  0.0122542
269  0.29834  0.00969494  0.668352  0.0122542
270  0.298332  0.00969455  0.668352  0.0122542
271  0.298327  0.00969432  0.668352  0.0122542
272  0.298307  0.00969317  0.668352  0.0122542
273  0.298298  0.00969273  0.668352  0.0122542
274  0.29829  0.00969226  0.668352  0.0122542
275  0.298221  0.00969396  0.668352  0.0122542
276  0.298179  0.00969514  0.668727  0.0122118
277  0.29813  0.00969292  0.669288  0.0121695
278  0.29812  0.00969249  0.669288  0.0121695
279  0.298105  0.00969192  0.669288  0.0121695
280  0.298087  0.00969087  0.669288  0.0121695
281  0.298086  0.00969076  0.669288  0.0121695
282  0.298085  0.00969068  0.669288  0.0121695
283  0.298083  0.00969058  0.669288  0.0121695
284  0.298076  0.00969041  0.669288  0.0121695
285  0.298075  0.00969031  0.669288  0.0121695
286  0.298061  0.00968964  0.669195  0.0121748
287  0.298058  0.0096895  0.669195  0.0121748
288  0.298058  0.0096895  0.669195  0.0121748
289  0.298048  0.00968944  0.669195  0.0121748
290  0.298045  0.0096892  0.669195  0.0121748
291  0.298045  0.0096892  0.669195  0.0121748
292  0.297992  0.00969037  0.669195  0.0121748
293  0.297931  0.00969192  0.669382  0.0121809
294  0.297869  0.00969389  0.670131  0.012234
295  0.29785  0.00969463  0.670131  0.012234
296  0.297828  0.00969548  0.670131  0.012234
297  0.297828  0.00969548  0.670131  0.012234
298  0.297785  0.0096943  0.670037  0.0122385
299  0.297778  0.00969406  0.670131  0.0122333
300  0.297754  0.00969262  0.670131  0.0122333
301  0.297753  0.00969264  0.670131  0.0122333
302  0.297753  0.00969264  0.670131  0.0122333
303  0.297723  0.00969319  0.670131  0.0122333
304  0.297722  0.0096932  0.670131  0.0122333
305  0.297717  0.00969329  0.670131  0.0122333
306  0.297717  0.00969329  0.670131  0.0122333
307  0.297717  0.00969329  0.670131  0.0122333
308  0.297681  0.00969277  0.670131  0.0122333
309  0.297681  0.00969277  0.670131  0.0122333
310  0.297667  0.00969183  0.669195  0.0123178
311  0.297643  0.00969088  0.668258  0.0123303
312  0.297643  0.00969089  0.668258  0.0123303
313  0.297643  0.0096909  0.668258  0.0123303
314  0.297643  0.00969091  0.668258  0.0123303
315  0.297636  0.00969088  0.667322  0.0124136
316  0.297633  0.00969089  0.667322  0.0124136
317  0.297617  0.00969091  0.667322  0.0124136
318  0.297581  0.00969045  0.667509  0.0123913
319  0.297577  0.00969043  0.667509  0.0123913
320  0.297577  0.00969043  0.667509  0.0123913
321  0.297577  0.00969043  0.667509  0.0123913
322  0.297574  0.00969049  0.667509  0.0123913
323  0.297573  0.00969047  0.667509  0.0123913
324  0.297573  0.00969048  0.667509  0.0123913
325  0.297572  0.00969049  0.667509  0.0123913
326  0.297572  0.0096905  0.667509  0.0123913
327  0.297558  0.00969087  0.667509  0.0123913
328  0.297557  0.00969079  0.667509  0.0123913
329  0.297557  0.0096908  0.667509  0.0123913
330  0.297556  0.00969078  0.667509  0.0123913
331  0.297548  0.00969054  0.667509  0.0123913
332  0.297505  0.00968964  0.667509  0.0123913
333  0.297496  0.00968921  0.667509  0.0123913
334  0.297464  0.00968867  0.667509  0.0123913
335  0.297456  0.00968856  0.667509  0.0123913
336  0.297444  0.00968858  0.667509  0.0123913
337  0.297444  0.00968853  0.667509  0.0123913
338  0.297444  0.00968853  0.667509  0.0123913
339  0.297439  0.00968861  0.667509  0.0123913
340  0.297439  0.00968858  0.667509  0.0123913
341  0.297438  0.0096886  0.667509  0.0123913
342  0.297438  0.0096886  0.667509  0.0123913
343  0.297438  0.0096886  0.667509  0.0123913
344  0.297438  0.0096886  0.667509  0.0123913
345  0.297437  0.00968853  0.667509  0.0123913
346  0.297437  0.00968853  0.667509  0.0123913
347  0.297429  0.00968814  0.667509  0.0123913
348  0.297427  0.00968795  0.667509  0.0123913
349  0.297425  0.00968782  0.667509  0.0123913
350  0.297371  0.00968476  0.668446  0.0122361
351  0.297356  0.00968396  0.668446  0.0122361
352  0.297346  0.00968341  0.668446  0.0122361
353  0.297346  0.00968342  0.668446  0.0122361
354  0.297344  0.00968331  0.668446  0.0122361
355  0.297317  0.00968199  0.668446  0.0122361
356  0.297313  0.00968174  0.668446  0.0122361
357  0.29731  0.00968157  0.668446  0.0122361
358  0.297302  0.00968101  0.668446  0.0122361
359  0.29725  0.00968561  0.668539  0.0122453
360  0.297246  0.00968575  0.667603  0.0121856
361  0.297224  0.00968561  0.667603  0.0121856
362  0.29722  0.00968532  0.667603  0.0121856
363  0.29721  0.00968464  0.667603  0.0121856
364  0.297161  0.00968571  0.667603  0.0121856
365  0.297126  0.00968498  0.667603  0.0121856
366  0.297065  0.009684  0.667603  0.0121856
367  0.29704  0.00968233  0.667603  0.0121856
368  0.297035  0.00968194  0.667603  0.0121856
369  0.296963  0.00968057  0.667603  0.0121856
370  0.296937  0.0096819  0.667603  0.0121856
371  0.296937  0.0096819  0.667603  0.0121856
372  0.296929  0.00968205  0.667603  0.0121856
373  0.296929  0.00968205  0.667603  0.0121856
374  0.296928  0.00968197  0.667603  0.0121856
375  0.296927  0.00968197  0.667603  0.0121856
376  0.296927  0.00968198  0.667603  0.0121856
377  0.296927  0.00968193  0.667603  0.0121856
378  0.296926  0.00968193  0.667603  0.0121856
379  0.296925  0.0096818  0.667603  0.0121856
380  0.296923  0.00968165  0.667603  0.0121856
381  0.296916  0.009681  0.667603  0.0121856
382  0.296915  0.00968089  0.667603  0.0121856
383  0.296914  0.0096808  0.667603  0.0121856
384  0.296906  0.00968029  0.667603  0.0121856
385  0.296904  0.00968011  0.667603  0.0121856
386  0.296903  0.00968003  0.667603  0.0121856
387  0.296899  0.00967971  0.667603  0.0121856
388  0.296897  0.00967952  0.667603  0.0121856
389  0.296879  0.0096796  0.667603  0.0121856
390  0.296863  0.00967951  0.667603  0.0121856
391  0.296861  0.00967942  0.667603  0.0121856
392  0.296859  0.00967926  0.667603  0.0121856
393  0.296853  0.009679  0.668539  0.0121007
394  0.29685  0.0096788  0.668539  0.0121007
395  0.296845  0.00967848  0.668539  0.0121007
396  0.296845  0.00967849  0.668539  0.0121007
397  0.296845  0.00967849  0.668539  0.0121007
398  0.296837  0.00967818  0.668539  0.0121007
399  0.296827  0.00967778  0.668539  0.0121007
400  0.296827  0.00967778  0.668539  0.0121007
401  0.296826  0.00967779  0.668539  0.0121007
402  0.296814  0.00967702  0.668539  0.0121007
403  0.29681  0.00967683  0.668539  0.0121007
404  0.296801  0.00967681  0.668539  0.0121007
405  0.296795  0.00967658  0.668539  0.0121007
406  0.29679  0.00967638  0.668539  0.0121007
407  0.296787  0.00967612  0.668539  0.0121007
408  0.296786  0.00967612  0.668539  0.0121007
409  0.296783  0.00967588  0.668539  0.0121007
410  0.296778  0.0096762  0.668539  0.0121007
411  0.296778  0.0096762  0.668539  0.0121007
412  0.296773  0.00967595  0.668539  0.0121007
413  0.296773  0.00967595  0.668539  0.0121007
414  0.296771  0.009676  0.668539  0.0121007
415  0.296771  0.009676  0.668539  0.0121007
416  0.296771  0.009676  0.668539  0.0121007
417  0.296771  0.009676  0.668539  0.0121007
418  0.29676  0.00967605  0.668539  0.0121007
419  0.29676  0.00967605  0.668539  0.0121007
420  0.29676  0.00967605  0.668539  0.0121007
421  0.29675  0.00967604  0.668539  0.0121007
422  0.29675  0.00967604  0.668539  0.0121007
423  0.296735  0.00967651  0.668539  0.0121007
424  0.296734  0.00967653  0.668539  0.0121007
425  0.296734  0.00967653  0.668539  0.0121007
426  0.296732  0.00967656  0.668539  0.0121007
427  0.296732  0.00967656  0.668539  0.0121007
428  0.296732  0.00967657  0.668539  0.0121007
429  0.296732  0.00967657  0.668539  0.0121007
430  0.296727  0.00967609  0.668539  0.0121007
431  0.296727  0.00967609  0.668539  0.0121007
432  0.296727  0.00967609  0.668539  0.0121007
433  0.296727  0.00967609  0.668539  0.0121007
434  0.296727  0.00967609  0.668539  0.0121007
435  0.296726  0.00967609  0.668539  0.0121007
436  0.296726  0.0096761  0.668539  0.0121007
437  0.296725  0.00967611  0.668539  0.0121007
438  0.296716  0.0096766  0.668539  0.0121007
439  0.296713  0.00967637  0.668539  0.0121007
440  0.296711  0.00967623  0.668539  0.0121007
441  0.29671  0.00967617  0.668539  0.0121007
442  0.296703  0.00967567  0.668539  0.0121007
443  0.296703  0.00967567  0.668539  0.0121007
444  0.296701  0.00967575  0.668539  0.0121007
445  0.296673  0.00967491  0.668539  0.0121007
446  0.296648  0.009674  0.668539  0.0121007
447  0.296594  0.00967239  0.668539  0.0121007
448  0.296563  0.00967162  0.668539  0.0121007
449  0.296543  0.00967051  0.668539  0.0121007
450  0.296517  0.00967065  0.668539  0.0121007
451  0.29651  0.00967014  0.668539  0.0121007
452  0.296492  0.00966934  0.668539  0.0121007
453  0.296481  0.00966877  0.668539  0.0121007
454  0.296468  0.00966823  0.668539  0.0121007
455  0.296465  0.00966808  0.668539  0.0121007
456  0.296455  0.00966786  0.668539  0.0121007
457  0.296437  0.00966774  0.668539  0.0121007
458  0.29642  0.00966773  0.668539  0.0121007
459  0.296415  0.00966754  0.668539  0.0121007
460  0.296403  0.00966708  0.668539  0.0121007
461  0.296376  0.00966612  0.667509  0.0121184
462  0.296371  0.00966595  0.666667  0.0121978
463  0.296356  0.00966542  0.666667  0.0121978
464  0.296335  0.00966461  0.666667  0.0121978
465  0.296333  0.00966459  0.666667  0.0121978
466  0.29631  0.00966447  0.666667  0.0121978
467  0.296307  0.00966432  0.666667  0.0121978
468  0.296295  0.0096644  0.666667  0.0121978
469  0.296249  0.00966551  0.666667  0.0121978
470  0.296237  0.00966573  0.666667  0.0121978
471  0.2962  0.00966329  0.666667  0.0121978
472  0.2962  0.00966329  0.666667  0.0121978
473  0.2962  0.00966329  0.666667  0.0121978
474  0.296198  0.00966332  0.666667  0.0121978
475  0.296194  0.0096634  0.666667  0.0121978
476  0.296191  0.00966343  0.666292  0.0122228
477  0.29619  0.00966346  0.666292  0.0122228
478  0.29619  0.00966346  0.666292  0.0122228
479  0.29619  0.00966346  0.666292  0.0122228
480  0.29619  0.00966346  0.666292  0.0122228
481  0.29618  0.00966313  0.668165  0.012126
482  0.296177  0.00966293  0.668165  0.012126
483  0.29614  0.0096606  0.668165  0.012126
484  0.296135  0.00966024  0.668165  0.012126
485  0.296117  0.0096591  0.668165  0.012126
486  0.296115  0.00965892  0.668165  0.012126
487  0.296065  0.00966047  0.667228  0.0122107
488  0.296052  0.00965958  0.667228  0.0122107
489  0.296037  0.00965855  0.667228  0.0122107
490  0.296037  0.00965855  0.667228  0.0122107
491  0.296037  0.00965855  0.667228  0.0122107
492  0.296034  0.00965838  0.667228  0.0122107
493  0.296034  0.00965838  0.667228  0.0122107
494  0.296034  0.00965838  0.667228  0.0122107
495  0.296034  0.00965838  0.667228  0.0122107
496  0.296034  0.00965838  0.667228  0.0122107
497  0.296034  0.00965838  0.667228  0.0122107
498  0.296027  0.00965777  0.667228  0.0122107
499  0.296027  0.00965777  0.667228  0.0122107
500  0.296024  0.00965782  0.667228  0.0122107
501  0.296024  0.00965782  0.667228  0.0122107
502  0.296023  0.00965782  0.667228  0.0122107
503  0.296012  0.00965838  0.667228  0.0122107
504  0.296012  0.00965838  0.667228  0.0122107
505  0.296012  0.00965838  0.667228  0.0122107
506  0.295999  0.00965773  0.667228  0.0122107
507  0.29599  0.00965712  0.667228  0.0122107
508  0.295982  0.0096573  0.667228  0.0122107
509  0.295982  0.0096573  0.667228  0.0122107
510  0.295982  0.0096573  0.667228  0.0122107
511  0.295977  0.00965694  0.667228  0.0122107
512  0.295977  0.00965694  0.667228  0.0122107
513  0.295977  0.00965694  0.667228  0.0122107
514  0.295937  0.00965709  0.667228  0.0122107
515  0.295936  0.00965708  0.667228  0.0122107
516  0.295922  0.00965671  0.667228  0.0122107
517  0.29592  0.00965652  0.666292  0.0122945
518  0.29591  0.00965621  0.666292  0.0122945
519  0.295852  0.00965727  0.666292  0.0122945
520  0.295852  0.00965726  0.666292  0.0122945
521  0.295847  0.00965694  0.666292  0.0122945
522  0.295846  0.00965683  0.666292  0.0122945
523  0.295842  0.0096566  0.666292  0.0122945
524  0.295841  0.00965653  0.666292  0.0122945
525  0.29584  0.00965642  0.666292  0.0122945
526  0.295839  0.00965632  0.666292  0.0122945
527  0.295821  0.00965685  0.666292  0.0122945
528  0.295817  0.00965652  0.666292  0.0122945
529  0.295802  0.00965728  0.666292  0.0122945
530  0.295748  0.00965778  0.666199  0.0122925
531  0.295742  0.00965744  0.665262  0.0123755
532  0.295733  0.00965709  0.664419  0.0123889
533  0.295686  0.00965807  0.664326  0.0123939
534  0.295667  0.00965843  0.664419  0.0123889
535  0.29566  0.00965824  0.664232  0.0123996
536  0.295659  0.00965819  0.664232  0.0123996
537  0.295657  0.00965809  0.664232  0.0123996
538  0.295656  0.0096581  0.664232  0.0123996
539  0.295656  0.0096581  0.664232  0.0123996
540  0.295645  0.00965785  0.664981  0.0123394
541  0.295623  0.00965739  0.664981  0.0123394
542  0.295622  0.00965729  0.664981  0.0123394
543  0.295622  0.00965729  0.664981  0.0123394
544  0.295607  0.00965676  0.664981  0.0123394
545  0.295553  0.00965577  0.664326  0.0123896
546  0.295529  0.00965531  0.664794  0.0123502
547  0.295522  0.00965521  0.664981  0.0123394
548  0.295522  0.00965521  0.664981  0.0123394
549  0.295521  0.00965516  0.664981  0.0123394
550  0.295521  0.00965513  0.664981  0.0123394
551  0.295521  0.00965513  0.664981  0.0123394
552  0.295521  0.00965513  0.664981  0.0123394
553  0.295521  0.00965511  0.664981  0.0123394
554  0.295518  0.00965486  0.664981  0.0123394
555  0.295518  0.00965485  0.664981  0.0123394
556  0.29551  0.00965447  0.664981  0.0123394
557  0.295496  0.00965473  0.664981  0.0123394
558  0.295496  0.00965473  0.664981  0.0123394
559  0.295476  0.00965537  0.664981  0.0123394
560  0.295476  0.00965537  0.664981  0.0123394
561  0.295476  0.00965537  0.664981  0.0123394
562  0.295467  0.00965462  0.664981  0.0123394
563  0.295466  0.00965452  0.664981  0.0123394
564  0.295466  0.00965452  0.664981  0.0123394
565  0.295466  0.00965452  0.664981  0.0123394
566  0.295466  0.00965452  0.664981  0.0123394
567  0.295465  0.00965453  0.664981  0.0123394
568  0.295465  0.00965453  0.664981  0.0123394
569  0.295457  0.00965414  0.664981  0.0123394
570  0.295457  0.00965416  0.664981  0.0123394
571  0.295456  0.00965417  0.664981  0.0123394
572  0.295456  0.0096542  0.664981  0.0123394
573  0.295455  0.00965421  0.664981  0.0123394
574  0.295455  0.00965417  0.664981  0.0123394
575  0.295448  0.00965378  0.664981  0.0123394
576  0.295448  0.00965378  0.664981  0.0123394
577  0.29543  0.00965262  0.664981  0.0123394
578  0.295418  0.0096517  0.664981  0.0123394
579  0.295417  0.00965162  0.664981  0.0123394
580  0.295406  0.00965082  0.664981  0.0123394
581  0.295404  0.00965062  0.664981  0.0123394
582  0.295392  0.00965096  0.664981  0.0123394
583  0.295386  0.00965051  0.664981  0.0123394
584  0.295384  0.00965042  0.664981  0.0123394
585  0.295371  0.00964998  0.664981  0.0123394
586  0.295276  0.00965465  0.664981  0.0123394
587  0.295276  0.00965465  0.664981  0.0123394
588  0.295276  0.00965465  0.664981  0.0123394
589  0.29527  0.00965445  0.664981  0.0123394
590  0.295267  0.0096542  0.664981  0.0123394
591  0.295261  0.00965364  0.664981  0.0123394
592  0.295259  0.00965342  0.664981  0.0123394
593  0.295259  0.00965341  0.664981  0.0123394
594  0.295259  0.00965341  0.664981  0.0123394
595  0.295259  0.00965341  0.664981  0.0123394
596  0.295259  0.00965341  0.664981  0.0123394
597  0.295259  0.00965341  0.664981  0.0123394
598  0.295259  0.00965341  0.664981  0.0123394
599  0.295259  0.00965341  0.664981  0.0123394
600  0.295252  0.00965292  0.664981  0.0123394
601  0.295249  0.00965271  0.664981  0.0123394
602  0.295249  0.00965271  0.664981  0.0123394
603  0.295248  0.00965264  0.664981  0.0123394
604  0.295248  0.00965264  0.664981  0.0123394
605  0.295248  0.00965264  0.664981  0.0123394
606  0.295246  0.00965257  0.664981  0.0123394
607  0.295245  0.00965253  0.664981  0.0123394
608  0.295214  0.00965026  0.664981  0.0123394
609  0.295214  0.00965026  0.664981  0.0123394
610  0.295206  0.00964966  0.664981  0.0123394
611  0.295203  0.00964942  0.664981  0.0123394
612  0.295192  0.00964882  0.664981  0.0123394
613  0.29519  0.00964882  0.664981  0.0123394
614  0.295172  0.0096477  0.664981  0.0123394
615  0.295172  0.0096477  0.664981  0.0123394
616  0.295172  0.0096477  0.664981  0.0123394
617  0.295172  0.00964771  0.664981  0.0123394
618  0.295172  0.00964771  0.664981  0.0123394
619  0.295172  0.00964771  0.664981  0.0123394
620  0.295169  0.00964747  0.664981  0.0123394
621  0.295167  0.00964735  0.664981  0.0123394
622  0.295167  0.00964735  0.664981  0.0123394
623  0.295167  0.00964735  0.664981  0.0123394
624  0.295167  0.00964735  0.664981  0.0123394
625  0.29516  0.0096468  0.664981  0.0123394
626  0.295159  0.00964679  0.664981  0.0123394
627  0.295158  0.0096467  0.664981  0.0123394
628  0.295158  0.0096467  0.664981  0.0123394
629  0.295156  0.00964654  0.664981  0.0123394
630  0.295156  0.00964654  0.664981  0.0123394
631  0.295152  0.00964626  0.664981  0.0123394
632  0.295152  0.00964626  0.664981  0.0123394
633  0.295152  0.00964627  0.664981  0.0123394
634  0.295139  0.00964696  0.664981  0.0123394
635  0.295131  0.00964653  0.664981  0.0123394
636  0.295127  0.00964635  0.665356  0.0123148
637  0.295127  0.00964636  0.665356  0.0123148
638  0.295127  0.00964636  0.665356  0.0123148
639  0.295127  0.00964636  0.665356  0.0123148
640  0.295127  0.00964636  0.665356  0.0123148
641  0.295121  0.00964591  0.665356  0.0123148
642  0.295121  0.00964591  0.665356  0.0123148
643  0.295121  0.00964591  0.665356  0.0123148
644  0.295121  0.00964591  0.665356  0.0123148
645  0.295102  0.00964656  0.665356  0.0123148
646  0.295102  0.00964656  0.665356  0.0123148
647  0.295102  0.00964656  0.665356  0.0123148
648  0.295102  0.00964656  0.665356  0.0123148
649  0.295101  0.00964649  0.665356  0.0123148
650  0.295099  0.00964638  0.665356  0.0123148
651  0.295099  0.00964638  0.665356  0.0123148
652  0.295098  0.0096464  0.665356  0.0123148
653  0.295088  0.0096455  0.665356  0.0123148
654  0.295088  0.0096455  0.665356  0.0123148
655  0.295088  0.0096455  0.665356  0.0123148
656  0.295087  0.0096455  0.665356  0.0123148
657  0.295087  0.0096455  0.665356  0.0123148
658  0.295087  0.0096455  0.665356  0.0123148
659  0.295087  0.0096455  0.665356  0.0123148
660  0.295087  0.00964544  0.665356  0.0123148
661  0.295082  0.00964554  0.665356  0.0123148
662  0.295081  0.00964554  0.665356  0.0123148
663  0.295081  0.00964554  0.665356  0.0123148
664  0.295073  0.009645  0.665356  0.0123148
665  0.295061  0.00964414  0.665356  0.0123148
666  0.295051  0.00964352  0.665356  0.0123148
667  0.295031  0.00964236  0.665356  0.0123148
668  0.295013  0.00964137  0.665356  0.0123148
669  0.295013  0.00964137  0.665356  0.0123148
670  0.295013  0.00964137  0.665356  0.0123148
671  0.29497  0.00963897  0.665356  0.0123148
672  0.29497  0.00963897  0.665356  0.0123148
673  0.29497  0.00963897  0.665356  0.0123148
674  0.294963  0.00963857  0.665356  0.0123148
675  0.294958  0.00963826  0.665356  0.0123148
676  0.294958  0.00963822  0.665356  0.0123148
677  0.294958  0.00963822  0.665356  0.0123148
678  0.294958  0.00963822  0.665356  0.0123148
679  0.294957  0.0096382  0.665356  0.0123148
680  0.294955  0.00963802  0.665356  0.0123148
681  0.294955  0.00963802  0.665356  0.0123148
682  0.294954  0.00963797  0.665356  0.0123148
683  0.294954  0.00963795  0.665356  0.0123148
684  0.294949  0.00963753  0.665356  0.0123148
685  0.294948  0.00963744  0.665356  0.0123148
686  0.294943  0.00963707  0.665356  0.0123148
687  0.294939  0.00963673  0.665356  0.0123148
688  0.294936  0.00963654  0.665356  0.0123148
689  0.294936  0.00963654  0.665356  0.0123148
690  0.294936  0.00963647  0.665356  0.0123148
691  0.294935  0.00963639  0.665356  0.0123148
692  0.294931  0.0096361  0.665356  0.0123148
693  0.294931  0.00963608  0.665356  0.0123148
694  0.294931  0.00963608  0.665356  0.0123148
695  0.294916  0.00963521  0.665356  0.0123148
696  0.294903  0.00963481  0.6647  0.0123153
697  0.294878  0.00963375  0.664419  0.0123262
698  0.294856  0.0096327  0.664419  0.0123262
699  0.294844  0.00963227  0.664419  0.0123262
700  0.294842  0.00963221  0.664419  0.0123262
701  0.294838  0.00963196  0.664419  0.0123262
702  0.294812  0.00963107  0.664419  0.0123262
703  0.294785  0.00963048  0.664419  0.0123262
704  0.294759  0.00962961  0.664419  0.0123262
705  0.294735  0.00962871  0.664419  0.0123262
706  0.294734  0.00962873  0.664419  0.0123262
707  0.294734  0.00962873  0.664419  0.0123262
708  0.294723  0.00962801  0.664419  0.0123262
709  0.294714  0.00962734  0.665356  0.0122431
710  0.294713  0.00962725  0.665356  0.0122431
711  0.294708  0.00962712  0.665356  0.0122431
712  0.294705  0.00962688  0.665356  0.0122431
713  0.294695  0.00962647  0.666292  0.0122314
714  0.294682  0.00962587  0.666105  0.012228
715  0.294673  0.00962607  0.666105  0.012228
716  0.294671  0.00962598  0.666105  0.012228
717  0.294669  0.0096258  0.666105  0.012228
718  0.294651  0.009625  0.666105  0.012228
719  0.294644  0.00962451  0.666105  0.012228
720  0.294638  0.00962414  0.666105  0.012228
721  0.294635  0.0096239  0.666105  0.012228
722  0.294632  0.00962368  0.666105  0.012228
723  0.294623  0.00962312  0.666105  0.012228
724  0.294623  0.00962312  0.666105  0.012228
725  0.294617  0.00962274  0.666105  0.012228
726  0.294617  0.00962274  0.666105  0.012228
727  0.294617  0.00962274  0.666105  0.012228
728  0.294612  0.00962243  0.666105  0.012228
729  0.294599  0.00962314  0.666105  0.012228
730  0.294594  0.0096228  0.666105  0.012228
731  0.294593  0.00962278  0.666105  0.012228
732  0.294593  0.00962276  0.666105  0.012228
733  0.294593  0.00962276  0.666105  0.012228
734  0.294593  0.00962276  0.666105  0.012228
735  0.294577  0.00962188  0.666105  0.012228
736  0.294544  0.00962383  0.666105  0.012228
737  0.294543  0.00962383  0.666105  0.012228
738  0.294518  0.00962299  0.665356  0.0122431
739  0.294518  0.00962299  0.665356  0.0122431
740  0.294518  0.00962299  0.665356  0.0122431
741  0.294513  0.0096225  0.665356  0.0122431
742  0.29451  0.00962231  0.665356  0.0122431
743  0.294491  0.0096212  0.665356  0.0122431
744  0.29449  0.00962115  0.665356  0.0122431
745  0.294481  0.00962064  0.665356  0.0122431
746  0.29448  0.0096206  0.665356  0.0122431
747  0.294473  0.00962008  0.665356  0.0122431
748  0.29447  0.00961983  0.665356  0.0122431
749  0.294463  0.00961931  0.665356  0.0122431
750  0.294415  0.0096215  0.665356  0.0122431
751  0.294415  0.0096215  0.665356  0.0122431
752  0.29441  0.00962121  0.665356  0.0122431
753  0.29441  0.00962121  0.665356  0.0122431
754  0.29441  0.00962121  0.665356  0.0122431
755  0.29441  0.00962121  0.665356  0.0122431
756  0.29441  0.00962121  0.665356  0.0122431
757  0.29441  0.00962121  0.665356  0.0122431
758  0.29441  0.00962117  0.665356  0.0122431
759  0.29441  0.00962115  0.665356  0.0122431
760  0.294407  0.00962093  0.665356  0.0122431
761  0.294405  0.0096208  0.665356  0.0122431
762  0.294403  0.00962057  0.665356  0.0122431
763  0.294395  0.00961999  0.665356  0.0122431
764  0.294394  0.00961986  0.665356  0.0122431
765  0.294394  0.00961986  0.665356  0.0122431
766  0.294394  0.00961986  0.665356  0.0122431
767  0.294394  0.00961986  0.665356  0.0122431
768  0.294394  0.00961986  0.665356  0.0122431
769  0.294394  0.00961986  0.665356  0.0122431
770  0.294394  0.00961986  0.665356  0.0122431
771  0.294387  0.00962  0.665356  0.0122431
772  0.294385  0.00961984  0.665356  0.0122431
773  0.29438  0.00961995  0.665356  0.0122431
774  0.294376  0.00961966  0.665356  0.0122431
775  0.294354  0.00962054  0.665356  0.0122431
776  0.294352  0.00962045  0.665356  0.0122431
777  0.294351  0.00962037  0.665356  0.0122431
778  0.294351  0.00962033  0.665356  0.0122431
779  0.294349  0.00962021  0.665356  0.0122431
780  0.294349  0.00962021  0.665356  0.0122431
781  0.294342  0.00961972  0.665356  0.0122431
782  0.294339  0.00961967  0.665356  0.0122431
783  0.294338  0.00961957  0.665356  0.0122431
784  0.294319  0.00961981  0.665356  0.0122431
785  0.294319  0.00961981  0.665356  0.0122431
786  0.294319  0.00961981  0.665356  0.0122431
787  0.294319  0.00961981  0.665356  0.0122431
788  0.294317  0.00961985  0.665356  0.0122431
789  0.294317  0.00961985  0.665356  0.0122431
790  0.294317  0.00961985  0.665356  0.0122431
791  0.294317  0.00961985  0.665356  0.0122431
792  0.294315  0.00961971  0.665356  0.0122431
793  0.294315  0.00961971  0.665356  0.0122431
794  0.294312  0.00961954  0.665356  0.0122431
795  0.29428  0.00962002  0.665356  0.0122431
796  0.294242  0.00962045  0.665356  0.0122431
797  0.294199  0.00962095  0.665356  0.0122431
798  0.294199  0.00962095  0.665356  0.0122431
799  0.294195  0.00962065  0.665356  0.0122431
800  0.294195  0.00962064  0.665356  0.0122431
801  0.294195  0.00962064  0.665356  0.0122431
802  0.294189  0.00962078  0.665356  0.0122431
803  0.294186  0.00962061  0.665356  0.0122431
804  0.294186  0.00962061  0.665356  0.0122431
805  0.294186  0.00962061  0.665356  0.0122431
806  0.294186  0.00962057  0.665356  0.0122431
807  0.294182  0.00962023  0.665356  0.0122431
808  0.294182  0.00962023  0.665356  0.0122431
809  0.294179  0.00962001  0.665356  0.0122431
810  0.294172  0.0096194  0.665356  0.0122431
811  0.294168  0.00961906  0.665356  0.0122431
812  0.294139  0.00962072  0.666292  0.0123031
813  0.294139  0.00962072  0.666292  0.0123031
814  0.294139  0.00962072  0.666292  0.0123031
815  0.294098  0.00962274  0.666292  0.0123031
816  0.294092  0.00962303  0.666292  0.0123031
817  0.294092  0.00962303  0.666292  0.0123031
818  0.294092  0.00962303  0.666292  0.0123031
819  0.294092  0.00962303  0.666292  0.0123031
820  0.294079  0.00962252  0.666292  0.0123031
821  0.294073  0.00962228  0.666292  0.0123031
822  0.294052  0.0096215  0.666292  0.0123031
823  0.29404  0.00962112  0.666292  0.0123031
824  0.294023  0.00962054  0.666292  0.0123031
825  0.294023  0.00962054  0.666292  0.0123031
826  0.294023  0.00962054  0.666292  0.0123031
827  0.294023  0.00962054  0.666292  0.0123031
828  0.294007  0.00962088  0.666292  0.0123031
829  0.294006  0.00962081  0.666292  0.0123031
830  0.294006  0.00962081  0.666292  0.0123031
831  0.294006  0.00962081  0.666292  0.0123031
832  0.294006  0.00962081  0.666292  0.0123031
833  0.294006  0.00962081  0.666292  0.0123031
834  0.294006  0.00962081  0.666292  0.0123031
835  0.294006  0.00962081  0.666292  0.0123031
836  0.294006  0.00962081  0.666292  0.0123031
837  0.294006  0.00962081  0.666292  0.0123031
838  0.294005  0.00962084  0.666292  0.0123031
839  0.294004  0.00962084  0.666292  0.0123031
840  0.294004  0.00962084  0.666292  0.0123031
841  0.294004  0.00962084  0.666292  0.0123031
842  0.294004  0.00962084  0.666292  0.0123031
843  0.294004  0.00962081  0.666292  0.0123031
844  0.294003  0.00962072  0.666292  0.0123031
845  0.294003  0.00962072  0.666292  0.0123031
846  0.293987  0.0096199  0.665356  0.0123861
847  0.293976  0.00961933  0.665356  0.0123861
848  0.293976  0.00961933  0.665356  0.0123861
849  0.293976  0.00961931  0.665356  0.0123861
850  0.293971  0.00961897  0.665356  0.0123861
851  0.293971  0.0096189  0.665356  0.0123861
852  0.293971  0.0096189  0.665356  0.0123861
853  0.293953  0.00961767  0.665356  0.0123861
854  0.293953  0.00961763  0.665356  0.0123861
855  0.29395  0.00961741  0.665356  0.0123861
856  0.293945  0.00961702  0.665356  0.0123861
857  0.293945  0.00961702  0.665356  0.0123861
858  0.293945  0.00961702  0.665356  0.0123861
859  0.293945  0.00961702  0.665356  0.0123861
860  0.293945  0.00961702  0.665356  0.0123861
861  0.293945  0.00961702  0.665356  0.0123861
862  0.293942  0.00961712  0.665356  0.0123861
863  0.293929  0.00961614  0.665356  0.0123861
864  0.293928  0.00961605  0.665356  0.0123861
865  0.293927  0.00961602  0.665356  0.0123861
866  0.293926  0.00961593  0.665356  0.0123861
867  0.29392  0.00961554  0.665356  0.0123861
868  0.29392  0.00961554  0.665356  0.0123861
869  0.29392  0.00961555  0.665356  0.0123861
870  0.293919  0.00961547  0.665356  0.0123861
871  0.293919  0.00961547  0.665356  0.0123861
872  0.293912  0.00961504  0.665356  0.0123861
873  0.293912  0.00961504  0.665356  0.0123861
874  0.293896  0.00961401  0.665356  0.0123861
875  0.293896  0.00961401  0.665356  0.0123861
876  0.293896  0.00961401  0.665356  0.0123861
877  0.293896  0.00961401  0.665356  0.0123861
878  0.293895  0.00961403  0.665356  0.0123861
879  0.293895  0.00961403  0.665356  0.0123861
880  0.293895  0.00961403  0.665356  0.0123861
881  0.293894  0.00961406  0.665356  0.0123861
882  0.293894  0.00961406  0.665356  0.0123861
883  0.293894  0.00961406  0.665356  0.0123861
884  0.293891  0.00961409  0.665356  0.0123861
885  0.293891  0.00961409  0.665356  0.0123861
886  0.293891  0.00961409  0.665356  0.0123861
887  0.293891  0.00961409  0.665356  0.0123861
888  0.293891  0.00961402  0.665356  0.0123861
889  0.293891  0.00961402  0.665356  0.0123861
890  0.293891  0.00961402  0.665356  0.0123861
891  0.293891  0.00961402  0.665356  0.0123861
892  0.293888  0.00961388  0.665543  0.0123638
893  0.293888  0.00961388  0.665543  0.0123638
894  0.293888  0.00961387  0.665637  0.0123538
895  0.293887  0.00961375  0.665637  0.0123538
896  0.293886  0.00961367  0.665637  0.0123538
897  0.293884  0.00961349  0.665637  0.0123538
898  0.293883  0.00961334  0.665637  0.0123538
899  0.293881  0.00961317  0.665637  0.0123538
900  0.293827  0.00960968  0.666479  0.0123465
901  0.293824  0.00960956  0.666479  0.0123465
902  0.29381  0.00960878  0.666479  0.0123465
903  0.293807  0.00960864  0.666479  0.0123465
904  0.293804  0.00960835  0.666479  0.0123465
905  0.29379  0.00960749  0.666479  0.0123465
906  0.293786  0.00960711  0.666479  0.0123465
907  0.293775  0.00960647  0.666479  0.0123465
908  0.293772  0.00960617  0.666479  0.0123465
909  0.293757  0.00960562  0.666479  0.0123465
910  0.293756  0.00960558  0.666479  0.0123465
911  0.293756  0.00960558  0.666479  0.0123465
912  0.293756  0.00960556  0.666479  0.0123465
913  0.293756  0.00960556  0.666479  0.0123465
914  0.293756  0.00960556  0.666479  0.0123465
915  0.29374  0.00960585  0.666479  0.0123465
916  0.293739  0.00960585  0.666479  0.0123465
917  0.293738  0.00960571  0.666479  0.0123465
918  0.293735  0.00960547  0.666479  0.0123465
919  0.293735  0.00960547  0.666479  0.0123465
920  0.293733  0.00960528  0.666479  0.0123465
921  0.293731  0.00960515  0.666479  0.0123465
922  0.29373  0.00960506  0.666479  0.0123465
923  0.293729  0.009605  0.666479  0.0123465
924  0.29372  0.00960442  0.666479  0.0123465
925  0.29372  0.00960442  0.666479  0.0123465
926  0.29372  0.00960442  0.666479  0.0123465
927  0.29372  0.00960442  0.666479  0.0123465
928  0.29372  0.00960442  0.666479  0.0123465
929  0.29372  0.00960442  0.666479  0.0123465
930  0.29372  0.00960442  0.666479  0.0123465
931  0.29372  0.00960442  0.666479  0.0123465
932  0.293715  0.00960428  0.666667  0.0123384
933  0.293715  0.00960428  0.666667  0.0123384
934  0.293663  0.00960284  0.666854  0.0123331
935  0.293659  0.00960291  0.666854  0.0123331
936  0.293652  0.00960258  0.666854  0.0123331
937  0.29365  0.00960245  0.666854  0.0123331
938  0.293638  0.00960161  0.666854  0.0123331
939  0.293638  0.00960161  0.666854  0.0123331
940  0.293635  0.00960136  0.666854  0.0123331
941  0.293631  0.00960108  0.666854  0.0123331
942  0.293628  0.00960088  0.666854  0.0123331
943  0.293627  0.00960088  0.666854  0.0123331
944  0.293627  0.00960088  0.666854  0.0123331
945  0.293627  0.00960088  0.666854  0.0123331
946  0.293627  0.00960088  0.666854  0.0123331
947  0.293627  0.00960088  0.666854  0.0123331
948  0.293627  0.00960088  0.666854  0.0123331
949  0.293627  0.00960088  0.666854  0.0123331
950  0.293614  0.00959997  0.666854  0.0123331
951  0.293605  0.00959933  0.666854  0.0123331
952  0.293595  0.00959951  0.666854  0.0123331
953  0.293595  0.00959951  0.666854  0.0123331
954  0.293595  0.00959951  0.666854  0.0123331
955  0.293595  0.00959953  0.666854  0.0123331
956  0.293595  0.00959953  0.666854  0.0123331
957  0.293595  0.00959953  0.666854  0.0123331
958  0.293595  0.00959953  0.666854  0.0123331
959  0.293595  0.00959953  0.666854  0.0123331
960  0.293595  0.00959953  0.666854  0.0123331
961  0.293589  0.00959922  0.666854  0.0123331
962  0.293581  0.00959886  0.666854  0.0123331
963  0.293572  0.00959843  0.666854  0.0123331
964  0.293568  0.00959814  0.666854  0.0123331
965  0.293567  0.00959809  0.666854  0.0123331
966  0.293555  0.00959758  0.666854  0.0123331
967  0.293551  0.00959735  0.666854  0.0123331
968  0.29355  0.00959736  0.666854  0.0123331
969  0.293547  0.0095971  0.666854  0.0123331
970  0.293547  0.0095971  0.666854  0.0123331
971  0.293547  0.0095971  0.666854  0.0123331
972  0.293547  0.0095971  0.666854  0.0123331
973  0.293547  0.0095971  0.666854  0.0123331
974  0.293547  0.0095971  0.666854  0.0123331
975  0.293547  0.0095971  0.666854  0.0123331
976  0.293542  0.00959683  0.666854  0.0123331
977  0.293539  0.00959669  0.666854  0.0123331
978  0.293539  0.00959669  0.666854  0.0123331
979  0.29352  0.00959575  0.666854  0.0123331
980  0.293511  0.00959538  0.666854  0.0123331
981  0.293499  0.00959484  0.666854  0.0123331
982  0.293494  0.00959446  0.66779  0.0122494
983  0.293493  0.00959434  0.66779  0.0122494
984  0.293486  0.0095938  0.66779  0.0122494
985  0.293484  0.00959363  0.66779  0.0122494
986  0.293484  0.00959363  0.66779  0.0122494
987  0.293484  0.00959363  0.66779  0.0122494
988  0.293484  0.00959363  0.66779  0.0122494
989  0.293484  0.00959363  0.66779  0.0122494
990  0.293484  0.00959363  0.66779  0.0122494
991  0.293478  0.00959317  0.66779  0.0122494
992  0.293453  0.00959149  0.66779  0.0122494
993  0.293451  0.00959132  0.66779  0.0122494
994  0.293451  0.00959132  0.66779  0.0122494
995  0.293451  0.00959132  0.66779  0.0122494
996  0.293451  0.00959132  0.66779  0.0122494
997  0.29345  0.0095912  0.66779  0.0122494
998  0.293447  0.0095909  0.66779  0.0122494
999  0.293447  0.0095909  0.66779  0.0122494
1000  0.293447  0.0095909  0.66779  0.0122494
1001  0.293441  0.00959079  0.66779  0.0122494
1002  0.293441  0.00959079  0.66779  0.0122494
1003  0.293437  0.00959072  0.66779  0.0122494
1004  0.293427  0.00959053  0.66779  0.0122494
1005  0.293418  0.00959035  0.66779  0.0122494
1006  0.293418  0.00959035  0.66779  0.0122494
1007  0.293418  0.00959035  0.66779  0.0122494
1008  0.293418  0.00959035  0.66779  0.0122494
1009  0.293418  0.00959035  0.66779  0.0122494
1010  0.293391  0.00959001  0.66779  0.0122494
1011  0.293391  0.00959001  0.66779  0.0122494
1012  0.293391  0.00959001  0.66779  0.0122494
1013  0.29339  0.00958995  0.66779  0.0122494
1014  0.293351  0.009589  0.667978  0.012247
1015  0.29335  0.009589  0.667978  0.012247
1016  0.29335  0.009589  0.667978  0.012247
1017  0.29335  0.009589  0.667978  0.012247
1018  0.293345  0.00958872  0.668914  0.0121623
1019  0.293338  0.00958842  0.668727  0.0121735
1020  0.293322  0.00958762  0.667978  0.012247
1021  0.293314  0.00958724  0.667978  0.012247
1022  0.293314  0.00958724  0.667978  0.012247
1023  0.293314  0.00958724  0.667978  0.012247
1024  0.293314  0.00958722  0.667978  0.012247
1025  0.293313  0.00958722  0.667978  0.012247
1026  0.293313  0.00958722  0.667978  0.012247
1027  0.293313  0.00958719  0.667978  0.012247
1028  0.293313  0.00958719  0.667978  0.012247
1029  0.293313  0.00958719  0.667978  0.012247
1030  0.293313  0.00958719  0.667978  0.012247
1031  0.293313  0.00958719  0.667978  0.012247
1032  0.293313  0.00958718  0.667978  0.012247
1033  0.293311  0.00958703  0.667978  0.012247
1034  0.293311  0.00958703  0.667978  0.012247
1035  0.29331  0.00958693  0.667978  0.012247
1036  0.293309  0.00958682  0.667978  0.012247
1037  0.293306  0.00958699  0.667978  0.012247
1038  0.293291  0.00958781  0.667978  0.012247
1039  0.293291  0.00958781  0.667978  0.012247
1040  0.293291  0.00958779  0.667978  0.012247
1041  0.293291  0.00958779  0.667978  0.012247
1042  0.293248  0.00958857  0.667978  0.012247
1043  0.29324  0.00958805  0.667978  0.012247
1044  0.29324  0.00958805  0.667978  0.012247
1045  0.29324  0.00958805  0.667978  0.012247
1046  0.29324  0.00958805  0.667978  0.012247
1047  0.29324  0.00958806  0.667978  0.012247
1048  0.29324  0.00958807  0.667978  0.012247
1049  0.29324  0.00958807  0.667978  0.012247
1050  0.29324  0.00958807  0.667978  0.012247
1051  0.29324  0.00958807  0.667978  0.012247
1052  0.29324  0.00958807  0.667978  0.012247
1053  0.293233  0.00958842  0.667978  0.012247
1054  0.293233  0.00958842  0.667978  0.012247
1055  0.293233  0.00958842  0.667978  0.012247
1056  0.293231  0.00958827  0.667978  0.012247
1057  0.29323  0.00958814  0.667978  0.012247
1058  0.29323  0.00958814  0.667978  0.012247
1059  0.29323  0.00958814  0.667978  0.012247
1060  0.29323  0.00958814  0.667978  0.012247
1061  0.29323  0.00958814  0.667978  0.012247
1062  0.29323  0.00958814  0.667978  0.012247
1063  0.29323  0.00958814  0.667978  0.012247
1064  0.29323  0.00958814  0.667978  0.012247
1065  0.29323  0.00958814  0.667978  0.012247
1066  0.293229  0.00958805  0.667978  0.012247
1067  0.293226  0.00958785  0.667978  0.012247
1068  0.293218  0.00958729  0.667978  0.012247
1069  0.293209  0.00958664  0.667978  0.012247
1070  0.293209  0.00958664  0.667978  0.012247
1071  0.293209  0.00958664  0.667978  0.012247
1072  0.293209  0.00958664  0.667978  0.012247
1073  0.293209  0.00958664  0.667978  0.012247
1074  0.293209  0.00958664  0.667978  0.012247
1075  0.293201  0.00958607  0.667978  0.012247
1076  0.293201  0.00958607  0.667978  0.012247
1077  0.293201  0.00958607  0.667978  0.012247
1078  0.293201  0.00958607  0.667978  0.012247
1079  0.293193  0.00958652  0.667978  0.012247
1080  0.293135  0.00958986  0.667978  0.012247
1081  0.293128  0.0095901  0.667978  0.012247
1082  0.293128  0.0095901  0.667978  0.012247
1083  0.293116  0.00958998  0.667978  0.012247
1084  0.293103  0.00958993  0.667978  0.012247
1085  0.293103  0.00958993  0.667978  0.012247
1086  0.293103  0.00958993  0.667978  0.012247
1087  0.293103  0.00958993  0.667978  0.012247
1088  0.293103  0.00958993  0.667978  0.012247
1089  0.293083  0.00959108  0.667978  0.012247
1090  0.293083  0.00959109  0.667978  0.012247
1091  0.29307  0.00959025  0.667978  0.012247
1092  0.29307  0.00959025  0.667978  0.012247
1093  0.293063  0.00958982  0.667978  0.012247
1094  0.293061  0.00958968  0.667978  0.012247
1095  0.293057  0.00958939  0.667978  0.012247
1096  0.293055  0.00958927  0.667978  0.012247
1097  0.293052  0.00958908  0.667978  0.012247
1098  0.293049  0.00958883  0.667978  0.012247
1099  0.293049  0.00958883  0.667978  0.012247
1100  0.293049  0.00958878  0.667978  0.012247
1101  0.293049  0.00958878  0.667978  0.012247
1102  0.293041  0.00958827  0.667978  0.012247
1103  0.293041  0.00958827  0.667978  0.012247
1104  0.293041  0.00958827  0.667978  0.012247
1105  0.293015  0.00958925  0.667978  0.012247
1106  0.293001  0.00958818  0.667978  0.012247
1107  0.293001  0.00958818  0.667978  0.012247
1108  0.293001  0.00958818  0.667978  0.012247
1109  0.293001  0.00958818  0.667978  0.012247
1110  0.292997  0.00958796  0.667978  0.012247
1111  0.292995  0.00958783  0.667978  0.012247
1112  0.292984  0.00958692  0.667978  0.012247
1113  0.292984  0.00958692  0.667978  0.012247
1114  0.292984  0.00958692  0.667978  0.012247
1115  0.292982  0.00958677  0.667978  0.012247
1116  0.292982  0.00958677  0.667978  0.012247
1117  0.292981  0.00958679  0.667978  0.012247
1118  0.292981  0.00958679  0.667978  0.012247
1119  0.292981  0.00958679  0.667978  0.012247
1120  0.292981  0.00958679  0.667978  0.012247
1121  0.292981  0.00958679  0.667978  0.012247
1122  0.29298  0.00958677  0.667978  0.012247
1123  0.29298  0.00958677  0.667978  0.012247
1124  0.29298  0.00958677  0.667978  0.012247
1125  0.29298  0.00958678  0.667978  0.012247
1126  0.292977  0.00958658  0.667978  0.012247
1127  0.292976  0.00958652  0.667978  0.012247
1128  0.292975  0.00958646  0.667978  0.012247
1129  0.292975  0.00958646  0.667978  0.012247
1130  0.292975  0.00958646  0.667978  0.012247
1131  0.292975  0.00958646  0.667978  0.012247
1132  0.292975  0.00958646  0.667978  0.012247
1133  0.292975  0.00958646  0.667978  0.012247
1134  0.292975  0.00958646  0.667978  0.012247
1135  0.292975  0.00958646  0.667978  0.012247
1136  0.292975  0.00958646  0.667978  0.012247
1137  0.292975  0.00958646  0.667978  0.012247
1138  0.292975  0.00958646  0.667978  0.012247
1139  0.292975  0.00958646  0.667978  0.012247
1140  0.292975  0.00958646  0.667978  0.012247
1141  0.292974  0.00958644  0.667978  0.012247
1142  0.292974  0.00958644  0.667978  0.012247
1143  0.292974  0.00958644  0.667978  0.012247
1144  0.292974  0.00958644  0.667978  0.012247
1145  0.292974  0.00958644  0.667978  0.012247
1146  0.292974  0.00958639  0.667978  0.012247
1147  0.292974  0.00958639  0.667978  0.012247
1148  0.292973  0.00958637  0.667697  0.0122647
1149  0.292966  0.00958582  0.667697  0.0122647
1150  0.292964  0.00958563  0.667697  0.0122647
1151  0.292964  0.00958557  0.667697  0.0122647
1152  0.292963  0.00958547  0.667697  0.0122647
1153  0.292963  0.00958547  0.667697  0.0122647
1154  0.292963  0.00958547  0.667697  0.0122647
1155  0.292963  0.00958547  0.667697  0.0122647
1156  0.292963  0.00958547  0.667697  0.0122647
1157  0.292963  0.00958547  0.667697  0.0122647
1158  0.292961  0.00958545  0.667697  0.0122647
1159  0.292952  0.00958572  0.667697  0.0122647
1160  0.292952  0.00958573  0.667697  0.0122647
1161  0.292952  0.00958573  0.667697  0.0122647
1162  0.292951  0.00958573  0.667697  0.0122647
1163  0.29295  0.00958566  0.667697  0.0122647
1164  0.292949  0.00958558  0.667697  0.0122647
1165  0.292949  0.00958556  0.667697  0.0122647
1166  0.292945  0.0095853  0.667697  0.0122647
1167  0.292945  0.0095853  0.667697  0.0122647
1168  0.292934  0.00958565  0.667697  0.0122647
1169  0.292934  0.00958566  0.667697  0.0122647
1170  0.292934  0.00958566  0.667697  0.0122647
1171  0.292934  0.00958566  0.667697  0.0122647
1172  0.292934  0.00958566  0.667697  0.0122647
1173  0.292934  0.00958567  0.667697  0.0122647
1174  0.292934  0.00958567  0.667697  0.0122647
1175  0.292934  0.00958567  0.667697  0.0122647
1176  0.292934  0.00958567  0.667697  0.0122647
1177  0.292934  0.00958567  0.667697  0.0122647
1178  0.292934  0.00958567  0.667697  0.0122647
1179  0.292934  0.00958567  0.667697  0.0122647
1180  0.292934  0.00958567  0.667697  0.0122647
1181  0.292934  0.00958567  0.667697  0.0122647
1182  0.292934  0.00958567  0.667697  0.0122647
1183  0.292934  0.00958567  0.667697  0.0122647
1184  0.292934  0.00958567  0.667697  0.0122647
1185  0.292934  0.00958568  0.667697  0.0122647
1186  0.292933  0.00958569  0.667697  0.0122647
1187  0.292933  0.0095857  0.667697  0.0122647
1188  0.292933  0.00958571  0.667697  0.0122647
1189  0.292876  0.00958216  0.668633  0.0121802
1190  0.292859  0.00958118  0.668633  0.0121802
1191  0.292855  0.00958127  0.668633  0.0121802
1192  0.292854  0.00958127  0.668633  0.0121802
1193  0.292854  0.00958127  0.668633  0.0121802
1194  0.292854  0.00958127  0.668633  0.0121802
1195  0.292854  0.00958127  0.668633  0.0121802
1196  0.292842  0.00958163  0.668633  0.0121802
1197  0.292842  0.00958163  0.668633  0.0121802
1198  0.292842  0.00958163  0.668633  0.0121802
1199  0.292842  0.00958163  0.668633  0.0121802
1200  0.292842  0.00958163  0.668633  0.0121802
1201  0.29284  0.0095814  0.668633  0.0121802
1202  0.292798  0.00957992  0.668633  0.0121802
1203  0.292649  0.00957836  0.66882  0.0121806
1204  0.292618  0.009578  0.66882  0.0121806
1205  0.292528  0.00957784  0.66882  0.0121806
1206  0.292528  0.00957784  0.66882  0.0121806
1207  0.292528  0.00957784  0.66882  0.0121806
1208  0.292528  0.00957782  0.66882  0.0121806
1209  0.292525  0.00957759  0.66882  0.0121806
1210  0.292521  0.00957725  0.66882  0.0121806
1211  0.292506  0.00957616  0.66882  0.0121806
1212  0.292506  0.0095761  0.66882  0.0121806
1213  0.292504  0.00957598  0.66882  0.0121806
1214  0.292496  0.00957543  0.66882  0.0121806
1215  0.292496  0.00957544  0.66882  0.0121806
1216  0.292492  0.0095752  0.66882  0.0121806
1217  0.292481  0.00957457  0.66882  0.0121806
1218  0.292481  0.00957457  0.66882  0.0121806
1219  0.292481  0.00957457  0.66882  0.0121806
1220  0.292481  0.00957457  0.66882  0.0121806
1221  0.292481  0.00957457  0.66882  0.0121806
1222  0.292481  0.00957457  0.66882  0.0121806
1223  0.292481  0.00957457  0.66882  0.0121806
1224  0.292481  0.00957457  0.66882  0.0121806
1225  0.292481  0.00957457  0.66882  0.0121806
1226  0.292481  0.00957457  0.66882  0.0121806
1227  0.292472  0.00957516  0.66882  0.0121806
1228  0.292472  0.00957516  0.66882  0.0121806
1229  0.292472  0.00957517  0.66882  0.0121806
1230  0.292472  0.00957517  0.66882  0.0121806
1231  0.292472  0.00957517  0.66882  0.0121806
1232  0.292472  0.00957517  0.66882  0.0121806
1233  0.292472  0.00957517  0.66882  0.0121806
1234  0.29247  0.00957509  0.66882  0.0121806
1235  0.29247  0.00957509  0.66882  0.0121806
1236  0.29247  0.00957505  0.66882  0.0121806
1237  0.29247  0.00957505  0.66882  0.0121806
1238  0.29247  0.00957505  0.66882  0.0121806
1239  0.29247  0.00957505  0.66882  0.0121806
1240  0.292469  0.00957505  0.66882  0.0121806
1241  0.292469  0.00957505  0.66882  0.0121806
1242  0.292464  0.00957537  0.66882  0.0121806
1243  0.292463  0.00957543  0.66882  0.0121806
1244  0.292456  0.0095758  0.66882  0.0121806
1245  0.292456  0.0095758  0.66882  0.0121806
1246  0.292446  0.00957516  0.66882  0.0121806
1247  0.29244  0.00957477  0.66882  0.0121806
1248  0.292439  0.00957468  0.66882  0.0121806
1249  0.292439  0.00957468  0.66882  0.0121806
1250  0.292435  0.00957437  0.66882  0.0121806
1251  0.292429  0.00957391  0.66882  0.0121806
1252  0.292423  0.00957346  0.66882  0.0121806
1253  0.292421  0.00957333  0.66882  0.0121806
1254  0.292421  0.00957333  0.66882  0.0121806
1255  0.292414  0.00957282  0.66882  0.0121806
1256  0.29241  0.00957253  0.66882  0.0121806
1257  0.292409  0.00957247  0.66882  0.0121806
1258  0.292408  0.00957242  0.66882  0.0121806
1259  0.292408  0.00957242  0.66882  0.0121806
1260  0.292403  0.009572  0.66882  0.0121806
1261  0.292396  0.00957152  0.66882  0.0121806
1262  0.292394  0.00957131  0.66882  0.0121806
1263  0.292394  0.00957131  0.66882  0.0121806
1264  0.292394  0.00957131  0.66882  0.0121806
1265  0.292394  0.00957131  0.66882  0.0121806
1266  0.292394  0.00957131  0.66882  0.0121806
1267  0.292394  0.00957131  0.66882  0.0121806
1268  0.292394  0.00957131  0.66882  0.0121806
1269  0.292391  0.0095711  0.66882  0.0121806
1270  0.292391  0.0095711  0.66882  0.0121806
1271  0.29239  0.00957103  0.66882  0.0121806
1272  0.292386  0.00957072  0.66882  0.0121806
1273  0.292386  0.00957072  0.66882  0.0121806
1274  0.292386  0.00957072  0.66882  0.0121806
1275  0.292386  0.00957072  0.66882  0.0121806
1276  0.292386  0.00957072  0.66882  0.0121806
1277  0.292386  0.00957072  0.66882  0.0121806
1278  0.292386  0.00957072  0.66882  0.0121806
1279  0.292386  0.00957072  0.66882  0.0121806
1280  0.292386  0.00957072  0.66882  0.0121806
1281  0.292386  0.00957072  0.66882  0.0121806
1282  0.292386  0.00957072  0.66882  0.0121806
1283  0.292386  0.00957072  0.66882  0.0121806
1284  0.292386  0.00957072  0.66882  0.0121806
1285  0.292386  0.00957072  0.66882  0.0121806
1286  0.292386  0.00957072  0.66882  0.0121806
1287  0.292386  0.00957072  0.66882  0.0121806
1288  0.292386  0.00957072  0.66882  0.0121806
1289  0.292386  0.00957072  0.66882  0.0121806
1290  0.292386  0.00957072  0.66882  0.0121806
1291  0.292386  0.00957072  0.66882  0.0121806
1292  0.292386  0.00957072  0.66882  0.0121806
1293  0.292386  0.00957072  0.66882  0.0121806
1294  0.292355  0.00957162  0.66882  0.0121806
1295  0.292355  0.00957162  0.66882  0.0121806
1296  0.292355  0.00957162  0.66882  0.0121806
1297  0.292353  0.0095714  0.66882  0.0121806
1298  0.292353  0.0095714  0.66882  0.0121806
1299  0.292343  0.00957158  0.66882  0.0121806
1300  0.292343  0.00957158  0.66882  0.0121806
1301  0.292343  0.00957158  0.66882  0.0121806
1302  0.292343  0.00957158  0.66882  0.0121806
1303  0.292343  0.00957158  0.66882  0.0121806
1304  0.292343  0.00957158  0.66882  0.0121806
1305  0.292343  0.00957158  0.66882  0.0121806
1306  0.292343  0.00957158  0.66882  0.0121806
1307  0.29234  0.00957138  0.66882  0.0121806
1308  0.292326  0.00957038  0.66882  0.0121806
1309  0.292326  0.00957038  0.66882  0.0121806
1310  0.292296  0.00956848  0.668539  0.0121985
1311  0.292289  0.00956809  0.668352  0.0122139
1312  0.292287  0.00956799  0.668352  0.0122139
1313  0.292287  0.00956799  0.668352  0.0122139
1314  0.292287  0.00956799  0.668352  0.0122139
1315  0.292287  0.00956799  0.668352  0.0122139
1316  0.292287  0.00956799  0.668352  0.0122139
1317  0.292287  0.00956799  0.668352  0.0122139
1318  0.292287  0.00956799  0.668352  0.0122139
1319  0.292286  0.00956794  0.668352  0.0122139
1320  0.292281  0.00956762  0.668352  0.0122139
1321  0.29227  0.00956687  0.668352  0.0122139
1322  0.29226  0.00956622  0.668352  0.0122139
1323  0.292257  0.00956599  0.668352  0.0122139
1324  0.292257  0.00956599  0.668352  0.0122139
1325  0.292253  0.00956574  0.668352  0.0122139
1326  0.292245  0.00956621  0.668352  0.0122139
1327  0.292245  0.00956621  0.668352  0.0122139
1328  0.292245  0.00956621  0.668352  0.0122139
1329  0.292245  0.00956621  0.668352  0.0122139
1330  0.292245  0.00956621  0.668352  0.0122139
1331  0.292245  0.00956621  0.668352  0.0122139
1332  0.292245  0.00956621  0.668352  0.0122139
1333  0.292245  0.00956621  0.668352  0.0122139
1334  0.292245  0.00956621  0.668352  0.0122139
1335  0.292245  0.00956621  0.668352  0.0122139
1336  0.292245  0.00956621  0.668352  0.0122139
1337  0.292245  0.00956621  0.668352  0.0122139
1338  0.292225  0.00956683  0.668352  0.0122139
1339  0.292225  0.00956683  0.668352  0.0122139
1340  0.292225  0.00956683  0.668352  0.0122139
1341  0.292225  0.00956683  0.668352  0.0122139
1342  0.292225  0.00956683  0.668352  0.0122139
1343  0.292218  0.00956663  0.669476  0.0121901
1344  0.292218  0.00956663  0.669476  0.0121901
1345  0.292168  0.00956534  0.669476  0.0121901
1346  0.292168  0.00956534  0.669476  0.0121901
1347  0.292168  0.00956534  0.669476  0.0121901
1348  0.292168  0.00956534  0.669476  0.0121901
1349  0.292168  0.00956534  0.669476  0.0121901
1350  0.292168  0.00956534  0.669476  0.0121901
1351  0.292168  0.00956534  0.669476  0.0121901
1352  0.292168  0.00956534  0.669476  0.0121901
1353  0.292168  0.00956534  0.669476  0.0121901
1354  0.292168  0.00956534  0.669476  0.0121901
1355  0.292168  0.00956534  0.669476  0.0121901
1356  0.292168  0.00956534  0.669476  0.0121901
1357  0.292168  0.00956534  0.669476  0.0121901
1358  0.292168  0.00956534  0.669476  0.0121901
1359  0.292168  0.00956534  0.669476  0.0121901
1360  0.292168  0.0095653  0.669476  0.0121901
1361  0.292166  0.00956528  0.669476  0.0121901
1362  0.292164  0.00956514  0.669476  0.0121901
1363  0.292158  0.00956466  0.669476  0.0121901
1364  0.29215  0.00956408  0.669476  0.0121901
1365  0.292143  0.00956358  0.669476  0.0121901
1366  0.292143  0.00956359  0.669476  0.0121901
1367  0.292143  0.00956355  0.669476  0.0121901
1368  0.292141  0.00956342  0.669476  0.0121901
1369  0.292141  0.00956342  0.669476  0.0121901
1370  0.292132  0.00956281  0.669476  0.0121901
1371  0.292132  0.00956281  0.669476  0.0121901
1372  0.292132  0.00956281  0.669476  0.0121901
1373  0.292132  0.00956281  0.669476  0.0121901
1374  0.292132  0.00956281  0.669476  0.0121901
1375  0.292132  0.00956281  0.669476  0.0121901
1376  0.292132  0.00956281  0.669476  0.0121901
1377  0.292132  0.00956281  0.669476  0.0121901
1378  0.292132  0.00956281  0.669476  0.0121901
1379  0.292132  0.00956281  0.669476  0.0121901
1380  0.292132  0.00956281  0.669476  0.0121901
1381  0.292132  0.00956281  0.669476  0.0121901
1382  0.292132  0.00956281  0.669476  0.0121901
1383  0.292132  0.00956281  0.669476  0.0121901
1384  0.292132  0.00956281  0.669476  0.0121901
1385  0.292132  0.00956281  0.669476  0.0121901
1386  0.292132  0.00956281  0.669476  0.0121901
1387  0.292132  0.00956281  0.669476  0.0121901
1388  0.292132  0.00956281  0.669476  0.0121901
1389  0.292132  0.00956282  0.669476  0.0121901
1390  0.292131  0.00956282  0.669476  0.0121901
1391  0.292131  0.00956282  0.669476  0.0121901
1392  0.292131  0.00956282  0.669476  0.0121901
1393  0.292131  0.00956282  0.669476  0.0121901
1394  0.292131  0.00956282  0.669476  0.0121901
1395  0.292131  0.00956282  0.669476  0.0121901
1396  0.29213  0.00956272  0.669476  0.0121901
1397  0.29213  0.00956267  0.669476  0.0121901
1398  0.292129  0.00956265  0.669476  0.0121901
1399  0.292129  0.00956258  0.669476  0.0121901
1400  0.292129  0.00956258  0.669476  0.0121901
1401  0.292128  0.00956249  0.669476  0.0121901
1402  0.292126  0.00956244  0.669476  0.0121901
1403  0.292105  0.00956166  0.669476  0.0121901
1404  0.292086  0.00956109  0.669476  0.0121901
1405  0.292085  0.00956106  0.669476  0.0121901
1406  0.292019  0.00955915  0.670412  0.0121771
1407  0.292019  0.00955915  0.670412  0.0121771
1408  0.291972  0.00956245  0.670412  0.0121771
1409  0.291972  0.00956245  0.670412  0.0121771
1410  0.291972  0.00956245  0.670412  0.0121771
1411  0.291972  0.00956245  0.670412  0.0121771
1412  0.291972  0.00956243  0.670412  0.0121771
1413  0.291972  0.00956243  0.670412  0.0121771
1414  0.291972  0.00956243  0.670412  0.0121771
1415  0.291972  0.00956243  0.670412  0.0121771
1416  0.291969  0.00956223  0.670412  0.0121771
1417  0.291969  0.00956223  0.670412  0.0121771
1418  0.291963  0.0095619  0.670412  0.0121771
1419  0.291957  0.00956151  0.670412  0.0121771
1420  0.291921  0.00956033  0.670412  0.0121771
1421  0.291902  0.00955944  0.670412  0.0121771
1422  0.291896  0.00955895  0.670412  0.0121771
1423  0.291895  0.00955898  0.670412  0.0121771
1424  0.291895  0.00955898  0.670412  0.0121771
1425  0.291895  0.00955898  0.670412  0.0121771
1426  0.291895  0.00955898  0.670412  0.0121771
1427  0.291858  0.00956007  0.670412  0.0121771
1428  0.291847  0.00955945  0.670412  0.0121771
1429  0.291847  0.00955945  0.670412  0.0121771
1430  0.291847  0.00955945  0.670412  0.0121771
1431  0.291846  0.00955935  0.670412  0.0121771
1432  0.291846  0.00955935  0.670412  0.0121771
1433  0.291846  0.00955934  0.670412  0.0121771
1434  0.291846  0.00955934  0.670412  0.0121771
1435  0.291846  0.00955934  0.670412  0.0121771
1436  0.291846  0.00955934  0.670412  0.0121771
1437  0.291846  0.00955934  0.670412  0.0121771
1438  0.291846  0.00955934  0.670412  0.0121771
1439  0.291846  0.00955934  0.670412  0.0121771
1440  0.291846  0.00955934  0.670412  0.0121771
1441  0.291846  0.00955934  0.670412  0.0121771
1442  0.291846  0.00955934  0.670412  0.0121771
1443  0.291846  0.00955934  0.670412  0.0121771
1444  0.291846  0.00955934  0.670412  0.0121771
1445  0.291846  0.00955934  0.670412  0.0121771
1446  0.291846  0.00955934  0.670412  0.0121771
1447  0.291846  0.00955934  0.670412  0.0121771
1448  0.291846  0.00955934  0.670412  0.0121771
1449  0.291843  0.0095594  0.670412  0.0121771
1450  0.291812  0.00956011  0.670412  0.0121771
1451  0.291809  0.00956019  0.670412  0.0121771
1452  0.291809  0.00956019  0.670412  0.0121771
1453  0.291809  0.00956019  0.670412  0.0121771
1454  0.291809  0.00956019  0.670412  0.0121771
1455  0.291809  0.00956019  0.670412  0.0121771
1456  0.291778  0.00956239  0.669476  0.0121177
1457  0.291778  0.00956239  0.669476  0.0121177
1458  0.291778  0.00956239  0.669476  0.0121177
1459  0.291778  0.00956239  0.669476  0.0121177
1460  0.291778  0.00956239  0.669476  0.0121177
1461  0.291775  0.00956246  0.669476  0.0121177
1462  0.291773  0.00956232  0.669476  0.0121177
1463  0.291772  0.0095623  0.669476  0.0121177
1464  0.291765  0.00956178  0.669476  0.0121177
1465  0.291765  0.00956178  0.669476  0.0121177
1466  0.291764  0.00956179  0.669476  0.0121177
1467  0.291764  0.00956179  0.669476  0.0121177
1468  0.291764  0.00956179  0.669476  0.0121177
1469  0.291764  0.00956179  0.669476  0.0121177
1470  0.291764  0.00956181  0.669476  0.0121177
1471  0.291764  0.00956181  0.669476  0.0121177
1472  0.291764  0.00956181  0.669476  0.0121177
1473  0.291764  0.00956181  0.669476  0.0121177
1474  0.291764  0.00956181  0.669476  0.0121177
1475  0.291764  0.00956179  0.669476  0.0121177
1476  0.291764  0.00956179  0.669476  0.0121177
1477  0.291763  0.0095618  0.669476  0.0121177
1478  0.291762  0.00956168  0.669476  0.0121177
1479  0.291762  0.00956168  0.669476  0.0121177
1480  0.291762  0.00956168  0.669476  0.0121177
1481  0.291758  0.0095614  0.669476  0.0121177
1482  0.291758  0.0095614  0.669476  0.0121177
1483  0.291752  0.00956093  0.669476  0.0121177
1484  0.291749  0.00956065  0.669476  0.0121177
1485  0.291745  0.00956037  0.669476  0.0121177
1486  0.291732  0.00955941  0.669476  0.0121177
1487  0.291732  0.00955941  0.669476  0.0121177
1488  0.291732  0.00955941  0.669476  0.0121177
1489  0.291731  0.00955944  0.669476  0.0121177
1490  0.291731  0.00955944  0.669476  0.0121177
1491  0.291731  0.00955944  0.669476  0.0121177
1492  0.291731  0.00955944  0.669476  0.0121177
1493  0.291731  0.00955944  0.669476  0.0121177
1494  0.291731  0.00955944  0.669476  0.0121177
1495  0.291731  0.00955944  0.669476  0.0121177
1496  0.291731  0.00955944  0.669476  0.0121177
1497  0.291727  0.00955914  0.669476  0.0121177
1498  0.291725  0.00955897  0.669476  0.0121177
1499  0.291725  0.00955897  0.669476  0.0121177
1500  0.291723  0.00955881  0.669476  0.0121177
1501  0.291717  0.00955875  0.669476  0.0121177
1502  0.291716  0.00955868  0.669476  0.0121177
1503  0.291708  0.00955834  0.669476  0.0121177
1504  0.291708  0.00955834  0.669476  0.0121177
1505  0.291708  0.00955835  0.669476  0.0121177
1506  0.291708  0.00955835  0.669476  0.0121177
1507  0.2917  0.00955832  0.669476  0.0121177
1508  0.2917  0.00955832  0.669476  0.0121177
1509  0.291699  0.00955833  0.669476  0.0121177
1510  0.291685  0.00955785  0.669476  0.0121177
1511  0.291685  0.00955785  0.669476  0.0121177
1512  0.291685  0.00955785  0.669476  0.0121177
1513  0.291648  0.00955932  0.669476  0.0121177
1514  0.291648  0.00955932  0.669476  0.0121177
1515  0.291648  0.00955932  0.669476  0.0121177
1516  0.291648  0.00955932  0.669476  0.0121177
1517  0.291648  0.00955932  0.669476  0.0121177
1518  0.291646  0.00955912  0.669476  0.0121177
1519  0.291644  0.00955901  0.669476  0.0121177
1520  0.291643  0.00955895  0.669476  0.0121177
1521  0.291643  0.00955891  0.669476  0.0121177
1522  0.291642  0.00955886  0.669476  0.0121177
1523  0.291642  0.00955886  0.669476  0.0121177
1524  0.291639  0.00955859  0.669476  0.0121177
1525  0.291638  0.00955845  0.669476  0.0121177
1526  0.291635  0.00955815  0.669476  0.0121177
1527  0.291635  0.00955815  0.669476  0.0121177
1528  0.291635  0.00955815  0.669476  0.0121177
1529  0.291635  0.00955815  0.669476  0.0121177
1530  0.291635  0.00955815  0.669476  0.0121177
1531  0.291635  0.00955815  0.669476  0.0121177
1532  0.291635  0.00955815  0.669476  0.0121177
1533  0.291635  0.00955815  0.669476  0.0121177
1534  0.291635  0.00955815  0.669476  0.0121177
1535  0.291635  0.00955815  0.669476  0.0121177
1536  0.291635  0.00955815  0.669476  0.0121177
1537  0.291635  0.00955815  0.669476  0.0121177
1538  0.29163  0.00955808  0.669476  0.0121177
1539  0.29163  0.00955808  0.669476  0.0121177
1540  0.291628  0.00955811  0.669476  0.0121177
1541  0.291627  0.00955805  0.669476  0.0121177
1542  0.291626  0.00955793  0.669476  0.0121177
1543  0.291626  0.00955792  0.669476  0.0121177
1544  0.291623  0.0095577  0.669476  0.0121177
1545  0.291623  0.0095577  0.669476  0.0121177
1546  0.291623  0.00955763  0.669476  0.0121177
1547  0.291623  0.00955763  0.669476  0.0121177
1548  0.29162  0.00955742  0.669476  0.0121177
1549  0.29162  0.0095574  0.669476  0.0121177
1550  0.291619  0.0095573  0.669476  0.0121177
1551  0.291619  0.0095573  0.669476  0.0121177
1552  0.291619  0.0095573  0.669476  0.0121177
1553  0.291617  0.00955717  0.669476  0.0121177
1554  0.291615  0.00955718  0.669476  0.0121177
1555  0.291614  0.00955713  0.669476  0.0121177
1556  0.291612  0.00955692  0.669476  0.0121177
1557  0.291612  0.00955692  0.669476  0.0121177
1558  0.291611  0.00955683  0.669476  0.0121177
1559  0.291611  0.00955683  0.669476  0.0121177
1560  0.291608  0.00955664  0.669476  0.0121177
1561  0.291608  0.00955664  0.669476  0.0121177
1562  0.291608  0.00955664  0.669476  0.0121177
1563  0.291608  0.00955664  0.669476  0.0121177
1564  0.291608  0.00955664  0.669476  0.0121177
1565  0.291608  0.00955664  0.669476  0.0121177
1566  0.291599  0.00955685  0.669476  0.0121177
1567  0.291599  0.00955685  0.669476  0.0121177
1568  0.291599  0.00955685  0.669476  0.0121177
1569  0.291599  0.00955685  0.669476  0.0121177
1570  0.291599  0.00955685  0.669476  0.0121177
1571  0.291598  0.00955672  0.669757  0.0120996
1572  0.291598  0.00955672  0.669757  0.0120996
1573  0.291598  0.00955672  0.669757  0.0120996
1574  0.291598  0.00955672  0.669757  0.0120996
1575  0.291585  0.00955599  0.669757  0.0120996
1576  0.291583  0.00955586  0.669757  0.0120996
1577  0.291567  0.00955496  0.669757  0.0120996
1578  0.291567  0.00955496  0.669757  0.0120996
1579  0.291557  0.00955443  0.669757  0.0120996
1580  0.291548  0.00955396  0.669757  0.0120996
1581  0.291548  0.00955396  0.669757  0.0120996
1582  0.291548  0.00955396  0.669757  0.0120996
1583  0.291548  0.00955396  0.669757  0.0120996
1584  0.291548  0.00955396  0.669757  0.0120996
1585  0.291548  0.00955396  0.669757  0.0120996
1586  0.291548  0.00955396  0.669757  0.0120996
1587  0.291548  0.00955397  0.669757  0.0120996
1588  0.291548  0.00955397  0.669757  0.0120996
1589  0.291548  0.00955397  0.669757  0.0120996
1590  0.291548  0.00955397  0.669757  0.0120996
1591  0.291548  0.00955397  0.669757  0.0120996
1592  0.291548  0.00955397  0.669757  0.0120996
1593  0.291548  0.00955397  0.669757  0.0120996
1594  0.291548  0.00955397  0.669757  0.0120996
1595  0.291548  0.00955397  0.669757  0.0120996
1596  0.291548  0.00955397  0.669757  0.0120996
1597  0.291548  0.00955397  0.669757  0.0120996
1598  0.291548  0.00955397  0.669757  0.0120996
1599  0.291548  0.00955397  0.669757  0.0120996
1600  0.291548  0.00955397  0.669757  0.0120996
1601  0.291548  0.00955397  0.669757  0.0120996
1602  0.291545  0.00955381  0.669757  0.0120996
1603  0.291532  0.00955293  0.669757  0.0120996
1604  0.291532  0.00955293  0.669757  0.0120996
1605  0.29153  0.00955269  0.669757  0.0120996
1606  0.291529  0.00955265  0.669757  0.0120996
1607  0.291529  0.0095526  0.669757  0.0120996
1608  0.291528  0.00955257  0.669757  0.0120996
1609  0.291524  0.00955215  0.669757  0.0120996
1610  0.29152  0.00955183  0.669757  0.0120996
1611  0.291517  0.00955157  0.669757  0.0120996
1612  0.291512  0.00955123  0.669195  0.01214
1613  0.291509  0.00955101  0.669663  0.0120991
1614  0.291507  0.00955084  0.669663  0.0120991
1615  0.291507  0.00955084  0.66985  0.0120878
1616  0.291502  0.00955032  0.66985  0.0120878
1617  0.291501  0.00955033  0.66985  0.0120878
1618  0.291498  0.00955008  0.66985  0.0120878
1619  0.291498  0.00955008  0.66985  0.0120878
1620  0.291498  0.00955008  0.66985  0.0120878
1621  0.291498  0.00955008  0.66985  0.0120878
1622  0.291496  0.00954988  0.66985  0.0120878
1623  0.291496  0.00954988  0.66985  0.0120878
1624  0.291496  0.00954988  0.66985  0.0120878
1625  0.291496  0.00954988  0.66985  0.0120878
1626  0.291496  0.00954986  0.66985  0.0120878
1627  0.291496  0.00954986  0.66985  0.0120878
1628  0.291496  0.00954986  0.66985  0.0120878
1629  0.291496  0.00954986  0.66985  0.0120878
1630  0.291496  0.00954986  0.66985  0.0120878
1631  0.291496  0.00954986  0.66985  0.0120878
1632  0.291496  0.00954986  0.66985  0.0120878
1633  0.291496  0.00954986  0.66985  0.0120878
1634  0.291487  0.00955004  0.66985  0.0120878
1635  0.291485  0.00955006  0.66985  0.0120878
1636  0.291485  0.00955006  0.66985  0.0120878
1637  0.291485  0.00955006  0.66985  0.0120878
1638  0.291485  0.00955006  0.66985  0.0120878
1639  0.291485  0.00955006  0.66985  0.0120878
1640  0.291485  0.00955006  0.66985  0.0120878
1641  0.291484  0.0095499  0.66985  0.0120878
1642  0.29148  0.00954964  0.66985  0.0120878
1643  0.29148  0.00954959  0.66985  0.0120878
1644  0.291479  0.0095495  0.66985  0.0120878
1645  0.291479  0.0095495  0.66985  0.0120878
1646  0.291423  0.00955182  0.66985  0.0120878
1647  0.291423  0.00955182  0.66985  0.0120878
1648  0.291423  0.00955182  0.66985  0.0120878
1649  0.291423  0.00955182  0.66985  0.0120878
1650  0.291423  0.00955182  0.66985  0.0120878
1651  0.291423  0.00955182  0.66985  0.0120878
1652  0.291423  0.00955182  0.66985  0.0120878
1653  0.291423  0.00955182  0.66985  0.0120878
1654  0.291423  0.00955182  0.66985  0.0120878
1655  0.291422  0.00955173  0.66985  0.0120878
1656  0.291422  0.00955173  0.66985  0.0120878
1657  0.291422  0.00955173  0.66985  0.0120878
1658  0.291422  0.00955173  0.66985  0.0120878
1659  0.291422  0.00955173  0.66985  0.0120878
1660  0.291421  0.00955175  0.66985  0.0120878
1661  0.291421  0.00955175  0.66985  0.0120878
1662  0.291421  0.00955175  0.66985  0.0120878
1663  0.291421  0.00955175  0.66985  0.0120878
1664  0.291421  0.00955175  0.66985  0.0120878
1665  0.291421  0.00955175  0.66985  0.0120878
1666  0.291421  0.00955175  0.66985  0.0120878
1667  0.291421  0.00955175  0.66985  0.0120878
1668  0.291421  0.00955175  0.66985  0.0120878
1669  0.291421  0.00955175  0.66985  0.0120878
1670  0.291421  0.00955175  0.66985  0.0120878
1671  0.291421  0.00955175  0.66985  0.0120878
1672  0.291421  0.00955175  0.66985  0.0120878
1673  0.291404  0.0095509  0.669757  0.0120996
1674  0.291399  0.00955064  0.669757  0.0120996
1675  0.291399  0.00955064  0.669757  0.0120996
1676  0.291399  0.00955064  0.669757  0.0120996
1677  0.291399  0.00955064  0.669757  0.0120996
1678  0.291399  0.00955064  0.669757  0.0120996
1679  0.291393  0.00955006  0.669757  0.0120996
1680  0.291387  0.00954954  0.669757  0.0120996
1681  0.291387  0.00954954  0.669757  0.0120996
1682  0.291387  0.00954954  0.669757  0.0120996
1683  0.291386  0.00954955  0.669757  0.0120996
1684  0.291386  0.00954956  0.669757  0.0120996
1685  0.291386  0.00954956  0.669757  0.0120996
1686  0.291386  0.00954956  0.669757  0.0120996
1687  0.291361  0.0095514  0.669757  0.0120996
1688  0.291361  0.00955141  0.669757  0.0120996
1689  0.291359  0.00955124  0.670693  0.0120134
1690  0.291351  0.00955076  0.669944  0.0120766
1691  0.291351  0.00955076  0.669944  0.0120766
1692  0.291314  0.00955201  0.671629  0.012073
1693  0.291314  0.00955201  0.671629  0.012073
1694  0.291314  0.00955201  0.671629  0.012073
1695  0.291312  0.00955187  0.671629  0.012073
1696  0.291311  0.00955188  0.671629  0.012073
1697  0.29131  0.00955179  0.671629  0.012073
1698  0.291306  0.00955152  0.671629  0.012073
1699  0.291306  0.00955152  0.671629  0.012073
1700  0.291306  0.00955152  0.671629  0.012073
1701  0.291306  0.00955152  0.671629  0.012073
1702  0.291293  0.00955087  0.672566  0.0119861
1703  0.291288  0.00955104  0.672566  0.0119861
1704  0.291267  0.00955005  0.672566  0.0119861
1705  0.291261  0.00954972  0.672566  0.0119861
1706  0.291257  0.00954956  0.672566  0.0119861
1707  0.291255  0.00954943  0.672566  0.0119861
1708  0.291253  0.00954929  0.672566  0.0119861
1709  0.29125  0.0095491  0.672566  0.0119861
1710  0.29125  0.0095491  0.672566  0.0119861
1711  0.29125  0.0095491  0.672566  0.0119861
1712  0.29125  0.0095491  0.672566  0.0119861
1713  0.29125  0.0095491  0.672566  0.0119861
1714  0.29125  0.0095491  0.672566  0.0119861
1715  0.29125  0.0095491  0.672566  0.0119861
1716  0.29125  0.0095491  0.672566  0.0119861
1717  0.291247  0.00954884  0.672566  0.0119861
1718  0.291247  0.00954884  0.672566  0.0119861
1719  0.291247  0.00954884  0.672566  0.0119861
1720  0.291247  0.00954884  0.672566  0.0119861
1721  0.291247  0.00954884  0.672566  0.0119861
1722  0.29124  0.00954848  0.672566  0.0119861
1723  0.29124  0.00954848  0.672566  0.0119861
1724  0.29124  0.00954848  0.672566  0.0119861
1725  0.29124  0.00954848  0.672566  0.0119861
1726  0.291234  0.00954817  0.672566  0.0119861
1727  0.291234  0.00954817  0.672566  0.0119861
1728  0.291234  0.00954817  0.672566  0.0119861
1729  0.291234  0.00954817  0.672566  0.0119861
1730  0.29123  0.00954825  0.672566  0.0119861
1731  0.29123  0.00954825  0.672566  0.0119861
1732  0.29123  0.00954825  0.672566  0.0119861
1733  0.29123  0.00954825  0.672566  0.0119861
1734  0.29123  0.00954825  0.672566  0.0119861
1735  0.29123  0.00954825  0.672566  0.0119861
1736  0.29123  0.00954825  0.672566  0.0119861
1737  0.29123  0.00954825  0.672566  0.0119861
1738  0.29123  0.00954825  0.672566  0.0119861
1739  0.291227  0.00954846  0.672566  0.0119861
1740  0.291227  0.00954846  0.672566  0.0119861
1741  0.291227  0.00954846  0.672566  0.0119861
1742  0.291227  0.00954846  0.672566  0.0119861
1743  0.291205  0.00954719  0.672566  0.0119861
1744  0.291201  0.00954725  0.672566  0.0119861
1745  0.291201  0.00954725  0.672566  0.0119861
1746  0.291201  0.00954725  0.672566  0.0119861
1747  0.29118  0.00954561  0.672566  0.0119861
1748  0.291177  0.00954538  0.672566  0.0119861
1749  0.291176  0.00954529  0.672566  0.0119861
1750  0.291174  0.00954516  0.672566  0.0119861
1751  0.291174  0.00954516  0.672566  0.0119861
1752  0.291173  0.00954505  0.672566  0.0119861
1753  0.291171  0.0095449  0.672566  0.0119861
1754  0.29117  0.00954482  0.672566  0.0119861
1755  0.291159  0.009544  0.672566  0.0119861
1756  0.291159  0.009544  0.672566  0.0119861
1757  0.291159  0.009544  0.672566  0.0119861
1758  0.291158  0.00954394  0.672566  0.0119861
1759  0.291156  0.00954377  0.672566  0.0119861
1760  0.291156  0.00954377  0.672566  0.0119861
1761  0.291156  0.00954377  0.672566  0.0119861
1762  0.291156  0.00954377  0.672566  0.0119861
1763  0.291156  0.00954377  0.672566  0.0119861
1764  0.291156  0.00954377  0.672566  0.0119861
1765  0.291156  0.00954377  0.672566  0.0119861
1766  0.291156  0.00954377  0.672566  0.0119861
1767  0.291156  0.00954377  0.672566  0.0119861
1768  0.291156  0.00954377  0.672566  0.0119861
1769  0.291156  0.00954377  0.672566  0.0119861
1770  0.291156  0.00954377  0.672566  0.0119861
1771  0.291154  0.00954382  0.672566  0.0119861
1772  0.291154  0.00954382  0.672566  0.0119861
1773  0.291154  0.00954382  0.672566  0.0119861
1774  0.291154  0.00954382  0.672566  0.0119861
1775  0.291154  0.00954382  0.672566  0.0119861
1776  0.291154  0.00954382  0.672566  0.0119861
1777  0.291145  0.00954315  0.673034  0.0119515
1778  0.291145  0.00954315  0.673034  0.0119515
1779  0.291145  0.00954315  0.673034  0.0119515
1780  0.291139  0.00954268  0.673034  0.0119515
1781  0.291137  0.00954253  0.673034  0.0119515
1782  0.291136  0.00954247  0.673034  0.0119515
1783  0.291136  0.00954247  0.673034  0.0119515
1784  0.291136  0.00954247  0.673034  0.0119515
1785  0.291136  0.00954247  0.673034  0.0119515
1786  0.291136  0.00954247  0.673034  0.0119515
1787  0.291136  0.00954247  0.673034  0.0119515
1788  0.291136  0.00954247  0.673034  0.0119515
1789  0.291134  0.00954234  0.673034  0.0119515
1790  0.291134  0.00954234  0.673034  0.0119515
1791  0.291127  0.0095422  0.673034  0.0119515
1792  0.291116  0.00954199  0.673034  0.0119515
1793  0.291108  0.00954186  0.673034  0.0119515
1794  0.291108  0.00954186  0.673034  0.0119515
1795  0.291108  0.00954186  0.673034  0.0119515
1796  0.291107  0.00954177  0.673034  0.0119515
1797  0.291104  0.0095415  0.673034  0.0119515
1798  0.291104  0.0095415  0.673034  0.0119515
1799  0.291102  0.00954157  0.673034  0.0119515
1800  0.291102  0.00954157  0.673034  0.0119515
1801  0.291102  0.00954157  0.673034  0.0119515
1802  0.291102  0.00954157  0.673034  0.0119515
1803  0.291102  0.00954157  0.673034  0.0119515
1804  0.2911  0.00954146  0.673034  0.0119515
1805  0.2911  0.00954146  0.673034  0.0119515
1806  0.2911  0.00954146  0.673034  0.0119515
1807  0.2911  0.00954146  0.673034  0.0119515
1808  0.291095  0.00954108  0.673034  0.0119515
1809  0.291095  0.00954108  0.673034  0.0119515
1810  0.291092  0.00954085  0.673034  0.0119515
1811  0.291092  0.00954085  0.673034  0.0119515
1812  0.291092  0.00954085  0.673034  0.0119515
1813  0.291092  0.00954085  0.673034  0.0119515
1814  0.291086  0.00954095  0.673034  0.0119515
1815  0.291086  0.00954095  0.673034  0.0119515
1816  0.291086  0.00954095  0.673034  0.0119515
1817  0.291086  0.00954095  0.673034  0.0119515
1818  0.291086  0.00954095  0.673034  0.0119515
1819  0.291086  0.00954095  0.673034  0.0119515
1820  0.291086  0.00954095  0.673034  0.0119515
1821  0.291086  0.00954095  0.673034  0.0119515
1822  0.291086  0.00954095  0.673034  0.0119515
1823  0.291086  0.00954095  0.673034  0.0119515
1824  0.291086  0.00954095  0.673034  0.0119515
1825  0.291086  0.00954095  0.673034  0.0119515
1826  0.291086  0.00954095  0.673034  0.0119515
1827  0.291086  0.00954095  0.673034  0.0119515
1828  0.291086  0.00954095  0.673034  0.0119515
1829  0.291086  0.00954095  0.673034  0.0119515
1830  0.291086  0.00954095  0.673034  0.0119515
1831  0.291086  0.00954095  0.673034  0.0119515
1832  0.291086  0.00954095  0.673034  0.0119515
1833  0.291086  0.00954095  0.673034  0.0119515
1834  0.291086  0.00954095  0.673034  0.0119515
1835  0.291086  0.00954095  0.673034  0.0119515
1836  0.291086  0.00954095  0.673034  0.0119515
1837  0.291086  0.00954095  0.673034  0.0119515
1838  0.291086  0.00954095  0.673034  0.0119515
1839  0.291084  0.00954082  0.673034  0.0119515
1840  0.291084  0.00954082  0.673034  0.0119515
1841  0.291071  0.00954011  0.673034  0.0119515
1842  0.291071  0.00954011  0.673034  0.0119515
1843  0.291071  0.00954011  0.673034  0.0119515
1844  0.291071  0.00954011  0.673034  0.0119515
1845  0.291067  0.00954022  0.673034  0.0119515
1846  0.291067  0.00954022  0.673034  0.0119515
1847  0.291067  0.00954022  0.673034  0.0119515
1848  0.291067  0.00954022  0.673034  0.0119515
1849  0.291067  0.00954022  0.673034  0.0119515
1850  0.291067  0.00954022  0.673034  0.0119515
1851  0.291067  0.00954022  0.673034  0.0119515
1852  0.291067  0.00954022  0.673034  0.0119515
1853  0.291063  0.0095401  0.673034  0.0119515
1854  0.291063  0.0095401  0.673034  0.0119515
1855  0.291063  0.0095401  0.673034  0.0119515
1856  0.291063  0.0095401  0.673034  0.0119515
1857  0.291063  0.0095401  0.673034  0.0119515
1858  0.291063  0.0095401  0.673034  0.0119515
1859  0.291063  0.00954007  0.673034  0.0119515
1860  0.291063  0.00954007  0.673034  0.0119515
1861  0.291063  0.00954007  0.673034  0.0119515
1862  0.291063  0.00954007  0.673034  0.0119515
1863  0.291063  0.00954007  0.673034  0.0119515
1864  0.291063  0.00954007  0.673034  0.0119515
1865  0.291063  0.00954007  0.673034  0.0119515
1866  0.291063  0.00954007  0.673034  0.0119515
1867  0.291049  0.00954048  0.673034  0.0119515
1868  0.291049  0.00954048  0.673034  0.0119515
1869  0.291049  0.00954048  0.673034  0.0119515
1870  0.291049  0.00954048  0.673034  0.0119515
1871  0.291049  0.00954048  0.673034  0.0119515
1872  0.291049  0.00954048  0.673034  0.0119515
1873  0.291049  0.00954048  0.673034  0.0119515
1874  0.291049  0.00954048  0.673034  0.0119515
1875  0.291049  0.00954048  0.673034  0.0119515
1876  0.291049  0.00954048  0.673034  0.0119515
1877  0.291047  0.00954036  0.673034  0.0119515
1878  0.291047  0.00954036  0.673034  0.0119515
1879  0.291047  0.00954036  0.673034  0.0119515
1880  0.291047  0.00954036  0.673034  0.0119515
1881  0.291047  0.00954036  0.673034  0.0119515
1882  0.291047  0.00954036  0.673034  0.0119515
1883  0.291037  0.0095398  0.673034  0.0119515
1884  0.291037  0.0095398  0.673034  0.0119515
1885  0.291037  0.0095398  0.673034  0.0119515
1886  0.291037  0.0095398  0.673034  0.0119515
1887  0.291037  0.00953981  0.673034  0.0119515
1888  0.291037  0.00953981  0.673034  0.0119515
1889  0.291037  0.00953981  0.673034  0.0119515
1890  0.291037  0.00953981  0.673034  0.0119515
1891  0.291037  0.00953981  0.673034  0.0119515
1892  0.291037  0.00953981  0.673034  0.0119515
1893  0.291037  0.00953981  0.673034  0.0119515
1894  0.291037  0.00953981  0.673034  0.0119515
1895  0.291037  0.00953982  0.673034  0.0119515
1896  0.291036  0.00953983  0.673034  0.0119515
1897  0.291036  0.00953983  0.673034  0.0119515
1898  0.291036  0.00953983  0.673034  0.0119515
1899  0.291036  0.00953983  0.673034  0.0119515
1900  0.291036  0.00953983  0.673034  0.0119515
1901  0.291029  0.00953999  0.673034  0.0119515
1902  0.291026  0.00953983  0.673034  0.0119515
1903  0.291026  0.00953983  0.673034  0.0119515
1904  0.291026  0.00953984  0.673034  0.0119515
1905  0.291015  0.00953906  0.673034  0.0119515
1906  0.291007  0.0095385  0.673034  0.0119515
1907  0.291005  0.00953831  0.673034  0.0119515
1908  0.291002  0.00953816  0.673034  0.0119515
1909  0.291002  0.00953816  0.673034  0.0119515
1910  0.290994  0.0095376  0.673034  0.0119515
1911  0.290994  0.00953758  0.673034  0.0119515
1912  0.290994  0.00953758  0.673034  0.0119515
1913  0.290989  0.00953712  0.673034  0.0119515
1914  0.290986  0.00953683  0.673034  0.0119515
1915  0.290984  0.0095366  0.673034  0.0119515
1916  0.290983  0.00953653  0.673034  0.0119515
1917  0.290982  0.00953639  0.673034  0.0119515
1918  0.290979  0.00953611  0.673034  0.0119515
1919  0.290977  0.00953594  0.673034  0.0119515
1920  0.290977  0.00953594  0.673034  0.0119515
1921  0.290977  0.00953594  0.673034  0.0119515
1922  0.290977  0.00953594  0.673034  0.0119515
1923  0.290977  0.00953594  0.673034  0.0119515
1924  0.290954  0.00953733  0.673034  0.0119515
1925  0.290954  0.00953733  0.673034  0.0119515
1926  0.290954  0.00953733  0.673034  0.0119515
1927  0.290954  0.00953733  0.673034  0.0119515
1928  0.290954  0.00953733  0.673034  0.0119515
1929  0.290954  0.00953733  0.673034  0.0119515
1930  0.290954  0.00953733  0.673034  0.0119515
1931  0.290954  0.00953733  0.673034  0.0119515
1932  0.290954  0.00953731  0.673034  0.0119515
1933  0.290952  0.00953714  0.673034  0.0119515
1934  0.290952  0.00953714  0.673034  0.0119515
1935  0.290952  0.00953714  0.673034  0.0119515
1936  0.290948  0.00953728  0.673034  0.0119515
1937  0.290948  0.00953725  0.673034  0.0119515
1938  0.290946  0.0095371  0.673034  0.0119515
1939  0.290946  0.0095371  0.673034  0.0119515
1940  0.290946  0.0095371  0.673034  0.0119515
1941  0.290946  0.0095371  0.673034  0.0119515
1942  0.290946  0.0095371  0.673034  0.0119515
1943  0.290946  0.0095371  0.673034  0.0119515
1944  0.290946  0.0095371  0.673034  0.0119515
1945  0.290946  0.0095371  0.673034  0.0119515
1946  0.290946  0.0095371  0.673034  0.0119515
1947  0.290946  0.0095371  0.673034  0.0119515
1948  0.290946  0.0095371  0.673034  0.0119515
1949  0.290945  0.00953696  0.673034  0.0119515
1950  0.290945  0.00953696  0.673034  0.0119515
1951  0.290945  0.00953696  0.673034  0.0119515
1952  0.290944  0.00953687  0.673034  0.0119515
1953  0.290944  0.00953687  0.673034  0.0119515
1954  0.290944  0.00953687  0.673034  0.0119515
1955  0.290944  0.00953687  0.673034  0.0119515
1956  0.290944  0.00953687  0.673034  0.0119515
1957  0.290944  0.00953687  0.673034  0.0119515
1958  0.290944  0.00953687  0.673034  0.0119515
1959  0.290944  0.00953687  0.673034  0.0119515
1960  0.290944  0.00953687  0.673034  0.0119515
1961  0.290943  0.00953681  0.673034  0.0119515
1962  0.29094  0.00953661  0.673034  0.0119515
1963  0.290936  0.00953627  0.673034  0.0119515
1964  0.290919  0.00953523  0.673034  0.0119515
1965  0.290917  0.00953509  0.672846  0.0119631
1966  0.29091  0.0095346  0.672097  0.0120388
1967  0.290901  0.00953411  0.672097  0.0120388
1968  0.290895  0.00953382  0.672097  0.0120388
1969  0.290895  0.00953382  0.672097  0.0120388
1970  0.290895  0.00953382  0.672097  0.0120388
1971  0.290895  0.00953382  0.672097  0.0120388
1972  0.290895  0.00953382  0.672097  0.0120388
1973  0.290895  0.00953382  0.672097  0.0120388
1974  0.290895  0.00953382  0.672097  0.0120388
1975  0.290895  0.00953382  0.672097  0.0120388
1976  0.290895  0.00953382  0.672097  0.0120388
1977  0.290895  0.00953382  0.672097  0.0120388
1978  0.290895  0.00953382  0.672097  0.0120388
1979  0.290895  0.00953382  0.672097  0.0120388
1980  0.290895  0.00953382  0.672097  0.0120388
1981  0.290895  0.00953382  0.672097  0.0120388
1982  0.290895  0.00953382  0.672097  0.0120388
1983  0.290895  0.00953382  0.672097  0.0120388
1984  0.290883  0.00953323  0.672097  0.0120388
1985  0.290881  0.00953314  0.672097  0.0120388
1986  0.290874  0.00953284  0.672097  0.0120388
1987  0.290871  0.00953266  0.672097  0.0120388
1988  0.290843  0.00953144  0.672285  0.0120155
1989  0.290821  0.00953093  0.672753  0.01197
1990  0.29082  0.00953093  0.672753  0.01197
1991  0.290813  0.009531  0.672753  0.01197
1992  0.290808  0.00953105  0.672753  0.01197
1993  0.290808  0.00953105  0.672753  0.01197
1994  0.290808  0.00953105  0.672753  0.01197
1995  0.290795  0.00953182  0.672753  0.01197
1996  0.290795  0.00953182  0.672753  0.01197
1997  0.290795  0.00953182  0.672753  0.01197
1998  0.290795  0.00953182  0.672753  0.01197
1999  0.290795  0.00953182  0.672753  0.01197
