#sample=5812
0  0.410517  0.00203219  0.356315  0.00506938
1  0.345717  0.00242624  0.504663  0.00558853
2  0.304315  0.00275203  0.557906  0.00570747
3  0.280149  0.00296268  0.574079  0.00574324
4  0.267093  0.00307233  0.580764  0.00576023
5  0.26065  0.00311484  0.584455  0.00575947
6  0.256591  0.00313281  0.585883  0.00576428
7  0.253764  0.00314328  0.588369  0.00576813
8  0.251278  0.00314902  0.589522  0.00577002
9  0.249473  0.0031523  0.59052  0.0057702
10  0.247796  0.00315323  0.590287  0.00577841
11  0.246286  0.0031525  0.590545  0.00578679
12  0.244846  0.00315218  0.591182  0.00578616
13  0.243762  0.00315206  0.591715  0.00578336
14  0.242754  0.00315102  0.591664  0.00578473
15  0.241817  0.003149  0.592378  0.0057806
16  0.240987  0.00314565  0.59292  0.00577415
17  0.24021  0.00314191  0.592851  0.00577885
18  0.239457  0.0031382  0.592903  0.00577896
19  0.238751  0.003135  0.594563  0.00576316
20  0.238099  0.00313271  0.59532  0.00575773
21  0.237608  0.00313025  0.595819  0.00575337
22  0.237081  0.00312747  0.596111  0.00575112
23  0.236583  0.00312391  0.59686  0.00574524
24  0.236172  0.00312157  0.597385  0.00573951
25  0.235814  0.00311935  0.597651  0.00574007
26  0.23551  0.00311702  0.597944  0.00573658
27  0.235148  0.00311413  0.59803  0.00573622
28  0.234741  0.00311064  0.597694  0.00573776
29  0.234367  0.00310706  0.598572  0.00572743
30  0.234069  0.00310441  0.598408  0.00572907
31  0.233751  0.00310144  0.597909  0.00573388
32  0.233416  0.00309868  0.597591  0.00573866
33  0.233146  0.00309685  0.597436  0.00574134
34  0.232851  0.00309421  0.59834  0.00573248
35  0.232605  0.00309159  0.598512  0.00573167
36  0.232367  0.00308914  0.598529  0.0057315
37  0.232141  0.00308662  0.598993  0.00572832
38  0.231941  0.00308435  0.598985  0.00572872
39  0.231714  0.00308215  0.599114  0.00572676
40  0.231518  0.00308016  0.598864  0.00573076
41  0.231279  0.00307775  0.599759  0.0057209
42  0.231093  0.00307565  0.599544  0.00572351
43  0.230867  0.00307326  0.600705  0.00571065
44  0.230653  0.00307105  0.600998  0.00570651
45  0.230458  0.00306904  0.601789  0.00569975
46  0.230278  0.003067  0.602194  0.00569504
47  0.230126  0.00306539  0.602736  0.00569133
48  0.229943  0.00306346  0.602873  0.00568974
49  0.229795  0.00306187  0.603312  0.00568495
50  0.22959  0.00305973  0.603863  0.00567951
51  0.22941  0.00305752  0.604155  0.00567754
52  0.229233  0.00305534  0.603596  0.00568341
53  0.229082  0.00305365  0.603742  0.00568209
54  0.228918  0.00305176  0.603553  0.00568474
55  0.228782  0.00305039  0.603441  0.00568562
56  0.228636  0.00304873  0.603562  0.00568398
57  0.228525  0.00304752  0.603605  0.00568359
58  0.22837  0.00304578  0.604319  0.005675
59  0.228238  0.00304449  0.604301  0.0056786
60  0.228097  0.00304289  0.6048  0.00567356
61  0.227975  0.00304143  0.604766  0.00567599
62  0.227843  0.00304007  0.605145  0.00567282
63  0.22773  0.00303871  0.606142  0.00566191
64  0.227631  0.00303755  0.606633  0.00565588
65  0.227494  0.00303591  0.60671  0.005656
66  0.227391  0.00303479  0.606521  0.00565803
67  0.22726  0.00303337  0.607201  0.00565202
68  0.227125  0.00303184  0.607605  0.00564709
69  0.227016  0.00303057  0.607794  0.00564553
70  0.226881  0.00302907  0.607915  0.00564465
71  0.226771  0.00302801  0.607983  0.00564474
72  0.226667  0.00302688  0.608594  0.00563719
73  0.226534  0.00302537  0.609128  0.00563408
74  0.226428  0.00302406  0.609231  0.0056327
75  0.226311  0.00302289  0.609351  0.00563268
76  0.226196  0.00302163  0.609842  0.00562712
77  0.226089  0.00302061  0.609954  0.00562586
78  0.225973  0.0030195  0.609859  0.00562688
79  0.225849  0.00301808  0.609549  0.00563088
80  0.225752  0.00301689  0.609773  0.00562704
81  0.225647  0.00301562  0.610014  0.005623
82  0.225543  0.00301451  0.609979  0.00562342
83  0.225442  0.00301343  0.609592  0.00562793
84  0.22535  0.00301233  0.60948  0.0056285
85  0.225247  0.00301105  0.609825  0.0056253
86  0.225138  0.00300973  0.609644  0.00562752
87  0.225046  0.00300861  0.609893  0.0056228
88  0.224925  0.00300721  0.610358  0.00561775
89  0.224818  0.00300606  0.610633  0.00561517
90  0.224709  0.00300478  0.610513  0.00561613
91  0.224609  0.00300366  0.610754  0.00561411
92  0.224524  0.00300285  0.611132  0.00560922
93  0.224415  0.00300167  0.611674  0.00560406
94  0.224326  0.00300073  0.612104  0.0055974
95  0.22424  0.00299969  0.61201  0.0055984
96  0.22415  0.00299875  0.612078  0.00559709
97  0.224057  0.00299779  0.612078  0.00559671
98  0.223967  0.00299681  0.612216  0.00559464
99  0.223885  0.00299593  0.612328  0.0055933
100  0.223805  0.00299503  0.612354  0.00559318
101  0.223731  0.00299412  0.612595  0.00559077
102  0.223648  0.00299314  0.612681  0.00559165
103  0.223552  0.00299208  0.612965  0.00558827
104  0.223474  0.00299122  0.613119  0.00558601
105  0.223396  0.00299049  0.613515  0.00558163
106  0.223317  0.0029895  0.613704  0.00557939
107  0.223215  0.00298863  0.613971  0.00557948
108  0.223134  0.00298768  0.614031  0.00557936
109  0.223052  0.00298678  0.614272  0.00557718
110  0.222944  0.00298568  0.614341  0.00557653
111  0.222872  0.00298486  0.614599  0.00557519
112  0.222806  0.00298408  0.6149  0.00557061
113  0.222723  0.002983  0.614341  0.00557675
114  0.222648  0.0029821  0.614358  0.00557688
115  0.222571  0.0029813  0.614694  0.00557331
116  0.222517  0.00298074  0.61496  0.0055719
117  0.22241  0.00297999  0.615193  0.0055688
118  0.222346  0.00297933  0.615107  0.00556976
119  0.222278  0.00297852  0.615098  0.00556998
120  0.222221  0.00297785  0.615158  0.00557107
121  0.222162  0.00297712  0.615279  0.00556941
122  0.222092  0.00297632  0.615537  0.0055663
123  0.222013  0.00297544  0.615735  0.00556409
124  0.22194  0.00297453  0.615838  0.00556232
125  0.221882  0.00297381  0.616087  0.0055592
126  0.221762  0.00297239  0.616234  0.00555765
127  0.221699  0.00297172  0.616629  0.00555294
128  0.221648  0.00297116  0.616733  0.00555154
129  0.221582  0.00297056  0.616879  0.00554968
130  0.221522  0.00297004  0.617068  0.00554689
131  0.221474  0.00296961  0.616999  0.00554748
132  0.221416  0.00296902  0.617137  0.00554575
133  0.221367  0.00296858  0.617533  0.00554151
134  0.221303  0.00296786  0.617705  0.00553917
135  0.221243  0.00296721  0.617696  0.00553928
136  0.221189  0.00296656  0.617722  0.00553876
137  0.221129  0.00296588  0.617877  0.00553708
138  0.221066  0.00296508  0.617911  0.00553636
139  0.221017  0.00296456  0.618419  0.00553095
140  0.220957  0.00296392  0.618763  0.00552725
141  0.220906  0.0029633  0.618995  0.0055247
142  0.220845  0.00296257  0.619184  0.00552262
143  0.220784  0.00296184  0.619417  0.00552004
144  0.220749  0.00296145  0.619503  0.00551867
145  0.2207  0.00296091  0.61952  0.00551827
146  0.220646  0.00296025  0.619718  0.00551625
147  0.220574  0.0029593  0.619615  0.00551727
148  0.220512  0.00295866  0.619761  0.00551521
149  0.220463  0.00295808  0.61983  0.0055137
150  0.220407  0.00295747  0.61989  0.00551206
151  0.220356  0.00295698  0.619718  0.00551393
152  0.220304  0.00295642  0.61995  0.00551178
153  0.220242  0.00295583  0.620225  0.00550826
154  0.220194  0.00295528  0.620466  0.0055066
155  0.220127  0.00295452  0.62044  0.00550924
156  0.220081  0.00295398  0.620793  0.00550486
157  0.220039  0.0029535  0.620948  0.00550423
158  0.219976  0.00295293  0.620836  0.00550613
159  0.219912  0.00295221  0.621172  0.00550278
160  0.21986  0.00295153  0.621438  0.00550118
161  0.219816  0.00295111  0.621679  0.0054979
162  0.219743  0.00295041  0.621585  0.00549935
163  0.21968  0.00294966  0.621688  0.00549868
164  0.219633  0.00294911  0.622084  0.00549431
165  0.219582  0.00294862  0.622428  0.00549145
166  0.219541  0.00294818  0.622497  0.00549136
167  0.219503  0.00294774  0.622806  0.00548883
168  0.21945  0.00294711  0.622755  0.00548921
169  0.219411  0.00294667  0.623107  0.00548791
170  0.219374  0.00294622  0.6234  0.00548428
171  0.219325  0.00294568  0.623624  0.0054816
172  0.219283  0.00294525  0.623486  0.00548296
173  0.219239  0.00294473  0.623675  0.0054809
174  0.219198  0.00294422  0.623684  0.00548099
175  0.219144  0.00294364  0.623873  0.00547674
176  0.2191  0.00294314  0.6242  0.00547341
177  0.219051  0.00294262  0.624372  0.00547149
178  0.218994  0.00294195  0.624277  0.00547265
179  0.218953  0.00294149  0.624312  0.00547203
180  0.218899  0.00294096  0.624561  0.00546896
181  0.218864  0.00294057  0.624802  0.00546764
182  0.21882  0.00294009  0.624613  0.00546925
183  0.218787  0.00293969  0.624725  0.0054683
184  0.218741  0.00293911  0.624923  0.00546532
185  0.218708  0.00293865  0.624871  0.00546616
186  0.218651  0.00293809  0.625155  0.00546322
187  0.218616  0.00293764  0.625138  0.00546238
188  0.218574  0.00293716  0.625516  0.00545894
189  0.21852  0.00293665  0.62543  0.00545966
190  0.218477  0.00293612  0.625499  0.00545865
191  0.218421  0.00293551  0.625508  0.00545811
192  0.218383  0.002935  0.626093  0.00545107
193  0.218312  0.00293431  0.62617  0.00544943
194  0.218255  0.00293373  0.626394  0.00544641
195  0.218205  0.00293313  0.626342  0.00544665
196  0.218128  0.0029323  0.626239  0.00544766
197  0.218068  0.00293175  0.626247  0.00544754
198  0.21802  0.00293124  0.626471  0.00544523
199  0.217959  0.0029306  0.626437  0.00544551
200  0.217933  0.0029303  0.62654  0.00544448
201  0.217874  0.00292959  0.626678  0.00544301
202  0.217809  0.00292888  0.626789  0.00544035
203  0.217769  0.00292838  0.626979  0.00543872
204  0.217735  0.00292792  0.627091  0.00543713
205  0.217709  0.00292763  0.627004  0.00543827
206  0.217675  0.0029272  0.627159  0.00543603
207  0.217618  0.00292656  0.627443  0.00543237
208  0.21759  0.0029263  0.627538  0.00543286
209  0.217561  0.00292586  0.627469  0.00543377
210  0.21752  0.0029254  0.62765  0.00543151
211  0.217462  0.00292473  0.627719  0.00543078
212  0.217423  0.00292429  0.627968  0.00542815
213  0.217388  0.00292382  0.628252  0.00542433
214  0.217344  0.00292331  0.62814  0.00542542
215  0.217291  0.00292281  0.62826  0.00542542
216  0.217245  0.00292232  0.628209  0.00542764
217  0.217217  0.00292195  0.628028  0.0054296
218  0.217172  0.00292139  0.6282  0.0054276
219  0.217122  0.00292095  0.628028  0.00542834
220  0.217069  0.00292042  0.628527  0.00542376
221  0.217027  0.00291996  0.62839  0.00542546
222  0.216979  0.00291948  0.628398  0.00542505
223  0.216928  0.00291893  0.628656  0.00542131
224  0.216895  0.00291858  0.628785  0.00542005
225  0.216845  0.00291806  0.629035  0.00541741
226  0.216796  0.00291756  0.629362  0.00541376
227  0.216772  0.00291732  0.629387  0.00541377
228  0.216741  0.00291696  0.629198  0.00541458
229  0.216689  0.00291643  0.629319  0.00541275
230  0.216636  0.00291591  0.629852  0.00540688
231  0.216576  0.0029153  0.629955  0.00540461
232  0.21654  0.00291488  0.629964  0.00540487
233  0.216501  0.00291444  0.63005  0.00540478
234  0.216449  0.00291389  0.630093  0.00540393
235  0.216396  0.00291334  0.630256  0.00540485
236  0.216366  0.002913  0.630557  0.00540146
237  0.216346  0.00291273  0.630643  0.00539926
238  0.216311  0.00291233  0.630308  0.00540358
239  0.216285  0.00291204  0.630652  0.00539997
240  0.216261  0.00291181  0.630704  0.00540097
241  0.216223  0.00291142  0.630824  0.00540012
242  0.216197  0.00291112  0.630652  0.00540211
243  0.216156  0.0029107  0.630927  0.00539909
244  0.216123  0.00291027  0.630919  0.00539925
245  0.216087  0.0029098  0.631168  0.00539491
246  0.21605  0.00290937  0.63122  0.00539221
247  0.21602  0.00290901  0.631512  0.00538919
248  0.215988  0.00290864  0.631719  0.00538701
249  0.215948  0.00290819  0.631736  0.00538643
250  0.215914  0.00290781  0.631573  0.00538856
251  0.215882  0.00290742  0.631624  0.00538734
252  0.215853  0.00290704  0.631693  0.0053885
253  0.215813  0.00290662  0.632106  0.00538312
254  0.215778  0.00290628  0.631882  0.00538559
255  0.21574  0.00290592  0.631813  0.00538569
256  0.215688  0.00290535  0.631986  0.00538337
257  0.215649  0.0029049  0.632097  0.00538182
258  0.215618  0.00290463  0.632398  0.00537879
259  0.215576  0.00290417  0.632398  0.00538055
260  0.215544  0.00290382  0.632381  0.00538047
261  0.215513  0.00290346  0.632398  0.00537981
262  0.215471  0.00290298  0.63233  0.00537993
263  0.215444  0.00290266  0.632519  0.00537769
264  0.215405  0.00290223  0.6327  0.00537554
265  0.215385  0.00290202  0.632811  0.00537388
266  0.215349  0.00290163  0.632854  0.00537356
267  0.215314  0.00290115  0.633061  0.00536982
268  0.215282  0.00290069  0.633362  0.00536637
269  0.215258  0.00290037  0.633396  0.00536658
270  0.215235  0.00290012  0.633715  0.0053633
271  0.215199  0.00289971  0.633698  0.00536356
272  0.215164  0.00289931  0.633732  0.00536341
273  0.215118  0.0028988  0.633938  0.00536262
274  0.21508  0.00289834  0.634205  0.00535862
275  0.215053  0.00289802  0.634265  0.00535632
276  0.215021  0.0028976  0.634351  0.00535531
277  0.214996  0.0028973  0.634618  0.00535162
278  0.214968  0.00289703  0.634661  0.00535211
279  0.214928  0.00289659  0.63479  0.00535059
280  0.214903  0.00289631  0.634644  0.00535246
281  0.214872  0.00289601  0.63479  0.00535026
282  0.21484  0.00289565  0.634678  0.00535332
283  0.214808  0.00289533  0.63485  0.00535126
284  0.214775  0.00289497  0.635048  0.0053486
285  0.214749  0.00289468  0.634954  0.00534994
286  0.214713  0.00289426  0.63504  0.00534871
287  0.214693  0.00289401  0.635366  0.00534441
288  0.214658  0.0028937  0.635375  0.00534417
289  0.214623  0.00289326  0.635177  0.00534707
290  0.214592  0.00289287  0.634971  0.00534971
291  0.214566  0.00289261  0.634979  0.00535126
292  0.214534  0.00289228  0.63528  0.00534783
293  0.214509  0.00289202  0.635332  0.00534705
294  0.214489  0.0028918  0.635323  0.00535053
295  0.214449  0.0028913  0.635358  0.0053493
296  0.214398  0.00289071  0.635822  0.00534217
297  0.214365  0.00289032  0.636012  0.00533932
298  0.214348  0.00289009  0.636115  0.00533765
299  0.214304  0.0028896  0.636373  0.0053337
300  0.21428  0.00288931  0.636579  0.00533136
301  0.214239  0.00288888  0.637199  0.00532551
302  0.214216  0.00288864  0.637182  0.00532556
303  0.214183  0.00288824  0.637173  0.00532442
304  0.214159  0.00288793  0.637328  0.0053224
305  0.214142  0.00288772  0.637534  0.00531985
306  0.214122  0.00288742  0.63781  0.00531626
307  0.2141  0.00288715  0.63787  0.0053154
308  0.214062  0.00288675  0.638016  0.00531324
309  0.214029  0.00288638  0.638025  0.00531327
310  0.214012  0.00288619  0.637973  0.00531438
311  0.21399  0.00288595  0.638033  0.00531347
312  0.213974  0.00288581  0.638025  0.00531476
313  0.213948  0.00288555  0.637827  0.00531641
314  0.213901  0.00288513  0.637956  0.00531445
315  0.213889  0.00288503  0.638042  0.00531334
316  0.213866  0.00288479  0.638016  0.00531381
317  0.213834  0.00288449  0.638274  0.00531072
318  0.213797  0.0028842  0.638515  0.00530924
319  0.213772  0.00288391  0.638584  0.00530864
320  0.213733  0.00288346  0.638438  0.00531062
321  0.213681  0.00288296  0.638352  0.00531185
322  0.213648  0.00288264  0.638558  0.0053079
323  0.213628  0.00288242  0.638386  0.00530947
324  0.2136  0.00288215  0.638412  0.00530919
325  0.213574  0.00288192  0.6383  0.00530932
326  0.213554  0.00288176  0.638214  0.00531041
327  0.21353  0.00288149  0.638507  0.0053076
328  0.213514  0.0028813  0.638429  0.00530747
329  0.21349  0.00288104  0.638438  0.0053062
330  0.213472  0.00288083  0.638395  0.00530669
331  0.213451  0.00288059  0.638438  0.00530628
332  0.21343  0.00288035  0.638584  0.00530599
333  0.213404  0.00288005  0.63861  0.00530572
334  0.213379  0.00287982  0.638515  0.00530658
335  0.213359  0.0028796  0.638283  0.00530918
336  0.213334  0.00287928  0.638455  0.00530737
337  0.213285  0.00287891  0.638429  0.00530928
338  0.213257  0.00287859  0.638386  0.00530965
339  0.213211  0.0028781  0.638679  0.00530746
340  0.213192  0.00287784  0.638575  0.00530899
341  0.213158  0.00287742  0.63861  0.00530842
342  0.213125  0.00287701  0.63867  0.00530745
343  0.213109  0.00287684  0.638704  0.0053071
344  0.213064  0.00287636  0.639066  0.00530265
345  0.213035  0.0028761  0.639375  0.00530036
346  0.213013  0.00287587  0.639281  0.00530173
347  0.212998  0.00287568  0.639307  0.00530113
348  0.212967  0.00287541  0.639341  0.00530069
349  0.21294  0.00287515  0.639788  0.00529503
350  0.212917  0.00287491  0.639806  0.00529324
351  0.212888  0.0028746  0.639634  0.00529479
352  0.212869  0.00287439  0.639487  0.00529592
353  0.21284  0.00287401  0.639634  0.00529371
354  0.212813  0.00287372  0.639771  0.00529215
355  0.212796  0.00287352  0.639745  0.00529226
356  0.212775  0.00287331  0.63978  0.00529216
357  0.212749  0.00287304  0.639909  0.00529119
358  0.212708  0.00287254  0.639926  0.00528982
359  0.212671  0.00287216  0.640064  0.00528868
360  0.212629  0.00287169  0.640244  0.00528397
361  0.212599  0.00287129  0.640322  0.00528303
362  0.212575  0.00287105  0.640382  0.00528206
363  0.212555  0.00287083  0.640373  0.00528264
364  0.212519  0.00287047  0.640657  0.00528119
365  0.212506  0.00287031  0.640838  0.00527964
366  0.21248  0.00287  0.640907  0.00527913
367  0.212462  0.0028698  0.640915  0.00527908
368  0.212447  0.00286961  0.640984  0.00527825
369  0.212417  0.00286926  0.641191  0.00527578
370  0.212387  0.0028689  0.641096  0.00527808
371  0.212362  0.00286868  0.640993  0.00527889
372  0.212342  0.00286852  0.641165  0.00527776
373  0.212325  0.00286832  0.641268  0.00527633
374  0.212303  0.00286806  0.641595  0.00527237
375  0.212266  0.00286771  0.641724  0.00527136
376  0.212251  0.00286752  0.641698  0.00527116
377  0.212226  0.00286725  0.641578  0.00527443
378  0.21221  0.00286708  0.641784  0.00527156
379  0.212188  0.00286681  0.641948  0.00526944
380  0.212166  0.00286651  0.642163  0.0052667
381  0.21214  0.00286618  0.641991  0.00526906
382  0.212127  0.00286609  0.64193  0.00526988
383  0.212099  0.00286581  0.641974  0.00526917
384  0.212062  0.00286544  0.642128  0.00526901
385  0.212039  0.0028652  0.64181  0.00527257
386  0.212014  0.00286489  0.641965  0.00527065
387  0.211991  0.00286461  0.64212  0.00526879
388  0.211965  0.00286433  0.642266  0.00526749
389  0.211941  0.00286404  0.642361  0.00526624
390  0.2119  0.00286358  0.642421  0.00526584
391  0.211879  0.00286338  0.642395  0.005266
392  0.211849  0.00286312  0.642361  0.00526601
393  0.21182  0.00286273  0.642515  0.00526397
394  0.211801  0.00286253  0.642705  0.00526278
395  0.211759  0.00286212  0.642627  0.00526212
396  0.211737  0.00286191  0.642558  0.00526523
397  0.211725  0.00286179  0.64267  0.00526411
398  0.211693  0.00286146  0.642713  0.00526356
399  0.211669  0.00286124  0.642825  0.0052623
400  0.211633  0.00286096  0.642799  0.0052628
401  0.211609  0.00286068  0.642645  0.00526262
402  0.211588  0.00286041  0.642954  0.00525836
403  0.211551  0.00286004  0.643066  0.00525867
404  0.21153  0.0028598  0.642946  0.00526019
405  0.211514  0.00285961  0.642894  0.00526062
406  0.21149  0.0028594  0.643032  0.00526009
407  0.211471  0.00285919  0.643169  0.00525826
408  0.211443  0.00285893  0.643324  0.00525891
409  0.211428  0.00285875  0.643324  0.00525891
410  0.211405  0.00285851  0.643419  0.00525776
411  0.211397  0.00285842  0.643204  0.00526074
412  0.211378  0.00285823  0.643298  0.00525938
413  0.211354  0.00285806  0.643212  0.00526101
414  0.211339  0.00285788  0.643049  0.00526339
415  0.211306  0.00285756  0.642997  0.00526423
416  0.211275  0.0028572  0.643126  0.00526208
417  0.211246  0.002857  0.642997  0.0052643
418  0.211225  0.00285673  0.643049  0.00526384
419  0.211204  0.00285657  0.643204  0.00526298
420  0.21119  0.00285639  0.643075  0.00526441
421  0.211156  0.00285611  0.64329  0.00526304
422  0.211123  0.00285573  0.643453  0.00526079
423  0.211108  0.00285555  0.643462  0.00526097
424  0.211094  0.00285534  0.643548  0.00525986
425  0.211081  0.00285519  0.643462  0.00526091
426  0.211071  0.00285506  0.643445  0.00526102
427  0.211052  0.00285486  0.643238  0.00526351
428  0.211034  0.00285469  0.64347  0.00526072
429  0.211018  0.00285449  0.643513  0.00526023
430  0.211001  0.0028543  0.643496  0.00526051
431  0.210983  0.00285413  0.643728  0.00525758
432  0.210972  0.00285403  0.643531  0.00526036
433  0.210935  0.00285377  0.643548  0.00526166
434  0.210898  0.00285345  0.643582  0.00526146
435  0.210873  0.00285316  0.643479  0.00526267
436  0.210858  0.00285296  0.643436  0.0052634
437  0.210827  0.00285268  0.643479  0.0052622
438  0.210814  0.00285253  0.643772  0.00525888
439  0.210794  0.00285232  0.643789  0.00525874
440  0.210758  0.00285198  0.643832  0.00526038
441  0.210741  0.0028518  0.643849  0.00526006
442  0.210728  0.00285163  0.643513  0.00526461
443  0.210702  0.00285134  0.643427  0.00526484
444  0.210684  0.00285115  0.643703  0.00526113
445  0.210659  0.00285083  0.643995  0.00525812
446  0.210642  0.00285065  0.643987  0.00525852
447  0.210613  0.00285037  0.643918  0.00525797
448  0.210599  0.0028502  0.643918  0.00525796
449  0.210573  0.00284988  0.64409  0.00525596
450  0.210556  0.0028497  0.644176  0.00525473
451  0.210539  0.00284951  0.644357  0.00525233
452  0.21051  0.00284924  0.644296  0.00525276
453  0.21049  0.00284903  0.644468  0.00525053
454  0.210473  0.00284882  0.644718  0.00524702
455  0.210453  0.00284856  0.644683  0.00524747
456  0.210433  0.00284833  0.64483  0.00524574
457  0.210415  0.00284827  0.644821  0.00524591
458  0.2104  0.0028481  0.645071  0.0052431
459  0.210378  0.00284785  0.645337  0.0052398
460  0.210354  0.00284757  0.64532  0.00523936
461  0.210331  0.0028474  0.645483  0.00523799
462  0.210311  0.00284717  0.645535  0.00523852
463  0.210293  0.00284701  0.645656  0.00523564
464  0.210263  0.00284668  0.645888  0.00523287
465  0.210218  0.00284624  0.645948  0.00523216
466  0.210199  0.00284609  0.646017  0.00523075
467  0.210183  0.00284584  0.646146  0.00522902
468  0.210167  0.00284564  0.646172  0.00522875
469  0.210144  0.00284537  0.646103  0.00522941
470  0.210117  0.00284507  0.646155  0.00522896
471  0.210097  0.0028448  0.646077  0.00523012
472  0.210073  0.00284455  0.646241  0.00522777
473  0.210055  0.00284432  0.646395  0.00522585
474  0.210048  0.00284422  0.646481  0.00522455
475  0.210036  0.0028441  0.646585  0.00522285
476  0.210025  0.00284396  0.646653  0.00522229
477  0.209989  0.00284367  0.646834  0.00521857
478  0.209967  0.00284341  0.646834  0.00521842
479  0.209942  0.00284322  0.646894  0.00521765
480  0.209922  0.00284303  0.647118  0.0052151
481  0.209908  0.0028429  0.647273  0.00521317
482  0.209893  0.00284278  0.647368  0.00521187
483  0.20988  0.00284259  0.647368  0.00521187
484  0.209864  0.0028424  0.647436  0.00521105
485  0.209831  0.00284207  0.647608  0.00520892
486  0.209817  0.00284191  0.647892  0.00520504
487  0.209806  0.00284181  0.648047  0.00520431
488  0.209791  0.0028416  0.647987  0.00520522
489  0.209764  0.00284134  0.648021  0.00520591
490  0.209741  0.00284107  0.648159  0.00520469
491  0.209723  0.00284086  0.648082  0.0052058
492  0.209698  0.00284064  0.648125  0.00520516
493  0.209678  0.00284042  0.648331  0.00520267
494  0.209651  0.00284017  0.648606  0.00520028
495  0.209634  0.00283999  0.648581  0.00519987
496  0.209581  0.00283967  0.648959  0.00519829
497  0.209563  0.00283952  0.649123  0.00519659
498  0.209544  0.00283927  0.649226  0.00519541
499  0.209522  0.0028391  0.649338  0.00519416
500  0.209509  0.00283898  0.649252  0.00519508
501  0.209476  0.00283861  0.649131  0.00519697
502  0.209447  0.00283831  0.649432  0.00519445
503  0.20942  0.00283803  0.649432  0.00519445
504  0.209386  0.00283762  0.649432  0.00519421
505  0.209354  0.00283731  0.649441  0.00519392
506  0.209331  0.0028371  0.649527  0.00519276
507  0.209319  0.00283697  0.649819  0.00518852
508  0.209297  0.00283678  0.649802  0.00518775
509  0.20928  0.00283661  0.649794  0.00518765
510  0.209271  0.00283652  0.649604  0.00518991
511  0.209252  0.00283634  0.649673  0.00518931
512  0.209216  0.00283608  0.649673  0.00519133
513  0.209188  0.00283582  0.649923  0.00519053
514  0.209174  0.00283565  0.649983  0.00519034
515  0.209151  0.0028354  0.649768  0.00519338
516  0.209121  0.00283512  0.649811  0.0051948
517  0.209103  0.00283494  0.649897  0.00519344
518  0.209093  0.00283482  0.649733  0.00519452
519  0.209079  0.00283463  0.649819  0.00519312
520  0.209058  0.00283444  0.64988  0.00519239
521  0.209045  0.0028343  0.649991  0.005191
522  0.209032  0.00283416  0.650336  0.00518822
523  0.209019  0.00283399  0.650336  0.00518822
524  0.209012  0.0028339  0.65037  0.00518759
525  0.208981  0.00283358  0.650516  0.00518615
526  0.208967  0.00283341  0.650654  0.00518449
527  0.208953  0.00283322  0.650748  0.0051832
528  0.208935  0.00283302  0.651084  0.00517905
529  0.20892  0.00283287  0.65117  0.00517648
530  0.20891  0.00283276  0.650989  0.00518066
531  0.208898  0.00283263  0.651007  0.0051806
532  0.208878  0.00283247  0.651136  0.00518144
533  0.208857  0.00283223  0.651144  0.00518136
534  0.20885  0.00283214  0.651153  0.00518109
535  0.208833  0.00283206  0.651239  0.00517997
536  0.208816  0.00283183  0.651256  0.00517966
537  0.208806  0.0028317  0.65129  0.0051794
538  0.208773  0.00283136  0.65117  0.00518125
539  0.208756  0.00283117  0.65117  0.00518125
540  0.20874  0.00283101  0.651015  0.00518311
541  0.208723  0.00283083  0.651127  0.00518167
542  0.208711  0.00283069  0.651247  0.00518067
543  0.208698  0.00283057  0.651299  0.00517961
544  0.208687  0.00283042  0.65123  0.00518093
545  0.208668  0.0028302  0.651273  0.00518084
546  0.208633  0.00283002  0.651359  0.00518124
547  0.208606  0.00282976  0.651514  0.00518009
548  0.208594  0.00282963  0.6516  0.00517894
549  0.208568  0.00282933  0.651557  0.00517764
550  0.208548  0.00282905  0.651557  0.00517735
551  0.208519  0.00282874  0.651557  0.00517724
552  0.20851  0.00282864  0.651557  0.00517724
553  0.208503  0.00282859  0.651351  0.00518016
554  0.208485  0.00282846  0.651471  0.0051797
555  0.208467  0.00282826  0.651462  0.00517955
556  0.208442  0.00282798  0.651738  0.00517603
557  0.208417  0.00282769  0.651712  0.00517654
558  0.208394  0.00282741  0.651824  0.00517528
559  0.208382  0.00282726  0.65203  0.00517277
560  0.208366  0.00282707  0.651918  0.00517408
561  0.20834  0.00282682  0.651918  0.00517396
562  0.208321  0.00282665  0.651867  0.00517547
563  0.20831  0.00282652  0.651918  0.0051747
564  0.208286  0.00282627  0.651987  0.00517374
565  0.208266  0.00282604  0.652056  0.00517317
566  0.208253  0.00282587  0.652211  0.00517099
567  0.208238  0.0028257  0.652357  0.00516988
568  0.208218  0.00282547  0.652521  0.00516816
569  0.208204  0.00282541  0.652538  0.00516689
570  0.208195  0.00282526  0.652641  0.00516542
571  0.208182  0.00282514  0.652581  0.00516748
572  0.208167  0.00282497  0.652409  0.00516946
573  0.208149  0.00282475  0.652486  0.00516846
574  0.20813  0.0028245  0.652675  0.00516602
575  0.208122  0.0028244  0.652762  0.00516464
576  0.208108  0.00282425  0.652873  0.0051629
577  0.208086  0.00282401  0.652891  0.00516283
578  0.208066  0.0028238  0.652805  0.00516417
579  0.208046  0.00282359  0.652693  0.00516595
580  0.208035  0.00282346  0.652658  0.00516648
581  0.208019  0.00282329  0.652839  0.00516434
582  0.208006  0.00282318  0.652942  0.00516267
583  0.207992  0.00282306  0.653037  0.00516298
584  0.207981  0.00282295  0.653149  0.00516283
585  0.207962  0.00282278  0.652994  0.00516381
586  0.20795  0.00282266  0.653011  0.00516369
587  0.207935  0.00282253  0.652985  0.00516419
588  0.207926  0.00282238  0.652848  0.00516612
589  0.207909  0.00282214  0.653028  0.00516367
590  0.207898  0.00282203  0.653192  0.00516141
591  0.207884  0.00282186  0.653226  0.00516084
592  0.207874  0.00282172  0.653063  0.00516297
593  0.207867  0.00282162  0.653106  0.00516221
594  0.207858  0.00282153  0.65314  0.00516215
595  0.207845  0.00282136  0.653321  0.00515969
596  0.207835  0.00282123  0.653286  0.00516012
597  0.207826  0.00282114  0.653149  0.00516107
598  0.207814  0.002821  0.653071  0.00516204
599  0.2078  0.00282081  0.653329  0.0051587
600  0.207787  0.00282069  0.653433  0.0051572
601  0.207769  0.00282048  0.65345  0.00515691
602  0.207762  0.0028204  0.653484  0.00515634
603  0.207753  0.00282026  0.653493  0.00515619
604  0.207743  0.0028201  0.653639  0.0051543
605  0.207736  0.00282001  0.653467  0.00515507
606  0.207724  0.00281984  0.65357  0.00515362
607  0.207707  0.0028197  0.653562  0.00515376
608  0.207699  0.0028196  0.653613  0.00515323
609  0.207688  0.00281946  0.653596  0.00515335
610  0.207669  0.00281925  0.653828  0.00515057
611  0.207662  0.00281917  0.65388  0.00514956
612  0.207639  0.00281899  0.654043  0.00514713
613  0.207615  0.00281886  0.654026  0.0051471
614  0.207609  0.00281879  0.654018  0.00514708
615  0.207592  0.00281861  0.653957  0.00514766
616  0.207581  0.00281848  0.654129  0.00514512
617  0.207551  0.00281821  0.654112  0.00514611
618  0.207537  0.00281804  0.654284  0.00514379
619  0.207524  0.00281794  0.654284  0.00514379
620  0.20751  0.00281777  0.65425  0.00514408
621  0.207501  0.00281767  0.654112  0.00514611
622  0.207494  0.00281759  0.654112  0.00514611
623  0.207485  0.00281749  0.654327  0.00514441
624  0.207476  0.00281735  0.654413  0.00514324
625  0.207465  0.0028172  0.654379  0.00514354
626  0.207445  0.00281699  0.654551  0.00514121
627  0.207435  0.00281685  0.654826  0.00513776
628  0.207414  0.00281665  0.654886  0.00513824
629  0.207398  0.00281641  0.654852  0.00513888
630  0.20738  0.00281619  0.654852  0.00513744
631  0.20737  0.00281608  0.654852  0.00513744
632  0.20736  0.00281594  0.654775  0.00513855
633  0.207352  0.00281583  0.654818  0.0051377
634  0.207344  0.00281574  0.654818  0.0051377
635  0.207319  0.0028155  0.654861  0.00513774
636  0.207308  0.00281538  0.654869  0.00513756
637  0.207296  0.00281526  0.654929  0.00513804
638  0.207291  0.00281517  0.655015  0.00513687
639  0.207278  0.00281509  0.655102  0.00513579
640  0.207273  0.00281503  0.655007  0.00513714
641  0.207254  0.00281476  0.655058  0.00513599
642  0.207243  0.00281465  0.655136  0.00513643
643  0.207231  0.00281452  0.655033  0.00513782
644  0.207213  0.00281438  0.655145  0.00513623
645  0.207198  0.00281421  0.655188  0.0051358
646  0.207179  0.00281399  0.655248  0.00513593
647  0.207163  0.00281381  0.65536  0.00513456
648  0.207149  0.00281363  0.65536  0.00513485
649  0.20713  0.00281341  0.655368  0.00513516
650  0.207117  0.00281327  0.655411  0.00513503
651  0.207104  0.00281312  0.655678  0.00513136
652  0.207091  0.00281297  0.655721  0.00513083
653  0.207082  0.00281286  0.655807  0.00513001
654  0.207073  0.00281272  0.655798  0.00513006
655  0.207058  0.00281259  0.655532  0.00513325
656  0.207035  0.0028123  0.655592  0.00513229
657  0.20702  0.00281219  0.655532  0.00513309
658  0.207003  0.00281199  0.655523  0.00513321
659  0.206993  0.00281188  0.655643  0.00513303
660  0.206983  0.00281175  0.655506  0.00513468
661  0.206961  0.00281151  0.655532  0.00513405
662  0.206951  0.00281143  0.655566  0.00513389
663  0.206931  0.00281127  0.655463  0.00513541
664  0.206919  0.00281113  0.655549  0.00513411
665  0.206893  0.00281084  0.655833  0.00512973
666  0.206875  0.00281065  0.655919  0.00512784
667  0.206861  0.00281055  0.65579  0.00512942
668  0.206853  0.00281045  0.655953  0.00512713
669  0.206842  0.0028103  0.65573  0.00513009
670  0.206832  0.00281016  0.655816  0.0051291
671  0.206827  0.00281009  0.65573  0.00513027
672  0.206819  0.00280995  0.655807  0.00512949
673  0.206815  0.0028099  0.655807  0.00512963
674  0.206807  0.00280982  0.655712  0.00513084
675  0.206792  0.00280967  0.655738  0.00513034
676  0.206785  0.00280958  0.655807  0.00512999
677  0.206772  0.00280943  0.655712  0.00513305
678  0.206762  0.00280928  0.655816  0.00513176
679  0.20675  0.00280919  0.655945  0.00512996
680  0.206741  0.00280909  0.656117  0.00512761
681  0.206718  0.00280884  0.655927  0.00512936
682  0.206706  0.00280872  0.656151  0.00512755
683  0.206692  0.00280856  0.656177  0.00512785
684  0.206685  0.00280851  0.656168  0.00512788
685  0.206672  0.00280832  0.65616  0.00512822
686  0.206665  0.00280824  0.656211  0.00512748
687  0.206657  0.00280818  0.656358  0.00512545
688  0.206634  0.00280802  0.656444  0.0051241
689  0.206624  0.00280799  0.656461  0.00512402
690  0.206615  0.00280789  0.656323  0.00512567
691  0.206599  0.0028077  0.656538  0.00512332
692  0.206593  0.00280766  0.656547  0.00512361
693  0.206583  0.00280757  0.656564  0.00512352
694  0.206562  0.00280738  0.656392  0.00512265
695  0.20655  0.00280727  0.656581  0.0051214
696  0.20653  0.00280704  0.656693  0.00511992
697  0.206509  0.00280693  0.656779  0.00511802
698  0.206502  0.00280685  0.656857  0.00511746
699  0.206493  0.00280674  0.656616  0.00512101
700  0.206477  0.00280661  0.656564  0.00512175
701  0.206464  0.00280648  0.656702  0.00511952
702  0.206457  0.00280639  0.656719  0.00512045
703  0.206438  0.00280618  0.65671  0.00512065
704  0.206417  0.00280597  0.656736  0.00512159
705  0.206406  0.00280586  0.656633  0.00512321
706  0.206395  0.00280572  0.656779  0.00512114
707  0.20639  0.00280568  0.656882  0.00511983
708  0.206378  0.00280554  0.656727  0.00512201
709  0.206372  0.00280547  0.656745  0.00512189
710  0.206362  0.00280533  0.65677  0.00512138
711  0.206358  0.00280528  0.656805  0.00512113
712  0.206343  0.00280507  0.656702  0.00512189
713  0.206329  0.00280498  0.656745  0.00512213
714  0.206312  0.00280479  0.656538  0.00512515
715  0.206303  0.0028047  0.656555  0.00512463
716  0.206288  0.0028045  0.656719  0.00512269
717  0.206274  0.00280436  0.65659  0.00512353
718  0.206263  0.0028042  0.656504  0.0051247
719  0.206243  0.00280394  0.656633  0.00512357
720  0.206231  0.00280381  0.656702  0.00512264
721  0.206223  0.00280376  0.656598  0.00512405
722  0.206207  0.00280359  0.65659  0.00512423
723  0.206191  0.00280341  0.656538  0.00512511
724  0.206184  0.00280338  0.65653  0.00512515
725  0.206179  0.00280329  0.656598  0.00512409
726  0.206175  0.00280324  0.656633  0.00512345
727  0.206164  0.00280311  0.6569  0.00511974
728  0.206157  0.00280303  0.656857  0.0051205
729  0.20615  0.00280295  0.656857  0.0051205
730  0.206143  0.00280285  0.65677  0.00512167
731  0.206133  0.00280275  0.656994  0.00511832
732  0.206124  0.00280262  0.656986  0.00511855
733  0.206111  0.00280248  0.657123  0.00511684
734  0.2061  0.00280237  0.657201  0.00511726
735  0.206083  0.00280222  0.657115  0.00511844
736  0.206065  0.00280202  0.657235  0.00511686
737  0.206055  0.00280192  0.657295  0.00511597
738  0.206045  0.00280179  0.657304  0.00511579
739  0.206038  0.00280171  0.657132  0.0051167
740  0.206026  0.00280157  0.65733  0.00511423
741  0.206017  0.00280144  0.657338  0.00511407
742  0.206004  0.00280124  0.657192  0.0051154
743  0.205997  0.00280117  0.657218  0.00511556
744  0.205989  0.00280108  0.657304  0.00511439
745  0.20598  0.00280099  0.657287  0.00511451
746  0.205963  0.00280079  0.657381  0.0051134
747  0.205951  0.00280067  0.657571  0.00511214
748  0.205932  0.00280053  0.657691  0.00511063
749  0.205923  0.0028004  0.657777  0.00510945
750  0.205907  0.00280025  0.657794  0.00510935
751  0.205895  0.00280012  0.657794  0.00510935
752  0.205877  0.00279992  0.657768  0.00510981
753  0.205867  0.0027998  0.657657  0.00511129
754  0.20585  0.00279961  0.6577  0.00511071
755  0.205833  0.00279948  0.6577  0.00511083
756  0.205824  0.00279937  0.657829  0.00510926
757  0.205816  0.0027993  0.657794  0.00510995
758  0.2058  0.00279916  0.658035  0.00510914
759  0.205781  0.00279894  0.658173  0.00510736
760  0.205766  0.00279885  0.658164  0.00510727
761  0.20575  0.00279871  0.65819  0.00510733
762  0.205743  0.00279863  0.658285  0.00510622
763  0.205731  0.00279847  0.658414  0.00510444
764  0.205715  0.00279833  0.658646  0.00510184
765  0.205692  0.00279814  0.658646  0.00510171
766  0.205676  0.00279794  0.658637  0.00510182
767  0.205665  0.00279781  0.65868  0.00510128
768  0.205651  0.0027977  0.65868  0.00510128
769  0.205638  0.00279755  0.658784  0.00509977
770  0.205633  0.00279749  0.658766  0.00509989
771  0.205609  0.00279731  0.659016  0.00509651
772  0.205602  0.00279721  0.658999  0.00509663
773  0.205594  0.00279713  0.65899  0.00509677
774  0.205589  0.00279707  0.659102  0.00509541
775  0.20558  0.00279694  0.659067  0.00509571
776  0.205565  0.00279677  0.659042  0.00509581
777  0.205553  0.00279665  0.659016  0.00509468
778  0.20554  0.00279648  0.659136  0.00509299
779  0.205515  0.00279626  0.659205  0.00509198
780  0.205496  0.00279605  0.659214  0.00509185
781  0.205475  0.00279583  0.659033  0.00509345
782  0.205461  0.00279566  0.659119  0.00509248
783  0.205438  0.00279545  0.659334  0.0050897
784  0.20542  0.00279525  0.659214  0.00509154
785  0.205409  0.00279513  0.65948  0.00508769
786  0.205396  0.00279498  0.659704  0.0050853
787  0.205385  0.00279486  0.659687  0.00508542
788  0.205373  0.00279472  0.659687  0.00508587
789  0.205354  0.00279451  0.659704  0.00508581
790  0.205344  0.00279439  0.659721  0.00508569
791  0.205327  0.00279426  0.659799  0.00508596
792  0.205317  0.00279413  0.659825  0.00508571
793  0.205302  0.00279399  0.659764  0.00508785
794  0.205285  0.00279383  0.659885  0.00508618
795  0.205266  0.00279368  0.659988  0.00508483
796  0.205255  0.00279355  0.659945  0.00508567
797  0.205238  0.00279342  0.659876  0.00508558
798  0.205231  0.00279333  0.659919  0.00508359
799  0.205219  0.00279317  0.659936  0.00508357
800  0.205205  0.00279299  0.659979  0.00508372
801  0.205191  0.00279284  0.659936  0.00508414
802  0.205178  0.00279268  0.659962  0.00508438
803  0.205172  0.00279262  0.660074  0.00508297
804  0.205152  0.0027924  0.660203  0.00508089
805  0.205141  0.00279232  0.660289  0.0050797
806  0.205123  0.00279215  0.660513  0.00507647
807  0.205115  0.00279205  0.66059  0.00507501
808  0.205097  0.00279185  0.660865  0.00507403
809  0.205086  0.00279174  0.661038  0.00507276
810  0.205084  0.00279172  0.661038  0.00507276
811  0.205072  0.00279164  0.660934  0.00507428
812  0.205058  0.0027915  0.660934  0.00507428
813  0.205046  0.00279136  0.661038  0.00507276
814  0.205032  0.00279125  0.660994  0.0050732
815  0.20502  0.00279116  0.66102  0.00507114
816  0.204999  0.00279107  0.661158  0.00506946
817  0.204981  0.00279089  0.66121  0.00506866
818  0.204967  0.00279076  0.66133  0.00506745
819  0.204962  0.00279069  0.661261  0.00506854
820  0.204953  0.00279058  0.661218  0.00506929
821  0.204938  0.00279039  0.661218  0.00506915
822  0.20492  0.00279024  0.661167  0.0050686
823  0.204908  0.00279013  0.661313  0.00506686
824  0.204894  0.00279001  0.661425  0.00506482
825  0.204885  0.0027899  0.661485  0.00506378
826  0.204868  0.00278975  0.661493  0.00506388
827  0.204855  0.00278964  0.661511  0.00506338
828  0.204845  0.00278957  0.661752  0.00506153
829  0.204839  0.00278953  0.661743  0.0050617
830  0.204832  0.00278944  0.661743  0.0050617
831  0.204828  0.0027894  0.661717  0.00506163
832  0.204812  0.00278927  0.661691  0.00506123
833  0.204808  0.00278921  0.661691  0.00506123
834  0.204799  0.00278914  0.661648  0.00506165
835  0.204794  0.00278906  0.661519  0.00506318
836  0.204782  0.00278891  0.661554  0.00506239
837  0.204772  0.00278876  0.661554  0.00506239
838  0.204757  0.00278859  0.661657  0.00506229
839  0.204754  0.00278855  0.661657  0.00506229
840  0.204752  0.00278852  0.661683  0.00506208
841  0.204733  0.0027884  0.661691  0.00506193
842  0.204709  0.0027882  0.6617  0.00506187
843  0.204702  0.00278816  0.661631  0.00506275
844  0.204697  0.00278811  0.661485  0.00506508
845  0.204689  0.002788  0.661407  0.0050661
846  0.204673  0.00278778  0.661416  0.00506607
847  0.204664  0.00278772  0.661416  0.00506533
848  0.204636  0.00278755  0.661132  0.00506769
849  0.204617  0.00278741  0.661227  0.00506721
850  0.204599  0.00278725  0.661278  0.00506609
851  0.204585  0.00278712  0.661382  0.00506508
852  0.204566  0.00278697  0.661407  0.00506614
853  0.204556  0.00278689  0.661614  0.0050646
854  0.204542  0.00278674  0.661769  0.0050628
855  0.204531  0.00278659  0.661872  0.00506145
856  0.204513  0.00278644  0.661889  0.0050611
857  0.204499  0.00278633  0.661975  0.00505989
858  0.204493  0.00278627  0.662078  0.00505846
859  0.20448  0.00278606  0.66207  0.00505881
860  0.204467  0.0027859  0.662156  0.00505802
861  0.204459  0.0027858  0.662474  0.00505466
862  0.204433  0.00278552  0.662595  0.00505208
863  0.204405  0.00278524  0.662517  0.00505388
864  0.204396  0.00278513  0.662586  0.00505303
865  0.204383  0.002785  0.662655  0.00505206
866  0.204368  0.00278482  0.662758  0.005051
867  0.204359  0.00278472  0.662775  0.00505079
868  0.204347  0.00278462  0.662861  0.00504946
869  0.204337  0.00278447  0.662784  0.00505046
870  0.204321  0.00278432  0.662758  0.00505097
871  0.204313  0.00278426  0.662758  0.00505097
872  0.204305  0.00278415  0.662861  0.0050494
873  0.204297  0.00278408  0.662801  0.0050504
874  0.204288  0.00278399  0.662861  0.00504959
875  0.204273  0.00278387  0.662767  0.00505086
876  0.20426  0.00278382  0.662801  0.00505055
877  0.204248  0.00278374  0.662801  0.00505055
878  0.204236  0.00278362  0.662749  0.00505069
879  0.204229  0.00278354  0.662577  0.00505311
880  0.204222  0.00278345  0.662689  0.00505138
881  0.204213  0.00278331  0.662689  0.00505138
882  0.204207  0.00278325  0.662775  0.00504994
883  0.204198  0.00278313  0.662792  0.00504951
884  0.20419  0.00278304  0.662853  0.00504881
885  0.204178  0.00278291  0.662896  0.00504785
886  0.204175  0.00278287  0.662904  0.00504779
887  0.204162  0.00278273  0.663059  0.00504573
888  0.204136  0.00278256  0.663137  0.00504592
889  0.204122  0.00278239  0.663128  0.00504593
890  0.20412  0.00278236  0.663059  0.00504686
891  0.20411  0.00278229  0.663042  0.00504716
892  0.2041  0.00278217  0.663076  0.0050465
893  0.204094  0.00278211  0.663128  0.00504592
894  0.204087  0.00278205  0.663085  0.00504656
895  0.204068  0.00278188  0.662999  0.00504777
896  0.204061  0.00278181  0.662999  0.00504777
897  0.204057  0.00278176  0.662913  0.00504899
898  0.204045  0.00278162  0.662922  0.00504868
899  0.204038  0.00278152  0.663094  0.00504626
900  0.204032  0.00278141  0.663128  0.00504595
901  0.204029  0.00278136  0.663119  0.00504625
902  0.204025  0.00278131  0.663119  0.00504625
903  0.204019  0.00278125  0.663119  0.00504625
904  0.204011  0.00278117  0.663197  0.00504523
905  0.203994  0.0027811  0.663197  0.00504523
906  0.203988  0.00278111  0.663274  0.00504539
907  0.20398  0.00278105  0.663377  0.00504458
908  0.203973  0.00278098  0.663438  0.00504296
909  0.203961  0.00278086  0.663472  0.00504371
910  0.203941  0.00278078  0.663455  0.00504529
911  0.20393  0.00278066  0.66355  0.00504415
912  0.203911  0.00278049  0.663816  0.00504321
913  0.203884  0.00278029  0.663876  0.00504205
914  0.203872  0.00278016  0.663825  0.00504247
915  0.20386  0.00278003  0.663704  0.00504393
916  0.203851  0.0027799  0.663532  0.00504636
917  0.203839  0.00277972  0.663756  0.00504338
918  0.203831  0.00277959  0.663816  0.00504242
919  0.203823  0.00277948  0.663928  0.00504099
920  0.203817  0.0027794  0.663842  0.00504221
921  0.203813  0.00277934  0.663859  0.00504185
922  0.203794  0.00277923  0.663808  0.00504129
923  0.203789  0.00277918  0.663833  0.00504108
924  0.20378  0.00277911  0.663911  0.00503991
925  0.20376  0.00277896  0.663954  0.00503967
926  0.203746  0.00277887  0.664006  0.00503917
927  0.203737  0.00277878  0.66398  0.00503969
928  0.203729  0.00277872  0.663954  0.00504034
929  0.203723  0.00277865  0.664031  0.00503906
930  0.203712  0.00277851  0.66398  0.00503833
931  0.203706  0.00277843  0.66404  0.00503754
932  0.20369  0.00277824  0.663988  0.00503803
933  0.203677  0.00277808  0.66398  0.00503857
934  0.203668  0.00277801  0.664126  0.00503847
935  0.203657  0.00277789  0.664246  0.00503719
936  0.203644  0.00277776  0.66435  0.00503535
937  0.203629  0.00277763  0.66441  0.00503293
938  0.203617  0.00277753  0.664496  0.00503171
939  0.20361  0.00277744  0.66441  0.00503293
940  0.203593  0.0027772  0.66435  0.00503394
941  0.203575  0.00277699  0.664289  0.0050349
942  0.203565  0.00277687  0.664289  0.0050349
943  0.20355  0.0027767  0.664384  0.00503343
944  0.203541  0.0027766  0.664436  0.00503248
945  0.203537  0.00277652  0.664513  0.00503132
946  0.203522  0.00277636  0.664427  0.00503254
947  0.203518  0.00277629  0.664453  0.00503202
948  0.203512  0.00277622  0.664401  0.00503295
949  0.2035  0.00277608  0.664539  0.00503083
950  0.203493  0.002776  0.664599  0.0050306
951  0.203485  0.00277592  0.664565  0.00503097
952  0.203471  0.00277574  0.664599  0.00503048
953  0.203466  0.00277567  0.664444  0.00503281
954  0.203461  0.0027756  0.664375  0.0050339
955  0.203456  0.00277558  0.664375  0.0050339
956  0.203439  0.00277537  0.664487  0.0050326
957  0.203432  0.00277529  0.664479  0.00503291
958  0.203417  0.00277517  0.664573  0.00503185
959  0.203407  0.00277506  0.664487  0.00503307
960  0.203384  0.00277487  0.664401  0.0050337
961  0.203366  0.0027747  0.66435  0.00503441
962  0.203351  0.00277453  0.664315  0.00503491
963  0.203349  0.00277449  0.664393  0.00503367
964  0.203335  0.0027744  0.664504  0.00503358
965  0.203326  0.00277429  0.664565  0.00503257
966  0.203319  0.00277419  0.664668  0.00503102
967  0.203308  0.00277405  0.664763  0.00502964
968  0.203303  0.002774  0.664797  0.00502945
969  0.203295  0.00277387  0.664763  0.00503021
970  0.203284  0.00277379  0.664677  0.00503026
971  0.203276  0.00277371  0.664806  0.00502993
972  0.20326  0.00277357  0.664874  0.00502884
973  0.203251  0.00277345  0.664917  0.00502799
974  0.20324  0.00277335  0.664917  0.00502799
975  0.203237  0.00277331  0.665003  0.00502676
976  0.203226  0.0027732  0.665021  0.00502676
977  0.20322  0.00277312  0.665012  0.0050264
978  0.203203  0.00277299  0.665124  0.00502535
979  0.20319  0.00277287  0.665029  0.00502686
980  0.203185  0.00277279  0.665227  0.0050242
981  0.203178  0.00277272  0.665322  0.00502307
982  0.203164  0.00277254  0.665287  0.00502338
983  0.203142  0.00277233  0.66521  0.00502433
984  0.203132  0.00277224  0.665339  0.00502275
985  0.203129  0.0027722  0.665339  0.00502275
986  0.203123  0.00277215  0.665356  0.00502245
987  0.203117  0.00277207  0.665322  0.00502312
988  0.2031  0.00277192  0.665158  0.00502537
989  0.203088  0.0027718  0.665502  0.00502132
990  0.20307  0.00277161  0.665408  0.00502227
991  0.203063  0.00277152  0.665494  0.0050207
992  0.203047  0.00277141  0.66564  0.00501815
993  0.203041  0.00277135  0.665649  0.00501756
994  0.203034  0.00277129  0.665726  0.0050173
995  0.20303  0.00277123  0.665726  0.0050173
996  0.203019  0.00277108  0.665743  0.00501709
997  0.203013  0.00277105  0.665657  0.00501831
998  0.203003  0.00277096  0.665804  0.00501638
999  0.202997  0.00277088  0.665933  0.00501436
1000  0.202978  0.00277074  0.665683  0.00501645
1001  0.202956  0.00277048  0.665545  0.00501841
1002  0.202947  0.00277037  0.665588  0.00501794
1003  0.202933  0.00277019  0.665666  0.00501678
1004  0.202927  0.00277009  0.665588  0.00501782
1005  0.202916  0.00276999  0.66558  0.00501619
1006  0.202911  0.00276994  0.665649  0.00501492
1007  0.202895  0.0027698  0.665752  0.00501367
1008  0.202886  0.00276971  0.665838  0.00501234
1009  0.202881  0.00276966  0.665717  0.00501388
1010  0.202872  0.00276962  0.66589  0.00501172
1011  0.202846  0.0027694  0.665941  0.00501102
1012  0.20283  0.00276922  0.666053  0.00500973
1013  0.20282  0.0027691  0.666053  0.00500973
1014  0.202811  0.00276906  0.666062  0.00500954
1015  0.2028  0.00276904  0.665976  0.00501077
1016  0.202795  0.00276903  0.665976  0.00501077
1017  0.202784  0.00276889  0.665993  0.0050104
1018  0.202766  0.00276869  0.666122  0.0050088
1019  0.202753  0.00276854  0.666113  0.00500899
1020  0.202739  0.00276845  0.666079  0.00500966
1021  0.202737  0.00276843  0.665915  0.00501218
1022  0.202733  0.00276838  0.665915  0.00501218
1023  0.20272  0.00276824  0.666001  0.00501095
1024  0.202712  0.00276816  0.665958  0.00501175
1025  0.202707  0.00276812  0.666087  0.00501082
1026  0.202699  0.00276801  0.66613  0.00500925
1027  0.202694  0.00276796  0.665976  0.0050116
1028  0.202673  0.00276782  0.665941  0.00501226
1029  0.202666  0.0027677  0.666036  0.00501119
1030  0.20266  0.00276763  0.666036  0.00501119
1031  0.20265  0.00276751  0.66595  0.00501094
1032  0.202645  0.00276747  0.66595  0.00501094
1033  0.202636  0.00276735  0.665967  0.00501069
1034  0.202627  0.00276727  0.665976  0.0050105
1035  0.202619  0.00276717  0.665821  0.00501283
1036  0.20261  0.00276706  0.665606  0.00501563
1037  0.202601  0.00276691  0.665528  0.00501667
1038  0.202596  0.00276685  0.665674  0.00501453
1039  0.202587  0.00276673  0.665683  0.00501422
1040  0.202583  0.00276669  0.665838  0.00501201
1041  0.20257  0.00276655  0.66589  0.0050111
1042  0.202564  0.0027665  0.665872  0.00501252
1043  0.202551  0.00276636  0.665804  0.00501213
1044  0.202539  0.00276621  0.665915  0.00500986
1045  0.202529  0.00276609  0.666001  0.00500889
1046  0.202521  0.00276601  0.666079  0.00500796
1047  0.20251  0.00276589  0.665976  0.00500957
1048  0.202507  0.00276584  0.665924  0.00501013
1049  0.202493  0.00276572  0.665933  0.00501008
1050  0.202486  0.00276562  0.66595  0.00500961
1051  0.202478  0.00276551  0.66607  0.00500771
1052  0.20246  0.00276526  0.666027  0.0050086
1053  0.202456  0.0027652  0.665941  0.00500983
1054  0.202451  0.00276515  0.665941  0.00500983
1055  0.202442  0.00276504  0.665933  0.00501022
1056  0.202439  0.00276499  0.665933  0.00501022
1057  0.202437  0.00276497  0.665933  0.00501022
1058  0.20243  0.00276489  0.665941  0.00501018
1059  0.202425  0.00276482  0.665898  0.00501104
1060  0.202413  0.00276469  0.665967  0.00500951
1061  0.202406  0.00276464  0.665967  0.00500951
1062  0.2024  0.00276457  0.66607  0.00500815
1063  0.202396  0.00276455  0.66607  0.00500815
1064  0.202385  0.00276441  0.66607  0.00500815
1065  0.202378  0.00276433  0.665933  0.00500886
1066  0.20236  0.00276417  0.665941  0.00500887
1067  0.202349  0.00276403  0.665898  0.00500894
1068  0.202337  0.00276386  0.665941  0.00500851
1069  0.202319  0.00276363  0.666173  0.00500527
1070  0.202312  0.00276356  0.666251  0.00500416
1071  0.202296  0.00276334  0.66638  0.00500249
1072  0.202291  0.00276327  0.666277  0.00500385
1073  0.202287  0.00276323  0.666191  0.00500508
1074  0.202271  0.00276311  0.666191  0.00500508
1075  0.202259  0.00276295  0.666354  0.0050028
1076  0.202251  0.00276284  0.666371  0.0050027
1077  0.202249  0.00276281  0.666371  0.0050027
1078  0.202246  0.00276278  0.666285  0.00500245
1079  0.202235  0.00276264  0.666345  0.00500157
1080  0.202215  0.00276241  0.666406  0.00500067
1081  0.202204  0.0027623  0.666414  0.00500076
1082  0.202194  0.00276218  0.666432  0.00500039
1083  0.202176  0.00276204  0.666509  0.00500028
1084  0.202165  0.00276192  0.666466  0.00500071
1085  0.202156  0.00276183  0.66638  0.00500195
1086  0.20215  0.00276174  0.666406  0.00499994
1087  0.20213  0.00276154  0.666543  0.00499783
1088  0.202119  0.00276145  0.66675  0.00499509
1089  0.202103  0.00276129  0.666707  0.00499598
1090  0.202088  0.00276113  0.666681  0.00499651
1091  0.20208  0.00276109  0.66669  0.00499632
1092  0.202066  0.00276092  0.666604  0.00499756
1093  0.202063  0.00276088  0.666655  0.00499713
1094  0.202056  0.00276082  0.666758  0.00499576
1095  0.202048  0.00276073  0.666758  0.00499576
1096  0.202035  0.00276055  0.666733  0.00499645
1097  0.202025  0.00276044  0.666879  0.00499554
1098  0.202014  0.00276035  0.667068  0.00499288
1099  0.202001  0.00276019  0.667154  0.00499165
1100  0.201991  0.00276008  0.667249  0.00499172
1101  0.201985  0.00276001  0.667232  0.00499196
1102  0.201975  0.0027599  0.667421  0.00498905
1103  0.201965  0.00275981  0.66755  0.00498706
1104  0.201954  0.00275968  0.667464  0.0049883
1105  0.201948  0.00275957  0.66755  0.00498706
1106  0.201937  0.00275946  0.667627  0.00498601
1107  0.201934  0.00275941  0.66767  0.00498521
1108  0.201926  0.00275932  0.667636  0.00498559
1109  0.201919  0.00275928  0.667653  0.00498543
1110  0.201911  0.00275917  0.667748  0.00498413
1111  0.201905  0.00275911  0.667791  0.00498325
1112  0.201898  0.00275903  0.667808  0.00498306
1113  0.201895  0.002759  0.667808  0.00498306
1114  0.201892  0.00275897  0.667808  0.00498306
1115  0.201882  0.00275884  0.667808  0.00498306
1116  0.201873  0.00275875  0.667946  0.00498197
1117  0.201856  0.00275855  0.667971  0.00498199
1118  0.201843  0.0027584  0.668135  0.00497969
1119  0.201838  0.00275832  0.668075  0.00498072
1120  0.201831  0.00275826  0.668049  0.00498119
1121  0.201824  0.00275819  0.668075  0.00498097
1122  0.201819  0.00275812  0.667989  0.00498221
1123  0.201815  0.00275806  0.668032  0.00498141
1124  0.201813  0.00275803  0.668066  0.00498082
1125  0.201805  0.0027579  0.668135  0.00497994
1126  0.201795  0.00275781  0.668143  0.00497992
1127  0.20179  0.00275773  0.668161  0.00498
1128  0.201782  0.00275764  0.66829  0.00497832
1129  0.201776  0.00275759  0.668273  0.00497839
1130  0.201772  0.00275755  0.668273  0.00497839
1131  0.201768  0.00275749  0.668574  0.00497374
1132  0.201761  0.0027574  0.668556  0.00497394
1133  0.201752  0.00275727  0.668462  0.00497529
1134  0.20175  0.00275722  0.668462  0.00497529
1135  0.201738  0.0027571  0.668608  0.0049741
1136  0.201717  0.00275693  0.668617  0.00497405
1137  0.201709  0.00275687  0.66878  0.00497323
1138  0.201696  0.00275681  0.668625  0.00497292
1139  0.201677  0.00275678  0.668608  0.00497329
1140  0.201662  0.00275675  0.668694  0.00497204
1141  0.201653  0.00275665  0.668694  0.00497204
1142  0.20164  0.00275652  0.668608  0.00497329
1143  0.201632  0.00275642  0.668763  0.00497082
1144  0.201617  0.00275628  0.668849  0.00496957
1145  0.201607  0.00275618  0.668926  0.00496975
1146  0.201597  0.00275608  0.668746  0.0049723
1147  0.201588  0.00275597  0.668711  0.00497283
1148  0.201571  0.00275578  0.668806  0.00497153
1149  0.201564  0.00275572  0.668806  0.00497153
1150  0.201561  0.00275567  0.66872  0.00497277
1151  0.201559  0.00275563  0.668789  0.00497178
1152  0.20155  0.00275555  0.66872  0.00497266
1153  0.201534  0.00275536  0.668754  0.00497219
1154  0.201527  0.00275526  0.668883  0.00497003
1155  0.201517  0.00275516  0.669038  0.00496764
1156  0.20151  0.0027551  0.669133  0.00496754
1157  0.201499  0.00275499  0.668978  0.00497021
1158  0.201489  0.00275485  0.669098  0.00496828
1159  0.20148  0.00275475  0.669193  0.00496693
1160  0.201474  0.00275467  0.669313  0.00496543
1161  0.201467  0.00275459  0.66946  0.00496393
1162  0.201451  0.00275441  0.669443  0.00496468
1163  0.201444  0.00275433  0.669443  0.00496468
1164  0.201441  0.00275429  0.66927  0.00496718
1165  0.201438  0.00275425  0.669357  0.00496593
1166  0.201434  0.0027542  0.669357  0.00496593
1167  0.201427  0.00275412  0.669451  0.0049646
1168  0.201422  0.00275406  0.669537  0.00496484
1169  0.201415  0.002754  0.66958  0.00496477
1170  0.201405  0.00275394  0.669563  0.00496436
1171  0.201388  0.00275379  0.669589  0.00496383
1172  0.201379  0.0027537  0.669718  0.00496201
1173  0.201368  0.00275362  0.669683  0.00496261
1174  0.201357  0.00275357  0.669683  0.00496261
1175  0.201352  0.00275352  0.669701  0.00496248
1176  0.20135  0.00275351  0.669701  0.00496248
1177  0.201347  0.0027535  0.669649  0.00496301
1178  0.201339  0.0027534  0.669494  0.00496526
1179  0.201328  0.0027533  0.66958  0.00496393
1180  0.201321  0.00275321  0.669494  0.00496519
1181  0.201313  0.00275316  0.669589  0.00496374
1182  0.201303  0.0027531  0.669623  0.0049629
1183  0.201289  0.00275297  0.669787  0.00496045
1184  0.201277  0.00275286  0.669787  0.00496045
1185  0.20126  0.00275273  0.669847  0.00495973
1186  0.201254  0.00275265  0.669821  0.00495995
1187  0.201243  0.00275256  0.669838  0.00495891
1188  0.201232  0.00275252  0.669916  0.00495809
1189  0.201227  0.00275247  0.670019  0.0049567
1190  0.201212  0.00275236  0.670053  0.00495674
1191  0.201197  0.00275227  0.670131  0.00495542
1192  0.201178  0.00275209  0.670174  0.00495456
1193  0.201165  0.00275192  0.670096  0.00495568
1194  0.201153  0.00275178  0.670225  0.00495372
1195  0.201144  0.00275168  0.670208  0.0049539
1196  0.201131  0.00275154  0.670243  0.00495366
1197  0.201118  0.00275137  0.670397  0.00495279
1198  0.201114  0.00275133  0.67026  0.00495501
1199  0.201104  0.00275122  0.670346  0.00495375
1200  0.201089  0.00275107  0.6702  0.00495573
1201  0.201076  0.00275096  0.67032  0.00495586
1202  0.201057  0.00275086  0.670363  0.00495504
1203  0.201048  0.00275081  0.670372  0.00495462
1204  0.20103  0.00275062  0.670277  0.00495564
1205  0.201023  0.00275058  0.670294  0.00495594
1206  0.201017  0.00275051  0.670415  0.00495445
1207  0.201006  0.00275043  0.670552  0.00495358
1208  0.200992  0.00275026  0.670604  0.00495305
1209  0.200979  0.00275015  0.670509  0.00495409
1210  0.200965  0.00274998  0.670638  0.00495239
1211  0.200953  0.00274986  0.670767  0.0049507
1212  0.200941  0.00274973  0.670845  0.00494963
1213  0.200935  0.00274966  0.670845  0.00494963
1214  0.200929  0.00274958  0.670845  0.00494963
1215  0.200921  0.00274949  0.670845  0.00494963
1216  0.200915  0.00274942  0.670767  0.00495083
1217  0.200901  0.00274929  0.670767  0.00495055
1218  0.200888  0.00274916  0.670724  0.00495024
1219  0.200876  0.00274908  0.670776  0.00495029
1220  0.200866  0.00274897  0.671017  0.00494669
1221  0.20086  0.00274891  0.671086  0.0049469
1222  0.200853  0.00274882  0.671  0.00494816
1223  0.200849  0.00274878  0.671086  0.0049469
1224  0.200842  0.0027487  0.671008  0.00494796
1225  0.200829  0.00274853  0.670965  0.0049486
1226  0.200816  0.00274837  0.670888  0.00494977
1227  0.200813  0.00274833  0.670974  0.00494851
1228  0.200792  0.00274818  0.671034  0.00494879
1229  0.200784  0.00274811  0.671189  0.00494694
1230  0.20077  0.00274799  0.67118  0.00494674
1231  0.200762  0.00274793  0.671077  0.00494689
1232  0.200742  0.0027478  0.671249  0.00494648
1233  0.200734  0.00274771  0.671309  0.00494526
1234  0.200719  0.00274755  0.671473  0.00494415
1235  0.200712  0.00274747  0.671456  0.00494452
1236  0.200696  0.00274725  0.671292  0.00494685
1237  0.20069  0.00274719  0.671309  0.0049469
1238  0.200686  0.00274715  0.671309  0.0049469
1239  0.200681  0.00274711  0.671309  0.0049469
1240  0.200677  0.00274706  0.671344  0.00494617
1241  0.200665  0.00274693  0.67149  0.00494663
1242  0.200653  0.0027468  0.67149  0.00494677
1243  0.200641  0.00274667  0.67149  0.00494677
1244  0.200622  0.0027465  0.671438  0.00494646
1245  0.200609  0.00274639  0.671688  0.00494303
1246  0.200599  0.00274636  0.671653  0.00494332
1247  0.200584  0.00274633  0.671585  0.0049457
1248  0.200572  0.00274621  0.671671  0.00494568
1249  0.20057  0.0027462  0.671679  0.00494549
1250  0.200558  0.00274604  0.671619  0.00494533
1251  0.200546  0.00274597  0.671585  0.00494542
1252  0.200539  0.00274589  0.67155  0.0049461
1253  0.200533  0.00274581  0.671456  0.00494742
1254  0.200519  0.00274565  0.671567  0.00494548
1255  0.200514  0.00274557  0.671567  0.00494548
1256  0.200512  0.00274554  0.671567  0.00494548
1257  0.200507  0.00274547  0.671438  0.00494756
1258  0.200505  0.00274544  0.671438  0.00494756
1259  0.20049  0.00274531  0.671395  0.00494815
1260  0.200486  0.00274526  0.671456  0.00494742
1261  0.200477  0.00274514  0.671301  0.00494951
1262  0.200466  0.00274499  0.671516  0.00494623
1263  0.200465  0.00274497  0.671645  0.00494453
1264  0.200451  0.00274477  0.671542  0.00494616
1265  0.200433  0.00274458  0.671507  0.00494508
1266  0.200428  0.0027445  0.67155  0.00494434
1267  0.20042  0.00274442  0.671533  0.00494417
1268  0.200417  0.00274436  0.671696  0.0049414
1269  0.200407  0.00274427  0.671653  0.00494222
1270  0.200398  0.00274423  0.671731  0.00494253
1271  0.200384  0.00274407  0.671662  0.00494378
1272  0.200374  0.00274399  0.671705  0.00494329
1273  0.200358  0.00274386  0.671619  0.00494455
1274  0.200353  0.0027438  0.671619  0.00494455
1275  0.200341  0.00274372  0.671705  0.00494329
1276  0.20033  0.00274369  0.671653  0.00494387
1277  0.200326  0.00274368  0.671653  0.00494387
1278  0.200315  0.00274362  0.671765  0.00494235
1279  0.200312  0.00274356  0.671783  0.00494222
1280  0.200301  0.0027435  0.671783  0.00494222
1281  0.200294  0.00274343  0.671851  0.00494127
1282  0.200281  0.00274331  0.671869  0.00494091
1283  0.200277  0.00274331  0.671826  0.00494061
1284  0.200267  0.00274319  0.671886  0.00493979
1285  0.20026  0.00274306  0.67186  0.00494036
1286  0.200259  0.00274304  0.671946  0.00493909
1287  0.200257  0.00274302  0.671774  0.00494162
1288  0.200255  0.00274302  0.671774  0.00494162
1289  0.200252  0.00274296  0.671851  0.00494042
1290  0.200247  0.00274289  0.671851  0.00494042
1291  0.200243  0.00274285  0.671851  0.00494042
1292  0.200234  0.00274277  0.671903  0.00493975
1293  0.200226  0.00274265  0.671937  0.00493888
1294  0.200219  0.00274253  0.671886  0.0049399
1295  0.200215  0.00274249  0.671877  0.00493996
1296  0.200202  0.0027424  0.671877  0.00493996
1297  0.200192  0.00274232  0.671886  0.00493855
1298  0.200188  0.00274232  0.671886  0.00493855
1299  0.200183  0.00274232  0.671886  0.00493855
1300  0.200172  0.00274224  0.671817  0.00493944
1301  0.200167  0.00274222  0.671998  0.0049372
1302  0.200158  0.00274213  0.671912  0.0049387
1303  0.200147  0.00274197  0.671912  0.0049387
1304  0.200138  0.00274187  0.671937  0.00493816
1305  0.200133  0.00274185  0.671946  0.0049381
1306  0.200128  0.00274179  0.672032  0.00493687
1307  0.200115  0.00274166  0.672041  0.00493664
1308  0.200105  0.00274156  0.672066  0.0049365
1309  0.200099  0.00274147  0.672015  0.00493769
1310  0.200087  0.00274134  0.672015  0.00493769
1311  0.20007  0.00274123  0.671998  0.00493806
1312  0.20006  0.00274113  0.672118  0.00493629
1313  0.200047  0.00274103  0.672127  0.00493641
1314  0.200041  0.00274094  0.672238  0.00493488
1315  0.200035  0.00274087  0.672281  0.00493425
1316  0.200018  0.00274075  0.672187  0.00493544
1317  0.200011  0.00274063  0.672187  0.00493544
1318  0.200001  0.00274057  0.672187  0.00493544
1319  0.199993  0.00274049  0.672135  0.0049353
1320  0.19998  0.00274042  0.67217  0.00493498
1321  0.199967  0.0027403  0.672084  0.00493624
1322  0.199966  0.00274029  0.672084  0.00493624
1323  0.199965  0.00274028  0.672084  0.00493624
1324  0.199954  0.00274017  0.672049  0.00493693
1325  0.199945  0.00274008  0.672144  0.00493697
1326  0.199934  0.00273997  0.672204  0.0049359
1327  0.199922  0.00273989  0.672359  0.0049335
1328  0.199916  0.00273982  0.672333  0.00493382
1329  0.199905  0.00273976  0.672385  0.00493281
1330  0.199903  0.00273973  0.67223  0.00493521
1331  0.199899  0.00273968  0.67223  0.00493521
1332  0.199896  0.00273965  0.672385  0.00493305
1333  0.199889  0.00273961  0.672213  0.00493558
1334  0.199886  0.00273958  0.672299  0.00493432
1335  0.199876  0.00273945  0.672307  0.00493412
1336  0.199875  0.00273943  0.672316  0.00493393
1337  0.199866  0.00273934  0.672187  0.00493516
1338  0.199858  0.00273925  0.672264  0.0049353
1339  0.19985  0.00273919  0.672359  0.00493413
1340  0.199844  0.00273916  0.672299  0.00493486
1341  0.199834  0.0027391  0.672471  0.00493232
1342  0.199823  0.00273906  0.672617  0.00493001
1343  0.199814  0.00273901  0.672531  0.00493128
1344  0.199808  0.00273895  0.672617  0.00493001
1345  0.199796  0.00273886  0.672608  0.00493007
1346  0.199791  0.00273883  0.672608  0.00493007
1347  0.199787  0.00273878  0.672712  0.00492866
1348  0.199783  0.00273872  0.672712  0.00492866
1349  0.19977  0.00273855  0.672651  0.0049295
1350  0.19976  0.00273852  0.672789  0.0049285
1351  0.199755  0.00273845  0.672772  0.00492879
1352  0.199754  0.00273843  0.672686  0.00493006
1353  0.199747  0.00273833  0.672772  0.00492879
1354  0.199745  0.00273831  0.672772  0.00492879
1355  0.199743  0.0027383  0.672772  0.00492879
1356  0.199738  0.00273824  0.672944  0.00492625
1357  0.199732  0.00273817  0.672944  0.00492625
1358  0.199723  0.0027381  0.672737  0.0049293
1359  0.199715  0.00273801  0.672591  0.00493164
1360  0.199714  0.002738  0.672497  0.0049331
1361  0.199709  0.00273795  0.672651  0.00493244
1362  0.199699  0.00273785  0.672823  0.0049299
1363  0.199694  0.00273776  0.672823  0.0049299
1364  0.199686  0.00273765  0.672815  0.00492981
1365  0.199674  0.00273752  0.672875  0.0049285
1366  0.199672  0.00273748  0.672789  0.00492977
1367  0.199667  0.00273741  0.672875  0.0049285
1368  0.199662  0.00273737  0.672789  0.00492955
1369  0.19965  0.00273721  0.672729  0.00493068
1370  0.199647  0.00273716  0.672737  0.00493048
1371  0.199634  0.002737  0.672634  0.00493226
1372  0.199627  0.00273692  0.672591  0.00493293
1373  0.19962  0.00273683  0.672677  0.00493166
1374  0.199606  0.0027367  0.672651  0.00493189
1375  0.199599  0.00273659  0.672651  0.00493189
1376  0.199584  0.00273666  0.67266  0.00493169
1377  0.199571  0.00273652  0.67278  0.00492988
1378  0.199564  0.00273644  0.672806  0.00492944
1379  0.199556  0.00273638  0.672892  0.00492817
1380  0.199544  0.00273626  0.672677  0.00493156
1381  0.199519  0.0027361  0.672763  0.00493179
1382  0.199501  0.00273594  0.672772  0.0049316
1383  0.199489  0.00273587  0.672755  0.00493197
1384  0.199482  0.00273582  0.672712  0.00493279
1385  0.199471  0.0027358  0.672712  0.00493267
1386  0.199462  0.00273571  0.67272  0.00493248
1387  0.199442  0.00273556  0.672651  0.00493223
1388  0.199435  0.00273548  0.672583  0.00493337
1389  0.199428  0.0027354  0.672497  0.00493463
1390  0.199417  0.00273528  0.672583  0.00493337
1391  0.199411  0.00273521  0.672531  0.00493404
1392  0.199406  0.00273514  0.672531  0.00493404
1393  0.199393  0.002735  0.672522  0.00493411
1394  0.199374  0.00273475  0.672565  0.00493366
1395  0.199367  0.00273466  0.672548  0.00493383
1396  0.199365  0.00273462  0.672617  0.00493269
1397  0.199355  0.00273447  0.6726  0.00493283
1398  0.199339  0.00273437  0.67266  0.00493201
1399  0.199327  0.00273426  0.672651  0.00493207
1400  0.199317  0.00273416  0.672565  0.00493333
1401  0.199307  0.00273401  0.672565  0.00493333
1402  0.199304  0.00273398  0.672479  0.0049346
1403  0.199295  0.00273387  0.672505  0.00493433
1404  0.199284  0.00273374  0.672402  0.00493599
1405  0.199278  0.00273369  0.672342  0.00493717
1406  0.199276  0.00273366  0.672333  0.00493723
1407  0.199264  0.00273352  0.67229  0.0049377
1408  0.199262  0.0027335  0.67229  0.0049377
1409  0.199258  0.00273346  0.672514  0.0049369
1410  0.199251  0.00273339  0.672514  0.00493715
1411  0.199245  0.00273334  0.672522  0.00493669
1412  0.199237  0.00273327  0.672634  0.0049352
1413  0.199229  0.00273317  0.672591  0.00493617
1414  0.199223  0.00273314  0.672643  0.00493523
1415  0.199212  0.00273304  0.67278  0.00493476
1416  0.199203  0.00273293  0.67297  0.00493203
1417  0.199198  0.0027329  0.672987  0.0049319
1418  0.199196  0.0027329  0.672987  0.0049319
1419  0.199188  0.00273286  0.672987  0.0049319
1420  0.199179  0.00273275  0.672987  0.0049319
1421  0.199176  0.00273272  0.672987  0.0049319
1422  0.19917  0.00273267  0.673013  0.00493167
1423  0.199168  0.00273267  0.673013  0.00493167
1424  0.199162  0.00273261  0.673099  0.0049304
1425  0.199155  0.00273255  0.673099  0.0049304
1426  0.199147  0.00273243  0.673185  0.00492904
1427  0.199133  0.0027323  0.673125  0.00493018
1428  0.199126  0.00273223  0.67315  0.00492964
1429  0.199122  0.0027322  0.673064  0.00493091
1430  0.199121  0.00273217  0.673064  0.00493091
1431  0.199109  0.00273203  0.673159  0.0049296
1432  0.199106  0.00273202  0.673099  0.00492928
1433  0.199102  0.00273199  0.673142  0.00492895
1434  0.199099  0.00273196  0.673142  0.00492895
1435  0.199094  0.00273194  0.673116  0.00492949
1436  0.199087  0.00273191  0.673082  0.00492982
1437  0.19908  0.00273183  0.673099  0.00492962
1438  0.199073  0.00273175  0.673236  0.00492783
1439  0.199065  0.00273165  0.673305  0.00492686
1440  0.199062  0.0027316  0.673262  0.00492776
1441  0.199047  0.00273153  0.673219  0.00492783
1442  0.199042  0.00273146  0.673254  0.00492714
1443  0.199026  0.00273132  0.673271  0.00492682
1444  0.199017  0.00273129  0.673288  0.00492645
1445  0.19901  0.00273128  0.673297  0.00492627
1446  0.199007  0.00273129  0.673297  0.00492627
1447  0.199002  0.00273128  0.673365  0.00492537
1448  0.199  0.00273128  0.673365  0.00492537
1449  0.198996  0.00273122  0.673236  0.00492732
1450  0.198994  0.00273119  0.673322  0.00492605
1451  0.198991  0.00273117  0.673408  0.00492477
1452  0.198985  0.00273111  0.673426  0.00492464
1453  0.198978  0.00273103  0.673494  0.00492374
1454  0.198975  0.002731  0.673494  0.00492374
1455  0.198974  0.00273099  0.673503  0.00492368
1456  0.198966  0.00273088  0.673503  0.00492368
1457  0.198961  0.00273082  0.673546  0.00492329
1458  0.198945  0.00273067  0.673572  0.00492307
1459  0.198943  0.00273065  0.673572  0.00492307
1460  0.198939  0.0027306  0.67346  0.00492488
1461  0.198932  0.00273055  0.673434  0.00492405
1462  0.198926  0.00273048  0.673383  0.00492495
1463  0.198917  0.00273041  0.673408  0.00492486
1464  0.198909  0.00273032  0.673391  0.00492524
1465  0.198895  0.00273019  0.673391  0.00492524
1466  0.19888  0.00273008  0.6734  0.00492383
1467  0.198875  0.00273002  0.673408  0.00492377
1468  0.198865  0.00272991  0.673408  0.00492377
1469  0.198856  0.0027298  0.673434  0.00492237
1470  0.19885  0.0027297  0.673434  0.00492237
1471  0.198848  0.00272967  0.673434  0.00492237
1472  0.198844  0.00272965  0.673434  0.00492237
1473  0.198837  0.0027296  0.673434  0.00492237
1474  0.19883  0.00272951  0.67352  0.0049211
1475  0.198825  0.00272944  0.673667  0.00491909
1476  0.198812  0.00272934  0.673581  0.00492036
1477  0.198806  0.00272929  0.673624  0.00491933
1478  0.198804  0.00272925  0.673606  0.00491949
1479  0.1988  0.00272924  0.673615  0.00492063
1480  0.1988  0.00272924  0.673529  0.00492191
1481  0.198786  0.00272912  0.673589  0.00491985
1482  0.198766  0.00272896  0.673563  0.00492003
1483  0.198763  0.00272892  0.673555  0.0049201
1484  0.198749  0.00272873  0.673615  0.00491916
1485  0.198737  0.0027286  0.673718  0.0049176
1486  0.198725  0.00272848  0.67371  0.00491775
1487  0.198721  0.00272842  0.673796  0.00491647
1488  0.198716  0.00272837  0.673804  0.00491641
1489  0.198711  0.00272832  0.673804  0.00491641
1490  0.198699  0.00272823  0.673899  0.00491506
1491  0.198685  0.00272816  0.67383  0.0049162
1492  0.198678  0.0027281  0.67383  0.0049162
1493  0.198674  0.00272807  0.67383  0.0049162
1494  0.198668  0.00272799  0.67383  0.0049162
1495  0.198656  0.00272787  0.673744  0.00491748
1496  0.198642  0.00272773  0.673675  0.00491862
1497  0.198634  0.00272764  0.673675  0.00491862
1498  0.198628  0.00272759  0.673753  0.00491741
1499  0.198625  0.00272754  0.673735  0.00491778
1500  0.198622  0.0027275  0.673778  0.00491695
1501  0.198614  0.00272744  0.673692  0.00491822
1502  0.198601  0.00272727  0.673778  0.00491673
1503  0.198592  0.00272716  0.67377  0.00491692
1504  0.198588  0.00272713  0.67377  0.00491692
1505  0.198582  0.00272707  0.673821  0.0049167
1506  0.198573  0.00272698  0.673864  0.00491587
1507  0.198569  0.00272693  0.673821  0.00491646
1508  0.198566  0.0027269  0.673847  0.00491646
1509  0.198562  0.00272684  0.673839  0.00491642
1510  0.198553  0.00272678  0.673933  0.00491666
1511  0.198543  0.00272667  0.673942  0.00491646
1512  0.198534  0.00272659  0.67395  0.00491654
1513  0.198527  0.00272657  0.673959  0.00491663
1514  0.198518  0.00272646  0.674071  0.00491504
1515  0.198509  0.00272636  0.674148  0.00491382
1516  0.1985  0.00272627  0.6742  0.00491388
1517  0.19849  0.00272615  0.674243  0.00491333
1518  0.198485  0.00272608  0.674217  0.00491364
1519  0.198473  0.00272598  0.674226  0.00491384
1520  0.198462  0.00272586  0.674406  0.00491122
1521  0.198456  0.00272579  0.674492  0.00490994
1522  0.198453  0.00272576  0.67451  0.00490982
1523  0.198449  0.0027257  0.674587  0.0049086
1524  0.198441  0.00272564  0.674587  0.0049086
1525  0.198437  0.00272562  0.674587  0.0049086
1526  0.198428  0.00272554  0.674535  0.00490946
1527  0.198426  0.00272551  0.674535  0.00490946
1528  0.19842  0.00272543  0.674535  0.00490946
1529  0.19841  0.00272533  0.674527  0.00490965
1530  0.198407  0.00272529  0.674699  0.00490709
1531  0.198397  0.00272518  0.674621  0.00490818
1532  0.198384  0.00272505  0.674673  0.00490786
1533  0.198378  0.00272498  0.674776  0.00490771
1534  0.198372  0.00272492  0.674768  0.00490789
1535  0.198372  0.00272492  0.674768  0.00490789
1536  0.19836  0.00272486  0.674725  0.00490872
1537  0.198353  0.00272484  0.674647  0.00490859
1538  0.19835  0.00272481  0.674673  0.00490825
1539  0.198343  0.00272471  0.674699  0.00490776
1540  0.198318  0.00272448  0.674621  0.00490764
1541  0.198311  0.00272443  0.674596  0.00490777
1542  0.198308  0.00272439  0.674596  0.00490777
1543  0.198307  0.00272438  0.674535  0.00490883
1544  0.198302  0.00272433  0.674544  0.00491002
1545  0.198293  0.00272426  0.674553  0.0049089
1546  0.198283  0.00272425  0.674544  0.00490893
1547  0.198278  0.00272418  0.674467  0.00490989
1548  0.198264  0.002724  0.674673  0.004907
1549  0.198261  0.00272396  0.674759  0.00490572
1550  0.198254  0.00272387  0.674759  0.00490572
1551  0.198248  0.00272382  0.674785  0.00490549
1552  0.198241  0.00272374  0.674837  0.00490489
1553  0.198233  0.00272366  0.674854  0.00490468
1554  0.198225  0.00272356  0.674854  0.00490468
1555  0.19822  0.00272349  0.674923  0.00490371
1556  0.198215  0.0027234  0.675009  0.00490243
1557  0.198203  0.00272326  0.674966  0.00490251
1558  0.19819  0.00272311  0.674966  0.00490251
1559  0.198183  0.00272306  0.67512  0.00490159
1560  0.198175  0.00272302  0.67512  0.00490159
1561  0.198155  0.00272292  0.675163  0.00489977
1562  0.198149  0.00272286  0.675163  0.00489977
1563  0.198145  0.00272283  0.675232  0.0048985
1564  0.198145  0.00272282  0.675146  0.00489979
1565  0.198144  0.00272281  0.675146  0.00489979
1566  0.19814  0.00272276  0.675103  0.00490032
1567  0.198138  0.00272274  0.675103  0.00490032
1568  0.198135  0.00272271  0.675189  0.00489903
1569  0.198127  0.0027226  0.675112  0.00490015
1570  0.198119  0.00272251  0.675198  0.00489887
1571  0.198105  0.0027224  0.675284  0.00489787
1572  0.198097  0.00272234  0.675361  0.00489663
1573  0.198088  0.00272224  0.675447  0.00489685
1574  0.198081  0.00272217  0.675568  0.00489675
1575  0.198077  0.00272212  0.675525  0.00489758
1576  0.19807  0.00272206  0.675611  0.00489629
1577  0.198063  0.002722  0.675602  0.00489635
1578  0.198062  0.00272198  0.675585  0.00489646
1579  0.198058  0.002722  0.675791  0.00489326
1580  0.198048  0.00272201  0.675791  0.00489326
1581  0.198044  0.00272193  0.675877  0.00489197
1582  0.198039  0.00272187  0.675869  0.00489244
1583  0.198035  0.0027218  0.675929  0.0048917
1584  0.198031  0.00272174  0.676101  0.00488912
1585  0.198026  0.00272168  0.676187  0.00488783
1586  0.198023  0.00272165  0.676179  0.00488803
1587  0.198019  0.0027216  0.676032  0.00489038
1588  0.198011  0.00272154  0.676222  0.0048876
1589  0.19801  0.00272154  0.676222  0.0048876
1590  0.198005  0.00272149  0.676239  0.00488746
1591  0.198001  0.00272143  0.676239  0.00488746
1592  0.197998  0.0027214  0.676239  0.00488746
1593  0.197996  0.00272138  0.676239  0.00488746
1594  0.197995  0.00272136  0.67629  0.00488651
1595  0.197987  0.00272123  0.676273  0.00488664
1596  0.197985  0.00272121  0.676273  0.00488664
1597  0.19798  0.00272115  0.676265  0.00488684
1598  0.197975  0.0027211  0.676351  0.00488555
1599  0.197973  0.00272107  0.676419  0.00488464
1600  0.197971  0.00272107  0.676411  0.0048847
1601  0.197962  0.00272099  0.676497  0.00488492
1602  0.197953  0.00272087  0.676454  0.00488576
1603  0.197952  0.00272085  0.67654  0.00488446
1604  0.197939  0.0027207  0.67654  0.00488446
1605  0.197934  0.00272066  0.676549  0.00488439
1606  0.197925  0.00272058  0.676549  0.00488439
1607  0.197918  0.00272047  0.676635  0.00488272
1608  0.197912  0.00272038  0.676755  0.00488103
1609  0.197904  0.0027203  0.676669  0.00488232
1610  0.1979  0.00272026  0.676669  0.00488232
1611  0.197888  0.00272022  0.676643  0.00488241
1612  0.197885  0.00272017  0.676643  0.00488241
1613  0.197883  0.00272013  0.676643  0.00488241
1614  0.197878  0.00272007  0.676686  0.00488158
1615  0.197872  0.00272005  0.676592  0.00488304
1616  0.197861  0.00271993  0.676669  0.00488197
1617  0.197858  0.0027199  0.676703  0.00488164
1618  0.197856  0.00271986  0.676789  0.00488034
1619  0.197847  0.00271975  0.676789  0.00488034
1620  0.197828  0.00271954  0.676815  0.00488002
1621  0.197825  0.00271954  0.676815  0.00488002
1622  0.197822  0.00271952  0.676807  0.00488022
1623  0.19782  0.00271948  0.676807  0.00488022
1624  0.197812  0.00271939  0.676721  0.00488151
1625  0.197798  0.00271926  0.676617  0.00488146
1626  0.197793  0.00271921  0.676652  0.00488102
1627  0.197791  0.00271921  0.676635  0.00488078
1628  0.197784  0.00271916  0.676746  0.0048798
1629  0.19777  0.00271904  0.676746  0.00487828
1630  0.197764  0.00271901  0.676832  0.0048785
1631  0.197749  0.00271882  0.676832  0.0048785
1632  0.197735  0.00271875  0.676875  0.00487767
1633  0.197724  0.00271867  0.676841  0.00487788
1634  0.197723  0.00271867  0.676858  0.00487774
1635  0.197721  0.00271865  0.676858  0.00487774
1636  0.197718  0.00271862  0.676858  0.00487774
1637  0.197714  0.00271857  0.676936  0.00487651
1638  0.197712  0.00271856  0.676918  0.00487665
1639  0.197706  0.00271848  0.676901  0.00487678
1640  0.1977  0.00271839  0.67697  0.00487563
1641  0.197691  0.00271828  0.676918  0.00487671
1642  0.197678  0.00271816  0.676841  0.00487657
1643  0.19767  0.00271806  0.676927  0.00487528
1644  0.197662  0.00271796  0.676918  0.00487537
1645  0.197652  0.00271788  0.677047  0.00487371
1646  0.197649  0.00271785  0.677047  0.00487371
1647  0.197648  0.00271784  0.677091  0.00487363
1648  0.197641  0.0027178  0.677065  0.00487363
1649  0.197637  0.00271775  0.677022  0.00487416
1650  0.197631  0.0027177  0.677022  0.00487416
1651  0.197623  0.00271759  0.677349  0.00486923
1652  0.197621  0.00271756  0.6774  0.00486848
1653  0.197615  0.00271748  0.677452  0.00486752
1654  0.197613  0.00271745  0.677615  0.00486512
1655  0.197607  0.00271737  0.677607  0.00486518
1656  0.1976  0.00271728  0.677589  0.00486532
1657  0.197593  0.0027172  0.677589  0.00486526
1658  0.197584  0.00271711  0.677641  0.00486429
1659  0.19758  0.00271705  0.677478  0.00486714
1660  0.197569  0.0027169  0.677693  0.0048636
1661  0.197559  0.00271679  0.677796  0.00486365
1662  0.197553  0.00271673  0.677865  0.00486391
1663  0.197543  0.0027167  0.677865  0.00486391
1664  0.197537  0.0027166  0.677675  0.00486689
1665  0.197534  0.00271658  0.677744  0.00486562
1666  0.197529  0.00271653  0.677753  0.00486565
1667  0.197518  0.00271644  0.67777  0.00486551
1668  0.197514  0.00271639  0.67777  0.00486551
1669  0.197513  0.00271638  0.67777  0.00486551
1670  0.197501  0.00271627  0.67777  0.00486551
1671  0.197498  0.00271626  0.67783  0.0048654
1672  0.197489  0.00271617  0.677744  0.0048667
1673  0.197487  0.00271613  0.677693  0.0048673
1674  0.19748  0.00271606  0.677693  0.0048673
1675  0.197478  0.00271603  0.677701  0.00486716
1676  0.197477  0.00271603  0.677787  0.00486586
1677  0.197475  0.00271599  0.67783  0.0048654
1678  0.197468  0.00271589  0.677736  0.00486676
1679  0.197463  0.00271583  0.677736  0.00486676
1680  0.197454  0.00271579  0.677736  0.00486676
1681  0.197444  0.00271571  0.677848  0.00486605
1682  0.197442  0.00271569  0.677762  0.00486626
1683  0.197439  0.00271566  0.677813  0.00486571
1684  0.197432  0.00271558  0.677891  0.00486488
1685  0.197429  0.00271554  0.677908  0.00486468
1686  0.197422  0.00271547  0.677908  0.00486468
1687  0.197417  0.00271542  0.677959  0.00486371
1688  0.197411  0.00271538  0.677985  0.00486344
1689  0.19741  0.00271535  0.678037  0.00486253
1690  0.197406  0.00271533  0.67808  0.00486283
1691  0.197403  0.00271529  0.67808  0.00486283
1692  0.197399  0.00271524  0.678174  0.00486141
1693  0.197396  0.00271521  0.678166  0.00486132
1694  0.197388  0.00271514  0.678174  0.00486121
1695  0.197385  0.00271512  0.678174  0.00486023
1696  0.197379  0.00271509  0.678088  0.00486154
1697  0.197376  0.00271505  0.678166  0.0048603
1698  0.197371  0.00271498  0.678166  0.0048603
1699  0.19737  0.00271497  0.678192  0.0048602
1700  0.197363  0.00271491  0.678252  0.00486036
1701  0.19736  0.00271488  0.678157  0.00486173
1702  0.197344  0.00271472  0.678166  0.00486142
1703  0.197337  0.00271466  0.678192  0.00486096
1704  0.197327  0.00271459  0.678166  0.00486151
1705  0.197323  0.00271454  0.678097  0.00486243
1706  0.197321  0.00271453  0.678192  0.00486096
1707  0.197318  0.00271449  0.678269  0.0048596
1708  0.197317  0.00271449  0.678269  0.0048596
1709  0.197313  0.00271448  0.678269  0.0048596
1710  0.1973  0.00271433  0.678226  0.0048605
1711  0.197295  0.00271426  0.678304  0.00485926
1712  0.197289  0.00271417  0.678458  0.00485663
1713  0.197284  0.00271413  0.678493  0.0048563
1714  0.197273  0.00271397  0.678536  0.00485583
1715  0.197269  0.00271393  0.678579  0.00485499
1716  0.19726  0.00271383  0.678372  0.00485837
1717  0.197257  0.00271379  0.678493  0.00485715
1718  0.197246  0.00271365  0.678579  0.00485584
1719  0.197243  0.0027136  0.678441  0.00485775
1720  0.197235  0.00271351  0.678441  0.00485778
1721  0.19723  0.00271344  0.678613  0.00485517
1722  0.197222  0.0027134  0.678665  0.00485457
1723  0.197217  0.00271337  0.678751  0.00485478
1724  0.197213  0.00271331  0.678751  0.00485478
1725  0.197204  0.00271321  0.678759  0.00485458
1726  0.197199  0.00271317  0.678759  0.00485458
1727  0.197192  0.0027131  0.678828  0.00485342
1728  0.197186  0.00271299  0.678914  0.00485211
1729  0.197181  0.00271296  0.678914  0.00485211
1730  0.197175  0.00271289  0.678975  0.004851
1731  0.197166  0.0027128  0.678932  0.00485174
1732  0.197157  0.00271267  0.678854  0.00485285
1733  0.197154  0.00271264  0.678845  0.00485302
1734  0.197144  0.00271253  0.678923  0.00485191
1735  0.197134  0.00271243  0.678837  0.00485322
1736  0.197124  0.00271235  0.678889  0.00485225
1737  0.197115  0.00271228  0.678889  0.00485225
1738  0.19711  0.00271222  0.678975  0.00485094
1739  0.197106  0.00271218  0.678889  0.00485225
1740  0.197092  0.00271205  0.678828  0.00485175
1741  0.197087  0.00271199  0.678914  0.00485044
1742  0.197084  0.002712  0.678897  0.00485052
1743  0.19707  0.00271186  0.678828  0.00485145
1744  0.197063  0.00271182  0.67882  0.00485151
1745  0.19706  0.00271179  0.67888  0.00485075
1746  0.197058  0.00271177  0.67888  0.00485075
1747  0.197057  0.00271175  0.678966  0.00484944
1748  0.197051  0.00271168  0.67894  0.00484972
1749  0.197044  0.00271159  0.678863  0.00485097
1750  0.197039  0.00271153  0.678949  0.00484952
1751  0.197034  0.00271143  0.679035  0.00484809
1752  0.197027  0.00271138  0.679104  0.00484781
1753  0.197022  0.00271132  0.679104  0.00484781
1754  0.197018  0.00271128  0.679129  0.00484782
1755  0.197009  0.00271118  0.679043  0.00484913
1756  0.197006  0.00271113  0.679043  0.00484913
1757  0.196997  0.00271103  0.679061  0.00484879
1758  0.19699  0.00271098  0.679043  0.00484914
1759  0.196978  0.00271085  0.679104  0.00484872
1760  0.19697  0.00271083  0.679147  0.00484826
1761  0.196964  0.00271075  0.678992  0.00485074
1762  0.196959  0.00271069  0.679086  0.00484937
1763  0.196952  0.00271062  0.679  0.00485068
1764  0.196945  0.00271052  0.679  0.00485068
1765  0.196945  0.00271052  0.679  0.00485068
1766  0.196936  0.0027104  0.679086  0.00484937
1767  0.196929  0.00271029  0.679181  0.00484938
1768  0.19692  0.00271024  0.679198  0.00484874
1769  0.196915  0.00271018  0.679276  0.004849
1770  0.196913  0.00271016  0.679276  0.004849
1771  0.196905  0.00271008  0.679276  0.00484916
1772  0.196896  0.00271002  0.679267  0.00484907
1773  0.196892  0.00270995  0.679267  0.00484907
1774  0.196886  0.00270991  0.679198  0.0048503
1775  0.196882  0.00270987  0.679155  0.00485143
1776  0.196877  0.00270983  0.679198  0.00485045
1777  0.196872  0.00270978  0.679284  0.00485067
1778  0.196868  0.00270974  0.679258  0.00485096
1779  0.196863  0.00270967  0.679233  0.00485028
1780  0.196858  0.00270961  0.679276  0.00484981
1781  0.196854  0.00270955  0.679267  0.00484957
1782  0.196852  0.00270952  0.679336  0.00485008
1783  0.196845  0.00270945  0.679353  0.00484985
1784  0.196836  0.00270939  0.679301  0.0048499
1785  0.196833  0.00270935  0.679301  0.0048499
1786  0.196831  0.00270933  0.679301  0.00484987
1787  0.196825  0.00270925  0.679319  0.00484955
1788  0.196818  0.00270915  0.679327  0.00484935
1789  0.196816  0.00270911  0.679344  0.00484918
1790  0.196809  0.00270904  0.679284  0.00485025
1791  0.196797  0.00270893  0.679319  0.00484961
1792  0.196791  0.00270885  0.679319  0.00484961
1793  0.196782  0.00270872  0.679319  0.00484961
1794  0.196776  0.00270866  0.679233  0.00485092
1795  0.196767  0.00270856  0.679224  0.00485112
1796  0.196758  0.00270847  0.679224  0.00485112
1797  0.196754  0.00270844  0.679396  0.0048485
1798  0.196742  0.0027083  0.679499  0.00484694
1799  0.19673  0.00270823  0.679499  0.00484694
1800  0.196724  0.00270818  0.679448  0.0048469
1801  0.196721  0.00270815  0.679439  0.00484708
1802  0.196719  0.00270815  0.679456  0.00484694
1803  0.196716  0.00270809  0.679465  0.00484674
1804  0.196712  0.00270803  0.679448  0.00484713
1805  0.196709  0.002708  0.679448  0.00484713
1806  0.196708  0.00270797  0.679465  0.00484674
1807  0.196703  0.00270792  0.67956  0.00484529
1808  0.196702  0.0027079  0.67956  0.00484529
1809  0.196682  0.00270772  0.67956  0.00484529
1810  0.196678  0.00270768  0.67974  0.00484413
1811  0.196676  0.00270766  0.67974  0.00484413
1812  0.196675  0.00270765  0.679766  0.00484404
1813  0.196673  0.00270763  0.67968  0.00484535
1814  0.196668  0.00270759  0.67968  0.00484535
1815  0.196663  0.00270754  0.679775  0.00484397
1816  0.196653  0.00270744  0.679835  0.00484289
1817  0.196646  0.00270734  0.679921  0.00484158
1818  0.19664  0.0027073  0.679835  0.00484289
1819  0.196634  0.00270724  0.679843  0.00484269
1820  0.196628  0.0027072  0.679792  0.00484275
1821  0.196625  0.00270717  0.679792  0.00484275
1822  0.196608  0.00270701  0.679757  0.00484309
1823  0.196604  0.00270694  0.679783  0.00484258
1824  0.196601  0.00270691  0.679766  0.00484297
1825  0.196593  0.0027068  0.679852  0.00484165
1826  0.196589  0.00270675  0.679869  0.00484157
1827  0.196588  0.00270673  0.679869  0.00484157
1828  0.196584  0.00270668  0.679861  0.00484164
1829  0.19658  0.00270663  0.679921  0.00484097
1830  0.196575  0.00270656  0.679835  0.00484228
1831  0.196573  0.00270654  0.679835  0.00484228
1832  0.196569  0.00270651  0.679835  0.00484228
1833  0.196564  0.00270646  0.679843  0.00484217
1834  0.196554  0.00270643  0.679826  0.00484241
1835  0.196548  0.00270638  0.679783  0.00484304
1836  0.196546  0.00270634  0.679697  0.0048446
1837  0.196539  0.00270627  0.679732  0.00484389
1838  0.196531  0.00270623  0.679697  0.00484469
1839  0.196529  0.00270621  0.67974  0.00484445
1840  0.19652  0.00270617  0.679809  0.00484377
1841  0.196511  0.00270608  0.679981  0.0048412
1842  0.196501  0.00270596  0.679998  0.00484097
1843  0.196495  0.00270592  0.679998  0.00484097
1844  0.196488  0.00270584  0.67999  0.00484105
1845  0.196478  0.00270575  0.67999  0.00484105
1846  0.196469  0.00270569  0.680041  0.0048409
1847  0.196466  0.00270567  0.680145  0.00483923
1848  0.196463  0.00270564  0.680145  0.00483923
1849  0.19646  0.00270561  0.680145  0.00483923
1850  0.196456  0.00270557  0.680145  0.00483923
1851  0.196454  0.00270555  0.680058  0.00484055
1852  0.196449  0.00270551  0.68005  0.00484075
1853  0.196446  0.00270548  0.68005  0.00484075
1854  0.196438  0.00270541  0.68005  0.00484075
1855  0.196437  0.00270542  0.68005  0.00484075
1856  0.196433  0.00270539  0.68005  0.00484075
1857  0.196428  0.00270532  0.68005  0.00484075
1858  0.196419  0.00270525  0.68005  0.00484075
1859  0.196414  0.00270524  0.68005  0.00484075
1860  0.196409  0.00270518  0.679972  0.00484186
1861  0.196403  0.00270514  0.679972  0.00484186
1862  0.196397  0.0027051  0.680067  0.00484018
1863  0.196393  0.00270507  0.680153  0.00483886
1864  0.196391  0.00270505  0.680153  0.00483886
1865  0.196385  0.00270495  0.68017  0.00483846
1866  0.196378  0.00270487  0.680162  0.00483852
1867  0.196376  0.00270486  0.680162  0.00483852
1868  0.196375  0.00270485  0.680162  0.00483852
1869  0.196367  0.00270476  0.680222  0.00483744
1870  0.196363  0.00270472  0.680248  0.00483721
1871  0.196359  0.00270467  0.680403  0.00483496
1872  0.196352  0.00270461  0.680299  0.00483628
1873  0.19635  0.00270459  0.680299  0.00483628
1874  0.196345  0.00270454  0.680446  0.00483441
1875  0.19634  0.00270447  0.680446  0.00483441
1876  0.196334  0.00270438  0.680532  0.0048331
1877  0.196323  0.00270422  0.680609  0.00483184
1878  0.19632  0.00270419  0.680609  0.00483184
1879  0.196315  0.00270414  0.680575  0.00483218
1880  0.196314  0.00270414  0.680575  0.00483218
1881  0.196305  0.00270407  0.680549  0.00483274
1882  0.1963  0.00270404  0.680428  0.00483508
1883  0.196288  0.00270393  0.680514  0.00483376
1884  0.196286  0.00270392  0.680514  0.00483376
1885  0.196284  0.00270389  0.680514  0.00483376
1886  0.196281  0.00270386  0.680514  0.00483376
1887  0.196274  0.00270378  0.680446  0.00483469
1888  0.196267  0.00270372  0.680446  0.00483429
1889  0.196264  0.00270366  0.68036  0.00483561
1890  0.19625  0.00270354  0.68042  0.00483638
1891  0.196237  0.00270339  0.68042  0.00483638
1892  0.196235  0.00270337  0.680506  0.00483506
1893  0.196231  0.00270335  0.680514  0.00483486
1894  0.196224  0.00270339  0.680523  0.00483466
1895  0.196223  0.00270337  0.680437  0.00483598
1896  0.19622  0.00270333  0.680385  0.00483658
1897  0.196216  0.00270328  0.680385  0.00483658
1898  0.196214  0.00270326  0.680385  0.00483658
1899  0.19621  0.00270321  0.680377  0.00483677
1900  0.1962  0.00270308  0.680514  0.00483488
1901  0.196197  0.00270308  0.680566  0.0048339
1902  0.196192  0.00270302  0.680566  0.0048339
1903  0.196188  0.00270296  0.680566  0.0048339
1904  0.196187  0.00270296  0.680566  0.0048339
1905  0.196183  0.0027029  0.680575  0.0048337
1906  0.196179  0.00270287  0.680532  0.00483437
1907  0.196168  0.00270276  0.680557  0.0048339
1908  0.196165  0.00270276  0.6806  0.00483336
1909  0.196159  0.00270267  0.680592  0.00483337
1910  0.196156  0.00270267  0.680592  0.00483337
1911  0.196149  0.00270255  0.680592  0.00483337
1912  0.196137  0.00270241  0.680643  0.00483277
1913  0.19613  0.00270233  0.680566  0.00483389
1914  0.196123  0.00270223  0.680704  0.00483312
1915  0.196116  0.00270217  0.680764  0.00483231
1916  0.19611  0.00270212  0.680755  0.00483267
1917  0.1961  0.00270204  0.680816  0.00483168
1918  0.196096  0.00270196  0.680902  0.00483035
1919  0.196084  0.00270185  0.680859  0.00483121
1920  0.196077  0.0027018  0.68085  0.00483127
1921  0.196072  0.00270172  0.680893  0.00483042
1922  0.196069  0.00270169  0.680902  0.00483029
1923  0.19606  0.0027016  0.680867  0.00483045
1924  0.19606  0.00270159  0.680876  0.00483039
1925  0.196051  0.00270156  0.680919  0.00482954
1926  0.196049  0.00270155  0.680919  0.00482954
1927  0.196036  0.00270144  0.680919  0.00482954
1928  0.196031  0.0027014  0.680919  0.00482954
1929  0.196028  0.00270137  0.680919  0.00482954
1930  0.196024  0.00270132  0.680884  0.00482988
1931  0.196019  0.00270128  0.680953  0.0048287
1932  0.196014  0.00270125  0.680953  0.0048287
1933  0.196008  0.00270118  0.681022  0.00482777
1934  0.196002  0.00270111  0.680953  0.00482939
1935  0.196  0.00270107  0.681013  0.00482842
1936  0.195998  0.00270106  0.681048  0.00482856
1937  0.195995  0.00270101  0.681031  0.00482913
1938  0.195994  0.00270099  0.681031  0.00482913
1939  0.195989  0.00270094  0.681031  0.00482913
1940  0.195989  0.00270094  0.681031  0.00482913
1941  0.195987  0.00270092  0.681108  0.00482775
1942  0.195982  0.00270085  0.681074  0.0048281
1943  0.195977  0.00270079  0.681142  0.00482695
1944  0.195973  0.00270078  0.681211  0.00482699
1945  0.195966  0.0027007  0.681151  0.00482837
1946  0.195956  0.00270061  0.681228  0.00482725
1947  0.195943  0.00270047  0.681203  0.00482735
1948  0.195939  0.00270044  0.681203  0.00482735
1949  0.195938  0.00270041  0.68116  0.0048282
1950  0.195931  0.00270032  0.68116  0.0048282
1951  0.195929  0.0027003  0.68116  0.0048282
1952  0.195924  0.00270025  0.681082  0.00482932
1953  0.195922  0.00270021  0.681134  0.00482857
1954  0.195919  0.00270018  0.681177  0.0048278
1955  0.195917  0.00270015  0.681272  0.00482618
1956  0.195915  0.00270011  0.681237  0.00482689
1957  0.195912  0.00270008  0.681211  0.00482739
1958  0.195911  0.00270007  0.681211  0.00482739
1959  0.195905  0.00270001  0.681203  0.00482745
1960  0.195902  0.00269996  0.681297  0.00482607
1961  0.195894  0.00269987  0.681254  0.00482637
1962  0.195886  0.00269982  0.681332  0.00482522
1963  0.195885  0.00269979  0.681332  0.00482522
1964  0.195872  0.00269979  0.681366  0.00482548
1965  0.195869  0.00269976  0.681521  0.00482322
1966  0.195864  0.00269973  0.681495  0.00482346
1967  0.195859  0.0026997  0.681426  0.00482464
1968  0.195858  0.0026997  0.68134  0.00482597
1969  0.195853  0.00269964  0.68134  0.00482597
1970  0.195848  0.0026996  0.681426  0.00482464
1971  0.195843  0.00269954  0.681366  0.00482573
1972  0.195841  0.00269953  0.681358  0.00482593
1973  0.195838  0.00269949  0.68128  0.00482705
1974  0.195833  0.0026994  0.681246  0.00482769
1975  0.195828  0.00269933  0.681177  0.00482862
1976  0.195824  0.00269929  0.681091  0.00482995
1977  0.195815  0.00269918  0.681099  0.00482975
1978  0.195808  0.00269913  0.681099  0.00482975
1979  0.195803  0.00269908  0.681022  0.00482962
1980  0.195796  0.00269902  0.681022  0.00482962
1981  0.195792  0.002699  0.681022  0.00482962
1982  0.195789  0.00269895  0.680927  0.00483115
1983  0.19578  0.00269884  0.681005  0.00482989
1984  0.195776  0.00269879  0.680962  0.00483071
1985  0.19577  0.00269875  0.680962  0.00483071
1986  0.195761  0.00269864  0.681048  0.00482939
1987  0.195755  0.00269861  0.681048  0.00482939
1988  0.19575  0.00269856  0.681031  0.00482974
1989  0.19575  0.00269856  0.681031  0.00482974
1990  0.195749  0.00269853  0.681031  0.00482974
1991  0.195747  0.0026985  0.680962  0.00483115
1992  0.195745  0.00269848  0.680876  0.00483094
1993  0.195739  0.00269843  0.680824  0.00483192
1994  0.195723  0.00269833  0.680867  0.00483183
1995  0.195718  0.00269829  0.680781  0.00483315
1996  0.195711  0.00269819  0.680747  0.0048335
1997  0.195703  0.00269814  0.680816  0.00483244
1998  0.195703  0.00269813  0.680807  0.0048325
1999  0.195694  0.00269809  0.68085  0.00483165
