#sample=5
0 0.24126 0.00465309 0.0593844 0.00146407 0.0643137 0.00120687 -1
1 0.137913 0.00524493 0.0198415 0.000740334 0.0550466 0.000754121 -0.8
2 0.135866 0.00408113 0.0191261 0.000673891 0.0552512 0.00090326 -0.8
3 0.0991298 0.00436723 0.0103868 0.000801124 0.0513888 0.000655868 -0.6
4 0.140808 0.00562886 0.0205912 0.000810069 0.0556809 0.000919899 -0.8
5 0.101466 0.00594017 0.0109878 0.000687289 0.0513231 0.00111739 -0.6
6 0.0995102 0.00511852 0.0104586 0.000678232 0.0511673 0.00113146 -0.6
7 0.0710348 0.00450142 0.00535533 0.00070031 0.049028 0.000764625 -0.4
8 0.137382 0.00531785 0.0196917 0.000690144 0.0551917 0.000336389 -0.8
9 0.0996466 0.005301 0.010552 0.000799846 0.052161 0.000879185 -0.6
10 0.0989786 0.0054717 0.0103507 0.000784073 0.0524352 0.00076227 -0.6
11 0.070391 0.00409984 0.00523166 0.000722739 0.0490133 0.000428569 -0.4
12 0.102795 0.00602672 0.0112551 0.000613307 0.0522702 0.00143764 -0.6
13 0.0710717 0.00532935 0.00541946 0.000718197 0.0494212 0.00101378 -0.4
14 0.0704258 0.00484666 0.00509857 0.000688467 0.0498643 0.000496464 -0.4
15 0.0544161 0.00439195 0.00317029 0.000278496 0.0478225 0.000815551 -0.2
16 0.137516 0.00651798 0.0199702 0.000973784 0.0539337 0.00155016 -0.8
17 0.0999851 0.00589762 0.010707 0.000799069 0.0508319 0.00103546 -0.6
18 0.0997303 0.0055976 0.0105614 0.000770931 0.0517934 0.000804341 -0.6
19 0.0713565 0.00425807 0.00536784 0.000732775 0.048793 0.000461055 -0.4
20 0.10192 0.00605768 0.0110614 0.000747164 0.0528668 0.000557323 -0.6
21 0.0719716 0.00488844 0.0054577 0.000729843 0.0495669 0.000741924 -0.4
22 0.071822 0.00489596 0.00535687 0.0007156 0.0499557 0.000722165 -0.4
23 0.0560446 0.00419005 0.00326219 0.000234756 0.0472394 0.000937912 -0.2
24 0.100114 0.00673363 0.0108269 0.000831669 0.0508274 0.000889499 -0.6
25 0.0712253 0.00508755 0.00533351 0.000751 0.0502598 0.000606882 -0.4
26 0.0718039 0.00535178 0.00544342 0.000716337 0.0502451 0.000569547 -0.4
27 0.0539131 0.00432193 0.00320666 0.000273012 0.0475158 0.00125632 -0.2
28 0.0722353 0.00499723 0.00534579 0.000698286 0.050343 0.000574148 -0.4
29 0.0566394 0.0058303 0.00334387 0.000281559 0.0486117 0.00080771 -0.2
30 0.0540673 0.00535137 0.00310363 0.000249832 0.0471226 0.0006204 -0.2
31 0.0540531 0.00509411 0.00318613 0.000472738 0.0467701 0.00074265 0
32 0.139076 0.00493402 0.0201509 0.000745414 0.0546014 0.000685802 -0.8
33 0.0999725 0.0056932 0.0106109 0.000743613 0.0511858 0.00104661 -0.6
34 0.100321 0.00476483 0.0105361 0.000711417 0.0521659 0.000921858 -0.6
35 0.0712062 0.00428019 0.00544701 0.000691072 0.0483502 0.000503706 -0.4
36 0.103326 0.00576237 0.0113579 0.000674863 0.0503198 0.000875933 -0.6
37 0.0730085 0.00494466 0.00561966 0.000686856 0.0501328 0.000993035 -0.4
38 0.071896 0.00491577 0.00535474 0.000726201 0.0498846 0.000680699 -0.4
39 0.0546448 0.00486543 0.00327402 0.000267622 0.0484951 0.00108444 -0.2
40 0.101131 0.0053477 0.0108209 0.000656651 0.0520759 0.000771065 -0.6
41 0.0732615 0.00465308 0.00560497 0.000733616 0.0497602 0.000671111 -0.4
42 0.0718774 0.00493971 0.00545147 0.000719104 0.0501735 0.000399591 -0.4
43 0.0554947 0.00440023 0.00335796 0.000274405 0.0468134 0.000772446 -0.2
44 0.0734492 0.00545947 0.00570572 0.00064733 0.0512999 0.00044604 -0.4
45 0.056917 0.00448093 0.00337998 0.000299078 0.0463883 0.000885539 -0.2
46 0.0544792 0.00435916 0.00302485 0.000242576 0.0481219 0.000966344 -0.2
47 0.0540023 0.00538112 0.00321858 0.00050536 0.0444541 0.000779976 0
48 0.102171 0.00620022 0.0112386 0.00066133 0.0537303 0.000992788 -0.6
49 0.0719521 0.00551565 0.00550956 0.00067314 0.0504835 0.00110668 -0.4
50 0.0731443 0.00508027 0.00565124 0.000709559 0.0501802 0.000773871 -0.4
51 0.0548927 0.00433993 0.00316679 0.000263375 0.0474898 0.000599836 -0.2
52 0.0730754 0.0056029 0.00553997 0.000581567 0.0502172 0.00100797 -0.4
53 0.0557079 0.00555874 0.00321666 0.000277878 0.0475898 0.00068824 -0.2
54 0.0561061 0.00516712 0.0032474 0.000262545 0.0489555 0.000606161 -0.2
55 0.0524551 0.0054189 0.00295697 0.00047758 0.0453472 0.000310751 0
56 0.0729431 0.00533664 0.00556265 0.000692289 0.0506768 0.000906883 -0.4
57 0.0550426 0.00503497 0.00317475 0.000320665 0.0475199 0.00118856 -0.2
58 0.0550571 0.00507919 0.0033272 0.000329969 0.0478665 0.00032917 -0.2
59 0.0538985 0.00594704 0.00315708 0.000585479 0.045668 0.00117927 0
60 0.0558083 0.0055388 0.00320432 0.000258245 0.04809 0.000828976 -0.2
61 0.0535075 0.00574158 0.00301701 0.000568788 0.0467885 0.000634227 0
62 0.0557533 0.00566937 0.00324873 0.000514143 0.0456816 0.000854839 0
63 0.0670335 0.00503844 0.00449075 0.000722982 0.0437775 0.000782858 0.2
64 0.13808 0.00406817 0.0196231 0.000792394 0.054521 0.000134813 -0.8
65 0.10043 0.00458134 0.0106023 0.000805532 0.0524204 0.000499313 -0.6
66 0.0974715 0.00447311 0.00995442 0.000781708 0.0513465 0.000367051 -0.6
67 0.0704537 0.00394183 0.00523597 0.000728769 0.0493036 0.000878303 -0.4
68 0.101911 0.0053593 0.0108732 0.000731577 0.0512382 0.00094746 -0.6
69 0.0721627 0.00505941 0.00555282 0.000743526 0.0497313 0.000846453 -0.4
70 0.0705017 0.00506586 0.00520318 0.000713029 0.0488585 0.000897691 -0.4
71 0.0547116 0.00489706 0.00322705 0.000298603 0.0487973 0.00104535 -0.2
72 0.0993811 0.00438279 0.0102788 0.000708117 0.051147 0.00103602 -0.6
73 0.069923 0.0044654 0.00509746 0.000820919 0.0500887 0.000787554 -0.4
74 0.0709443 0.00450136 0.00524489 0.000651096 0.0498819 0.000751078 -0.4
75 0.0533526 0.00417381 0.00319223 0.000264772 0.0467224 0.000296076 -0.2
76 0.0712917 0.00527252 0.00527167 0.000750011 0.0483286 0.000614185 -0.4
77 0.0542794 0.00507461 0.00322294 0.000265457 0.0470127 0.00124882 -0.2
78 0.0532953 0.00519418 0.00295559 0.000208088 0.0486941 0.000740781 -0.2
79 0.0528798 0.00605884 0.00303741 0.000520094 0.0453456 0.000891461 0
80 0.0995694 0.00529297 0.0105312 0.000750312 0.0516186 0.000848471 -0.6
81 0.0706442 0.00502943 0.00524781 0.000796591 0.0484962 0.000764756 -0.4
82 0.07022 0.00456811 0.00521064 0.000746128 0.0509547 0.00113199 -0.4
83 0.05502 0.00426823 0.00323671 0.000256294 0.0495574 0.000619504 -0.2
84 0.0709691 0.00557252 0.00535818 0.000772958 0.0493537 0.000726795 -0.4
85 0.0549729 0.00470521 0.00318799 0.000282672 0.0480205 0.00100759 -0.2
86 0.0544951 0.00466962 0.0030498 0.000257398 0.0474127 0.000895253 -0.2
87 0.0531289 0.00504137 0.00299937 0.000468527 0.0454297 0.000963754 0
88 0.070555 0.00554666 0.00526401 0.000649347 0.0504218 0.000752159 -0.4
89 0.0544402 0.00450745 0.00314698 0.000234441 0.0474164 0.000830251 -0.2
90 0.0546912 0.00509285 0.00322421 0.000244348 0.0487368 0.00114726 -0.2
91 0.0539562 0.00509431 0.00316089 0.000534975 0.0455921 0.0010593 0
92 0.0556353 0.00541723 0.00327358 0.000266085 0.0485133 0.00113105 -0.2
93 0.0549351 0.00544929 0.00322422 0.000532687 0.0446614 0.000853416 0
94 0.0540845 0.00563928 0.00311103 0.000499527 0.0482435 0.000764772 0
95 0.0661998 0.00556274 0.00437397 0.000557412 0.043343 0.000494821 0.2
96 0.101011 0.00497073 0.0107611 0.000750435 0.05192 0.000998628 -0.6
97 0.0716325 0.0045005 0.00539871 0.000731277 0.0484053 0.00107413 -0.4
98 0.0704496 0.00464513 0.00525922 0.000630533 0.0505818 0.000400289 -0.4
99 0.0537435 0.00432205 0.00313545 0.000280859 0.0483973 0.000629881 -0.2
100 0.0722613 0.00522424 0.00546074 0.000643488 0.0497673 0.000505344 -0.4
101 0.056929 0.00491009 0.00349646 0.000291757 0.049353 0.000849328 -0.2
102 0.0539936 0.00460352 0.00296676 0.000267933 0.047587 0.00081539 -0.2
103 0.0521518 0.00507902 0.00303271 0.000515848 0.0463928 0.000394464 0
104 0.0723016 0.00460255 0.00542035 0.000700666 0.0495517 0.00108494 -0.4
105 0.0550305 0.00468554 0.00326698 0.000244906 0.0487817 0.00107604 -0.2
106 0.0551009 0.00510565 0.00314159 0.000156831 0.046568 0.000645052 -0.2
107 0.0541895 0.00522054 0.00319994 0.000496126 0.0472017 0.0010926 0
108 0.0551937 0.00480467 0.00316721 0.000275347 0.0482764 0.000932793 -0.2
109 0.0539616 0.00475736 0.00318252 0.000497546 0.0466782 0.000387879 0
110 0.0529808 0.00523764 0.00315382 0.000505564 0.0455441 0.000568142 0
111 0.0663591 0.0043627 0.00446239 0.000500576 0.0440111 0.000292645 0.2
112 0.0727961 0.00517789 0.00557356 0.000719849 0.0500366 0.00102879 -0.4
113 0.0561866 0.00466535 0.00335019 0.000287536 0.0485021 0.000898498 -0.2
114 0.0539525 0.00468406 0.00303342 0.000307136 0.0478862 0.00046812 -0.2
115 0.0541532 0.0054753 0.00312402 0.000544256 0.0446766 0.00105652 0
116 0.055363 0.00611375 0.00327751 0.000310337 0.0476731 0.00086054 -0.2
117 0.0539142 0.00513792 0.00308783 0.00045411 0.045933 0.0007109 0
118 0.0540627 0.0050569 0.00327712 0.000473606 0.0452008 0.000444761 0
119 0.0660401 0.00496846 0.00433475 0.000411749 0.0457209 0.000911274 0.2
120 0.056021 0.00507556 0.00330494 0.000249929 0.0479238 0.000625779 -0.2
121 0.0531899 0.00542147 0.00303473 0.000541005 0.0468634 0.000172458 0
122 0.0534582 0.00571141 0.00316192 0.000593866 0.0462261 0.000833291 0
123 0.0668636 0.00490392 0.00447154 0.000654155 0.043847 0.000761751 0.2
124 0.0548843 0.00503581 0.00328637 0.000510272 0.0473957 0.0010222 0
125 0.0660008 0.00494249 0.00437719 0.000524567 0.0440635 0.000715702 0.2
126 0.068344 0.00394491 0.00475985 0.000594326 0.0439958 0.00116309 0.2
127 0.0840597 0.00389108 0.00718127 0.000870424 0.0430396 0.000958943 0.4
128 0.138897 0.00477962 0.0199569 0.000770367 0.0545492 0.000681121 -0.8
129 0.100134 0.00508995 0.0105601 0.000766628 0.0510534 0.000440881 -0.6
130 0.0978627 0.00490618 0.0100503 0.000751822 0.0523014 0.00139868 -0.6
131 0.0702101 0.00414238 0.00523369 0.000778225 0.0481188 0.000727255 -0.4
132 0.102165 0.00556219 0.0110189 0.000720564 0.0525219 0.000613614 -0.6
133 0.0727276 0.00466889 0.00555394 0.000729671 0.0499301 0.000532977 -0.4
134 0.0705883 0.00435647 0.00509838 0.000717234 0.0490503 0.000621379 -0.4
135 0.0538837 0.0053124 0.00299973 0.000282153 0.0475459 0.000447547 -0.2
136 0.100879 0.0051674 0.0108055 0.000714326 0.0511873 0.00074208 -0.6
137 0.0709936 0.00413419 0.00527058 0.000724181 0.050254 0.000863715 -0.4
138 0.069517 0.00443728 0.00513564 0.000713353 0.0509595 0.000417356 -0.4
139 0.0541651 0.00418877 0.0032021 0.000245044 0.0474253 0.000943694 -0.2
140 0.0727777 0.00517261 0.00548019 0.000661354 0.0504957 0.000937016 -0.4
141 0.0548683 0.00439866 0.00320382 0.000239377 0.0490311 0.00106948 -0.2
142 0.0542622 0.00521237 0.00305347 0.000196023 0.0480998 0.000909603 -0.2
143 0.0543017 0.00561551 0.00323746 0.000558195 0.0454141 0.000672581 0
144 0.101318 0.00559399 0.0109026 0.000778889 0.0507609 0.000654371 -0.6
145 0.0723925 0.00488999 0.0055438 0.000746725 0.0496588 0.000566598 -0.4
146 0.0727788 0.00485974 0.00563693 0.000781155 0.0505937 0.00121806 -0.4
147 0.054961 0.00416897 0.00321974 0.000312972 0.0475158 0.000985911 -0.2
148 0.0730516 0.00528655 0.00562703 0.000645531 0.0487594 0.00035459 -0.4
149 0.054793 0.0055988 0.00313857 0.000270901 0.04842 0.000456398 -0.2
150 0.0552208 0.00479837 0.00312845 0.000239476 0.0489658 0.000833521 -0.2
151 0.0535409 0.00570967 0.00301843 0.000537311 0.04559 0.000993766 0
152 0.0725566 0.00453252 0.00546377 0.000751939 0.0497944 0.00100539 -0.4
153 0.055667 0.00549264 0.00330866 0.000288574 0.0482152 0.000788097 -0.2
154 0.0545573 0.00426949 0.00316175 0.000309499 0.047282 0.000233035 -0.2
155 0.0526388 0.00558529 0.003029 0.000600187 0.0459676 0.000708417 0
156 0.057144 0.00575086 0.00349676 0.000295385 0.0462459 0.000663972 -0.2
157 0.053582 0.00559134 0.00314552 0.000566562 0.0468696 0.000544443 0
158 0.0542437 0.004886 0.00323591 0.000491768 0.0463488 0.000758574 0
159 0.065048 0.00493359 0.00421793 0.000599245 0.0466737 0.000701181 0.2
160 0.102497 0.00493593 0.0110596 0.000696354 0.0519955 0.000765285 -0.6
161 0.0734372 0.00526523 0.00578865 0.000565138 0.0494818 0.00112971 -0.4
162 0.0723549 0.00375795 0.00545064 0.000753401 0.0504216 0.00119871 -0.4
163 0.0549207 0.0040821 0.0031848 0.00025505 0.0472131 0.000967241 -0.2
164 0.0728654 0.00528183 0.00567039 0.000721398 0.0494678 0.000856767 -0.4
165 0.0561156 0.00470117 0.00324664 0.000276229 0.0474625 0.00064984 -0.2
166 0.0551416 0.00457601 0.00323779 0.000283965 0.0465903 0.000459807 -0.2
167 0.0532725 0.00568769 0.0030999 0.000534944 0.0469573 0.000781184 0
168 0.0744138 0.00466917 0.00582813 0.000693344 0.0496063 0.00103444 -0.4
169 0.0558921 0.00433321 0.00332353 0.000262728 0.0474055 0.000848545 -0.2
170 0.0554676 0.00441434 0.00325142 0.000242064 0.0473784 0.000519596 -0.2
171 0.0547969 0.00661201 0.00323823 0.000555588 0.0466556 0.00101143 0
172 0.0566342 0.00423632 0.00333379 0.000284356 0.0486284 0.000980192 -0.2
173 0.0544576 0.00569273 0.00328514 0.00052542 0.0452921 0.00102251 0
174 0.0545362 0.00550687 0.00329462 0.000507455 0.0458831 0.00107427 0
175 0.0669433 0.00491535 0.00448563 0.000381184 0.0429989 0.000848714 0.2
176 0.0729097 0.00526624 0.00565766 0.000711378 0.0496046 0.000696183 -0.4
177 0.0564199 0.00487242 0.0033081 0.000254937 0.0492141 0.00137789 -0.2
178 0.0548163 0.00481677 0.003217 0.000281541 0.0474094 0.00149196 -0.2
179 0.052352 0.00511384 0.00299319 0.000460782 0.0462357 0.00117299 0
180 0.0550699 0.00512204 0.00312767 0.000293918 0.0479912 0.00119743 -0.2
181 0.0526057 0.00486434 0.00293107 0.000461018 0.0464676 0.000916477 0
182 0.0535407 0.00452954 0.00315346 0.000416132 0.0464857 0.000604563 0
183 0.0670402 0.00557848 0.00450792 0.000604259 0.0454195 0.000417455 0.2
184 0.0555202 0.00559718 0.00336875 0.000323814 0.0476539 0.000860481 -0.2
185 0.0549365 0.0055491 0.00316629 0.00054853 0.0467513 0.000890048 0
186 0.0532563 0.00606903 0.00309362 0.000570331 0.0455875 0.000756409 0
187 0.0657156 0.00537879 0.00433318 0.000560116 0.0428931 0.000839536 0.2
188 0.0529442 0.00523747 0.0029671 0.00039505 0.0469166 0.000671339 0
189 0.0676267 0.004757 0.00447993 0.00060931 0.0435621 0.000819397 0.2
190 0.0659161 0.00514179 0.00439477 0.000607403 0.0444875 0.00139268 0.2
191 0.0835294 0.00417678 0.00707183 0.000872441 0.0422912 0.000507218 0.4
192 0.0993764 0.00484388 0.0103554 0.000882627 0.0515232 0.000648032 -0.6
193 0.0706802 0.0044235 0.0052862 0.000768361 0.0504232 0.001593 -0.4
194 0.0697471 0.00429667 0.00520761 0.000762937 0.0497327 0.00120549 -0.4
195 0.0543444 0.00428821 0.00315028 0.000223957 0.0475311 0.000340467 -0.2
196 0.0717134 0.00517707 0.00545148 0.000720994 0.0483156 0.000386415 -0.4
197 0.0538028 0.00468106 0.00304138 0.000275528 0.047403 0.000735964 -0.2
198 0.0535054 0.00462049 0.00306828 0.000213895 0.0471633 0.00089444 -0.2
199 0.0539121 0.00547961 0.00311769 0.000425426 0.0454804 0.000864794 0
200 0.0711619 0.00439457 0.00532656 0.000711857 0.0504831 0.000500383 -0.4
201 0.0545789 0.00395417 0.00316081 0.0002344 0.0486348 0.000911946 -0.2
202 0.05417 0.00516244 0.00309827 0.000173208 0.0477809 0.000635746 -0.2
203 0.0529043 0.00564474 0.00308736 0.000535691 0.0457439 0.000445581 0
204 0.0544084 0.00545349 0.00308439 0.00023134 0.0474571 0.000638837 -0.2
205 0.053393 0.00547832 0.0031699 0.000502745 0.0467843 0.000297989 0
206 0.0535329 0.00528277 0.00311194 0.000485398 0.0464354 0.000880349 0
207 0.0673069 0.00470502 0.00460915 0.000446006 0.0439117 0.000968915 0.2
208 0.0707302 0.00425576 0.00539997 0.000761072 0.0495527 0.00127148 -0.4
209 0.0537334 0.00472222 0.00309955 0.000279122 0.0501076 0.00087997 -0.2
210 0.0545076 0.00440257 0.00305506 0.000262218 0.0485782 0.000377115 -0.2
211 0.0542589 0.00558976 0.00327583 0.000549212 0.0469349 0.000974753 0
212 0.0558074 0.00521738 0.00336875 0.000246119 0.0478976 0.00105146 -0.2
213 0.0539399 0.00567655 0.00314219 0.000472132 0.0453909 0.000315388 0
214 0.0542407 0.0052624 0.00327613 0.000461715 0.0464947 0.00032964 0
215 0.0683636 0.00523192 0.00471623 0.000374669 0.0435631 0.000808295 0.2
216 0.0540832 0.00438788 0.00315054 0.000206744 0.047704 0.001322 -0.2
217 0.0547135 0.0064739 0.00317836 0.00063645 0.0450682 0.000593023 0
218 0.0547989 0.00601175 0.00322854 0.000547931 0.0446657 0.000751994 0
219 0.067559 0.00497982 0.00467592 0.000595969 0.0440733 0.00113381 0.2
220 0.0532215 0.00465047 0.00311032 0.000415763 0.0465 0.000393234 0
221 0.0669562 0.00487197 0.00458168 0.000497174 0.0453488 0.000739189 0.2
222 0.0688385 0.00450826 0.00493139 0.000568267 0.0433371 0.000754763 0.2
223 0.0860567 0.00346939 0.00763165 0.000866834 0.0432996 0.000962335 0.4
224 0.0721751 0.00489186 0.00558732 0.000723624 0.050064 0.000856727 -0.4
225 0.0568904 0.00458497 0.00348604 0.000303135 0.048766 0.00148247 -0.2
226 0.054719 0.0044925 0.00326186 0.000265985 0.0469117 0.000722159 -0.2
227 0.0528757 0.00604856 0.0031571 0.000519478 0.0462449 0.000956338 0
228 0.0548139 0.00453958 0.00318133 0.000283486 0.0483068 0.000807577 -0.2
229 0.0536903 0.00480102 0.0032192 0.000463258 0.0468158 0.000460326 0
230 0.0527991 0.00554873 0.00310188 0.000486956 0.0451969 0.000629451 0
231 0.0656448 0.00491371 0.00436972 0.00044675 0.0448828 0.00098871 0.2
232 0.0553717 0.00441517 0.00328686 0.000307827 0.0470875 0.00049126 -0.2
233 0.0542496 0.00557315 0.0031913 0.000448541 0.0460982 0.000369231 0
234 0.0525273 0.00552822 0.00307965 0.000502362 0.0462531 0.00089435 0
235 0.066946 0.00540126 0.00452841 0.000525767 0.0440587 0.000424824 0.2
236 0.0517176 0.00491261 0.00301265 0.000441115 0.0458364 0.00131405 0
237 0.0658771 0.00458369 0.00443755 0.000553796 0.0434686 0.00062843 0.2
238 0.0681045 0.00488144 0.00481483 0.000473199 0.0458055 0.00107096 0.2
239 0.0838098 0.0040553 0.00717914 0.000990914 0.0427093 0.000591947 0.4
240 0.0563541 0.00460713 0.00342218 0.000278776 0.0482295 0.00112276 -0.2
241 0.0536953 0.00588687 0.00315765 0.000531132 0.0455075 0.00127607 0
242 0.054082 0.00652285 0.00315692 0.000639221 0.0459519 0.000694227 0
243 0.0671097 0.00526332 0.00454287 0.000498528 0.0441502 0.000528623 0.2
244 0.0538915 0.00611078 0.00321116 0.000529223 0.0469686 0.000689736 0
245 0.0667346 0.00468548 0.00455909 0.000528451 0.0458749 0.00083994 0.2
246 0.066348 0.0044418 0.00455866 0.000434177 0.0437251 0.000710604 0.2
247 0.0841315 0.00393399 0.00719858 0.000844186 0.0423571 0.000444938 0.4
248 0.0539339 0.00566005 0.00306803 0.000444962 0.0471455 0.00054635 0
249 0.0662755 0.00452225 0.00432437 0.000540352 0.0458726 0.00125433 0.2
250 0.0663334 0.00483509 0.00444919 0.000597179 0.0441499 0.000967368 0.2
251 0.084769 0.00492412 0.00723135 0.000953581 0.0426145 0.00112701 0.4
252 0.0659228 0.00454518 0.00446773 0.000395926 0.0433215 0.000833644 0.2
253 0.0831041 0.00412907 0.00703199 0.000871469 0.0434416 0.00101118 0.4
254 0.0857969 0.00387373 0.00745575 0.000773767 0.0436088 0.00107924 0.4
255 0.111602 0.00572773 0.0122177 0.00239363 0.0412768 0.000241013 0.6
256 0.13634 0.00334454 0.0189971 0.000761998 0.0552246 0.000928224 -0.8
257 0.0984007 0.00434689 0.0101293 0.000947209 0.0505136 0.000371063 -0.6
258 0.0974591 0.00381836 0.00998541 0.000812488 0.0518874 0.00187191 -0.6
259 0.0707985 0.00365577 0.00529827 0.000692629 0.0499617 0.000816375 -0.4
260 0.100002 0.00418167 0.0103191 0.000748876 0.0523642 0.000915344 -0.6
261 0.0711006 0.00438637 0.00537196 0.000718952 0.047987 0.000716446 -0.4
262 0.0700315 0.00463056 0.00514922 0.000716781 0.0485031 0.000732984 -0.4
263 0.0537103 0.0046814 0.00316262 0.000218517 0.0483855 0.000450178 -0.2
264 0.0990181 0.00431806 0.0102226 0.000728425 0.0514432 0.000608014 -0.6
265 0.0717425 0.00371008 0.0054018 0.000727709 0.0483312 0.000692793 -0.4
266 0.0693493 0.00496381 0.00503724 0.000665191 0.0498092 0.000546135 -0.4
267 0.0526684 0.00399485 0.00310444 0.000300704 0.0466585 0.000781301 -0.2
268 0.0711463 0.00459823 0.00534294 0.00067565 0.0507626 0.00133936 -0.4
269 0.0533633 0.00445917 0.00303829 0.00026314 0.047191 0.000751308 -0.2
270 0.0534347 0.0050352 0.00306315 0.000171385 0.0483642 0.000635573 -0.2
271 0.0530894 0.0050972 0.00303781 0.000509209 0.0461721 0.000599084 0
272 0.0991232 0.00442642 0.0103093 0.000753397 0.0501533 0.000591359 -0.6
273 0.0719874 0.00444486 0.00549529 0.000683479 0.0503759 0.000564581 -0.4
274 0.0694603 0.00466652 0.00507356 0.000773043 0.0497675 0.000495164 -0.4
275 0.0538989 0.00402996 0.0031558 0.000235795 0.0467692 0.00101985 -0.2
276 0.0712776 0.00491801 0.00524979 0.000639484 0.0507675 0.000895669 -0.4
277 0.0547731 0.00425641 0.00318207 0.000231566 0.0484348 0.000834616 -0.2
278 0.0548707 0.00455083 0.0031537 0.000258735 0.0479298 0.000705967 -0.2
279 0.054574 0.0059898 0.00324054 0.000495711 0.0451706 0.000764831 0
280 0.0708331 0.00447296 0.00530216 0.000705948 0.0496184 0.000725524 -0.4
281 0.0542636 0.00411485 0.00314843 0.00022484 0.0473537 0.000267739 -0.2
282 0.0544267 0.00462348 0.00319161 0.000275913 0.0480698 0.000768078 -0.2
283 0.0555885 0.00642131 0.00327369 0.000637773 0.0459298 0.000618628 0
284 0.0542517 0.00529933 0.00320073 0.000240517 0.0472476 0.000865681 -0.2
285 0.0545913 0.00570762 0.00320496 0.000573038 0.0459746 0.000376334 0
286 0.0550076 0.00578969 0.00320746 0.000516226 0.0443451 0.00037106 0
287 0.0659892 0.00514414 0.0043827 0.000663629 0.0449936 0.000373533 0.2
288 0.10121 0.00452033 0.0107696 0.000767869 0.0496164 0.000715578 -0.6
289 0.0714573 0.00461976 0.00552618 0.000775317 0.0485957 0.00118341 -0.4
290 0.0711168 0.00421913 0.00537845 0.000750745 0.0501922 0.000601498 -0.4
291 0.0523657 0.0043159 0.00303472 0.000242243 0.0479268 0.000570991 -0.2
292 0.0717708 0.00492907 0.00557725 0.000731067 0.049457 0.000818719 -0.4
293 0.0554294 0.00443136 0.00321637 0.000341729 0.0478593 0.000717468 -0.2
294 0.0545235 0.00467571 0.00312781 0.000261924 0.0471461 0.000623497 -0.2
295 0.0520103 0.00523764 0.00298809 0.000530124 0.0462717 0.000135026 0
296 0.0724622 0.00441263 0.00551412 0.000652107 0.0502011 0.000731777 -0.4
297 0.0556507 0.00400983 0.00337369 0.000272168 0.0477557 0.000507504 -0.2
298 0.0550883 0.00377265 0.00322971 0.000272494 0.0465142 0.000940038 -0.2
299 0.0554877 0.00632686 0.00324416 0.000638807 0.0463061 0.000911007 0
300 0.0555234 0.00498667 0.00327057 0.000261242 0.0481965 0.000426208 -0.2
301 0.0540524 0.00490309 0.00318194 0.000525306 0.0467375 0.00091488 0
302 0.0524982 0.00503645 0.00305177 0.000483888 0.0455556 0.00102686 0
303 0.066129 0.00523675 0.0043629 0.00059348 0.04504 0.000560037 0.2
304 0.071702 0.00480144 0.00541856 0.000715285 0.0510403 0.000703553 -0.4
305 0.0559171 0.00475114 0.0034108 0.000264039 0.0470138 0.00079824 -0.2
306 0.0546516 0.00423388 0.00318036 0.000246701 0.0489867 0.00090258 -0.2
307 0.0536906 0.00592791 0.00312596 0.000574098 0.0445213 0.000957667 0
308 0.054671 0.00450538 0.00315295 0.000274965 0.0480822 0.00110809 -0.2
309 0.05315 0.00513317 0.0030326 0.000451182 0.046745 0.000831799 0
310 0.0537448 0.00447102 0.00318549 0.000452405 0.0480581 0.00100437 0
311 0.066806 0.00513652 0.0045041 0.000533814 0.0454177 0.000606962 0.2
312 0.0536708 0.00498347 0.0029777 0.000321126 0.0485107 0.000851502 -0.2
313 0.0538693 0.00569625 0.00317393 0.000512975 0.0454908 0.000493479 0
314 0.0542006 0.00559441 0.0032051 0.00056885 0.0460345 0.00108758 0
315 0.0672087 0.00588645 0.00438154 0.000676391 0.0450848 0.000420356 0.2
316 0.0526811 0.00505266 0.00288844 0.000435164 0.0465226 0.000689914 0
317 0.0671369 0.0051385 0.00447484 0.000654278 0.0435361 0.00113689 0.2
318 0.0679759 0.00449524 0.00457443 0.000687633 0.0454869 0.000986077 0.2
319 0.0837841 0.00520901 0.00708484 0.000887159 0.0428183 0.00104516 0.4
320 0.0993561 0.00392989 0.0103192 0.000761716 0.0524718 0.00101515 -0.6
321 0.0707966 0.00391192 0.00532957 0.000753311 0.0509554 0.000823214 -0.4
322 0.0688319 0.00432211 0.00513633 0.000668017 0.0494052 0.00117977 -0.4
323 0.0524148 0.00430176 0.00305508 0.000234812 0.0480287 0.000926759 -0.2
324 0.0704444 0.00442234 0.00529349 0.000677334 0.0499555 0.00100187 -0.4
325 0.055561 0.00451936 0.00323755 0.00029449 0.0477601 0.000736206 -0.2
326 0.0537232 0.00452344 0.00302127 0.000268796 0.0475018 0.000751116 -0.2
327 0.0549953 0.00534292 0.00333274 0.000545731 0.0447118 0.000767648 0
328 0.0705765 0.00451086 0.00527437 0.000700199 0.0502438 0.000612032 -0.4
329 0.0546266 0.00402894 0.00325775 0.000221518 0.0463335 0.000541251 -0.2
330 0.0532096 0.00484131 0.00311699 0.000242866 0.0480086 0.000615872 -0.2
331 0.0537255 0.00591568 0.00325124 0.000558832 0.0463634 0.000744329 0
332 0.0543453 0.00496172 0.00313077 0.000211312 0.0481181 0.000241749 -0.2
333 0.0542716 0.0053294 0.00316506 0.000483088 0.0449118 0.000871553 0
334 0.0544673 0.00544341 0.00319288 0.000488269 0.0454031 0.00102658 0
335 0.0678706 0.00536006 0.00456591 0.000552085 0.0426322 0.000369239 0.2
336 0.0710867 0.00428816 0.00536492 0.000700822 0.0493783 0.0012554 -0.4
337 0.0542773 0.00407253 0.00308004 0.00026846 0.0472905 0.000913771 -0.2
338 0.0542228 0.00523057 0.00327574 0.000321387 0.0480492 0.000506696 -0.2
339 0.0554923 0.00609072 0.00328587 0.000564387 0.0453084 0.000823808 0
340 0.0533863 0.00473266 0.00298814 0.000279384 0.0474646 0.000312486 -0.2
341 0.0533524 0.0058672 0.00305677 0.000509479 0.047166 0.000570041 0
342 0.0544005 0.00570402 0.00315839 0.000484647 0.045916 0.000889887 0
343 0.066394 0.00489621 0.00435388 0.000388485 0.0435991 0.000252211 0.2
344 0.0540067 0.00458268 0.00314018 0.000212524 0.0466103 0.00026138 -0.2
345 0.0551721 0.00549741 0.00319453 0.000573121 0.0459815 0.000374187 0
346 0.054944 0.00600755 0.00325925 0.000680598 0.04731 0.00134319 0
347 0.0686278 0.00510514 0.00462398 0.000704336 0.0440852 0.000486956 0.2
348 0.0536747 0.00535178 0.00320832 0.000501313 0.0452614 0.000888228 0
349 0.0664313 0.00508939 0.00441509 0.000441044 0.0445283 0.000576837 0.2
350 0.066218 0.00489326 0.00442482 0.000489514 0.0450541 0.00048429 0.2
351 0.0856782 0.00454484 0.0074901 0.000984138 0.041268 0.0011778 0.4
352 0.0717322 0.00421627 0.00550182 0.000750435 0.048872 0.00107327 -0.4
353 0.0554196 0.00425577 0.00330082 0.000275047 0.0475044 0.000796744 -0.2
354 0.0549557 0.00396949 0.00332323 0.000214365 0.0475237 0.000569201 -0.2
355 0.0534981 0.00594711 0.00319286 0.000558869 0.0470285 0.000603272 0
356 0.0553787 0.00454006 0.00326107 0.000235216 0.0472285 0.000585902 -0.2
357 0.0548005 0.0055007 0.00322452 0.000495652 0.0447952 0.000482761 0
358 0.0534868 0.00471069 0.00315852 0.000429614 0.0458463 0.00111148 0
359 0.0660344 0.00534953 0.0044089 0.000428417 0.0449038 0.000601861 0.2
360 0.055351 0.00377871 0.00319848 0.000230502 0.0482596 0.00165485 -0.2
361 0.0546276 0.00544031 0.00329071 0.000556701 0.0458035 0.000524753 0
362 0.0537288 0.00545652 0.00317734 0.000546365 0.0457573 0.00071603 0
363 0.0671429 0.00591794 0.00456003 0.000579902 0.0454518 0.00132143 0.2
364 0.0541081 0.00502736 0.00318394 0.00043874 0.0445159 0.00122277 0
365 0.0681223 0.00527835 0.00470334 0.000603122 0.0436257 0.00118714 0.2
366 0.064912 0.00526004 0.00436909 0.000398378 0.0446814 0.000602436 0.2
367 0.0829095 0.00352828 0.00721126 0.00089512 0.0428254 0.000643122 0.4
368 0.0548591 0.00484829 0.00327943 0.000255686 0.0485757 0.00109049 -0.2
369 0.0532531 0.00562464 0.00305168 0.000493112 0.045515 0.000915043 0
370 0.0529295 0.00564724 0.00313702 0.000549059 0.0455865 0.000370685 0
371 0.0673353 0.00571588 0.00455496 0.000545913 0.0429627 0.000752182 0.2
372 0.0539412 0.00493502 0.0031889 0.000453853 0.0458227 0.000468157 0
373 0.0657075 0.00494137 0.00439644 0.000475586 0.0439652 0.000808118 0.2
374 0.0666153 0.00521323 0.0044816 0.000456991 0.0435987 0.000546939 0.2
375 0.0833699 0.00481435 0.00718007 0.000848152 0.0431734 0.000810877 0.4
376 0.0545255 0.00596924 0.00309398 0.00047254 0.046434 0.000544528 0
377 0.0677578 0.00643293 0.00448824 0.000581526 0.0457898 0.00110366 0.2
378 0.0680989 0.00497708 0.00478911 0.000628147 0.0442948 0.000687025 0.2
379 0.0847958 0.00505299 0.00710817 0.00102513 0.0427805 0.00126313 0.4
380 0.067592 0.00541582 0.00456387 0.000536616 0.0436822 0.000556702 0.2
381 0.0842417 0.00433868 0.00723974 0.000878183 0.0430227 0.000701382 0.4
382 0.0855478 0.00379744 0.00760477 0.000914222 0.0424074 0.000425612 0.4
383 0.111004 0.00676205 0.0118112 0.0024796 0.0412028 0.000328537 0.6
384 0.0985924 0.00382044 0.0100774 0.000885301 0.0524316 0.000295302 -0.6
385 0.0694119 0.00454631 0.00522048 0.000684296 0.0502658 0.000630756 -0.4
386 0.0697274 0.00398453 0.00521909 0.000690954 0.0496936 0.000688248 -0.4
387 0.0555337 0.004416 0.00342227 0.000249467 0.0482044 0.000994977 -0.2
388 0.0713041 0.00485333 0.0052968 0.000756439 0.0505517 0.000627427 -0.4
389 0.0553542 0.00489196 0.00328007 0.000281943 0.0466287 0.000582003 -0.2
390 0.0527247 0.00495381 0.00300222 0.000219887 0.0468804 0.000655209 -0.2
391 0.0548173 0.00615483 0.00331662 0.000524402 0.0448548 0.00046573 0
392 0.0706925 0.00427926 0.00537198 0.000674872 0.0497001 0.00042807 -0.4
393 0.0556002 0.00508559 0.00332919 0.000302242 0.0487009 0.000714421 -0.2
394 0.053594 0.00458778 0.0031826 0.000242371 0.046305 0.000858888 -0.2
395 0.0543438 0.00563555 0.00325299 0.000614871 0.0457519 0.000257883 0
396 0.0551875 0.00469856 0.00329085 0.000175558 0.0476805 0.000805421 -0.2
397 0.0535924 0.00567474 0.00321818 0.000573127 0.0460659 0.00107461 0
398 0.0543038 0.00573543 0.00320368 0.000524244 0.0463177 0.000767797 0
399 0.0673244 0.00561914 0.00454192 0.000557988 0.0445207 0.000741257 0.2
400 0.0710209 0.00451843 0.00537262 0.000709608 0.0486899 0.000541427 -0.4
401 0.0542573 0.00494494 0.003104 0.000256745 0.0467318 0.000648125 -0.2
402 0.0534361 0.00503228 0.00311706 0.000224191 0.0482956 0.00112025 -0.2
403 0.0531274 0.00580121 0.00303018 0.000560441 0.0465639 0.00095494 0
404 0.0552537 0.00522551 0.00319842 0.000220335 0.0470134 0.000980795 -0.2
405 0.0524802 0.00573725 0.00307003 0.000507175 0.0458532 0.00124236 0
406 0.0532687 0.00536672 0.00302125 0.000513973 0.0448543 0.00059995 0
407 0.0667863 0.00511281 0.00451246 0.000418398 0.044784 0.000736112 0.2
408 0.0551221 0.00466456 0.00322775 0.000224356 0.0469291 0.000750508 -0.2
409 0.0539072 0.00569263 0.00322585 0.00049877 0.0457433 0.000285079 0
410 0.0559087 0.00627652 0.00334432 0.000587218 0.0456047 0.00103754 0
411 0.0676457 0.00575134 0.00445837 0.000561999 0.0462641 0.000964916 0.2
412 0.0524033 0.00598921 0.00296974 0.000465185 0.0454154 0.000420267 0
413 0.067355 0.00470603 0.00444241 0.000455991 0.0447928 0.000778685 0.2
414 0.0684369 0.00476837 0.00470588 0.000620348 0.0454113 0.00113828 0.2
415 0.0846977 0.00353219 0.00740403 0.000950337 0.0426255 0.00133108 0.4
416 0.0713993 0.00411379 0.00548692 0.00068816 0.0502782 0.00053481 -0.4
417 0.0545266 0.004903 0.00317647 0.000303814 0.0463175 0.000710455 -0.2
418 0.0541903 0.00462233 0.00314818 0.000256687 0.0455763 0.000737662 -0.2
419 0.0537021 0.00639891 0.00327045 0.000604974 0.0457923 0.000686295 0
420 0.0546095 0.00475586 0.00317281 0.000274651 0.0482368 0.00117837 -0.2
421 0.0541725 0.00549229 0.00318677 0.00051112 0.0466488 0.000363923 0
422 0.0545779 0.00612512 0.00328374 0.000587411 0.0466874 0.000755114 0
423 0.0660856 0.00491705 0.00445086 0.000555356 0.0450187 0.000800112 0.2
424 0.0555455 0.00457935 0.00337204 0.000244744 0.0480514 0.000409711 -0.2
425 0.0529434 0.00557042 0.00317484 0.000512178 0.0453053 0.00111314 0
426 0.0531155 0.00625501 0.00321905 0.000545846 0.0479489 0.00103858 0
427 0.0663833 0.00522235 0.00437835 0.000480028 0.0449994 0.000771516 0.2
428 0.0539687 0.00563887 0.00326696 0.000550827 0.0457748 0.000362567 0
429 0.0682536 0.00431874 0.00465899 0.000421609 0.0449764 0.000510538 0.2
430 0.0666223 0.00441921 0.00455487 0.000466004 0.0439187 0.000960754 0.2
431 0.083871 0.00472652 0.00729642 0.000812731 0.0432573 0.000505528 0.4
432 0.0549383 0.00457434 0.00312965 0.000277473 0.0478877 0.000674099 -0.2
433 0.0540909 0.00591795 0.0031433 0.000524149 0.0458466 0.000534562 0
434 0.0537737 0.00586901 0.00321097 0.00056344 0.045029 0.000869416 0
435 0.0666939 0.00569962 0.0044288 0.00049306 0.0453468 0.000961799 0.2
436 0.0515698 0.00541648 0.00290234 0.000445871 0.0456286 0.000771568 0
437 0.0658121 0.00439803 0.00444926 0.000411917 0.0452885 0.000915522 0.2
438 0.0658471 0.0045901 0.00438777 0.000528769 0.0449003 0.000403009 0.2
439 0.0851597 0.00438512 0.0074378 0.000816779 0.0419219 0.000791407 0.4
440 0.0531374 0.0054192 0.00297814 0.000535003 0.0460335 0.000627157 0
441 0.0656943 0.00595415 0.00425328 0.000732148 0.0441846 0.000591581 0.2
442 0.066685 0.00610682 0.00437691 0.000715905 0.045341 0.00138896 0.2
443 0.0843588 0.00481634 0.00720685 0.000943739 0.0429736 0.000520783 0.4
444 0.0657692 0.00564711 0.00441154 0.00060792 0.0437241 0.000730578 0.2
445 0.083619 0.00458634 0.00718219 0.00090362 0.0439427 0.000704907 0.4
446 0.0832096 0.00396813 0.00724428 0.000826127 0.0413349 0.000571412 0.4
447 0.112101 0.00702303 0.0121124 0.00247688 0.0412925 0.000607034 0.6
448 0.0696107 0.00409353 0.00517151 0.000808825 0.0495033 0.000938217 -0.4
449 0.0546528 0.00429218 0.00333142 0.000245034 0.0484757 0.000749835 -0.2
450 0.0548575 0.00464986 0.00330499 0.000355499 0.04689 0.000479902 -0.2
451 0.0540535 0.00604651 0.00317267 0.000530089 0.0463046 0.000404424 0
452 0.0546986 0.0046144 0.00320197 0.000236782 0.0475851 0.000618089 -0.2
453 0.054054 0.00593594 0.0032044 0.000483849 0.0463638 0.000781065 0
454 0.0534783 0.00463904 0.00323452 0.000488705 0.0450698 0.00085382 0
455 0.0657796 0.00498331 0.004356 0.00041395 0.0457019 0.00096554 0.2
456 0.054122 0.00461359 0.00318115 0.00020889 0.0482929 0.000769885 -0.2
457 0.0547559 0.00537183 0.00328464 0.000530969 0.0455124 0.000968978 0
458 0.0538364 0.00528308 0.00330898 0.000565133 0.0453791 0.000440294 0
459 0.0694622 0.00469673 0.004857 0.000468542 0.043195 0.00107872 0.2
460 0.0542554 0.00554515 0.0032062 0.000486489 0.0460006 0.000790427 0
461 0.066287 0.00443963 0.00451539 0.000347638 0.0443337 0.00075135 0.2
462 0.0668165 0.00455648 0.00460619 0.000312013 0.0444334 0.000948689 0.2
463 0.0860322 0.00408829 0.00755591 0.000936266 0.0433112 0.000991673 0.4
464 0.0537733 0.00455863 0.00312948 0.000282587 0.0490465 0.000510006 -0.2
465 0.0534929 0.00679006 0.00305271 0.000605 0.0453299 0.00137382 0
466 0.0540071 0.00621998 0.00322566 0.00054931 0.0461945 0.000967627 0
467 0.0668573 0.00545899 0.00460085 0.000472007 0.0434888 0.00085582 0.2
468 0.0539672 0.00578378 0.00326254 0.000551309 0.0461824 0.00100542 0
469 0.0670695 0.004079 0.00465751 0.000335113 0.0439803 0.000653516 0.2
470 0.0665553 0.00549509 0.00459047 0.000485274 0.0447437 0.000603274 0.2
471 0.0847445 0.00433565 0.00742643 0.000820544 0.042747 0.000735163 0.4
472 0.0530512 0.005186 0.0030418 0.000490589 0.045627 0.000943892 0
473 0.0679791 0.00516611 0.00468857 0.00052963 0.0444556 0.000969546 0.2
474 0.0682215 0.00498244 0.00467078 0.000511195 0.044578 0.000688541 0.2
475 0.0855318 0.00328709 0.00747025 0.00103459 0.0404709 0.000756914 0.4
476 0.0680648 0.00520857 0.00473722 0.000467975 0.0435903 0.000850894 0.2
477 0.0819766 0.00362712 0.00683455 0.000872264 0.0420222 0.000373295 0.4
478 0.085761 0.0035677 0.00780878 0.00095138 0.0423225 0.000435776 0.4
479 0.112179 0.00572976 0.0121756 0.00246458 0.0404347 0.000640925 0.6
480 0.055096 0.0045645 0.00322937 0.000314793 0.0471634 0.000766435 -0.2
481 0.0533853 0.00535635 0.00314471 0.0005068 0.045859 0.000855613 0
482 0.0541474 0.00598937 0.00324709 0.000495139 0.0453524 0.000549867 0
483 0.0657252 0.0050465 0.00440435 0.000464697 0.04251 0.000486033 0.2
484 0.0528159 0.0058578 0.00316833 0.000500338 0.0457981 0.00051358 0
485 0.0668216 0.00554634 0.00451494 0.000440588 0.0441286 0.000972532 0.2
486 0.0679736 0.00465362 0.0048269 0.000376517 0.0456303 0.00141378 0.2
487 0.084246 0.00436241 0.00727246 0.000765503 0.0432908 0.00111416 0.4
488 0.0534508 0.0056014 0.00314636 0.000538824 0.0462824 0.000538032 0
489 0.0673481 0.00528642 0.00465087 0.000490923 0.0435065 0.000735186 0.2
490 0.0668676 0.00496893 0.00461999 0.000465919 0.0438402 0.000818508 0.2
491 0.0833317 0.00418815 0.00698139 0.000897729 0.0418556 0.000862251 0.4
492 0.0648817 0.00521046 0.00433964 0.00039545 0.044734 0.00102948 0.2
493 0.0852375 0.00425496 0.00748201 0.000726958 0.0414808 0.000643468 0.4
494 0.0845979 0.00324322 0.00753444 0.000864425 0.043313 0.000237862 0.4
495 0.113408 0.00551006 0.0125252 0.00246951 0.0410078 0.000588047 0.6
496 0.0542531 0.00588982 0.00325869 0.00050561 0.0462306 0.000714255 0
497 0.0669289 0.00496686 0.00447841 0.000469821 0.043377 0.00130049 0.2
498 0.0681629 0.0057566 0.00467016 0.000589447 0.0447481 0.000427017 0.2
499 0.0850628 0.00450004 0.00745532 0.000787142 0.042959 0.00101406 0.4
500 0.0665071 0.00425051 0.00450325 0.000407447 0.0452245 0.00104588 0.2
501 0.0831554 0.00421129 0.00703753 0.00069773 0.0432581 0.000922052 0.4
502 0.0847047 0.00412379 0.00739699 0.00076642 0.0429909 0.000532272 0.4
503 0.11118 0.00593487 0.0119794 0.00231748 0.0406681 0.00100886 0.6
504 0.0665007 0.00435895 0.00443301 0.000606539 0.0466553 0.000919626 0.2
505 0.0843897 0.00427544 0.00724414 0.000931296 0.0415579 0.00103194 0.4
506 0.0855092 0.00441856 0.00746866 0.000899621 0.0429542 0.00125964 0.4
507 0.112143 0.00609424 0.0119995 0.00236749 0.0414946 0.000480903 0.6
508 0.0847377 0.0032094 0.00751882 0.000708103 0.043629 0.000962991 0.4
509 0.111242 0.00659889 0.0119126 0.00239515 0.0420367 0.000864942 0.6
510 0.111706 0.00606768 0.012017 0.00252286 0.0417935 0.000423737 0.6
511 0.154551 0.00705552 0.022471 0.00375894 0.039251 0.000736365 0.8
512 0.137937 0.00415778 0.0196511 0.000616569 0.054552 0.000552303 -0.8
513 0.100072 0.0043378 0.0104667 0.000846922 0.0523529 0.000487971 -0.6
514 0.0979087 0.00468766 0.0100666 0.00080748 0.0522465 0.000740574 -0.6
515 0.070533 0.00351399 0.00521898 0.000806554 0.0493449 0.00099674 -0.4
516 0.101194 0.00490144 0.0107637 0.000691084 0.0516172 0.00119007 -0.6
517 0.0720348 0.00493427 0.00546814 0.000756841 0.0504929 0.000938927 -0.4
518 0.0710046 0.00475649 0.0053205 0.000733065 0.0496136 0.000559293 -0.4
519 0.054228 0.00430708 0.00302638 0.000305624 0.0479387 0.000970942 -0.2
520 0.100048 0.00465962 0.0105266 0.000736992 0.0517456 0.000345668 -0.6
521 0.0716469 0.00405615 0.0053995 0.000684123 0.0495224 0.000654224 -0.4
522 0.0694513 0.00478853 0.00511019 0.000716426 0.0488529 0.000530054 -0.4
523 0.0540316 0.00395686 0.00320476 0.000217306 0.0487006 0.000565618 -0.2
524 0.0722874 0.00484225 0.00538868 0.000660205 0.0491814 0.000767951 -0.4
525 0.0555367 0.00514235 0.00326157 0.000218954 0.0481851 0.000721223 -0.2
526 0.0533503 0.00484962 0.00307439 0.00022826 0.0470542 0.00131134 -0.2
527 0.0530865 0.00644969 0.00319494 0.000574144 0.0455366 0.000309357 0
528 0.0998298 0.00569582 0.0106305 0.000852643 0.0523298 0.000235686 -0.6
529 0.072227 0.00462025 0.00548323 0.000703421 0.0499822 0.00106294 -0.4
530 0.072356 0.00447686 0.00551841 0.000770918 0.0480581 0.000397683 -0.4
531 0.0542129 0.00409145 0.00313153 0.000322341 0.0472577 0.000619258 -0.2
532 0.0715475 0.00532991 0.00531182 0.000758794 0.0503267 0.000541018 -0.4
533 0.0555127 0.00497148 0.00318218 0.000287056 0.0479448 0.000325789 -0.2
534 0.0547348 0.00477707 0.00316139 0.000303057 0.0474717 0.000863317 -0.2
535 0.0536759 0.00458599 0.00306145 0.000387184 0.0457693 0.000464443 0
536 0.0710544 0.00487274 0.00532742 0.000631534 0.04998 0.00102943 -0.4
537 0.0544352 0.00428707 0.00314861 0.000235288 0.0473082 0.000751135 -0.2
538 0.0547403 0.00499137 0.00321726 0.000306689 0.0485134 0.000858499 -0.2
539 0.0538718 0.00604847 0.00306355 0.000610647 0.0465161 0.00105564 0
540 0.0548528 0.0059166 0.00326852 0.000265312 0.0464411 0.000937962 -0.2
541 0.0543456 0.00530611 0.00324628 0.000503722 0.0461165 0.00104014 0
542 0.0536461 0.00479534 0.00319165 0.000448699 0.0444351 0.000707143 0
543 0.0659842 0.00552696 0.00436161 0.000638947 0.0436074 0.000767636 0.2
544 0.100753 0.00470718 0.0106866 0.000801924 0.0513915 0.000673264 -0.6
545 0.0733893 0.00372318 0.00553568 0.000767542 0.0494797 0.000556195 -0.4
546 0.0722327 0.00449711 0.00552456 0.000702453 0.0504268 0.000631233 -0.4
547 0.0557686 0.00453065 0.00342642 0.000259917 0.0478361 0.000779657 -0.2
548 0.072601 0.0050714 0.00549869 0.000718339 0.0506548 0.000561738 -0.4
549 0.0558921 0.00494914 0.00329028 0.000307096 0.0463788 0.000804543 -0.2
550 0.0554046 0.0045795 0.00330105 0.000270269 0.0477032 0.000978372 -0.2
551 0.053962 0.00501792 0.00316777 0.000493783 0.0445731 0.000499979 0
552 0.0716208 0.00416175 0.00539623 0.000808107 0.0485965 0.000739206 -0.4
553 0.0552951 0.00460669 0.00332605 0.000262074 0.0473199 0.000904132 -0.2
554 0.053514 0.00368184 0.00303014 0.000215728 0.0473453 0.000893855 -0.2
555 0.0543911 0.00596098 0.00328504 0.000562839 0.0448743 0.00116677 0
556 0.055517 0.00498938 0.0030923 0.000227459 0.0490641 0.000683942 -0.2
557 0.05308 0.00487684 0.00308683 0.000467785 0.0459607 0.000636045 0
558 0.0533934 0.00493473 0.00318171 0.000423275 0.044647 0.000202323 0
559 0.0674517 0.00488007 0.00463677 0.000580973 0.0441349 0.00115816 0.2
560 0.0716857 0.00535098 0.00547377 0.000727147 0.0501229 0.000365658 -0.4
561 0.0557666 0.00425985 0.00317263 0.000305028 0.0481887 0.000825236 -0.2
562 0.0549534 0.00425192 0.00317752 0.000310335 0.0466465 0.000716251 -0.2
563 0.0531331 0.00553083 0.00308558 0.000550969 0.0466932 0.000492237 0
564 0.0548784 0.00489239 0.00312354 0.000233139 0.048336 0.00129191 -0.2
565 0.0526 0.00506087 0.00296064 0.000447241 0.0459862 0.00107908 0
566 0.052632 0.00543713 0.00306969 0.000541621 0.0454163 0.00103225 0
567 0.0655029 0.0042203 0.00443909 0.000478734 0.0457998 0.000956336 0.2
568 0.0557947 0.00491286 0.00333734 0.00026096 0.0476223 0.000328737 -0.2
569 0.054811 0.00513054 0.00310178 0.000455719 0.0463816 0.000408281 0
570 0.0542417 0.00621553 0.00302619 0.000522071 0.044725 0.00103053 0
571 0.0664111 0.0055891 0.00434992 0.000677571 0.0444995 0.000656829 0.2
572 0.053952 0.00515997 0.00323874 0.000457005 0.0460574 0.00130923 0
573 0.0645384 0.00450116 0.00415957 0.0005449 0.0443764 0.00086878 0.2
574 0.0647936 0.00495835 0.00412069 0.000517916 0.0450718 0.000805081 0.2
575 0.0850531 0.00408706 0.00732546 0.00105776 0.0420987 0.000960935 0.4
576 0.0994115 0.00380457 0.0102279 0.000825515 0.0525329 0.00103933 -0.6
577 0.0708985 0.00413236 0.0052691 0.00072096 0.0494877 0.00100851 -0.4
578 0.0697313 0.00452172 0.00522502 0.000717329 0.0493137 0.000788355 -0.4
579 0.0532458 0.00472447 0.00315216 0.000330508 0.0482015 0.000845816 -0.2
580 0.0708521 0.0049649 0.00528804 0.000722542 0.0497392 0.000922077 -0.4
581 0.0558464 0.00423646 0.00322261 0.000248437 0.0494674 0.000536533 -0.2
582 0.0546611 0.00455038 0.00324392 0.000228766 0.0488542 0.000332644 -0.2
583 0.0535624 0.00634605 0.00313204 0.000559433 0.0464324 0.000697692 0
584 0.0705914 0.00442401 0.00526293 0.000685622 0.0501879 0.000749033 -0.4
585 0.054537 0.00367311 0.00328398 0.000258482 0.0477621 0.000679363 -0.2
586 0.0537803 0.00426065 0.00309025 0.000196661 0.0471363 0.000475675 -0.2
587 0.0547897 0.00596626 0.00330227 0.000581887 0.0458104 0.000504689 0
588 0.0538318 0.00462492 0.00299065 0.000300357 0.0488955 0.000411883 -0.2
589 0.0553729 0.00578586 0.0033172 0.000516458 0.0459605 0.000494338 0
590 0.0535785 0.00540296 0.00320943 0.000473676 0.0458942 0.00057471 0
591 0.0668548 0.00479748 0.00456852 0.000462024 0.0445429 0.000524701 0.2
592 0.0700888 0.00442265 0.00523206 0.000715034 0.0506216 0.000765633 -0.4
593 0.0541667 0.0042146 0.00311298 0.000281964 0.0471901 0.00104543 -0.2
594 0.0544165 0.00451467 0.00310803 0.000231403 0.0481523 0.000697283 -0.2
595 0.0538385 0.0057513 0.00309029 0.000559209 0.0462361 0.000713839 0
596 0.0547317 0.00547411 0.00320809 0.000232496 0.0476113 0.000760563 -0.2
597 0.0548774 0.00450893 0.00321208 0.000497293 0.0472188 0.000753565 0
598 0.0545453 0.0050287 0.0032246 0.000469133 0.0456245 0.000670364 0
599 0.0670756 0.00443703 0.00467416 0.000519481 0.0448176 0.00108691 0.2
600 0.053207 0.00443891 0.00295109 0.00023985 0.0479406 0.000960446 -0.2
601 0.0552638 0.00561753 0.00331004 0.0005044 0.0472599 0.000604055 0
602 0.0560544 0.00509567 0.00343995 0.000495632 0.0442924 0.000964094 0
603 0.0676843 0.00547128 0.00465049 0.000567478 0.0423904 0.00115555 0.2
604 0.0541942 0.00525374 0.00328007 0.000477255 0.0462289 0.000312122 0
605 0.0683922 0.00387316 0.00474389 0.000412424 0.0448285 0.000480686 0.2
606 0.0678764 0.0043169 0.00477415 0.000311876 0.0454233 0.000692458 0.2
607 0.0863773 0.00324295 0.00765791 0.000937232 0.0435046 0.000433455 0.4
608 0.071972 0.00445235 0.00554963 0.000822585 0.0481892 0.00114738 -0.4
609 0.0540671 0.00529546 0.00320307 0.000288747 0.0477708 0.000526707 -0.2
610 0.0537087 0.00374834 0.00308214 0.000319184 0.0472499 0.000375007 -0.2
611 0.054071 0.0061736 0.00327213 0.000557205 0.0457171 0.000716857 0
612 0.0551613 0.00483301 0.0032557 0.000311376 0.0487314 0.000909894 -0.2
613 0.055139 0.00564035 0.00338443 0.000517148 0.0464602 0.000974318 0
614 0.0541553 0.00519775 0.00339733 0.000558141 0.0441057 0.000743914 0
615 0.0650406 0.00508686 0.00445182 0.000459461 0.0449537 0.000694655 0.2
616 0.0531833 0.00446098 0.00302833 0.000257862 0.0473153 0.000581207 -0.2
617 0.0552188 0.00579642 0.00342216 0.000591647 0.0454993 0.000983855 0
618 0.0558006 0.00602232 0.00345562 0.000547298 0.0460663 0.000656881 0
619 0.0671217 0.005865 0.00464655 0.000651692 0.0454854 0.000367895 0.2
620 0.0533303 0.00552492 0.00312794 0.000503327 0.0456604 0.000989974 0
621 0.0657382 0.00492947 0.00435656 0.000397395 0.0435725 0.000683007 0.2
622 0.0652543 0.004297 0.00437445 0.000446151 0.044316 0.000868719 0.2
623 0.0854668 0.00381088 0.00757808 0.00081259 0.0421876 0.000606837 0.4
624 0.0543434 0.00445314 0.00310127 0.000277636 0.0480329 0.000686956 -0.2
625 0.0549298 0.00506835 0.00340767 0.000580076 0.0461869 0.000257891 0
626 0.0543353 0.00550988 0.00323358 0.000481354 0.0449802 0.00086346 0
627 0.0653215 0.00553361 0.00447755 0.000613742 0.0435734 0.000656399 0.2
628 0.0528029 0.00547737 0.00299151 0.000407304 0.0466509 0.000557478 0
629 0.0656294 0.00542657 0.00449538 0.000526174 0.0443022 0.000936219 0.2
630 0.0662478 0.00478698 0.00452596 0.000490326 0.0450694 0.000468541 0.2
631 0.0841319 0.00468624 0.00728906 0.000652468 0.0436664 0.000190147 0.4
632 0.0539424 0.00554818 0.00308183 0.000501614 0.0463494 0.000720136 0
633 0.0656799 0.00524908 0.00432713 0.000488276 0.043207 0.000368853 0.2
634 0.0673206 0.0047445 0.00463996 0.00061015 0.0443613 0.00101927 0.2
635 0.0847787 0.00448759 0.00732498 0.00104939 0.0425142 0.000450954 0.4
636 0.0663706 0.00477566 0.00449575 0.000601677 0.0450193 0.000913365 0.2
637 0.0850254 0.00353854 0.00738855 0.000865749 0.0428667 0.00055065 0.4
638 0.0840218 0.00382725 0.00734323 0.000926818 0.0422783 0.000607351 0.4
639 0.111695 0.00632711 0.0119443 0.00240603 0.0408823 0.000776361 0.6
640 0.0991577 0.00470453 0.0103615 0.000771551 0.0504683 0.000941665 -0.6
641 0.071276 0.00444168 0.00544277 0.000744242 0.0486222 0.00118016 -0.4
642 0.070834 0.00388949 0.00528682 0.00077124 0.0494802 0.000752016 -0.4
643 0.0543376 0.00396517 0.00311366 0.000250769 0.0479002 0.000938595 -0.2
644 0.0708459 0.00509759 0.0052386 0.000742282 0.0493369 0.000415057 -0.4
645 0.0541695 0.00474822 0.00310492 0.000284115 0.0468645 0.000584717 -0.2
646 0.0545356 0.00506683 0.00313984 0.000284731 0.0474783 0.000636878 -0.2
647 0.0540971 0.00619653 0.00314735 0.00052953 0.0463494 0.000930382 0
648 0.0722567 0.00421785 0.0054592 0.000607129 0.0504117 0.000397875 -0.4
649 0.0536268 0.00413679 0.00301714 0.00025219 0.048225 0.000432486 -0.2
650 0.0544976 0.00508254 0.0031158 0.000185087 0.0466933 0.000213535 -0.2
651 0.0556428 0.00595521 0.00337157 0.000568448 0.0452726 0.00124043 0
652 0.0555896 0.00487577 0.00326633 0.000239013 0.0483479 0.000806598 -0.2
653 0.0530253 0.005507 0.00320791 0.000565108 0.0457496 0.00118439 0
654 0.0527259 0.00419302 0.00307747 0.000463479 0.0453388 0.000628967 0
655 0.0665119 0.00476103 0.004469 0.000492905 0.043743 0.000429282 0.2
656 0.0712683 0.00445834 0.00533544 0.000752098 0.0503439 0.00110763 -0.4
657 0.0544563 0.00433104 0.00329452 0.000289458 0.047134 0.000628209 -0.2
658 0.0548862 0.00451491 0.00330478 0.000306397 0.0486348 0.000584416 -0.2
659 0.0550823 0.00668071 0.00331678 0.000607895 0.0452768 0.000854757 0
660 0.0556457 0.00518694 0.00308321 0.0002309 0.0471316 0.000895168 -0.2
661 0.053863 0.00556095 0.00310792 0.000447846 0.0475066 0.000792471 0
662 0.0537718 0.00538134 0.00319667 0.000512852 0.0465907 0.00089683 0
663 0.0667291 0.00521898 0.00458696 0.000482284 0.0441215 0.000880176 0.2
664 0.0555215 0.00486027 0.0032912 0.000218421 0.0478848 0.000990996 -0.2
665 0.0539076 0.00511991 0.00310981 0.000463991 0.0447338 0.00100424 0
666 0.0535715 0.00509459 0.00317637 0.000529057 0.0450934 0.00079173 0
667 0.0659942 0.00540703 0.00437436 0.000635175 0.0441448 0.000817346 0.2
668 0.0536907 0.00587869 0.00326277 0.000500542 0.0458585 0.000614461 0
669 0.0669163 0.00501839 0.00460812 0.000672583 0.0444953 0.000464701 0.2
670 0.0659009 0.00445515 0.00454329 0.000515165 0.0434794 0.000782088 0.2
671 0.0856101 0.0045735 0.00742517 0.000940096 0.0431298 0.000544543 0.4
672 0.0718158 0.00443361 0.00545928 0.000733055 0.0500628 0.000861428 -0.4
673 0.0542324 0.00462293 0.00314755 0.000270328 0.0479771 0.000641454 -0.2
674 0.0538712 0.00364951 0.00302814 0.000262154 0.0479748 0.000761066 -0.2
675 0.0532424 0.00529276 0.00314745 0.000514071 0.0450839 0.000735184 0
676 0.055671 0.00485837 0.003216 0.000260384 0.0481236 0.000413678 -0.2
677 0.0539912 0.0054975 0.00320248 0.000472234 0.0453385 0.000963844 0
678 0.0531817 0.00538612 0.00309717 0.000447579 0.0453695 0.00074129 0
679 0.0676408 0.00546617 0.00459885 0.000445045 0.0447181 0.000772753 0.2
680 0.0554724 0.00445871 0.00319716 0.000185415 0.047866 0.000950426 -0.2
681 0.0538577 0.00553306 0.00314162 0.000495427 0.0475734 0.00117945 0
682 0.0530333 0.00564461 0.00304987 0.000481134 0.0448974 0.000573261 0
683 0.0678027 0.00587466 0.00460535 0.000621934 0.0438897 0.000348411 0.2
684 0.0538765 0.00544634 0.00326366 0.000530673 0.0470283 0.00058482 0
685 0.0657847 0.00586706 0.00439483 0.000535159 0.0444541 0.000277389 0.2
686 0.0665215 0.00523093 0.00450039 0.000488271 0.043865 0.000837779 0.2
687 0.082769 0.00412281 0.00704881 0.000893413 0.0435482 0.000608956 0.4
688 0.0550013 0.00470273 0.00322855 0.000331829 0.048228 0.00151218 -0.2
689 0.0538913 0.00592274 0.00311704 0.000461253 0.045745 0.00064265 0
690 0.0538577 0.00621384 0.00314572 0.000499418 0.0462208 0.000986958 0
691 0.0664505 0.00556164 0.00446569 0.000666902 0.0453483 0.00136332 0.2
692 0.0543035 0.00519902 0.00327602 0.000491707 0.046636 0.000832273 0
693 0.0654802 0.00475147 0.00436928 0.000478749 0.0442309 0.000578538 0.2
694 0.0638262 0.00391272 0.00413232 0.000424733 0.0441754 0.000529996 0.2
695 0.0853639 0.00386507 0.00748205 0.000901825 0.0433421 0.00124488 0.4
696 0.0544151 0.00565757 0.00317973 0.000487665 0.0457975 0.000908432 0
697 0.0670671 0.00456735 0.00462466 0.000623003 0.0441218 0.000598651 0.2
698 0.0666308 0.00552939 0.00441974 0.000621619 0.0441244 0.000686411 0.2
699 0.0857074 0.00461696 0.00742114 0.000878827 0.0418701 0.000804161 0.4
700 0.0658874 0.00471085 0.00437394 0.000462247 0.0432948 0.000836115 0.2
701 0.083985 0.00428192 0.00718925 0.000824801 0.042148 0.000744062 0.4
702 0.0835365 0.00401212 0.00715723 0.000901778 0.041438 0.000657244 0.4
703 0.110986 0.00648318 0.011941 0.00239778 0.0426296 0.00090342 0.6
704 0.0700938 0.00397111 0.00518398 0.000781439 0.049494 0.000636793 -0.4
705 0.0544471 0.00473525 0.00320333 0.000273881 0.0463352 0.000931811 -0.2
706 0.0535666 0.00477471 0.00308444 0.000269677 0.0465885 0.000938854 -0.2
707 0.0553966 0.00644722 0.00343153 0.000656097 0.045879 0.000708055 0
708 0.0540481 0.00543857 0.00307623 0.000277334 0.0473586 0.000696154 -0.2
709 0.0538016 0.00534802 0.00326286 0.000491547 0.0451848 0.000714464 0
710 0.0544201 0.0065976 0.00328056 0.000536534 0.0456503 0.000995339 0
711 0.0665349 0.00488196 0.00446377 0.000361472 0.0449245 0.0010269 0.2
712 0.0534316 0.00431161 0.00296203 0.000198633 0.0468761 0.000918142 -0.2
713 0.0565218 0.00542851 0.00355097 0.000522432 0.0443165 0.00106738 0
714 0.0548603 0.00588083 0.00324727 0.000564079 0.0457879 0.000622321 0
715 0.0679461 0.0054661 0.00472252 0.000515112 0.0446822 0.000545522 0.2
716 0.0530618 0.00516982 0.00329191 0.000512974 0.046858 0.000511589 0
717 0.0665143 0.00422758 0.00454377 0.000337798 0.0430573 0.000577186 0.2
718 0.0673532 0.00448401 0.00470544 0.000324643 0.0442926 0.000993867 0.2
719 0.084409 0.00389524 0.00743984 0.00100502 0.0415585 0.000653719 0.4
720 0.0542302 0.00433744 0.00320618 0.000294032 0.047583 0.000626457 -0.2
721 0.0548059 0.00555872 0.00325979 0.000495166 0.0463081 0.000855709 0
722 0.0544345 0.00657391 0.00328642 0.000611957 0.0443161 0.000601194 0
723 0.0667592 0.00537209 0.00453833 0.000567623 0.0441136 0.000482965 0.2
724 0.0550791 0.00468377 0.00334629 0.000427678 0.0461741 0.000668257 0
725 0.0658575 0.00472266 0.00438797 0.000486276 0.0427784 0.000953468 0.2
726 0.0654834 0.00459924 0.00444585 0.000313124 0.0433077 0.00067767 0.2
727 0.0827343 0.00406019 0.0070315 0.000859425 0.043291 0.000747937 0.4
728 0.0551538 0.00533861 0.00343731 0.000519688 0.0453837 0.000844163 0
729 0.0669153 0.00552791 0.0044103 0.000522924 0.0442576 0.000906159 0.2
730 0.0666068 0.00546749 0.00457367 0.00051854 0.0449611 0.000817199 0.2
731 0.0853463 0.0048719 0.00750737 0.000901568 0.0424115 0.000237012 0.4
732 0.0677061 0.00395094 0.00469307 0.000519212 0.0442494 0.00105265 0.2
733 0.0838576 0.00378758 0.00738975 0.000853669 0.0432528 0.000827365 0.4
734 0.0851355 0.00412219 0.00747616 0.000966823 0.042988 0.000106936 0.4
735 0.11194 0.00561018 0.0119799 0.00237992 0.0413198 0.000495091 0.6
736 0.0536661 0.00488324 0.00313382 0.000303126 0.0470512 0.00110883 -0.2
737 0.05523 0.00578595 0.00327168 0.000530664 0.0459229 0.000511835 0
738 0.0534767 0.00604948 0.00311422 0.000478456 0.045864 0.000596676 0
739 0.0664557 0.00459641 0.00444386 0.000495257 0.0439823 0.000612767 0.2
740 0.0530582 0.00473003 0.00316285 0.000411909 0.0464645 0.000722148 0
741 0.0657035 0.00513581 0.0045049 0.000372788 0.0447373 0.000499519 0.2
742 0.0664382 0.00515276 0.00458963 0.000560207 0.044662 0.000733121 0.2
743 0.0844633 0.00418536 0.00741186 0.000798892 0.0420752 0.000950682 0.4
744 0.0531013 0.00530609 0.0031971 0.000530478 0.0463364 0.000739311 0
745 0.0667502 0.00530489 0.00452873 0.000542574 0.045226 0.000592657 0.2
746 0.0679464 0.00525031 0.00464428 0.000452233 0.0443812 0.000619187 0.2
747 0.0848662 0.00408081 0.00740616 0.000870703 0.0427101 0.000611293 0.4
748 0.0667478 0.0044185 0.00460693 0.000484541 0.0435902 0.000908018 0.2
749 0.0834778 0.00434351 0.00712576 0.000728534 0.0422 0.000946245 0.4
750 0.0826699 0.00394538 0.00719666 0.000852496 0.0429405 0.00110116 0.4
751 0.111363 0.00510099 0.0121812 0.00235334 0.0411102 0.00104194 0.6
752 0.0545875 0.00566282 0.00325861 0.000464895 0.0458539 0.0011108 0
753 0.0668802 0.0053447 0.00456959 0.000447565 0.044603 0.0006936 0.2
754 0.0667964 0.00503495 0.0045127 0.000608135 0.0454473 0.00107809 0.2
755 0.0828146 0.00459113 0.00712004 0.000784601 0.0432556 0.000560585 0.4
756 0.0674203 0.00443551 0.00454112 0.000374063 0.0445726 0.000618818 0.2
757 0.0849069 0.00399808 0.0073566 0.000780819 0.0430794 0.000735734 0.4
758 0.0846632 0.00389058 0.00742231 0.000859224 0.0425183 0.000616288 0.4
759 0.112358 0.00581507 0.0122973 0.00245821 0.0413976 0.000847477 0.6
760 0.0673865 0.00517591 0.00460075 0.000525769 0.043917 0.000304272 0.2
761 0.0831756 0.00451419 0.00696902 0.000947527 0.0427024 0.00126668 0.4
762 0.0854154 0.004072 0.00754545 0.000917524 0.0417661 0.000399849 0.4
763 0.11163 0.00652118 0.0120352 0.00257087 0.0418346 0.000879685 0.6
764 0.0842603 0.00318499 0.00744723 0.000908774 0.0433537 0.000220446 0.4
765 0.110625 0.00576673 0.0118164 0.00236052 0.0397049 0.000864936 0.6
766 0.111964 0.00578075 0.0122667 0.00236796 0.0411755 0.000617581 0.6
767 0.153211 0.00600501 0.0222945 0.00337748 0.0392319 0.000701067 0.8
768 0.0986062 0.00329832 0.0100809 0.000896201 0.0523552 0.000563255 -0.6
769 0.0705479 0.00414105 0.00526081 0.000716528 0.0499584 0.000691695 -0.4
770 0.0698223 0.00350296 0.0052241 0.000719064 0.0488774 0.000469289 -0.4
771 0.0549845 0.0040046 0.00339837 0.000272033 0.0471447 0.00123206 -0.2
772 0.0713244 0.00385057 0.00542994 0.000715929 0.0485723 0.000325865 -0.4
773 0.0546866 0.004274 0.00320118 0.000282858 0.0483137 0.000743094 -0.2
774 0.0526013 0.00423401 0.0029556 0.000225491 0.0456979 0.000629403 -0.2
775 0.0547323 0.00610768 0.00332753 0.000543391 0.0459991 0.000595218 0
776 0.0705287 0.00360939 0.00520777 0.000689287 0.0494234 0.000212809 -0.4
777 0.0538918 0.00395077 0.00318986 0.000283723 0.0480032 0.000682105 -0.2
778 0.0542954 0.00479139 0.00338246 0.000303998 0.0467445 0.000584789 -0.2
779 0.0544413 0.00605078 0.00330722 0.000614404 0.0459425 0.000817725 0
780 0.0544674 0.00433059 0.00325903 0.000213479 0.0475763 0.000339323 -0.2
781 0.0543121 0.00546099 0.00333676 0.000537764 0.0451909 0.000533837 0
782 0.0529606 0.00559928 0.00311946 0.000487572 0.046412 0.000417532 0
783 0.0678684 0.00529334 0.00474148 0.000554548 0.0448786 0.000619011 0.2
784 0.071658 0.00444197 0.00549216 0.000737271 0.0503069 0.000806188 -0.4
785 0.0543504 0.00450506 0.00315776 0.000257226 0.0471687 0.00065076 -0.2
786 0.0549762 0.00403307 0.00320322 0.000261938 0.0483222 0.000819887 -0.2
787 0.0550589 0.00559565 0.00328773 0.000577059 0.0436828 0.000637972 0
788 0.0536854 0.00471394 0.00307503 0.00025201 0.0485395 0.000536803 -0.2
789 0.0548624 0.00446608 0.00324033 0.000462638 0.0453974 0.00135163 0
790 0.0539803 0.00575354 0.0032782 0.000545105 0.047714 0.000862857 0
791 0.0657531 0.00561932 0.00426562 0.00049001 0.0438414 0.000711373 0.2
792 0.0544173 0.004918 0.00330921 0.000234226 0.048641 0.000786244 -0.2
793 0.0545595 0.00595525 0.00324739 0.000571015 0.045988 0.000696974 0
794 0.0565602 0.00587064 0.00343476 0.000542358 0.0455711 0.000879735 0
795 0.0675661 0.00537024 0.00448994 0.00062097 0.0457061 0.000563441 0.2
796 0.0526053 0.00541176 0.00297343 0.000433362 0.0471732 0.000512483 0
797 0.0679978 0.00490669 0.00461232 0.000582478 0.0450844 0.00114725 0.2
798 0.0672053 0.00509659 0.00469644 0.00054363 0.0451833 0.00106461 0.2
799 0.0853535 0.00477753 0.0074505 0.000950174 0.0424085 0.000732766 0.4
800 0.071345 0.0042488 0.00542359 0.000743387 0.0497652 0.000176412 -0.4
801 0.0554136 0.00371868 0.00333025 0.000270241 0.0465312 0.000698986 -0.2
802 0.0544973 0.00501705 0.0032647 0.000321728 0.0468391 0.00101869 -0.2
803 0.0551665 0.00663096 0.0033575 0.000607366 0.0449604 0.000777818 0
804 0.0554947 0.00422932 0.00325309 0.000288947 0.0477337 0.00101668 -0.2
805 0.0534565 0.00553628 0.00316482 0.000586659 0.04562 0.000976805 0
806 0.0544092 0.0057099 0.0033541 0.000540365 0.0470769 0.000474692 0
807 0.0659074 0.00496748 0.00433953 0.000523728 0.0450409 0.000674862 0.2
808 0.0547552 0.0035387 0.00326075 0.000269816 0.0479614 0.000708879 -0.2
809 0.0569004 0.00647591 0.00353717 0.000634948 0.0460157 0.000698564 0
810 0.0550876 0.00596636 0.00336931 0.000544218 0.0455609 0.000778592 0
811 0.0669341 0.00540494 0.00453396 0.000516487 0.0435287 0.00117343 0.2
812 0.0537751 0.0057846 0.00319815 0.00053123 0.0457791 0.000602393 0
813 0.065003 0.00515459 0.00430313 0.000544344 0.0437574 0.000429693 0.2
814 0.0667051 0.00502848 0.00457783 0.000529291 0.0445492 0.000979563 0.2
815 0.0842127 0.00463187 0.00717643 0.000843559 0.042738 0.000329748 0.4
816 0.054885 0.00498801 0.00327642 0.000302752 0.0483179 0.000702089 -0.2
817 0.0548844 0.00575813 0.00325127 0.000487078 0.0452319 0.00106328 0
818 0.0541797 0.00577098 0.00322102 0.000518917 0.0455011 0.000878166 0
819 0.0660021 0.00559352 0.00429925 0.000570737 0.0442629 0.00022086 0.2
820 0.0538571 0.0060241 0.00329241 0.000590513 0.0458124 0.0014166 0
821 0.067757 0.00464099 0.00472 0.000474962 0.0460789 0.000611721 0.2
822 0.0647026 0.00560173 0.00431369 0.000618744 0.0433895 0.000978831 0.2
823 0.0847393 0.00411698 0.00746357 0.000907558 0.0444507 0.000913859 0.4
824 0.056262 0.00582722 0.00342971 0.000579672 0.0462597 0.00036715 0
825 0.0680855 0.00524302 0.00454993 0.000608481 0.0450428 0.000803885 0.2
826 0.0680676 0.00555309 0.00453937 0.000565869 0.0464946 0.000669316 0.2
827 0.0854879 0.00555814 0.00728488 0.000909527 0.0427861 0.00108028 0.4
828 0.066487 0.00560002 0.00451311 0.000426957 0.0430527 0.000451451 0.2
829 0.0831692 0.00421706 0.00707197 0.00090107 0.0430435 0.000844705 0.4
830 0.0849476 0.00346669 0.00744908 0.00085532 0.0437873 0.000773872 0.4
831 0.11043 0.00654924 0.0117833 0.00233859 0.0420067 0.000754587 0.6
832 0.0697578 0.00374264 0.0052121 0.000702361 0.0497938 0.000255 -0.4
833 0.0540331 0.00482621 0.00319308 0.000263064 0.046374 0.000704084 -0.2
834 0.0536336 0.00471559 0.00321411 0.000235512 0.0484527 0.000845279 -0.2
835 0.0548579 0.00632684 0.00325978 0.000633675 0.0450728 0.00100594 0
836 0.0545949 0.00462963 0.00324578 0.000279043 0.0461778 0.000780348 -0.2
837 0.0547671 0.00632225 0.00329377 0.000562932 0.0469803 0.00141363 0
838 0.0546604 0.00590097 0.00334077 0.000559651 0.0448542 0.00103523 0
839 0.0659808 0.00540913 0.00434825 0.000446201 0.0437525 0.000634921 0.2
840 0.0542373 0.00415351 0.0032493 0.00020419 0.048476 0.00061614 -0.2
841 0.0553794 0.00554892 0.00328182 0.000473728 0.0448336 0.000779209 0
842 0.0556444 0.00527919 0.0034424 0.000567127 0.04579 0.000568957 0
843 0.0679439 0.00559799 0.00460379 0.000549237 0.043746 0.000612651 0.2
844 0.0540695 0.00500304 0.0034206 0.000524808 0.0451447 0.000665141 0
845 0.0652709 0.00508691 0.0043756 0.000483739 0.0443749 0.000487918 0.2
846 0.068161 0.00515895 0.00479265 0.000432327 0.0436287 0.000873231 0.2
847 0.0847926 0.00449741 0.00734167 0.000924689 0.0411464 0.000492183 0.4
848 0.054247 0.00422006 0.0032034 0.000214941 0.0468872 0.000655201 -0.2
849 0.055538 0.00562425 0.00340758 0.000499843 0.0467902 0.000799702 0
850 0.0541779 0.0062486 0.00314348 0.00055099 0.0447272 0.000607323 0
851 0.0687152 0.00550006 0.00481077 0.000639207 0.044826 0.000901928 0.2
852 0.0541097 0.00553241 0.00327556 0.000469617 0.046795 0.000573182 0
853 0.0667424 0.00508955 0.00463591 0.000412495 0.0435227 0.00050885 0.2
854 0.0664651 0.00452211 0.00449219 0.000329082 0.044257 0.000871297 0.2
855 0.0847737 0.00530343 0.00737712 0.000841453 0.0416594 0.00123474 0.4
856 0.0562718 0.00603251 0.00333806 0.000556077 0.0464979 0.0007783 0
857 0.0667041 0.00498489 0.00453009 0.000486477 0.0435319 0.000527728 0.2
858 0.0687581 0.00550519 0.00477702 0.00069321 0.0437618 0.00114309 0.2
859 0.084963 0.00412997 0.00734149 0.00106279 0.0423275 0.000768113 0.4
860 0.0672558 0.00615377 0.00468682 0.00060379 0.0438347 0.000575328 0.2
861 0.0863562 0.00434299 0.00777955 0.000809088 0.0410873 0.000719336 0.4
862 0.0864196 0.0041376 0.00783661 0.000811368 0.0431676 0.000856386 0.4
863 0.113122 0.00618624 0.0123099 0.00228685 0.0415699 0.000765683 0.6
864 0.0552272 0.00390795 0.00337619 0.000281168 0.0486891 0.00106482 -0.2
865 0.0555078 0.0067175 0.00341303 0.000638535 0.045292 0.00102539 0
866 0.0540241 0.0057212 0.0032609 0.000551736 0.0469541 0.000707046 0
867 0.0655924 0.00531888 0.00442185 0.000462757 0.0457572 0.000511765 0.2
868 0.0536009 0.00561687 0.00322689 0.000438767 0.0453179 0.000142665 0
869 0.0648098 0.00551515 0.00439513 0.000369569 0.0449064 0.000741701 0.2
870 0.0671853 0.00580441 0.00463145 0.000434712 0.0452173 0.000488267 0.2
871 0.0851827 0.00543826 0.00755219 0.000774524 0.0437172 0.000930911 0.4
872 0.0531681 0.00556404 0.00316952 0.000547548 0.0466561 0.000654672 0
873 0.066683 0.00606932 0.00453193 0.000598878 0.0443786 0.00122989 0.2
874 0.067373 0.00539795 0.00462074 0.000598583 0.0442902 0.000880115 0.2
875 0.0864525 0.00491815 0.00775322 0.000905331 0.0436739 0.000614296 0.4
876 0.0659627 0.00594273 0.00442981 0.000560323 0.0430167 0.000793843 0.2
877 0.0838681 0.00360245 0.00739054 0.000797406 0.0426001 0.000244779 0.4
878 0.0850945 0.00398903 0.00761628 0.000890013 0.043438 0.000719355 0.4
879 0.113422 0.00481609 0.0124639 0.00237196 0.0408105 0.000915853 0.6
880 0.0547473 0.00536216 0.00329554 0.000508914 0.0452867 0.000682435 0
881 0.0667603 0.00491885 0.00445296 0.000471071 0.0447522 0.00118591 0.2
882 0.0665606 0.00558994 0.00446892 0.000547108 0.0432158 0.00169552 0.2
883 0.0862563 0.00450398 0.00758814 0.000860006 0.0419558 0.00106319 0.4
884 0.0653579 0.00388546 0.00435001 0.000415549 0.0450472 0.000939587 0.2
885 0.0825325 0.00387015 0.00701495 0.000768264 0.0437482 0.000220475 0.4
886 0.083522 0.00396074 0.0072647 0.000814656 0.0431184 0.00041293 0.4
887 0.112074 0.00608074 0.0120738 0.00245295 0.0416104 0.000299232 0.6
888 0.0666352 0.00558736 0.00441134 0.000657161 0.0448949 0.000644934 0.2
889 0.0849438 0.00491738 0.00754614 0.000901529 0.0426403 0.000818966 0.4
890 0.0863768 0.00452427 0.00756293 0.00088168 0.0434822 0.000910439 0.4
891 0.1139 0.0065401 0.0124991 0.00237151 0.0409681 0.0011645 0.6
892 0.0823739 0.00383113 0.00704609 0.00083202 0.0436385 0.00114981 0.4
893 0.110132 0.00682754 0.0117221 0.00239962 0.0414536 0.000643122 0.6
894 0.112117 0.00579805 0.0122537 0.00249347 0.0415764 0.00096881 0.6
895 0.154029 0.00641723 0.0221214 0.00360493 0.0405616 0.00102512 0.8
896 0.0695568 0.00396978 0.00517267 0.000733467 0.0496642 0.000841732 -0.4
897 0.0548795 0.00466974 0.00322063 0.00029802 0.0472898 0.000813199 -0.2
898 0.0556969 0.00457857 0.00345785 0.00036468 0.0474348 0.000685105 -0.2
899 0.055228 0.00667345 0.00331828 0.00061223 0.0466381 0.000853897 0
900 0.0540144 0.00461197 0.00318746 0.000261428 0.0480991 0.000256612 -0.2
901 0.0538693 0.00609335 0.00326884 0.000599426 0.0456353 0.000328899 0
902 0.054215 0.0058773 0.00331597 0.00049856 0.0463775 0.000609231 0
903 0.0658451 0.0051565 0.00438736 0.000348077 0.0445757 0.000889054 0.2
904 0.0535383 0.00524824 0.00322713 0.0003294 0.0476575 0.000636712 -0.2
905 0.0562067 0.0059037 0.00336918 0.000579044 0.0463287 0.000904558 0
906 0.0547642 0.00668553 0.00338239 0.000668353 0.0459636 0.00157178 0
907 0.0691723 0.0054461 0.00483427 0.000575346 0.0455002 0.00136657 0.2
908 0.0553036 0.00552263 0.00339918 0.000415492 0.0458013 0.000747262 0
909 0.0676141 0.0053279 0.00460663 0.000493971 0.04399 0.000212317 0.2
910 0.067455 0.00537939 0.00462827 0.000496265 0.0450905 0.00108595 0.2
911 0.0859959 0.00449015 0.00757623 0.000872685 0.041935 0.000516387 0.4
912 0.0546935 0.00425802 0.00321176 0.000217643 0.0468194 0.000844209 -0.2
913 0.0534991 0.00529779 0.0030407 0.000472355 0.0461743 0.000598148 0
914 0.0553785 0.00611303 0.00334958 0.000533893 0.0464982 0.000895638 0
915 0.0664253 0.00557175 0.00443101 0.000559851 0.043952 0.000797445 0.2
916 0.0535377 0.00547065 0.00312639 0.000437747 0.0445163 0.000411903 0
917 0.0665322 0.00485201 0.00449562 0.000406884 0.0441659 0.00103438 0.2
918 0.0676217 0.00544107 0.0047411 0.000462604 0.0436387 0.000833644 0.2
919 0.0842085 0.00437533 0.00732079 0.000803239 0.0439894 0.000676292 0.4
920 0.0535992 0.00550785 0.00307177 0.00052048 0.0461199 0.000965804 0
921 0.0660115 0.00509173 0.00446843 0.000552783 0.0444469 0.000956106 0.2
922 0.0696436 0.00594955 0.00481733 0.000540302 0.0448173 0.000877038 0.2
923 0.0854876 0.00474563 0.00723102 0.00107439 0.0423643 0.000224142 0.4
924 0.0668878 0.0046759 0.00452247 0.000429689 0.0444289 0.000756022 0.2
925 0.0848128 0.00427943 0.00745773 0.000718386 0.0421786 0.000701617 0.4
926 0.0859618 0.00405097 0.0075837 0.000875227 0.0409988 0.000920586 0.4
927 0.112285 0.00664299 0.0120499 0.00244864 0.0419346 0.00113896 0.6
928 0.0545128 0.00455239 0.0032133 0.000295839 0.0469108 0.000825777 -0.2
929 0.0538831 0.00500286 0.00320661 0.000488039 0.0456516 0.000524341 0
930 0.0545433 0.00574724 0.00330324 0.000529833 0.0454029 0.00104324 0
931 0.0662755 0.00526685 0.00436003 0.000402427 0.043507 0.000437399 0.2
932 0.053362 0.00578544 0.0031618 0.00048902 0.0459314 0.000406289 0
933 0.0670027 0.00531717 0.00461498 0.000353073 0.0451346 0.00114003 0.2
934 0.0659276 0.00560136 0.00453727 0.000434141 0.0445826 0.00100037 0.2
935 0.083021 0.00419174 0.00705005 0.000817567 0.0417253 0.00115063 0.4
936 0.0526323 0.0059454 0.00313833 0.000531403 0.0464119 0.000618541 0
937 0.0685268 0.00571903 0.00478829 0.000528001 0.0450582 0.000603183 0.2
938 0.0660499 0.00453715 0.00441461 0.00048713 0.0457976 0.000556591 0.2
939 0.0841629 0.00480756 0.00713935 0.000950351 0.0434178 0.00079433 0.4
940 0.0642276 0.00478991 0.00432961 0.000406848 0.044146 0.000709494 0.2
941 0.0836382 0.00453636 0.00723526 0.000847405 0.0431819 0.00060142 0.4
942 0.0842275 0.00392832 0.00744761 0.000743474 0.0430122 0.000590509 0.4
943 0.111822 0.00537132 0.0120393 0.00232432 0.041503 0.000868917 0.6
944 0.054034 0.00496691 0.00322638 0.000496308 0.0455845 0.000485604 0
945 0.066034 0.00525657 0.00441143 0.000568184 0.0436481 0.000777981 0.2
946 0.066401 0.00560635 0.0045092 0.000547655 0.0443271 0.000888149 0.2
947 0.0850846 0.00436926 0.00741374 0.000897153 0.0433238 0.000499266 0.4
948 0.065138 0.00447891 0.00434829 0.00049909 0.0435579 0.00102805 0.2
949 0.0829545 0.00385435 0.00713266 0.00076448 0.0422484 0.00120867 0.4
950 0.083463 0.00500009 0.00710088 0.000713878 0.0438812 0.0009425 0.4
951 0.111672 0.00590428 0.0121727 0.00238389 0.042335 0.00128375 0.6
952 0.0669544 0.0062282 0.00445969 0.00057205 0.0445272 0.000939369 0.2
953 0.0858462 0.00344728 0.00759921 0.00086784 0.0422523 0.000995147 0.4
954 0.0854229 0.00438607 0.00757836 0.000861676 0.0445488 0.00044949 0.4
955 0.113545 0.00683017 0.0124982 0.00229934 0.0404368 0.000434222 0.6
956 0.0833082 0.00412585 0.00723599 0.000997517 0.0424737 0.000656646 0.4
957 0.110716 0.0064945 0.0117614 0.00237979 0.0406354 0.000661213 0.6
958 0.113063 0.00670298 0.0123948 0.0023924 0.0423073 0.000893909 0.6
959 0.154879 0.00837128 0.0225146 0.00383926 0.038897 0.000999524 0.8
960 0.0550615 0.00514978 0.00334416 0.000264525 0.047504 0.000516853 -0.2
961 0.054437 0.00589246 0.00331924 0.000621727 0.0470091 0.000871484 0
962 0.0541032 0.00557071 0.00325151 0.000535413 0.0457521 0.000400527 0
963 0.0686224 0.00567559 0.0048242 0.00042601 0.0448987 0.00053494 0.2
964 0.0547269 0.00618733 0.0034133 0.000583485 0.0463035 0.000567825 0
965 0.0674221 0.00455036 0.00471851 0.000375041 0.0431679 0.000554241 0.2
966 0.0667539 0.0047318 0.00465374 0.000457274 0.045199 0.000605909 0.2
967 0.0841858 0.0041585 0.00745301 0.000861365 0.0433989 0.000647871 0.4
968 0.0551941 0.00532084 0.00341405 0.000468446 0.0439957 0.000371591 0
969 0.0673628 0.00531257 0.00448658 0.000500231 0.0441275 0.000822501 0.2
970 0.0688472 0.00543451 0.00487961 0.000460549 0.0435241 0.000441652 0.2
971 0.0850956 0.0039146 0.00741868 0.000938635 0.0418825 0.000729591 0.4
972 0.0658484 0.00470214 0.00449653 0.000445862 0.0438706 0.000464549 0.2
973 0.0857388 0.0037428 0.00771269 0.00079468 0.0437996 0.000719595 0.4
974 0.0859582 0.00366241 0.00784263 0.000918827 0.0427548 0.000428632 0.4
975 0.112166 0.00584564 0.0120912 0.00243408 0.0413625 0.000560914 0.6
976 0.0538951 0.00580809 0.0031747 0.000508742 0.0456302 0.000429393 0
977 0.0671749 0.00581789 0.00460837 0.000441684 0.0435519 0.000657568 0.2
978 0.0659183 0.00433813 0.00442111 0.000415634 0.0433236 0.000620373 0.2
979 0.0848161 0.00401667 0.00725565 0.000934162 0.0416904 0.00031402 0.4
980 0.0645288 0.00446621 0.00427423 0.000340908 0.0443645 0.00110459 0.2
981 0.0848771 0.00373376 0.00762206 0.00082388 0.0429263 0.000572219 0.4
982 0.0837045 0.00399751 0.00739845 0.000832617 0.0426201 0.000509894 0.4
983 0.113003 0.00563717 0.0123559 0.00258604 0.0413856 0.000507716 0.6
984 0.0689823 0.00524044 0.00493122 0.00055586 0.0442989 0.00109561 0.2
985 0.0869387 0.00401395 0.00770222 0.000960051 0.0436694 0.000568964 0.4
986 0.0855323 0.00370289 0.00747674 0.00102556 0.0428465 0.000468247 0.4
987 0.113863 0.00562648 0.0125268 0.00239554 0.0431521 0.000872477 0.6
988 0.0848113 0.00380545 0.00758972 0.000859492 0.0412466 0.000677355 0.4
989 0.113249 0.00518977 0.012661 0.00238517 0.0413101 0.000462403 0.6
990 0.113739 0.00559269 0.012576 0.00238962 0.0421951 0.000931702 0.6
991 0.157951 0.00631871 0.0237661 0.00360051 0.0388797 0.000486659 0.8
992 0.0536137 0.00604481 0.00323994 0.000492527 0.0467253 0.00111778 0
993 0.064948 0.0047514 0.00433 0.00035765 0.0441704 0.000552318 0.2
994 0.0672439 0.00558379 0.00463695 0.000532596 0.0440883 0.000416919 0.2
995 0.0840805 0.00477709 0.00723908 0.000876667 0.0433598 0.000799241 0.4
996 0.0661057 0.00642286 0.00454047 0.00052175 0.0442459 0.00044766 0.2
997 0.0828435 0.0039633 0.00712579 0.000748124 0.0432262 0.000850361 0.4
998 0.0841112 0.00423706 0.00725318 0.000819042 0.0425587 0.000665655 0.4
999 0.113056 0.00496445 0.0125528 0.00242796 0.0406799 0.00108904 0.6
1000 0.0683916 0.00511275 0.00495714 0.000532792 0.0448906 0.00129079 0.2
1001 0.0831923 0.00305235 0.00729261 0.000791968 0.0432849 0.000851932 0.4
1002 0.0837326 0.00420054 0.00723793 0.000939514 0.0442727 0.000895773 0.4
1003 0.111543 0.0048824 0.0121576 0.00245943 0.040571 0.000835167 0.6
1004 0.085089 0.00351159 0.00770728 0.000732736 0.0410773 0.000622901 0.4
1005 0.111569 0.00535572 0.0121648 0.00235843 0.0403007 0.000854075 0.6
1006 0.111682 0.00500835 0.0123551 0.00251636 0.0401559 0.000858712 0.6
1007 0.156498 0.00480581 0.0235349 0.0032561 0.0390764 0.000726093 0.8
1008 0.0671465 0.00498893 0.00457217 0.000512736 0.0434438 0.000240013 0.2
1009 0.0852947 0.00442921 0.00743395 0.000807301 0.0422846 0.000763765 0.4
1010 0.0856084 0.00431602 0.007575 0.00084829 0.0426937 0.000786648 0.4
1011 0.114532 0.00610721 0.01264 0.00248558 0.0416236 0.000721178 0.6
1012 0.0829222 0.00324773 0.00722119 0.000791296 0.0418422 0.000616059 0.4
1013 0.111857 0.0062094 0.0122167 0.00237242 0.0411549 0.000862751 0.6
1014 0.113285 0.0055496 0.012568 0.00231061 0.0406186 0.000623182 0.6
1015 0.156638 0.00661347 0.0234109 0.00341877 0.0390947 0.000857684 0.8
1016 0.0852196 0.00411667 0.00751428 0.000853685 0.0434568 0.000677741 0.4
1017 0.112523 0.00641074 0.0122511 0.00238525 0.0412888 0.000557525 0.6
1018 0.113625 0.00631158 0.012536 0.00246509 0.0408651 0.000603309 0.6
1019 0.155085 0.0079577 0.0223674 0.00397345 0.039338 0.000876581 0.8
1020 0.113118 0.00600456 0.0126324 0.00254391 0.0414565 0.000375902 0.6
1021 0.156127 0.00666876 0.0231532 0.00378185 0.0392749 0.000875932 0.8
1022 0.156752 0.00705606 0.0230084 0.00376281 0.0387363 0.000624903 0.8
1023 0.311616 0.0043471 0.0957411 0.0048172 0.0333408 0.000918351 1
