#sample=481
0 0.441849 0.000360703 0.195239 0.000236565 0.143613 0.000526605 -1
1 0.375417 0.000375254 0.140929 0.0002018 0.0956873 0.000178999 -0.8
2 0.375255 0.000374653 0.140819 0.000204077 0.0954047 0.000171607 -0.8
3 0.3447 0.000424149 0.118812 0.00020897 0.0851839 0.000139836 -0.6
4 0.375366 0.000379948 0.140899 0.000205529 0.0956272 0.000173026 -0.8
5 0.344663 0.000426338 0.118784 0.000207146 0.085182 0.000144875 -0.6
6 0.344561 0.000429989 0.118718 0.000212859 0.0851349 0.000140581 -0.6
7 0.315197 0.000495568 0.0993386 0.000221179 0.0777139 0.000131184 -0.4
8 0.375559 0.000385646 0.141038 0.000200864 0.0957035 0.00017881 -0.8
9 0.344764 0.000425552 0.118848 0.000203154 0.0852417 0.000142237 -0.6
10 0.344711 0.000432475 0.118818 0.000209265 0.0850016 0.00014006 -0.6
11 0.315288 0.000493544 0.0993933 0.000217503 0.0776439 0.00012627 -0.4
12 0.344721 0.000431415 0.118819 0.000206925 0.085169 0.000146976 -0.6
13 0.315184 0.000495427 0.0993236 0.0002164 0.0776969 0.000130389 -0.4
14 0.315166 0.000499214 0.0993137 0.000221082 0.077753 0.000125966 -0.4
15 0.284416 0.000571594 0.0808729 0.000227745 0.0718081 0.000120775 -0.2
16 0.375551 0.000379717 0.141032 0.000203951 0.0958228 0.00017914 -0.8
17 0.344656 0.000425053 0.118777 0.000207383 0.0850316 0.000142956 -0.6
18 0.344613 0.000424931 0.118754 0.000211511 0.0850937 0.000144012 -0.6
19 0.315141 0.000490254 0.0993041 0.000218612 0.0777227 0.00012893 -0.4
20 0.344652 0.000432752 0.11878 0.000212119 0.0851927 0.000146265 -0.6
21 0.315108 0.000496536 0.0992849 0.00022052 0.077815 0.000130184 -0.4
22 0.315073 0.00049616 0.0992632 0.000223214 0.0776491 0.000127989 -0.4
23 0.284344 0.000570773 0.0808406 0.000230549 0.0715669 0.000124942 -0.2
24 0.3448 0.000426535 0.118878 0.000206184 0.0851413 0.000146613 -0.6
25 0.315265 0.000487677 0.0993792 0.000214674 0.0777424 0.000124649 -0.4
26 0.315184 0.000495376 0.0993308 0.000221203 0.0777732 0.000126001 -0.4
27 0.284476 0.000567539 0.0809147 0.000227342 0.0716864 0.000123685 -0.2
28 0.31514 0.000497507 0.0992995 0.000219453 0.0776739 0.000128263 -0.4
29 0.284458 0.0005706 0.0808986 0.000226764 0.0716681 0.000121977 -0.2
30 0.284298 0.000569987 0.0808097 0.000229011 0.0716864 0.000119501 -0.2
31 0.251412 0.000650489 0.0631896 0.000230293 0.0663254 0.000114113 0
32 0.375601 0.000376683 0.141077 0.000205579 0.0957132 0.000182183 -0.8
33 0.34471 0.000423795 0.118817 0.000210745 0.0851503 0.000141866 -0.6
34 0.344683 0.000424003 0.118807 0.000212954 0.0850303 0.000142544 -0.6
35 0.315143 0.000489326 0.0993105 0.000222022 0.077609 0.000132475 -0.4
36 0.344663 0.000430526 0.11879 0.000214267 0.0851966 0.000141525 -0.6
37 0.31507 0.000494084 0.0992612 0.000222342 0.0776891 0.000132341 -0.4
38 0.315022 0.000498851 0.0992359 0.00022772 0.0778931 0.000135014 -0.4
39 0.284278 0.000570256 0.0808077 0.000233911 0.0716591 0.00011777 -0.2
40 0.344829 0.000434401 0.118899 0.00021174 0.0851027 0.000155173 -0.6
41 0.315192 0.000495034 0.0993313 0.000220637 0.0776241 0.000132166 -0.4
42 0.315197 0.00049742 0.099343 0.000223749 0.0776804 0.000128352 -0.4
43 0.284376 0.000571064 0.0808587 0.000230904 0.0715408 0.000119713 -0.2
44 0.315143 0.00049934 0.0993032 0.000222822 0.0778062 0.000132563 -0.4
45 0.284263 0.000573417 0.0807888 0.000230421 0.0715739 0.000120644 -0.2
46 0.284273 0.000574363 0.0807966 0.000232705 0.071658 0.00011784 -0.2
47 0.251215 0.000656533 0.063089 0.000234652 0.0663145 0.000114373 0
48 0.344792 0.000423922 0.118877 0.000210102 0.0852048 0.00014839 -0.6
49 0.315088 0.000491456 0.0992734 0.000221713 0.0776334 0.000127127 -0.4
50 0.315115 0.000490531 0.0992954 0.000223672 0.0775825 0.000127786 -0.4
51 0.284278 0.000567223 0.0808069 0.000231879 0.0715729 0.000118964 -0.2
52 0.315031 0.000496565 0.0992428 0.000225226 0.0777375 0.000134812 -0.4
53 0.284254 0.000570263 0.0807984 0.000232098 0.0716109 0.00012409 -0.2
54 0.284195 0.000571762 0.0807633 0.000234867 0.071516 0.000117253 -0.2
55 0.251198 0.000650138 0.0630976 0.000235573 0.0665074 0.000116325 0
56 0.315204 0.000494032 0.0993437 0.000220279 0.0777077 0.000132443 -0.4
57 0.284412 0.000563638 0.0808816 0.000227235 0.0716318 0.000118491 -0.2
58 0.284309 0.000565286 0.0808243 0.000230022 0.0716528 0.000121191 -0.2
59 0.251312 0.000646472 0.0631494 0.000232316 0.0664313 0.000114475 0
60 0.284258 0.000572486 0.0807932 0.000231344 0.0715862 0.00012148 -0.2
61 0.251246 0.000650444 0.0631129 0.000230951 0.0665301 0.00011638 0
62 0.251214 0.000648384 0.0630969 0.000233274 0.0665315 0.000118764 0
63 0.21496 0.000736891 0.0461946 0.000226041 0.0617276 0.000104574 0.2
64 0.37566 0.000386908 0.141113 0.000202778 0.0958237 0.000180662 -0.8
65 0.344754 0.000427919 0.118846 0.000204487 0.0851059 0.000141792 -0.6
66 0.344743 0.000434556 0.118838 0.000209545 0.0851527 0.000143401 -0.6
67 0.315218 0.000497937 0.09935 0.000219124 0.077707 0.000129728 -0.4
68 0.344708 0.000438236 0.118815 0.000211694 0.0851553 0.000144831 -0.6
69 0.31519 0.000500543 0.099333 0.000219093 0.0775917 0.000129986 -0.4
70 0.315081 0.000509286 0.0992638 0.000225223 0.0776887 0.000132776 -0.4
71 0.284445 0.000581609 0.0808946 0.000231337 0.0716417 0.000122036 -0.2
72 0.344762 0.000435583 0.118848 0.00020359 0.0850681 0.000148388 -0.6
73 0.315255 0.000496066 0.099368 0.000212559 0.0778692 0.000131696 -0.4
74 0.315166 0.00050626 0.0993124 0.000219654 0.0778837 0.000128231 -0.4
75 0.284501 0.000577035 0.0809212 0.000226427 0.0717171 0.00012119 -0.2
76 0.315107 0.000506877 0.0992723 0.000218962 0.0777639 0.000135969 -0.4
77 0.284422 0.000576415 0.0808743 0.000225235 0.0716349 0.000120165 -0.2
78 0.284323 0.000583476 0.0808153 0.00022936 0.0716052 0.000118592 -0.2
79 0.251383 0.000661313 0.0631666 0.000230639 0.0663712 0.000118783 0
80 0.344858 0.000434585 0.118916 0.000209828 0.085225 0.000141252 -0.6
81 0.315281 0.000497241 0.0993916 0.000218435 0.0778364 0.000126228 -0.4
82 0.315233 0.000502417 0.0993592 0.000223243 0.0777918 0.000130737 -0.4
83 0.284444 0.000577138 0.0808984 0.000231051 0.0716429 0.000124555 -0.2
84 0.315197 0.000504891 0.0993373 0.000222421 0.0777627 0.000131848 -0.4
85 0.284418 0.000578488 0.0808857 0.00022935 0.0716736 0.000120835 -0.2
86 0.284384 0.000576981 0.0808584 0.000231337 0.0718021 0.000123841 -0.2
87 0.251348 0.00066117 0.0631637 0.000234165 0.0664771 0.000113548 0
88 0.315312 0.000499583 0.0994063 0.00021689 0.0776978 0.000133312 -0.4
89 0.284483 0.000571618 0.0809157 0.000224143 0.0717536 0.000122548 -0.2
90 0.284488 0.000577277 0.0809164 0.000228487 0.0716818 0.000120816 -0.2
91 0.251389 0.000655259 0.0631799 0.000230483 0.0666024 0.000114116 0
92 0.284406 0.000582124 0.0808682 0.000228671 0.0717868 0.000120487 -0.2
93 0.25139 0.000661076 0.0631826 0.000230449 0.066431 0.000116717 0
94 0.251276 0.000662478 0.0631113 0.000232894 0.0664094 0.000115518 0
95 0.215195 0.000751977 0.0462848 0.000227343 0.0617173 0.000104468 0.2
96 0.344865 0.000430865 0.118922 0.000209706 0.0851594 0.000142344 -0.6
97 0.315269 0.000493863 0.0993819 0.000218602 0.0777123 0.000134313 -0.4
98 0.315183 0.000497648 0.0993312 0.000222436 0.0777059 0.000129956 -0.4
99 0.284434 0.000572523 0.0808911 0.00023037 0.0717415 0.000119812 -0.2
100 0.315088 0.000502118 0.0992685 0.000223268 0.0778023 0.000130045 -0.4
101 0.284329 0.000578154 0.0808334 0.000231581 0.0715674 0.00012491 -0.2
102 0.284251 0.000581505 0.0807863 0.000234399 0.0716432 0.000122639 -0.2
103 0.251243 0.000656745 0.0631115 0.000234205 0.0664252 0.000106578 0
104 0.315243 0.000498864 0.0993642 0.000217995 0.0776941 0.000126834 -0.4
105 0.284388 0.00057212 0.0808572 0.000225726 0.0716389 0.000128065 -0.2
106 0.284358 0.000577865 0.0808413 0.000229554 0.0715778 0.000124086 -0.2
107 0.251318 0.000655543 0.0631396 0.00023033 0.066426 0.000113931 0
108 0.284283 0.000580342 0.0807973 0.000229774 0.0716382 0.000121461 -0.2
109 0.2512 0.000661351 0.0630806 0.00023219 0.0664165 0.000114849 0
110 0.251156 0.000663873 0.0630577 0.000234055 0.0664026 0.000119055 0
111 0.214957 0.000747304 0.0461799 0.000226606 0.0617505 0.000107324 0.2
112 0.315292 0.000497048 0.0993974 0.000220949 0.0777189 0.000130019 -0.4
113 0.284397 0.000570612 0.0808736 0.000229549 0.0716467 0.000124509 -0.2
114 0.284389 0.000572696 0.0808652 0.000232492 0.0716437 0.000118901 -0.2
115 0.251289 0.000650938 0.0631399 0.000234194 0.0664575 0.000113479 0
116 0.284334 0.000583525 0.0808393 0.000235279 0.071719 0.000118532 -0.2
117 0.251214 0.000662108 0.0631065 0.000236376 0.0665081 0.000117434 0
118 0.251245 0.000659777 0.0631136 0.000236847 0.0665005 0.000113906 0
119 0.214955 0.000744879 0.0461991 0.00022898 0.0617859 0.000114496 0.2
120 0.284479 0.000573136 0.0809124 0.000228084 0.0715822 0.000118247 -0.2
121 0.251338 0.000654393 0.0631575 0.000230415 0.0664433 0.00011589 0
122 0.251305 0.000657146 0.0631388 0.000233315 0.0663009 0.000114903 0
123 0.215067 0.000742099 0.0462385 0.000226347 0.0616363 0.000108675 0.2
124 0.25122 0.000661446 0.0630934 0.000232804 0.0664948 0.000111432 0
125 0.214974 0.000747427 0.0461986 0.000226523 0.0617613 0.000107304 0.2
126 0.214896 0.000750445 0.0461581 0.000228824 0.0617268 0.000108503 0.2
127 0.174006 0.000851939 0.030263 0.00021231 0.0573549 0.000105414 0.4
128 0.375306 0.000366886 0.140846 0.000190243 0.0954532 0.000171997 -0.8
129 0.344664 0.000417279 0.11878 0.000201734 0.0851064 0.000139436 -0.6
130 0.344373 0.000415003 0.118583 0.000201904 0.0849582 0.000138452 -0.6
131 0.315074 0.0004844 0.0992588 0.00021582 0.0776818 0.000129129 -0.4
132 0.344512 0.000420616 0.11868 0.000201982 0.08504 0.000141026 -0.6
133 0.315087 0.000491115 0.0992645 0.00021545 0.077785 0.00012715 -0.4
134 0.314915 0.00048867 0.0991574 0.000216942 0.0777826 0.00012783 -0.4
135 0.284245 0.000566641 0.0807779 0.0002276 0.071698 0.000121121 -0.2
136 0.344643 0.000423107 0.118763 0.000198185 0.0850538 0.000141284 -0.6
137 0.315143 0.000485022 0.0992972 0.000211223 0.0777321 0.000127968 -0.4
138 0.315002 0.000491273 0.0992094 0.000213734 0.0777418 0.000132555 -0.4
139 0.284345 0.000567443 0.0808324 0.000224594 0.0717205 0.000117526 -0.2
140 0.314992 0.000492064 0.099197 0.000212013 0.0776639 0.000133059 -0.4
141 0.284369 0.000565417 0.0808357 0.000221142 0.0717297 0.00011895 -0.2
142 0.284116 0.000569336 0.0806967 0.000224778 0.071661 0.000123032 -0.2
143 0.251258 0.000651604 0.0631003 0.000228626 0.0664392 0.000114583 0
144 0.34453 0.000411722 0.118686 0.000196468 0.085093 0.000143295 -0.6
145 0.315159 0.000483289 0.099309 0.000212497 0.0777433 0.000122543 -0.4
146 0.314876 0.000481131 0.0991294 0.000212537 0.0776551 0.000128599 -0.4
147 0.284296 0.000557404 0.0808062 0.000223253 0.0717174 0.000116056 -0.2
148 0.314976 0.00048805 0.0991933 0.000212724 0.0777364 0.000123347 -0.4
149 0.284323 0.000565047 0.0808226 0.000224767 0.0717084 0.000123378 -0.2
150 0.284093 0.000561754 0.0806917 0.000225017 0.0717824 0.000116643 -0.2
151 0.251202 0.000641553 0.0630798 0.000228054 0.0663869 0.000115593 0
152 0.315103 0.000484313 0.0992693 0.000209379 0.0777494 0.000128399 -0.4
153 0.284373 0.000557202 0.0808488 0.000218705 0.0716822 0.000122931 -0.2
154 0.28421 0.00056121 0.0807545 0.000222768 0.0717174 0.000123609 -0.2
155 0.251231 0.000641934 0.0630957 0.000227117 0.0664319 0.000111053 0
156 0.284254 0.000564529 0.080775 0.000220694 0.0717195 0.000123804 -0.2
157 0.25123 0.000646594 0.0630883 0.000224545 0.0664672 0.000116306 0
158 0.251096 0.000645192 0.06302 0.000226013 0.0664847 0.000115699 0
159 0.214967 0.000738387 0.0461775 0.000222701 0.061662 0.00010211 0.2
160 0.344693 0.00041497 0.118806 0.000202207 0.0852167 0.000138932 -0.6
161 0.315096 0.000484074 0.0992713 0.000216265 0.0776204 0.000127243 -0.4
162 0.314964 0.000483219 0.0991933 0.000217518 0.0776609 0.000129401 -0.4
163 0.284284 0.000560973 0.0808065 0.000228403 0.0716072 0.000118853 -0.2
164 0.314945 0.000489895 0.0991812 0.000218306 0.0775931 0.000124996 -0.4
165 0.28425 0.00056553 0.0807853 0.000228293 0.0716031 0.000124573 -0.2
166 0.28403 0.000564134 0.0806628 0.000229479 0.0715615 0.000116515 -0.2
167 0.251169 0.000643126 0.0630702 0.000231619 0.0663986 0.00011287 0
168 0.315066 0.000487494 0.0992499 0.00021316 0.0776086 0.000127433 -0.4
169 0.284331 0.000561932 0.0808292 0.000225102 0.0716537 0.000120984 -0.2
170 0.284141 0.000566952 0.0807191 0.000226362 0.0717114 0.000125623 -0.2
171 0.251214 0.000646841 0.0630907 0.000230689 0.0663327 0.000112978 0
172 0.284149 0.000566884 0.0807178 0.000224418 0.0715987 0.000117742 -0.2
173 0.251167 0.000650749 0.0630627 0.000229933 0.0663958 0.00011565 0
174 0.251022 0.000648988 0.0629888 0.000229905 0.0663576 0.000115846 0
175 0.214924 0.000740803 0.0461592 0.000225767 0.0616267 0.000110525 0.2
176 0.315056 0.000480933 0.099248 0.000213087 0.0778223 0.000130812 -0.4
177 0.284286 0.000560868 0.0808048 0.000225732 0.0716132 0.000118505 -0.2
178 0.284114 0.000554137 0.0807059 0.000224467 0.0716739 0.000118262 -0.2
179 0.251173 0.00063887 0.0630689 0.000230219 0.0663075 0.000111694 0
180 0.284133 0.000563783 0.0807206 0.00022637 0.0716059 0.000119624 -0.2
181 0.25115 0.000644084 0.063061 0.000230125 0.0663313 0.000113707 0
182 0.251011 0.000640036 0.0629915 0.000229796 0.0663278 0.000109101 0
183 0.214898 0.000728109 0.0461649 0.000224432 0.0617354 0.000114306 0.2
184 0.284271 0.000556953 0.0807914 0.00022117 0.0715245 0.000121672 -0.2
185 0.251189 0.00063888 0.0630748 0.000226197 0.066438 0.000112334 0
186 0.251114 0.000641404 0.0630391 0.000227847 0.066436 0.000111155 0
187 0.214885 0.000735435 0.0461527 0.000225066 0.0617502 0.000107299 0.2
188 0.25111 0.000647629 0.063037 0.000227803 0.0663893 0.000114059 0
189 0.214858 0.000737725 0.0461382 0.000222688 0.0617262 0.0001076 0.2
190 0.214857 0.000735311 0.0461362 0.000223365 0.0616091 0.000111406 0.2
191 0.173946 0.00084552 0.0302288 0.000209512 0.0574157 0.00010182 0.4
192 0.344554 0.000422194 0.118702 0.000197649 0.0850417 0.000145125 -0.6
193 0.31515 0.000488179 0.0993048 0.000212514 0.077744 0.000132007 -0.4
194 0.314921 0.00049398 0.0991565 0.000215066 0.0777463 0.000134159 -0.4
195 0.284354 0.000565736 0.0808346 0.000224158 0.0716347 0.000118078 -0.2
196 0.314933 0.000496861 0.0991656 0.000215284 0.0776906 0.000128888 -0.4
197 0.284347 0.000573404 0.0808377 0.000226226 0.0716374 0.000125934 -0.2
198 0.284088 0.000577093 0.0806828 0.000227306 0.0716021 0.000121919 -0.2
199 0.251239 0.000655264 0.0631023 0.000230769 0.0664244 0.000112886 0
200 0.315021 0.000494977 0.0992151 0.000209755 0.077652 0.000126057 -0.4
201 0.2843 0.000565241 0.0808024 0.000217954 0.0716351 0.000119962 -0.2
202 0.284183 0.000573628 0.0807299 0.000221798 0.0716878 0.000118638 -0.2
203 0.251182 0.000655493 0.0630629 0.000227866 0.0665478 0.000116245 0
204 0.284202 0.000576303 0.080738 0.000221981 0.0717291 0.000120957 -0.2
205 0.251152 0.000658729 0.0630431 0.000226098 0.066478 0.000115084 0
206 0.251082 0.000659174 0.0630058 0.000227608 0.066437 0.000112097 0
207 0.214899 0.000751689 0.0461405 0.000224213 0.0617683 0.000111395 0.2
208 0.315075 0.000486782 0.0992534 0.000209849 0.0776778 0.000123145 -0.4
209 0.284395 0.000560345 0.0808649 0.000220658 0.0716066 0.000116725 -0.2
210 0.284162 0.000562584 0.0807246 0.000221889 0.0715725 0.000117916 -0.2
211 0.251256 0.000646479 0.0631067 0.000228363 0.0664083 0.000115894 0
212 0.2842 0.000572269 0.0807496 0.000223884 0.0715877 0.000118605 -0.2
213 0.251309 0.00065233 0.0631401 0.000228317 0.0664377 0.000117312 0
214 0.25102 0.000654004 0.0629814 0.000228226 0.0664141 0.000111696 0
215 0.215017 0.000739994 0.0462059 0.000223454 0.0618057 0.000108467 0.2
216 0.284247 0.000565909 0.08077 0.000218076 0.0716928 0.000117593 -0.2
217 0.251283 0.000650525 0.0631174 0.000224557 0.066427 0.000118967 0
218 0.251119 0.000654242 0.0630303 0.00022636 0.066464 0.000117557 0
219 0.215015 0.000740393 0.0462037 0.000222711 0.0617628 0.000103516 0.2
220 0.251086 0.000657016 0.0630102 0.000225351 0.0664612 0.000113487 0
221 0.21498 0.000744633 0.0461851 0.000221353 0.061718 0.000106852 0.2
222 0.214806 0.000745949 0.0460994 0.000222207 0.0616982 0.000105596 0.2
223 0.173902 0.000856785 0.0302076 0.000210498 0.0574666 0.000100372 0.4
224 0.315104 0.000485589 0.099274 0.000212439 0.0776687 0.000124784 -0.4
225 0.284303 0.000563242 0.0808107 0.000224998 0.0715663 0.000124459 -0.2
226 0.284206 0.000563866 0.080754 0.000224706 0.0717762 0.000118054 -0.2
227 0.251176 0.000646458 0.0630708 0.000230371 0.0663765 0.000114298 0
228 0.284154 0.000570457 0.0807299 0.000226981 0.0717174 0.000119821 -0.2
229 0.251106 0.000651212 0.0630393 0.000231313 0.0663811 0.000114518 0
230 0.251053 0.000652323 0.0630041 0.000231021 0.0665272 0.000115762 0
231 0.214799 0.0007437 0.0461162 0.000227796 0.061708 0.000112091 0.2
232 0.284217 0.000565813 0.0807568 0.000219877 0.0716936 0.00011523 -0.2
233 0.251201 0.000649395 0.0630742 0.000226041 0.0663538 0.000113622 0
234 0.251069 0.000650658 0.0630083 0.000227248 0.0664567 0.000114896 0
235 0.214889 0.000744503 0.0461516 0.000224946 0.0617674 0.000107134 0.2
236 0.25098 0.00065796 0.0629595 0.000228121 0.0663988 0.000116815 0
237 0.214836 0.0007479 0.046119 0.000224185 0.0616882 0.000109541 0.2
238 0.214701 0.00074843 0.0460588 0.00022452 0.0616366 0.000111463 0.2
239 0.173698 0.000862158 0.0301299 0.000212062 0.0573008 0.000104951 0.4
240 0.284258 0.000561575 0.0807815 0.000221676 0.0715775 0.000116477 -0.2
241 0.251261 0.000643153 0.0631163 0.000228027 0.0663258 0.000116464 0
242 0.251093 0.000642869 0.0630237 0.000227789 0.066356 0.000108108 0
243 0.214922 0.000732896 0.0461711 0.000225386 0.061732 0.00011011 0.2
244 0.25107 0.000649723 0.0630194 0.000229022 0.0663953 0.000115113 0
245 0.214904 0.00073782 0.0461721 0.000224533 0.0618103 0.000111531 0.2
246 0.214772 0.000736737 0.0461058 0.000225002 0.0616705 0.00010639 0.2
247 0.173727 0.000842322 0.0301596 0.00021014 0.0573285 0.000102906 0.4
248 0.251129 0.000649601 0.0630366 0.000225716 0.0664063 0.000117911 0
249 0.214969 0.000736442 0.046186 0.000222168 0.0618208 0.00010604 0.2
250 0.214875 0.00074258 0.0461406 0.000223903 0.0616948 0.000106123 0.2
251 0.173802 0.000853148 0.0301737 0.000210531 0.057384 0.000100329 0.4
252 0.214767 0.000747283 0.0460992 0.000224303 0.061725 0.000109056 0.2
253 0.173658 0.000849248 0.0301322 0.000208307 0.0572537 0.000102715 0.4
254 0.173755 0.000851862 0.0301474 0.000208542 0.0574622 0.000105681 0.4
255 0.124182 0.000994224 0.0153991 0.000179393 0.0530495 9.94524e-05 0.6
256 0.375516 0.000376191 0.141012 0.000201361 0.0955846 0.0001781 -0.8
257 0.344698 0.000429809 0.11881 0.000209973 0.0850061 0.000144949 -0.6
258 0.344655 0.000427608 0.118781 0.000208596 0.0850487 0.000145304 -0.6
259 0.31519 0.000496692 0.0993357 0.000222 0.0777162 0.000131156 -0.4
260 0.344693 0.000434588 0.118807 0.000211211 0.0851225 0.000148748 -0.6
261 0.315209 0.000502246 0.0993471 0.000221975 0.0777839 0.000128526 -0.4
262 0.315142 0.000501424 0.0993015 0.000223287 0.077667 0.000129869 -0.4
263 0.284446 0.000578108 0.0808947 0.000232157 0.0716457 0.000118324 -0.2
264 0.344772 0.000426017 0.118858 0.00020264 0.0851466 0.000142837 -0.6
265 0.315324 0.000494022 0.0994145 0.000215914 0.0776342 0.000129329 -0.4
266 0.315199 0.000497372 0.0993358 0.000218138 0.077672 0.000131067 -0.4
267 0.284513 0.000573289 0.0809301 0.000226834 0.0716604 0.000118632 -0.2
268 0.31521 0.000500256 0.0993375 0.000217996 0.0777254 0.000131082 -0.4
269 0.284484 0.000575341 0.0809074 0.00022622 0.0716865 0.000124545 -0.2
270 0.284407 0.000576411 0.0808609 0.000228685 0.0717103 0.000126613 -0.2
271 0.251417 0.000659661 0.0631801 0.000231751 0.0664405 0.000115663 0
272 0.344754 0.000426599 0.11885 0.000208402 0.0852145 0.000143513 -0.6
273 0.315171 0.000496376 0.0993294 0.000221035 0.0776717 0.000132336 -0.4
274 0.315146 0.000495002 0.0993103 0.000222976 0.0777506 0.000125439 -0.4
275 0.284354 0.000570706 0.0808495 0.000230848 0.0717339 0.000121688 -0.2
276 0.315213 0.000501394 0.0993524 0.00022438 0.0776477 0.00012837 -0.4
277 0.284425 0.000578546 0.0808907 0.000231974 0.0717466 0.000116594 -0.2
278 0.284318 0.000572101 0.0808242 0.000231619 0.071743 0.000121321 -0.2
279 0.251415 0.00065576 0.0631999 0.000234969 0.0665645 0.000114879 0
280 0.315287 0.000491432 0.099395 0.00021718 0.0778063 0.000128175 -0.4
281 0.284511 0.000566356 0.080935 0.000225341 0.0717527 0.000123628 -0.2
282 0.284379 0.000568523 0.0808577 0.000227794 0.0717184 0.000122192 -0.2
283 0.2515 0.000651274 0.0632372 0.00023059 0.0664975 0.000114154 0
284 0.28443 0.000575531 0.0808809 0.000228494 0.0717893 0.000123195 -0.2
285 0.251492 0.000652736 0.0632324 0.000230358 0.0665806 0.000115289 0
286 0.251306 0.00065377 0.0631297 0.000231782 0.0664524 0.000113749 0
287 0.215258 0.000741503 0.0463118 0.000225349 0.061789 0.000105995 0.2
288 0.344797 0.000422379 0.11888 0.000208852 0.0850779 0.000150107 -0.6
289 0.315197 0.000490828 0.0993418 0.000221691 0.0777917 0.000129205 -0.4
290 0.315128 0.000490132 0.0993002 0.000222321 0.0777383 0.000132677 -0.4
291 0.284388 0.000566978 0.0808693 0.000231508 0.0717215 0.000123785 -0.2
292 0.315133 0.000497198 0.0993027 0.000223593 0.0777661 0.000134592 -0.4
293 0.284314 0.000571807 0.0808249 0.000231428 0.0716665 0.000125671 -0.2
294 0.284268 0.000574015 0.0807967 0.000234048 0.0717203 0.000126607 -0.2
295 0.251221 0.000656507 0.0631005 0.000236832 0.066343 0.000114815 0
296 0.315295 0.000488039 0.0993988 0.000216167 0.0776711 0.000126185 -0.4
297 0.284402 0.000565522 0.0808737 0.000226975 0.0716447 0.00011891 -0.2
298 0.284395 0.000569886 0.080868 0.000229828 0.0716481 0.000120851 -0.2
299 0.251289 0.000650248 0.0631306 0.000231006 0.0664647 0.000108894 0
300 0.284371 0.00057248 0.0808455 0.000228106 0.0716601 0.000122187 -0.2
301 0.251307 0.000654352 0.063134 0.000231401 0.0663514 0.000114324 0
302 0.251224 0.00065637 0.0630849 0.000233107 0.0664361 0.000120442 0
303 0.215111 0.00074313 0.0462455 0.000227233 0.0618226 0.000110221 0.2
304 0.315189 0.000486579 0.0993408 0.000219606 0.0777155 0.000125593 -0.4
305 0.284362 0.000565931 0.0808556 0.000229804 0.0716497 0.000118968 -0.2
306 0.284239 0.000564821 0.0807833 0.000230155 0.0717389 0.000121681 -0.2
307 0.251297 0.000646477 0.0631474 0.000234239 0.0666003 0.000115457 0
308 0.284293 0.000570538 0.0808179 0.000232373 0.0717643 0.000122841 -0.2
309 0.251301 0.000653209 0.0631518 0.000234686 0.0664083 0.000118686 0
310 0.251166 0.000651076 0.0630775 0.000235202 0.0663879 0.000112822 0
311 0.215092 0.000736889 0.0462522 0.000228246 0.0615799 0.000107048 0.2
312 0.284419 0.000561893 0.0808822 0.000226424 0.0715826 0.000118303 -0.2
313 0.251365 0.00064467 0.063179 0.000230699 0.0664288 0.000114593 0
314 0.251281 0.000645482 0.0631305 0.000231367 0.0664655 0.000113805 0
315 0.215161 0.000730804 0.0462812 0.000224393 0.0618336 0.000106374 0.2
316 0.251268 0.000652371 0.0631187 0.000232322 0.0663393 0.000115124 0
317 0.215081 0.000742323 0.0462463 0.000226838 0.0616277 0.000106976 0.2
318 0.215064 0.000739877 0.0462293 0.000227147 0.0618116 0.000102328 0.2
319 0.174139 0.000846791 0.0302988 0.000211229 0.0574321 9.88694e-05 0.4
320 0.344848 0.000425889 0.11891 0.00020228 0.0850461 0.000142033 -0.6
321 0.315316 0.000496623 0.0994164 0.000216966 0.0777046 0.000129595 -0.4
322 0.31525 0.000498355 0.0993668 0.000218299 0.0777727 0.000132927 -0.4
323 0.284521 0.000578089 0.080938 0.000229364 0.0715973 0.000118686 -0.2
324 0.315275 0.000503927 0.0993861 0.000220826 0.0777981 0.000129048 -0.4
325 0.284478 0.000577477 0.0809157 0.00022822 0.0716414 0.000118892 -0.2
326 0.284445 0.000582724 0.0808869 0.000230852 0.0717002 0.000118697 -0.2
327 0.251437 0.000666794 0.0632003 0.000234337 0.0663922 0.000117635 0
328 0.315334 0.000497018 0.099417 0.000211872 0.0777782 0.000131785 -0.4
329 0.284526 0.000570208 0.0809374 0.000220124 0.0716999 0.000123143 -0.2
330 0.284463 0.000579327 0.0808935 0.000225658 0.0716935 0.000122061 -0.2
331 0.25148 0.000661803 0.0632187 0.000229067 0.0664932 0.000113383 0
332 0.284435 0.000578952 0.0808771 0.000225533 0.0716574 0.000125588 -0.2
333 0.251477 0.00066061 0.0632123 0.000227758 0.0664923 0.000115589 0
334 0.251313 0.000666344 0.0631184 0.000230993 0.0665041 0.00011453 0
335 0.215317 0.000752928 0.0463228 0.000224893 0.0618055 0.000108212 0.2
336 0.315305 0.000498301 0.0994035 0.000217729 0.0777977 0.000125872 -0.4
337 0.284589 0.000573796 0.0809844 0.000228271 0.0717054 0.00012641 -0.2
338 0.284453 0.000575046 0.0808988 0.000229365 0.0715919 0.000122438 -0.2
339 0.251477 0.000655944 0.0632325 0.000232936 0.0664356 0.00011328 0
340 0.284492 0.000581848 0.0809217 0.000231134 0.0717215 0.000124273 -0.2
341 0.251448 0.000663073 0.0632163 0.000233089 0.0665269 0.000112226 0
342 0.25141 0.000661528 0.0631833 0.000233968 0.0665674 0.000110835 0
343 0.215235 0.000751733 0.04631 0.000228685 0.0618344 0.000107435 0.2
344 0.284587 0.000573352 0.0809711 0.00022438 0.0717966 0.000123805 -0.2
345 0.251474 0.000651058 0.0632268 0.000226594 0.0665097 0.000112353 0
346 0.251481 0.000656543 0.0632173 0.000229713 0.0664854 0.000114812 0
347 0.215376 0.000745695 0.0463684 0.000225709 0.0618064 0.000109409 0.2
348 0.251411 0.000662519 0.0631823 0.000230907 0.0665408 0.000119417 0
349 0.215239 0.00075408 0.0463097 0.000226462 0.0618056 0.000106901 0.2
350 0.215197 0.000750854 0.0462676 0.000226271 0.0617642 0.000109286 0.2
351 0.174354 0.00085753 0.0303781 0.000211903 0.0573727 0.000105859 0.4
352 0.315291 0.00048968 0.0993975 0.000216451 0.0778059 0.000126934 -0.4
353 0.284509 0.000567504 0.0809338 0.000226737 0.0717364 0.000123153 -0.2
354 0.284399 0.000572615 0.080868 0.000230138 0.0717712 0.000125062 -0.2
355 0.251435 0.000653066 0.0632067 0.000232956 0.0664935 0.000113837 0
356 0.284371 0.000578498 0.0808541 0.000231513 0.0716924 0.000124473 -0.2
357 0.251315 0.000658302 0.0631506 0.000234038 0.0664853 0.000115381 0
358 0.251275 0.000662441 0.063117 0.000235685 0.0665112 0.000114792 0
359 0.215114 0.00075254 0.0462534 0.000230493 0.0618258 0.000106419 0.2
360 0.284448 0.000566921 0.0808922 0.000222216 0.0717024 0.00011782 -0.2
361 0.251386 0.000649683 0.0631788 0.000226625 0.0664438 0.000112174 0
362 0.251389 0.000650656 0.0631711 0.000227222 0.0665968 0.000118161 0
363 0.21518 0.000742861 0.046278 0.000224107 0.0617064 0.000107545 0.2
364 0.251302 0.000656204 0.0631285 0.00022899 0.0664345 0.000118031 0
365 0.214979 0.000748076 0.0461928 0.000225167 0.061871 0.000112344 0.2
366 0.215096 0.000751608 0.0462277 0.000226817 0.0618186 0.000109617 0.2
367 0.174027 0.000862319 0.0302501 0.000212842 0.057501 0.000108066 0.4
368 0.284533 0.000567075 0.0809475 0.000227303 0.0717266 0.000124975 -0.2
369 0.251343 0.000649388 0.0631699 0.000231674 0.0664187 0.000115174 0
370 0.251385 0.000650187 0.0631774 0.000231816 0.0664739 0.000114539 0
371 0.215203 0.000738539 0.0463002 0.000227381 0.0616186 0.000108708 0.2
372 0.25132 0.000655115 0.0631558 0.000233513 0.0663724 0.000112814 0
373 0.215073 0.000750638 0.0462569 0.000230141 0.0617875 0.000111558 0.2
374 0.215086 0.000744883 0.0462455 0.000228869 0.0617517 0.000114185 0.2
375 0.17409 0.000850071 0.0302978 0.000213269 0.0573755 0.000104098 0.4
376 0.25141 0.000650866 0.0631904 0.000229125 0.0664354 0.000112341 0
377 0.215151 0.00073837 0.0462753 0.000223522 0.0617055 0.00010384 0.2
378 0.2152 0.000741159 0.0462876 0.000225259 0.0618166 0.000107037 0.2
379 0.174246 0.000846928 0.0303423 0.000210268 0.0573694 0.000104721 0.4
380 0.215057 0.000745031 0.0462326 0.000224686 0.0617249 0.000107685 0.2
381 0.173893 0.000854878 0.0302241 0.000211612 0.0574915 0.000102219 0.4
382 0.174012 0.000859096 0.0302476 0.000212981 0.0572942 0.000112102 0.4
383 0.124573 0.000993236 0.0155126 0.000181402 0.0531047 0.000104626 0.6
384 0.344569 0.000415896 0.118718 0.000199579 0.0849338 0.000135423 -0.6
385 0.3152 0.000488171 0.0993388 0.000216112 0.0776976 0.00012577 -0.4
386 0.314917 0.000487034 0.0991583 0.00021537 0.0777303 0.000126813 -0.4
387 0.284337 0.000566093 0.0808306 0.000227729 0.0716219 0.000117322 -0.2
388 0.315016 0.00049327 0.0992197 0.000215632 0.0776446 0.000131717 -0.4
389 0.2844 0.000570073 0.0808679 0.00022693 0.0715986 0.000119573 -0.2
390 0.284139 0.000567653 0.0807113 0.000226488 0.0716209 0.000118194 -0.2
391 0.251238 0.000655394 0.0630953 0.000232495 0.0663906 0.000109305 0
392 0.31514 0.000485946 0.0992961 0.000209928 0.0777249 0.000132205 -0.4
393 0.284401 0.0005647 0.0808641 0.000222524 0.0717703 0.000124903 -0.2
394 0.284228 0.000566824 0.08076 0.000222882 0.0717179 0.000122695 -0.2
395 0.251261 0.000649302 0.0631066 0.000227686 0.0662853 0.000113332 0
396 0.284314 0.000567713 0.0808055 0.000222063 0.071629 0.000119052 -0.2
397 0.251298 0.000651561 0.0631181 0.00022669 0.0663951 0.000107256 0
398 0.251142 0.00065116 0.0630323 0.000226386 0.0664584 0.000115239 0
399 0.215027 0.00074404 0.0461944 0.000224249 0.0617085 0.000106533 0.2
400 0.315065 0.000483042 0.0992494 0.000211397 0.0778052 0.000126851 -0.4
401 0.284368 0.000561029 0.0808516 0.000224233 0.0717804 0.000121485 -0.2
402 0.284085 0.000560746 0.0806819 0.000223433 0.071655 0.000124575 -0.2
403 0.251268 0.000643695 0.0631159 0.000229066 0.0665756 0.000113958 0
404 0.284213 0.00056614 0.0807564 0.000224161 0.0715797 0.00011736 -0.2
405 0.251356 0.000650673 0.0631593 0.000229023 0.0664168 0.000110045 0
406 0.251047 0.000644368 0.0629988 0.000228247 0.0663181 0.000112216 0
407 0.215073 0.000733323 0.0462294 0.000224138 0.0617508 0.000101474 0.2
408 0.284347 0.000557494 0.0808303 0.000219244 0.0716241 0.000121536 -0.2
409 0.251335 0.00064365 0.0631464 0.00022548 0.0664341 0.000117261 0
410 0.251204 0.000643505 0.0630743 0.000225666 0.0665106 0.000110909 0
411 0.215054 0.000731689 0.0462207 0.000221335 0.0617684 0.000109958 0.2
412 0.251249 0.000648941 0.063095 0.00022519 0.0664032 0.000113834 0
413 0.215032 0.00074378 0.0462029 0.000222089 0.0617295 0.000109621 0.2
414 0.214957 0.000737916 0.0461614 0.00022148 0.0618535 0.000101055 0.2
415 0.174062 0.000851489 0.0302468 0.000208873 0.0574828 0.000101493 0.4
416 0.315108 0.000480971 0.099281 0.000214175 0.0777081 0.00013051 -0.4
417 0.284361 0.000561613 0.0808518 0.00022865 0.0717166 0.00012295 -0.2
418 0.28415 0.000557033 0.0807272 0.00022564 0.0716484 0.000114966 -0.2
419 0.251181 0.000642228 0.0630776 0.000232765 0.0663068 0.000109399 0
420 0.284191 0.000562429 0.080748 0.000225658 0.0717723 0.000117105 -0.2
421 0.251252 0.00064979 0.0631113 0.000231979 0.066587 0.000114593 0
422 0.251024 0.00064421 0.0629898 0.000230851 0.0663555 0.000110422 0
423 0.214967 0.000735774 0.0461847 0.000226858 0.0617015 0.000107328 0.2
424 0.284264 0.000558166 0.0807862 0.000220824 0.0716526 0.000119801 -0.2
425 0.251287 0.000643176 0.0631247 0.00022752 0.0663976 0.000116423 0
426 0.251155 0.000644618 0.0630525 0.00022821 0.0663686 0.00010989 0
427 0.214997 0.000735428 0.0461959 0.000223385 0.0617308 0.000109858 0.2
428 0.251118 0.000647096 0.063027 0.000226599 0.0663518 0.00011667 0
429 0.215028 0.000740752 0.0462035 0.000223745 0.061675 0.000108659 0.2
430 0.214858 0.00074069 0.0461193 0.000224088 0.0617829 0.000104744 0.2
431 0.173907 0.000858463 0.0301973 0.000212112 0.057422 0.000104059 0.4
432 0.284261 0.000551487 0.08079 0.000222209 0.0717274 0.000120437 -0.2
433 0.251208 0.000637325 0.0630916 0.000228385 0.0663531 0.000112329 0
434 0.251109 0.000635728 0.0630352 0.000228036 0.0664845 0.000109956 0
435 0.214922 0.000728305 0.0461722 0.000225092 0.0617575 0.000106302 0.2
436 0.251149 0.00064759 0.0630556 0.000230227 0.0664153 0.000112602 0
437 0.214947 0.000736924 0.0461875 0.000225725 0.0617322 0.000104843 0.2
438 0.21495 0.000726844 0.0461801 0.000223323 0.0617868 0.000108473 0.2
439 0.173855 0.000838512 0.0301968 0.000209597 0.0573517 0.000104006 0.4
440 0.251208 0.000637343 0.0630826 0.000224968 0.0663554 0.000113066 0
441 0.215032 0.000729748 0.0462188 0.00022153 0.0617464 0.000112602 0.2
442 0.214951 0.000727279 0.0461717 0.000220667 0.0616818 0.000105166 0.2
443 0.173994 0.000844492 0.0302393 0.000209467 0.0574431 0.00010365 0.4
444 0.214911 0.000732309 0.0461575 0.000220706 0.0617736 0.000104536 0.2
445 0.173853 0.000843705 0.0301896 0.00020739 0.0573602 0.000104316 0.4
446 0.17391 0.000843521 0.0302 0.000208391 0.0574355 0.000101984 0.4
447 0.12447 0.000996817 0.0154629 0.000180173 0.0530034 9.54129e-05 0.6
448 0.315087 0.000485665 0.099263 0.000210055 0.0775176 0.00013121 -0.4
449 0.284448 0.000562832 0.0808954 0.000222509 0.0716428 0.000119107 -0.2
450 0.28422 0.000564379 0.080758 0.000221975 0.0716607 0.000120911 -0.2
451 0.251317 0.000650712 0.0631367 0.000228966 0.0664891 0.000114353 0
452 0.284246 0.000572458 0.080773 0.000224091 0.0716854 0.000120393 -0.2
453 0.251367 0.000653431 0.063166 0.000228094 0.0664155 0.000112566 0
454 0.251081 0.000655717 0.0630114 0.000229617 0.066499 0.000114497 0
455 0.215057 0.000749021 0.0462192 0.000226216 0.0617924 0.00011029 0.2
456 0.284292 0.000563734 0.0807946 0.000216953 0.0715541 0.000124722 -0.2
457 0.251358 0.000649508 0.0631518 0.000223721 0.0665516 0.000108868 0
458 0.251152 0.000649997 0.0630424 0.000223879 0.0664488 0.000110429 0
459 0.215112 0.0007484 0.0462377 0.000223623 0.0616952 0.00010525 0.2
460 0.251183 0.000656623 0.0630519 0.000224518 0.066425 0.000112796 0
461 0.215023 0.000748342 0.0461906 0.000221155 0.0618628 0.000117799 0.2
462 0.214876 0.000751036 0.0461152 0.000222679 0.0618034 0.000107906 0.2
463 0.174054 0.000863337 0.0302407 0.000211009 0.0572666 0.000107959 0.4
464 0.284354 0.000562319 0.0808345 0.000220282 0.0716526 0.000117237 -0.2
465 0.251317 0.000646599 0.0631452 0.000227388 0.0665513 0.000113647 0
466 0.251203 0.000644068 0.0630755 0.000225926 0.0664144 0.000115295 0
467 0.215069 0.000737936 0.0462289 0.000224215 0.061766 0.000111929 0.2
468 0.25126 0.000659022 0.0631075 0.000229885 0.0664104 0.00011581 0
469 0.215063 0.000746107 0.0462308 0.00022489 0.0618571 0.000109314 0.2
470 0.214906 0.000744623 0.0461459 0.000224732 0.0617305 0.000104909 0.2
471 0.174061 0.000851914 0.0302664 0.000211618 0.0574463 0.000103103 0.4
472 0.251256 0.000644195 0.063098 0.000221316 0.0665245 0.000112897 0
473 0.215175 0.000735508 0.0462707 0.000218562 0.0618383 0.000107814 0.2
474 0.214979 0.0007394 0.0461771 0.000221269 0.0618326 0.000107902 0.2
475 0.174248 0.000849443 0.0303245 0.000208532 0.0574425 0.00010647 0.4
476 0.214909 0.000745393 0.0461455 0.000221808 0.0617323 0.00010675 0.2
477 0.173989 0.000861331 0.0302386 0.000210433 0.0574453 0.000105459 0.4
478 0.173953 0.000858075 0.030203 0.000209498 0.0573479 0.000105039 0.4
479 0.124665 0.00100778 0.0155126 0.000183146 0.0531003 0.000100524 0.6
480 0.284371 0.000556809 0.0808494 0.000221067 0.0715699 0.000119777 -0.2
481 0.251278 0.000642632 0.0631278 0.000227671 0.0664628 0.000115675 0
482 0.251201 0.000644514 0.063077 0.000227016 0.0664561 0.000106108 0
483 0.214966 0.000737394 0.0461865 0.000225105 0.0618751 0.000109678 0.2
484 0.251192 0.000651311 0.0630781 0.000229528 0.0664005 0.000110724 0
485 0.214881 0.000740071 0.046152 0.000225113 0.0617377 0.000117004 0.2
486 0.214815 0.000740681 0.0461154 0.000224998 0.0616522 0.000107269 0.2
487 0.173731 0.00085502 0.0301494 0.000212228 0.0574554 0.00010162 0.4
488 0.251217 0.000644237 0.0630822 0.000222476 0.0664694 0.000117236 0
489 0.214994 0.000734927 0.0461906 0.000219802 0.0617478 0.000110076 0.2
490 0.214891 0.000740471 0.0461391 0.000221096 0.06166 0.000105851 0.2
491 0.173988 0.000854038 0.0302339 0.000210191 0.0574963 0.000103518 0.4
492 0.21474 0.00074274 0.0460722 0.000220902 0.06175 0.000111951 0.2
493 0.173784 0.000860654 0.0301565 0.000209631 0.0573798 0.000100943 0.4
494 0.173679 0.000860214 0.0301103 0.000209735 0.0574678 0.000107266 0.4
495 0.124424 0.00100813 0.0154467 0.000182097 0.0531769 0.000101661 0.6
496 0.251257 0.000638412 0.0631057 0.00022432 0.0664956 0.000111466 0
497 0.21504 0.000732407 0.0462277 0.000223717 0.0618588 0.000105474 0.2
498 0.214891 0.000731463 0.0461478 0.000221855 0.0617187 0.000111924 0.2
499 0.173957 0.000841128 0.0302332 0.000209838 0.0574883 0.000105607 0.4
500 0.214894 0.000744652 0.0461628 0.000226408 0.0617697 0.000101854 0.2
501 0.173765 0.000846673 0.0301794 0.000210134 0.0573582 0.000107612 0.4
502 0.173786 0.000844352 0.0301642 0.000209637 0.0573667 0.000105342 0.4
503 0.124091 0.000984094 0.0153871 0.00017921 0.0530654 0.000104585 0.6
504 0.215011 0.00073524 0.0461969 0.000220477 0.0617826 0.000109888 0.2
505 0.173798 0.000849739 0.030179 0.000208852 0.0573527 0.000107152 0.4
506 0.173978 0.000845195 0.0302261 0.000207816 0.0575075 0.000102396 0.4
507 0.12434 0.000997953 0.0154391 0.000179828 0.0530049 0.000102498 0.6
508 0.173735 0.000853836 0.0301448 0.00020886 0.0573869 0.000102975 0.4
509 0.124094 0.000999617 0.0153869 0.000178272 0.0529525 0.000105878 0.6
510 0.124299 0.000999299 0.015422 0.000178869 0.0530469 0.000101184 0.6
511 0.0656267 0.000899823 0.00435886 9.31156e-05 0.0481374 0.000106506 0.8
512 0.375328 0.000383492 0.140862 0.000204244 0.0954946 0.000176898 -0.8
513 0.344579 0.000425852 0.11872 0.000206075 0.085029 0.000142792 -0.6
514 0.344474 0.000429321 0.118648 0.000210558 0.085016 0.000141011 -0.6
515 0.315092 0.000498737 0.099266 0.000222246 0.0777964 0.000127256 -0.4
516 0.344607 0.00043303 0.11874 0.000209773 0.0850108 0.000145068 -0.6
517 0.315123 0.000496183 0.0992847 0.000218579 0.0776009 0.000134637 -0.4
518 0.315015 0.00050348 0.099214 0.000224789 0.0776723 0.000131345 -0.4
519 0.284307 0.000575542 0.0808081 0.000231949 0.0715678 0.000118646 -0.2
520 0.344694 0.000434407 0.118794 0.000207196 0.0851187 0.000139818 -0.6
521 0.315206 0.000496298 0.0993316 0.000216668 0.0777153 0.000131953 -0.4
522 0.315123 0.000500879 0.0992807 0.000221437 0.0775928 0.000126686 -0.4
523 0.284402 0.00057901 0.0808589 0.000230595 0.0715849 0.000125903 -0.2
524 0.315146 0.000502094 0.0992894 0.000219072 0.0776463 0.000129612 -0.4
525 0.284393 0.00057216 0.0808467 0.00022526 0.071626 0.000123043 -0.2
526 0.28429 0.000578508 0.0807827 0.00023058 0.0716793 0.000124741 -0.2
527 0.251361 0.000662842 0.0631477 0.000234 0.066316 0.000115778 0
528 0.344541 0.000431151 0.118693 0.000210895 0.085081 0.000145876 -0.6
529 0.315037 0.0004951 0.0992338 0.000220271 0.0776566 0.000135349 -0.4
530 0.314987 0.000499277 0.0991994 0.000224925 0.0777976 0.000127444 -0.4
531 0.284245 0.000573425 0.0807774 0.000231767 0.0715317 0.000121161 -0.2
532 0.315039 0.000503212 0.0992313 0.000223905 0.0776915 0.000125144 -0.4
533 0.284269 0.000574018 0.0807918 0.000230161 0.0716962 0.000124774 -0.2
534 0.284222 0.00057644 0.0807598 0.000233826 0.0716922 0.000119787 -0.2
535 0.251156 0.000658129 0.0630564 0.000235058 0.0665128 0.000112223 0
536 0.315174 0.000497898 0.0993135 0.000220415 0.0776122 0.000132154 -0.4
537 0.28432 0.000568945 0.0808154 0.000226736 0.0716632 0.000120539 -0.2
538 0.284332 0.000575755 0.0808193 0.000232158 0.0716584 0.000123862 -0.2
539 0.251283 0.000656997 0.0631167 0.00023439 0.0663568 0.000115717 0
540 0.284286 0.000575177 0.0807874 0.000228492 0.0717052 0.000119154 -0.2
541 0.251323 0.000658023 0.0631299 0.000231196 0.0664867 0.000115746 0
542 0.251182 0.000659443 0.063056 0.000234808 0.0665633 0.000116601 0
543 0.215155 0.000750587 0.0462572 0.000229476 0.0616573 0.00010672 0.2
544 0.344671 0.000420054 0.118785 0.000207302 0.0849847 0.000138141 -0.6
545 0.315107 0.000486574 0.0992742 0.00021855 0.0777586 0.000127703 -0.4
546 0.31505 0.000492558 0.0992426 0.000223547 0.0777212 0.000127521 -0.4
547 0.284252 0.000564037 0.0807809 0.000229692 0.0715392 0.00012131 -0.2
548 0.315074 0.0004925 0.0992539 0.000221636 0.0776571 0.000122858 -0.4
549 0.2842 0.00056697 0.0807511 0.000229981 0.0716111 0.000116908 -0.2
550 0.284182 0.000570746 0.0807386 0.00023367 0.0716405 0.000120178 -0.2
551 0.251109 0.000651765 0.0630326 0.000234602 0.0665053 0.0001103 0
552 0.315201 0.000491852 0.0993305 0.000218702 0.0778998 0.0001304 -0.4
553 0.284279 0.000564748 0.0807926 0.000227831 0.0717846 0.000119809 -0.2
554 0.28435 0.000568864 0.0808298 0.000230417 0.0717148 0.000121885 -0.2
555 0.251235 0.000654833 0.0630914 0.000234892 0.0664512 0.000115297 0
556 0.284279 0.000572235 0.0807853 0.000229134 0.0716804 0.000123621 -0.2
557 0.25117 0.000649847 0.0630522 0.000230415 0.0664601 0.000115207 0
558 0.251163 0.000654008 0.0630469 0.000233501 0.0664504 0.000118335 0
559 0.215 0.000749572 0.0461846 0.000229417 0.0617727 0.000110695 0.2
560 0.315083 0.000487593 0.0992599 0.000220418 0.0777919 0.00012929 -0.4
561 0.284232 0.000563479 0.080769 0.000228804 0.0715114 0.000118033 -0.2
562 0.28416 0.000566254 0.0807296 0.000231837 0.0716414 0.000114808 -0.2
563 0.251163 0.000645984 0.0630626 0.000233429 0.0663674 0.000114965 0
564 0.284158 0.0005704 0.0807294 0.000232643 0.0717214 0.000126693 -0.2
565 0.251115 0.000653547 0.0630413 0.000234505 0.0664551 0.000112574 0
566 0.251064 0.000652348 0.0630126 0.000236274 0.0665429 0.000116849 0
567 0.214952 0.000739596 0.0461831 0.000229139 0.0617855 0.000109022 0.2
568 0.28428 0.000566036 0.0807925 0.000228341 0.0717253 0.000120884 -0.2
569 0.251212 0.000647909 0.0630859 0.000231617 0.0664515 0.000113296 0
570 0.251169 0.000651889 0.0630599 0.000235249 0.0664701 0.000116 0
571 0.214976 0.000743329 0.0461897 0.000229481 0.0616889 0.000106976 0.2
572 0.251174 0.000657941 0.0630589 0.000233932 0.0663474 0.000113767 0
573 0.214903 0.000748619 0.0461524 0.000228282 0.061822 0.000108213 0.2
574 0.214995 0.000741988 0.0461846 0.00022792 0.0618023 0.000104721 0.2
575 0.174006 0.000863701 0.0302374 0.000216051 0.0573324 0.000101124 0.4
576 0.344762 0.000436466 0.118841 0.000207805 0.0851563 0.000145561 -0.6
577 0.315154 0.000498139 0.0993031 0.000216943 0.0777479 0.000136068 -0.4
578 0.315146 0.000504208 0.0992924 0.000221202 0.0776945 0.00012834 -0.4
579 0.284393 0.000579029 0.0808542 0.000229237 0.0715899 0.000120715 -0.2
580 0.315184 0.000505035 0.0993171 0.000220856 0.0777026 0.000133961 -0.4
581 0.284386 0.000579746 0.080852 0.000227867 0.0715538 0.000119873 -0.2
582 0.284327 0.000585829 0.080811 0.000233279 0.0715864 0.00012301 -0.2
583 0.251317 0.00066509 0.0631319 0.00023416 0.066473 0.000114585 0
584 0.315249 0.000506928 0.0993555 0.000217925 0.0777177 0.000134387 -0.4
585 0.284421 0.000578437 0.0808662 0.000225622 0.0716078 0.000121471 -0.2
586 0.284392 0.00058596 0.0808431 0.000229982 0.0717528 0.000126135 -0.2
587 0.251383 0.000668139 0.0631572 0.000233367 0.0664041 0.000114607 0
588 0.284388 0.000583635 0.0808362 0.000227526 0.0715743 0.000123122 -0.2
589 0.25135 0.000665937 0.063142 0.000230881 0.0664301 0.000109161 0
590 0.251253 0.000672532 0.0630781 0.000233893 0.0663321 0.000116643 0
591 0.215173 0.000761507 0.046251 0.000228751 0.0617258 0.000104827 0.2
592 0.315181 0.000502854 0.099317 0.000220963 0.07772 0.000129076 -0.4
593 0.284421 0.000575215 0.0808734 0.000228182 0.0715468 0.000119187 -0.2
594 0.284331 0.000579846 0.0808174 0.000231862 0.0716976 0.00011953 -0.2
595 0.251358 0.000664074 0.0631552 0.00023589 0.0664094 0.00011535 0
596 0.284332 0.000584213 0.0808205 0.000232178 0.0717437 0.000125371 -0.2
597 0.251373 0.000663975 0.0631727 0.000234125 0.0663246 0.000115236 0
598 0.251221 0.000666642 0.0630773 0.000236256 0.06648 0.000115931 0
599 0.215077 0.0007581 0.0462322 0.000232073 0.0618731 0.000109057 0.2
600 0.284424 0.000582045 0.0808653 0.000228936 0.071739 0.000122273 -0.2
601 0.251376 0.000660758 0.0631641 0.000230991 0.0664212 0.000113935 0
602 0.251346 0.000666864 0.0631428 0.000235251 0.0664592 0.000116608 0
603 0.215192 0.000754678 0.0462716 0.000228097 0.0619084 0.000109721 0.2
604 0.251368 0.000666233 0.0631488 0.000231904 0.0665534 0.000114424 0
605 0.21505 0.000758651 0.0462123 0.000227931 0.0617655 0.000108809 0.2
606 0.215135 0.000761355 0.0462381 0.000230252 0.0617411 0.000107053 0.2
607 0.174146 0.000873636 0.0302815 0.000216601 0.0574314 0.000103677 0.4
608 0.315256 0.000493678 0.0993645 0.000218354 0.0776942 0.000126559 -0.4
609 0.284409 0.000563412 0.0808655 0.000224767 0.0716846 0.000117361 -0.2
610 0.284322 0.000573014 0.0808147 0.000230189 0.0716862 0.00012024 -0.2
611 0.251348 0.000648642 0.0631504 0.000230619 0.0665013 0.000110564 0
612 0.284258 0.000574332 0.0807776 0.000229233 0.0716768 0.000120683 -0.2
613 0.251277 0.000654513 0.0631154 0.000231622 0.0663539 0.00011251 0
614 0.251135 0.000660486 0.0630347 0.000234198 0.0664553 0.000113496 0
615 0.214987 0.000749229 0.0461911 0.000229655 0.0617471 0.000111984 0.2
616 0.284395 0.000571442 0.0808497 0.000225878 0.0717318 0.00012215 -0.2
617 0.251249 0.000652246 0.0630915 0.000228236 0.0664885 0.000115136 0
618 0.251336 0.00065945 0.0631275 0.000232339 0.0663621 0.000113555 0
619 0.215057 0.000751421 0.046209 0.00022783 0.0617379 0.000108998 0.2
620 0.251217 0.000661285 0.06307 0.000231399 0.0664468 0.000118027 0
621 0.214858 0.000752173 0.0461213 0.000226987 0.0617771 0.000111427 0.2
622 0.21502 0.000759306 0.0461852 0.000230032 0.0618748 0.00011268 0.2
623 0.173902 0.000874721 0.0301866 0.000216551 0.0575549 0.000108477 0.4
624 0.284414 0.000571412 0.0808691 0.000229511 0.0718141 0.000127045 -0.2
625 0.251256 0.000652501 0.0631079 0.00023207 0.066354 0.0001115 0
626 0.251261 0.000654307 0.0631058 0.000234345 0.0664721 0.000109921 0
627 0.215052 0.000743575 0.0462226 0.000229009 0.061809 0.000105499 0.2
628 0.25121 0.000659195 0.0630816 0.000234584 0.0665243 0.000118611 0
629 0.214943 0.000750647 0.0461836 0.000230131 0.0617363 0.000105069 0.2
630 0.214914 0.000749598 0.0461571 0.000230622 0.0618379 0.000113816 0.2
631 0.173902 0.000865496 0.0302096 0.000217441 0.0574133 0.000106407 0.4
632 0.251319 0.000654017 0.0631295 0.000231097 0.0664267 0.000112407 0
633 0.215073 0.000744395 0.0462252 0.000226148 0.0618294 0.000107643 0.2
634 0.215051 0.000750629 0.0462066 0.000229501 0.0618036 0.000112861 0.2
635 0.174096 0.000856673 0.0302706 0.000213118 0.0573559 0.00010535 0.4
636 0.214927 0.00075973 0.0461559 0.00022975 0.0616731 0.000106446 0.2
637 0.173882 0.000871113 0.0302006 0.000215654 0.0574288 0.000104456 0.4
638 0.173885 0.000868424 0.0301869 0.000215038 0.0573987 0.00010256 0.4
639 0.124589 0.00100704 0.0154956 0.000182773 0.0529432 0.000103461 0.6
640 0.344579 0.000426193 0.118717 0.000203262 0.0851346 0.000141801 -0.6
641 0.315108 0.000493261 0.0992724 0.000216758 0.0776628 0.000133253 -0.4
642 0.314899 0.000490447 0.0991392 0.000216321 0.077709 0.000128507 -0.4
643 0.284224 0.000568851 0.0807603 0.000228277 0.0715438 0.00011607 -0.2
644 0.315048 0.00049498 0.0992313 0.000215996 0.0776671 0.000126668 -0.4
645 0.284288 0.000572591 0.0807932 0.000226714 0.071664 0.000123278 -0.2
646 0.284126 0.000570763 0.0806965 0.000226941 0.0717023 0.000123519 -0.2
647 0.251137 0.000655266 0.0630376 0.000232526 0.0664326 0.000117354 0
648 0.315119 0.000494978 0.0992738 0.00021357 0.0775953 0.000127184 -0.4
649 0.284341 0.000568951 0.0808202 0.00022389 0.0716725 0.000118466 -0.2
650 0.284191 0.000573227 0.0807336 0.00022603 0.0715439 0.000119774 -0.2
651 0.251215 0.000656648 0.0630733 0.000231338 0.066393 0.000111614 0
652 0.28427 0.000572923 0.0807703 0.000222761 0.0715513 0.000123606 -0.2
653 0.251245 0.000655299 0.0630821 0.000227702 0.0664037 0.000114616 0
654 0.251082 0.000656287 0.062996 0.000229582 0.0664143 0.000110895 0
655 0.21502 0.00075414 0.0461827 0.000228194 0.0618374 0.000111266 0.2
656 0.314995 0.000488139 0.0991977 0.000212837 0.0776417 0.000124661 -0.4
657 0.284234 0.000565027 0.0807625 0.000223636 0.0716925 0.000120855 -0.2
658 0.284039 0.000562231 0.0806482 0.000223819 0.0715941 0.000114329 -0.2
659 0.251135 0.000650472 0.0630386 0.000230885 0.0664228 0.000113588 0
660 0.284153 0.000571482 0.0807111 0.000224686 0.0716417 0.000115992 -0.2
661 0.251216 0.00065353 0.0630814 0.000229617 0.0663424 0.000118414 0
662 0.250967 0.00064719 0.0629478 0.000228399 0.0664055 0.000108749 0
663 0.214955 0.000745728 0.0461655 0.000227388 0.0617988 0.000106374 0.2
664 0.284222 0.000567398 0.0807499 0.000222074 0.0717126 0.000120842 -0.2
665 0.251266 0.00065032 0.063103 0.000228195 0.0663883 0.000115396 0
666 0.251028 0.000651091 0.0629773 0.000229053 0.0662693 0.000113542 0
667 0.215042 0.000746528 0.0462087 0.000227417 0.0616577 0.000112819 0.2
668 0.251154 0.000655143 0.0630328 0.00022559 0.0664086 0.00010911 0
669 0.214981 0.000749432 0.0461728 0.00022442 0.061705 0.000102885 0.2
670 0.214853 0.000747092 0.0461048 0.000224413 0.061655 0.000111257 0.2
671 0.17406 0.000869632 0.0302372 0.000215999 0.0574757 0.000105625 0.4
672 0.315093 0.000481561 0.0992661 0.000213813 0.077654 0.000129126 -0.4
673 0.284216 0.000561008 0.0807578 0.000226414 0.0717284 0.000119915 -0.2
674 0.284158 0.000561708 0.080721 0.000227225 0.0717378 0.000124817 -0.2
675 0.251092 0.00064476 0.0630209 0.000231121 0.0663946 0.000112468 0
676 0.284199 0.000562757 0.0807456 0.000225582 0.0715608 0.000118235 -0.2
677 0.251143 0.000649889 0.0630471 0.000230743 0.0664782 0.000115606 0
678 0.250971 0.00064468 0.0629561 0.000230457 0.0663792 0.000112866 0
679 0.214866 0.000735758 0.0461308 0.000227241 0.0617311 0.000107407 0.2
680 0.284232 0.000562523 0.0807611 0.000222526 0.0716733 0.000115757 -0.2
681 0.251264 0.000646759 0.0631028 0.00022893 0.0665247 0.000114545 0
682 0.251045 0.00064817 0.0629881 0.000229278 0.066414 0.000113902 0
683 0.215021 0.000742771 0.0462013 0.000227641 0.061897 0.000108015 0.2
684 0.251071 0.000650473 0.0629953 0.000226796 0.0664785 0.00011335 0
685 0.214915 0.000743387 0.0461373 0.000224462 0.0618368 0.000108488 0.2
686 0.214851 0.00074429 0.0461079 0.000225822 0.0616307 0.000105592 0.2
687 0.173874 0.000873302 0.030175 0.00021653 0.0573022 0.000106999 0.4
688 0.284183 0.000557487 0.0807338 0.000223507 0.0715836 0.000112444 -0.2
689 0.251137 0.000640598 0.0630412 0.000228146 0.066445 0.000116094 0
690 0.251024 0.000639858 0.0629797 0.000228218 0.0664448 0.000111627 0
691 0.214802 0.000734333 0.0461072 0.00022681 0.0617228 0.000108558 0.2
692 0.251095 0.000645669 0.0630218 0.000228667 0.0664558 0.000115169 0
693 0.21484 0.000740142 0.0461298 0.00022602 0.0618046 0.00011292 0.2
694 0.214787 0.000733364 0.0460958 0.000225552 0.0617587 0.000104952 0.2
695 0.17381 0.000844302 0.030167 0.000212058 0.0573932 0.000102983 0.4
696 0.251151 0.000640518 0.0630396 0.000224873 0.06636 0.000117066 0
697 0.21491 0.00074023 0.0461487 0.000224953 0.0618228 0.000105674 0.2
698 0.214896 0.000742212 0.0461363 0.000226043 0.0616838 0.000110281 0.2
699 0.174012 0.000859603 0.0302381 0.00021521 0.0573256 0.000103137 0.4
700 0.214847 0.000740143 0.0461133 0.000222741 0.061852 0.000104302 0.2
701 0.173852 0.00086489 0.0301712 0.000212302 0.0574668 0.000102988 0.4
702 0.173814 0.000857999 0.0301515 0.00021236 0.0573899 0.000106674 0.4
703 0.124626 0.0010051 0.0154883 0.000182128 0.0531011 0.000104067 0.6
704 0.31506 0.00049578 0.099236 0.000213481 0.0777623 0.000130829 -0.4
705 0.284378 0.000567745 0.0808458 0.000223367 0.071691 0.000119414 -0.2
706 0.284148 0.000573458 0.0807063 0.000224867 0.0716366 0.000124818 -0.2
707 0.251279 0.000654477 0.0631077 0.000229625 0.0664796 0.000106245 0
708 0.28419 0.000578406 0.080733 0.000225911 0.0715101 0.000123853 -0.2
709 0.25126 0.000658646 0.0631023 0.000229959 0.0665429 0.000109475 0
710 0.251077 0.000661223 0.0629966 0.00023127 0.0663786 0.000111717 0
711 0.214935 0.000753518 0.0461575 0.000229041 0.0618068 0.000109074 0.2
712 0.284302 0.000575446 0.0807902 0.000221962 0.0716815 0.0001114 -0.2
713 0.251238 0.000657585 0.0630832 0.000226714 0.0663184 0.000112358 0
714 0.251169 0.000664207 0.0630387 0.000229371 0.0664242 0.000114835 0
715 0.215025 0.000757878 0.0461908 0.000227513 0.0617078 0.000111394 0.2
716 0.251152 0.000665915 0.0630295 0.000228418 0.0664656 0.000113976 0
717 0.214957 0.000756133 0.0461576 0.000224387 0.0616599 0.000112952 0.2
718 0.214896 0.000758393 0.046119 0.000225987 0.0616202 0.000110974 0.2
719 0.173999 0.000883509 0.0302193 0.000218396 0.0573329 0.000104958 0.4
720 0.284281 0.000569841 0.0807825 0.000223125 0.071547 0.000115716 -0.2
721 0.251244 0.00065227 0.0630973 0.000228461 0.0664243 0.000113609 0
722 0.251112 0.000650298 0.0630173 0.000226962 0.0664671 0.000113849 0
723 0.214954 0.000745493 0.0461704 0.000226863 0.0617282 0.000109102 0.2
724 0.251163 0.000660387 0.0630471 0.000229756 0.0665172 0.000113715 0
725 0.214968 0.000751181 0.0461809 0.000227071 0.0617424 0.000108065 0.2
726 0.214865 0.000749547 0.0461163 0.000226019 0.0616807 0.000111315 0.2
727 0.173877 0.000862671 0.030195 0.000215935 0.0574516 0.00010553 0.4
728 0.251188 0.000657274 0.0630496 0.000226077 0.066391 0.00011012 0
729 0.215034 0.000747948 0.0462027 0.00022358 0.0617815 0.000109612 0.2
730 0.214915 0.000751899 0.0461365 0.000225795 0.0618052 0.000109134 0.2
731 0.174143 0.000866035 0.0302829 0.000215339 0.0573388 0.000102464 0.4
732 0.214868 0.000756515 0.0461161 0.000224304 0.0617363 0.000107794 0.2
733 0.173942 0.000874777 0.0302169 0.000214513 0.0574329 0.000104437 0.4
734 0.17382 0.000874484 0.0301454 0.000213763 0.057379 0.000106912 0.4
735 0.124776 0.00102806 0.0155518 0.000187664 0.0530804 0.000106117 0.6
736 0.284261 0.000563136 0.0807771 0.000223104 0.0715609 0.000119108 -0.2
737 0.251256 0.000647522 0.0630999 0.00022823 0.0664794 0.000115519 0
738 0.251113 0.000648422 0.06302 0.000228695 0.066423 0.00011904 0
739 0.214921 0.000738293 0.0461533 0.000225522 0.0617586 0.000110917 0.2
740 0.251126 0.000651668 0.0630376 0.000229469 0.0664782 0.000113688 0
741 0.214865 0.000742186 0.0461364 0.000224874 0.0617787 0.000109998 0.2
742 0.214814 0.000743716 0.0460984 0.00022544 0.0617903 0.000105407 0.2
743 0.173585 0.000862924 0.030086 0.000215385 0.0573017 0.000103366 0.4
744 0.251216 0.000650984 0.0630692 0.000225353 0.0664807 0.000112389 0
745 0.214917 0.00074165 0.0461437 0.000222107 0.061763 0.000109433 0.2
746 0.214922 0.000746537 0.0461424 0.000223793 0.0616993 0.000109334 0.2
747 0.173948 0.000866838 0.0302014 0.000214118 0.05733 0.000107145 0.4
748 0.21476 0.000752741 0.04607 0.000223512 0.061789 0.000106856 0.2
749 0.173778 0.000868729 0.0301427 0.0002122 0.0573834 9.97336e-05 0.4
750 0.173608 0.000875774 0.0300683 0.000214664 0.0574295 0.000102333 0.4
751 0.124465 0.00102378 0.0154584 0.000186791 0.0530741 0.000109914 0.6
752 0.251137 0.000645768 0.0630322 0.000226659 0.0663935 0.000110904 0
753 0.214993 0.000736359 0.0461941 0.000224521 0.0617141 0.000109513 0.2
754 0.214839 0.000740646 0.0461118 0.000225131 0.0617726 0.000107912 0.2
755 0.17381 0.000850621 0.030171 0.000212848 0.0574035 0.000102376 0.4
756 0.214865 0.00074547 0.0461318 0.000225523 0.0616381 0.000103278 0.2
757 0.173714 0.0008589 0.030147 0.000212516 0.0573942 0.000107495 0.4
758 0.173646 0.00085327 0.0301023 0.000212313 0.0574043 0.000106501 0.4
759 0.12405 0.000999881 0.0153761 0.000182642 0.0530271 9.89903e-05 0.6
760 0.215003 0.000745647 0.0461803 0.000223093 0.061874 0.000113477 0.2
761 0.173818 0.000859736 0.0301682 0.000211766 0.0574721 0.000106001 0.4
762 0.173975 0.000858935 0.0302077 0.000211188 0.0573982 0.00010245 0.4
763 0.124377 0.00101399 0.0154404 0.000183869 0.0529907 9.88847e-05 0.6
764 0.173616 0.000867372 0.0300864 0.00021083 0.0574412 0.000108497 0.4
765 0.124204 0.00100902 0.0154095 0.000180261 0.0529499 0.00010129 0.6
766 0.124244 0.00101515 0.0153978 0.000181676 0.0530612 0.000106979 0.6
767 0.0660781 0.000935432 0.00442464 9.4653e-05 0.0481067 0.000108225 0.8
768 0.344663 0.000427822 0.118778 0.000207409 0.0851106 0.000138284 -0.6
769 0.315146 0.000497364 0.0993019 0.000219155 0.0776963 0.000127537 -0.4
770 0.315055 0.00049847 0.0992375 0.000221296 0.0778019 0.000131772 -0.4
771 0.28436 0.000579349 0.0808396 0.000232374 0.0718563 0.000121166 -0.2
772 0.315147 0.000501955 0.0992973 0.000220815 0.0777065 0.000132642 -0.4
773 0.284437 0.000581995 0.0808823 0.00023171 0.0717328 0.000122561 -0.2
774 0.284277 0.000581316 0.0807835 0.000234003 0.0715071 0.000120069 -0.2
775 0.251344 0.000664171 0.0631411 0.0002354 0.0664678 0.000115877 0
776 0.315192 0.000496988 0.0993201 0.000216293 0.0777577 0.000132027 -0.4
777 0.284508 0.000573132 0.080918 0.00022572 0.0717616 0.000114191 -0.2
778 0.284362 0.000576001 0.0808291 0.000228073 0.0716461 0.00012419 -0.2
779 0.251362 0.000660461 0.063149 0.000232682 0.0665422 0.00011607 0
780 0.284439 0.000579665 0.0808694 0.000227696 0.0716538 0.000121773 -0.2
781 0.251383 0.000663762 0.0631551 0.000232024 0.066445 0.000116395 0
782 0.25133 0.000665858 0.0631188 0.000234578 0.0663951 0.000120592 0
783 0.215177 0.000759155 0.0462495 0.000229937 0.0618137 0.000111589 0.2
784 0.315133 0.000498877 0.0992913 0.000222126 0.0777491 0.000130299 -0.4
785 0.284309 0.000572827 0.080817 0.000230329 0.0716453 0.000124492 -0.2
786 0.284263 0.000576653 0.0807849 0.000233074 0.0715984 0.000120081 -0.2
787 0.251188 0.00065761 0.0630732 0.000234723 0.0664035 0.00011169 0
788 0.284332 0.00058251 0.0808225 0.000233881 0.0716777 0.000121202 -0.2
789 0.251309 0.000667529 0.0631357 0.000236917 0.0664678 0.00011085 0
790 0.251214 0.000662123 0.0630783 0.000236565 0.0665432 0.000113371 0
791 0.215058 0.000755855 0.0462197 0.000232028 0.0617499 0.000111501 0.2
792 0.284436 0.000571539 0.0808769 0.000227409 0.0716757 0.000116055 -0.2
793 0.251363 0.000656584 0.0631545 0.00023167 0.0665626 0.000114551 0
794 0.251304 0.000656326 0.0631177 0.000233403 0.0663594 0.000111331 0
795 0.215152 0.000748141 0.0462592 0.000228838 0.0617418 0.000107742 0.2
796 0.251346 0.000662784 0.0631364 0.000232799 0.0662496 0.000116512 0
797 0.215166 0.000753375 0.0462631 0.000227857 0.0617797 0.000109301 0.2
798 0.215124 0.000755653 0.0462299 0.000230238 0.0618073 0.000108236 0.2
799 0.174306 0.000872676 0.0303326 0.00021743 0.0574193 0.000106706 0.4
800 0.315153 0.000485663 0.0993022 0.000217561 0.0777805 0.000132123 -0.4
801 0.284354 0.00056367 0.0808393 0.000227891 0.0716035 0.000119371 -0.2
802 0.284254 0.000565912 0.0807781 0.000230395 0.0717019 0.000124451 -0.2
803 0.25128 0.000647671 0.0631173 0.000232801 0.066409 0.0001106 0
804 0.284291 0.000571108 0.0807947 0.000230727 0.0717623 0.00012541 -0.2
805 0.251279 0.000653781 0.0631178 0.000233414 0.0665168 0.000117567 0
806 0.251135 0.000653484 0.0630392 0.000234598 0.0664546 0.000108181 0
807 0.21501 0.000746678 0.0461962 0.000229934 0.0618232 0.000109966 0.2
808 0.284402 0.000562545 0.0808541 0.000224207 0.0716697 0.00011711 -0.2
809 0.251301 0.000647719 0.0631233 0.000228713 0.0663968 0.00011703 0
810 0.251278 0.000649645 0.0631071 0.000230873 0.066458 0.000115216 0
811 0.215043 0.000743322 0.0462049 0.000227025 0.0617256 0.000108466 0.2
812 0.251307 0.000654712 0.0631125 0.000231099 0.0664728 0.000117889 0
813 0.214993 0.000749639 0.0461794 0.000227659 0.0617849 0.000107352 0.2
814 0.215103 0.000746659 0.0462175 0.00022758 0.0617683 0.000110307 0.2
815 0.174092 0.000866286 0.0302524 0.000215908 0.0573562 0.000103549 0.4
816 0.284287 0.000562216 0.0807979 0.000228683 0.0716227 0.000119843 -0.2
817 0.251198 0.000644448 0.0630811 0.00023094 0.0664312 0.000109122 0
818 0.251105 0.000647562 0.0630285 0.000234136 0.0664452 0.000109616 0
819 0.215055 0.000738325 0.0462271 0.000228934 0.0617575 0.000114739 0.2
820 0.251142 0.000653856 0.0630524 0.000235305 0.0664337 0.000118061 0
821 0.215024 0.000747325 0.0462177 0.000230013 0.0618011 0.000107899 0.2
822 0.21489 0.000743132 0.0461455 0.000229899 0.0618365 0.000108555 0.2
823 0.174092 0.000851769 0.0302773 0.000214421 0.0573887 0.000101717 0.4
824 0.25128 0.000645561 0.0631115 0.000229521 0.0665184 0.000113756 0
825 0.215047 0.00073858 0.0462182 0.000226215 0.061789 0.000108615 0.2
826 0.215097 0.000744347 0.0462278 0.000228943 0.0616593 0.000112938 0.2
827 0.174156 0.000859446 0.0302893 0.000215236 0.057372 0.00010049 0.4
828 0.215046 0.000749069 0.0462084 0.000229323 0.0617918 0.000105425 0.2
829 0.173906 0.000867336 0.0302028 0.000215162 0.057485 0.00010385 0.4
830 0.174182 0.000865904 0.0302822 0.000215841 0.0574512 9.67732e-05 0.4
831 0.124771 0.00100148 0.0155341 0.00018244 0.0531278 9.82778e-05 0.6
832 0.315305 0.000498048 0.099392 0.000216287 0.0777351 0.000129559 -0.4
833 0.284486 0.000573799 0.0809104 0.000225258 0.0717387 0.000124182 -0.2
834 0.28442 0.000579634 0.0808656 0.000229156 0.0716122 0.000122235 -0.2
835 0.251441 0.000661331 0.0631926 0.000232133 0.0665162 0.000117129 0
836 0.284484 0.000581639 0.0809014 0.0002293 0.071882 0.000121086 -0.2
837 0.251403 0.000664772 0.0631778 0.00023177 0.0664212 0.00011312 0
838 0.251358 0.00066555 0.0631388 0.000233745 0.0665302 0.000115284 0
839 0.215228 0.000763147 0.0462823 0.000230247 0.0618089 0.000111213 0.2
840 0.284502 0.000574806 0.0809071 0.000222646 0.0717098 0.000121601 -0.2
841 0.251478 0.000659317 0.0632089 0.000227095 0.0664607 0.000115369 0
842 0.251386 0.000666332 0.0631517 0.000230647 0.0665455 0.000118133 0
843 0.215404 0.00075564 0.0463546 0.000226645 0.0617678 0.000112754 0.2
844 0.251394 0.000666104 0.0631514 0.000229532 0.0666316 0.000113704 0
845 0.215244 0.000760787 0.0462828 0.000226594 0.061929 0.000106292 0.2
846 0.215101 0.000766743 0.0462064 0.000229444 0.061775 0.000112435 0.2
847 0.174436 0.000879833 0.030373 0.000217711 0.0575329 0.000105991 0.4
848 0.284495 0.000575264 0.0809127 0.000228397 0.0717241 0.000115236 -0.2
849 0.25142 0.000657804 0.0631909 0.000231187 0.0664379 0.000116804 0
850 0.251352 0.000666231 0.063146 0.000235188 0.0664104 0.00012003 0
851 0.215242 0.000757088 0.0462988 0.000231316 0.0618601 0.000116961 0.2
852 0.251424 0.000669042 0.0631836 0.000235597 0.0664869 0.000121344 0
853 0.215148 0.000762789 0.0462709 0.000231226 0.0619045 0.000114321 0.2
854 0.215142 0.00075956 0.0462432 0.000232093 0.0617626 0.000115071 0.2
855 0.174229 0.000868684 0.0303257 0.000217771 0.0574992 0.000102398 0.4
856 0.251498 0.000662533 0.063218 0.000231394 0.0664616 0.000114625 0
857 0.215274 0.000754654 0.0463117 0.000227176 0.061713 0.000113274 0.2
858 0.215283 0.000758507 0.0462944 0.00022892 0.0618675 0.000107862 0.2
859 0.174461 0.000865021 0.030399 0.000215071 0.0574109 0.000106893 0.4
860 0.215218 0.000763081 0.0462726 0.000228664 0.0618208 0.000111474 0.2
861 0.174163 0.000882639 0.0302988 0.000217108 0.0574887 0.000102906 0.4
862 0.174287 0.000873927 0.030314 0.000216264 0.057385 0.000104463 0.4
863 0.125097 0.001012 0.0156216 0.000186197 0.0531862 0.000102702 0.6
864 0.284502 0.000562811 0.0809132 0.000223816 0.0717055 0.000120216 -0.2
865 0.251344 0.000648129 0.06315 0.000228494 0.0665195 0.000116678 0
866 0.251369 0.000650927 0.063152 0.000230588 0.0664005 0.000111239 0
867 0.215134 0.000739741 0.0462541 0.000225783 0.061708 0.000111094 0.2
868 0.251293 0.000659057 0.0631189 0.000233045 0.0664705 0.000111387 0
869 0.215064 0.000747637 0.0462221 0.000226635 0.061824 0.000111474 0.2
870 0.215027 0.000749955 0.046194 0.000228485 0.0617837 0.000109112 0.2
871 0.173974 0.000866049 0.0302232 0.000215977 0.0573706 0.000106351 0.4
872 0.251379 0.00064963 0.0631542 0.000226013 0.0665154 0.00011105 0
873 0.215174 0.000743188 0.0462599 0.000222784 0.0618403 0.000109506 0.2
874 0.215162 0.000749036 0.0462446 0.000224985 0.0617883 0.000106328 0.2
875 0.174279 0.000865669 0.0303233 0.000214137 0.0574194 0.000100722 0.4
876 0.215028 0.00075095 0.046187 0.000225307 0.0616757 0.000109305 0.2
877 0.173987 0.00087258 0.0302233 0.000214845 0.0573995 0.00010692 0.4
878 0.174101 0.000877253 0.0302415 0.000215806 0.0574147 0.000101523 0.4
879 0.124763 0.00102284 0.0155302 0.000187218 0.053115 0.000100362 0.6
880 0.251431 0.000645793 0.0631852 0.000228538 0.066503 0.000114942 0
881 0.215059 0.000741411 0.046229 0.000227107 0.0616792 0.000106913 0.2
882 0.215192 0.000743644 0.0462699 0.000228089 0.0617044 0.000112848 0.2
883 0.174078 0.000857866 0.0302695 0.000215298 0.0574476 0.000103541 0.4
884 0.215092 0.000751621 0.0462366 0.00022973 0.0618835 0.000111534 0.2
885 0.173961 0.000867886 0.030241 0.000216418 0.0574751 0.000104153 0.4
886 0.174068 0.00085826 0.0302523 0.000214937 0.0573995 0.000102685 0.4
887 0.124526 0.00100182 0.0154963 0.000184812 0.0530843 9.99913e-05 0.6
888 0.215127 0.000747171 0.0462403 0.000226546 0.0618534 0.000109591 0.2
889 0.174143 0.000857576 0.0302915 0.000212528 0.0574812 0.000101121 0.4
890 0.17417 0.00086355 0.0302844 0.000214225 0.0574878 0.000103071 0.4
891 0.124856 0.0010136 0.0155674 0.000185091 0.0531841 0.000107334 0.6
892 0.173892 0.000873173 0.0301887 0.000214457 0.0574377 0.000101384 0.4
893 0.124481 0.00100398 0.0154788 0.000182046 0.0532171 9.45367e-05 0.6
894 0.124696 0.00100825 0.0155142 0.000182609 0.0529826 0.000101973 0.6
895 0.0662211 0.000938632 0.0044385 9.84809e-05 0.0481476 0.000102617 0.8
896 0.315055 0.000485895 0.099238 0.000212562 0.0776715 0.000127851 -0.4
897 0.28437 0.000568062 0.0808439 0.000226344 0.0716599 0.000126247 -0.2
898 0.284138 0.00056689 0.0807048 0.00022591 0.0716331 0.000114555 -0.2
899 0.251162 0.000653093 0.0630513 0.000231839 0.0664233 0.000115444 0
900 0.284302 0.000572044 0.0807972 0.000225909 0.0717551 0.000119768 -0.2
901 0.251272 0.000655599 0.0631063 0.000230043 0.0664486 0.000114256 0
902 0.251112 0.000653119 0.0630165 0.000230253 0.0663908 0.00011233 0
903 0.21499 0.000751659 0.0461798 0.00023031 0.0617619 0.000105853 0.2
904 0.284313 0.00056873 0.0807993 0.000222036 0.0715847 0.000125675 -0.2
905 0.251316 0.000655474 0.0631238 0.000228911 0.0663967 0.000109015 0
906 0.251198 0.000653575 0.0630567 0.000228235 0.0664121 0.00011018 0
907 0.215072 0.000750998 0.0462111 0.000226819 0.0616592 0.000110791 0.2
908 0.251253 0.000657784 0.0630752 0.000226892 0.0664635 0.000111209 0
909 0.215136 0.000753067 0.0462308 0.000225404 0.0617319 0.00010701 0.2
910 0.214936 0.000751422 0.0461338 0.000226584 0.0618608 0.000107596 0.2
911 0.174191 0.000877396 0.0302788 0.000218406 0.0574434 0.000106835 0.4
912 0.284195 0.00056273 0.0807355 0.000223392 0.0717539 0.000123412 -0.2
913 0.251255 0.000648934 0.0631031 0.00022942 0.0664486 0.000115507 0
914 0.250999 0.000646746 0.062963 0.000228853 0.0664909 0.000114226 0
915 0.215024 0.000742221 0.0461979 0.000226461 0.0617617 0.000112687 0.2
916 0.251109 0.000655104 0.0630168 0.000229293 0.0663871 0.000108656 0
917 0.215058 0.000746339 0.0462161 0.000226616 0.061703 0.000113481 0.2
918 0.214844 0.000744626 0.0461085 0.000226255 0.0616438 0.000110862 0.2
919 0.173984 0.000861677 0.0302252 0.000215593 0.0574695 0.000102578 0.4
920 0.251215 0.000648214 0.0630712 0.000225985 0.0664312 0.00010986 0
921 0.215058 0.000742997 0.0462131 0.000224945 0.0617019 0.000106879 0.2
922 0.214987 0.0007465 0.0461686 0.000225828 0.0617336 0.000109975 0.2
923 0.174229 0.00086196 0.0303075 0.000214222 0.0575381 9.78707e-05 0.4
924 0.214996 0.000749338 0.0461688 0.000225328 0.0616517 0.000112125 0.2
925 0.174028 0.000871788 0.0302351 0.00021417 0.0574004 0.000104445 0.4
926 0.174012 0.000865555 0.0302138 0.000214505 0.0574755 0.000101815 0.4
927 0.124947 0.00101839 0.0155737 0.000186899 0.0530142 0.000106728 0.6
928 0.284297 0.000554436 0.0807993 0.000222471 0.0715893 0.000117394 -0.2
929 0.251217 0.000640603 0.0630832 0.000229233 0.0663851 0.000112295 0
930 0.251121 0.000638494 0.0630283 0.000228131 0.0662832 0.000114288 0
931 0.214919 0.00073541 0.046152 0.000226724 0.0617423 0.000109353 0.2
932 0.251186 0.000644665 0.063062 0.000228563 0.066416 0.00011609 0
933 0.214938 0.000738998 0.0461632 0.000226109 0.061644 0.00010646 0.2
934 0.214829 0.000739103 0.0461032 0.000226716 0.061759 0.000106781 0.2
935 0.173811 0.000856305 0.0301556 0.000214428 0.0573623 0.000103901 0.4
936 0.251248 0.000640914 0.063086 0.000224961 0.0664264 0.000112105 0
937 0.215034 0.000738527 0.0462004 0.000223525 0.0616447 0.000106628 0.2
938 0.214947 0.000737561 0.0461556 0.000224385 0.0617777 0.000108822 0.2
939 0.174053 0.000860184 0.0302421 0.000213891 0.0573685 0.000107748 0.4
940 0.214928 0.000741996 0.0461382 0.000222755 0.0617267 0.000110612 0.2
941 0.173921 0.000867106 0.0301906 0.000214124 0.0573465 9.92806e-05 0.4
942 0.173888 0.000867474 0.0301647 0.000214721 0.0575007 0.00010233 0.4
943 0.124761 0.00102418 0.0155133 0.000186756 0.0530338 0.00010352 0.6
944 0.251139 0.000636262 0.0630381 0.000226595 0.0664006 0.000110033 0
945 0.214964 0.000730469 0.0461801 0.000224228 0.0617641 0.000108012 0.2
946 0.214818 0.000730019 0.0461039 0.000223851 0.0616711 0.000108549 0.2
947 0.173906 0.000846846 0.0301983 0.000212202 0.0574506 0.000107456 0.4
948 0.214893 0.000734119 0.0461427 0.000224077 0.0618643 0.00010498 0.2
949 0.173765 0.000850407 0.0301594 0.000212256 0.0574377 0.00010581 0.4
950 0.17384 0.000847773 0.0301682 0.000211516 0.0574518 0.000103521 0.4
951 0.124232 0.000997354 0.0154017 0.000182438 0.0530523 0.000101278 0.6
952 0.215035 0.000733371 0.0461983 0.000222341 0.0618653 0.000116489 0.2
953 0.17391 0.000849821 0.0301973 0.000209828 0.0574002 0.00010614 0.4
954 0.174012 0.000859196 0.0302157 0.000212732 0.0572842 0.000104185 0.4
955 0.124728 0.00101391 0.0155174 0.000184063 0.0530403 9.98968e-05 0.6
956 0.173817 0.00085921 0.030152 0.00021152 0.0573734 0.000106117 0.4
957 0.124435 0.00101048 0.0154457 0.000181151 0.0530449 0.00010374 0.6
958 0.124583 0.00101113 0.0154696 0.000181743 0.0529318 0.000102422 0.6
959 0.0663337 0.000925637 0.00445297 9.65854e-05 0.048198 0.000103522 0.8
960 0.28432 0.000568038 0.0808065 0.000221645 0.0717289 0.000124884 -0.2
961 0.251396 0.00064945 0.0631695 0.000226594 0.0665036 0.000114462 0
962 0.251141 0.000653245 0.0630308 0.000227697 0.0664294 0.000115969 0
963 0.215081 0.000744024 0.0462186 0.000224955 0.0616543 0.000107049 0.2
964 0.251224 0.000659991 0.0630756 0.000229408 0.0663363 0.000115163 0
965 0.215102 0.000752988 0.0462319 0.00022684 0.0617146 0.000110563 0.2
966 0.214879 0.000755714 0.0461164 0.000227524 0.0617771 0.000108294 0.2
967 0.174011 0.000873505 0.030229 0.00021743 0.0574249 0.000101342 0.4
968 0.251338 0.000655378 0.0631242 0.00022437 0.0665975 0.000113716 0
969 0.215097 0.000746922 0.0462282 0.000222529 0.0617967 0.000110468 0.2
970 0.215079 0.000751596 0.0461971 0.000223428 0.0618089 0.000108369 0.2
971 0.174263 0.000868089 0.0303188 0.000214252 0.0574799 0.000108633 0.4
972 0.215042 0.000755058 0.0461805 0.000222429 0.0617565 0.000105978 0.2
973 0.174087 0.000874293 0.0302518 0.000213736 0.0573643 0.000107066 0.4
974 0.174028 0.00088033 0.0302125 0.000216271 0.0573805 0.000103838 0.4
975 0.124918 0.0010335 0.0155676 0.000190803 0.0531227 0.000105116 0.6
976 0.251321 0.00064632 0.063123 0.000225367 0.0665364 0.000119052 0
977 0.215093 0.000743114 0.0462366 0.000224976 0.0616478 0.000107366 0.2
978 0.214942 0.000746579 0.0461457 0.00022573 0.0616469 0.000102994 0.2
979 0.174135 0.000861669 0.03028 0.000215152 0.0573845 0.000104771 0.4
980 0.214971 0.000754416 0.0461685 0.00022674 0.0617939 0.00010597 0.2
981 0.174077 0.000867962 0.0302692 0.000214499 0.0574317 0.000107803 0.4
982 0.173839 0.000863578 0.0301586 0.000214312 0.0572088 0.000105735 0.4
983 0.124619 0.00101549 0.0155146 0.000188354 0.0529949 0.000105689 0.6
984 0.215046 0.000746502 0.0461974 0.000222564 0.0617887 0.000108693 0.2
985 0.174271 0.000860718 0.0303304 0.000212326 0.0573968 0.000102837 0.4
986 0.17411 0.000865091 0.0302488 0.000213123 0.0573144 0.000101894 0.4
987 0.124972 0.00101366 0.0155964 0.000186869 0.0531041 0.000105607 0.6
988 0.173934 0.000876008 0.0301963 0.000214179 0.0573575 0.000109244 0.4
989 0.124788 0.00101761 0.0155511 0.000184293 0.0530777 0.000106512 0.6
990 0.124749 0.00101621 0.0155143 0.000184617 0.0530426 0.000104638 0.6
991 0.0661808 0.000944189 0.00443525 9.81102e-05 0.0483448 0.00010432 0.8
992 0.251293 0.000639121 0.0631136 0.0002242 0.0664765 0.000114133 0
993 0.215029 0.000731859 0.0462014 0.000221865 0.0617734 0.000109706 0.2
994 0.214976 0.000736177 0.0461676 0.000223194 0.061663 0.000110973 0.2
995 0.173853 0.00085718 0.0301718 0.000212803 0.0575326 0.000108207 0.4
996 0.214913 0.000741797 0.0461453 0.000223985 0.0618494 0.000112699 0.2
997 0.173768 0.000861871 0.0301529 0.000213147 0.0572933 0.000101115 0.4
998 0.173754 0.000861755 0.0301242 0.000213456 0.0573117 0.000101717 0.4
999 0.124058 0.00102737 0.0153692 0.000188702 0.0530845 0.000100774 0.6
1000 0.215061 0.000734427 0.0461972 0.00021855 0.0618054 0.000110152 0.2
1001 0.173935 0.000858747 0.0302038 0.000210243 0.057379 0.000102067 0.4
1002 0.174022 0.000865551 0.0302151 0.000211601 0.0573628 0.000104743 0.4
1003 0.12449 0.00102502 0.0154606 0.000186907 0.0531342 9.87866e-05 0.6
1004 0.173781 0.000874016 0.0301284 0.000212057 0.0573194 0.000102303 0.4
1005 0.124278 0.00101991 0.0154081 0.000182652 0.0530636 0.000103202 0.6
1006 0.124389 0.0010251 0.0154259 0.000185217 0.0529368 0.000106656 0.6
1007 0.0668237 0.000937324 0.004515 9.80257e-05 0.0482558 0.000106555 0.8
1008 0.215007 0.000733923 0.0461846 0.000222069 0.0618731 0.000106372 0.2
1009 0.173847 0.000854859 0.030186 0.000212539 0.0573096 0.000102981 0.4
1010 0.173899 0.000847368 0.0301801 0.000210145 0.0573871 0.000104128 0.4
1011 0.124305 0.00101586 0.0154261 0.00018554 0.0531214 0.000102964 0.6
1012 0.173659 0.000861259 0.0301137 0.000212689 0.0574385 0.000104349 0.4
1013 0.124075 0.00100388 0.0153921 0.000183313 0.0530398 0.000102294 0.6
1014 0.124239 0.0010081 0.015408 0.000184128 0.0529638 0.000104039 0.6
1015 0.0654319 0.000943923 0.00437953 9.92245e-05 0.0481033 0.000107179 0.8
1016 0.173903 0.000851634 0.030186 0.000208725 0.0573339 0.000103627 0.4
1017 0.124358 0.00101305 0.0154427 0.000183345 0.0530663 0.0001068 0.6
1018 0.12448 0.00101831 0.0154525 0.00018398 0.0531872 9.8502e-05 0.6
1019 0.0659877 0.000934816 0.00441337 9.89641e-05 0.0479889 0.000106423 0.8
1020 0.124273 0.00100964 0.0154129 0.000179635 0.052988 0.00010301 0.6
1021 0.0657149 0.000960993 0.00437011 9.78058e-05 0.0481113 0.000110349 0.8
1022 0.0659362 0.000941216 0.00436622 9.87134e-05 0.0481773 0.000105813 0.8
1023 0.165822 0.00231123 0.0274034 0.000546427 0.0380815 9.80766e-05 1
