#sample=71
0 0.49658 0.000117954 0.246607 6.61079e-05 0.660814 0.0113336 -1
1 0.484008 0.000303941 0.234305 0.000195744 0.299142 0.00305916 -0.8
2 0.484017 0.000359885 0.234329 0.000226209 0.299823 0.0038777 -0.8
3 0.475168 0.000473719 0.225857 0.000305064 0.234188 0.00267213 -0.6
4 0.484111 0.000333084 0.234422 0.000205845 0.300723 0.0036837 -0.8
5 0.475246 0.000445391 0.225918 0.000280451 0.235027 0.00263825 -0.6
6 0.475326 0.000502483 0.226021 0.000316615 0.23664 0.00287214 -0.6
7 0.464854 0.000641249 0.216185 0.000399069 0.194316 0.00201274 -0.4
8 0.484118 0.000345416 0.234438 0.000193585 0.300512 0.00357917 -0.8
9 0.475179 0.000459528 0.225867 0.000271557 0.235887 0.00252012 -0.6
10 0.475333 0.000502441 0.226032 0.000302645 0.23637 0.00290767 -0.6
11 0.465009 0.000639068 0.216331 0.000385716 0.194682 0.00222351 -0.4
12 0.475345 0.00047498 0.226034 0.000283609 0.236303 0.00262741 -0.6
13 0.4649 0.000617987 0.216223 0.000368698 0.19448 0.00199092 -0.4
14 0.464969 0.000668992 0.216314 0.000405845 0.192381 0.00238602 -0.4
15 0.452279 0.000872867 0.20469 0.000524383 0.16318 0.00171751 -0.2
16 0.484231 0.000343122 0.234526 0.000210184 0.303831 0.00379735 -0.8
17 0.475375 0.000445944 0.226054 0.000282831 0.234974 0.00248375 -0.6
18 0.475377 0.000502629 0.226064 0.000313054 0.23757 0.00275005 -0.6
19 0.465005 0.000640164 0.216323 0.000401755 0.193282 0.00215556 -0.4
20 0.475513 0.000480596 0.226188 0.00029696 0.2373 0.00274053 -0.6
21 0.465105 0.000608752 0.216404 0.000377213 0.194152 0.00184841 -0.4
22 0.465164 0.000685116 0.216486 0.000420402 0.195462 0.00238234 -0.4
23 0.452529 0.000844935 0.204893 0.000519066 0.163697 0.00164866 -0.2
24 0.475478 0.000477452 0.226161 0.000276013 0.236499 0.00268357 -0.6
25 0.465098 0.000628641 0.216416 0.000373086 0.193865 0.00200815 -0.4
26 0.465073 0.000663201 0.216414 0.000394566 0.194894 0.00206111 -0.4
27 0.452341 0.000851306 0.204759 0.000506817 0.163446 0.0017748 -0.2
28 0.465273 0.00063892 0.21659 0.000383441 0.195563 0.00210853 -0.4
29 0.45242 0.000820421 0.204802 0.000491695 0.16361 0.00173436 -0.2
30 0.4527 0.000863058 0.205087 0.000509247 0.165182 0.0017787 -0.2
31 0.436555 0.00110716 0.190742 0.000636107 0.140125 0.00135781 0
32 0.484274 0.000357085 0.234579 0.000210451 0.30251 0.00413815 -0.8
33 0.475342 0.000461887 0.226014 0.00027857 0.234417 0.00250714 -0.6
34 0.475447 0.000514094 0.226139 0.00031637 0.236656 0.0026639 -0.6
35 0.464958 0.000667413 0.216282 0.000419883 0.193324 0.00207992 -0.4
36 0.475391 0.000488908 0.226077 0.000297454 0.235468 0.00273156 -0.6
37 0.465141 0.000616358 0.216452 0.000370939 0.193823 0.00198599 -0.4
38 0.465118 0.00068984 0.216451 0.000416918 0.195002 0.00237661 -0.4
39 0.452488 0.000876064 0.204872 0.000538984 0.162283 0.00174234 -0.2
40 0.47558 0.000493185 0.22626 0.000281751 0.236805 0.0030155 -0.6
41 0.465202 0.000641332 0.216511 0.000367405 0.194571 0.00208808 -0.4
42 0.465168 0.000694157 0.216506 0.000410217 0.194032 0.00230042 -0.4
43 0.452434 0.000887218 0.20484 0.000510988 0.163375 0.00178782 -0.2
44 0.465249 0.000667479 0.216565 0.000401775 0.195034 0.00198213 -0.4
45 0.452533 0.000822703 0.204918 0.000481046 0.163287 0.00154332 -0.2
46 0.452729 0.000921495 0.205118 0.000542547 0.164816 0.00184637 -0.2
47 0.4368 0.00114969 0.19096 0.000668723 0.140417 0.00159106 0
48 0.475592 0.000490401 0.226267 0.000290903 0.23807 0.00282024 -0.6
49 0.465184 0.000628942 0.216486 0.000382167 0.195975 0.00217019 -0.4
50 0.465299 0.000685028 0.216608 0.000414525 0.195605 0.00222282 -0.4
51 0.452376 0.000881019 0.204766 0.00053452 0.16453 0.00198178 -0.2
52 0.46543 0.000648733 0.216727 0.00039042 0.194898 0.0022348 -0.4
53 0.45258 0.00081159 0.204938 0.000485086 0.162861 0.0016658 -0.2
54 0.452676 0.000901793 0.205064 0.000543429 0.165105 0.00208124 -0.2
55 0.436886 0.00112601 0.19102 0.000670338 0.139726 0.00168024 0
56 0.465602 0.000653472 0.216892 0.000381892 0.194501 0.00217272 -0.4
57 0.452538 0.000842023 0.204913 0.000492632 0.162963 0.00162785 -0.2
58 0.452715 0.000907516 0.205104 0.00053119 0.164521 0.00177504 -0.2
59 0.436957 0.00114364 0.191079 0.000662628 0.14042 0.00162273 0
60 0.453061 0.000850006 0.205403 0.000494706 0.165478 0.00168054 -0.2
61 0.437056 0.00109093 0.191163 0.000635491 0.140928 0.00156044 0
62 0.437059 0.00117752 0.191205 0.0006585 0.140059 0.0015472 0
63 0.417371 0.00146963 0.174406 0.000825031 0.1199 0.00120055 0.2
64 0.484113 0.000373799 0.234434 0.000225592 0.303699 0.0039169 -0.8
65 0.475303 0.000497776 0.225999 0.000315295 0.234093 0.00256351 -0.6
66 0.475255 0.000541901 0.225962 0.000336393 0.235663 0.00286554 -0.6
67 0.46498 0.000679515 0.216308 0.000425984 0.193049 0.00227157 -0.4
68 0.475339 0.000489711 0.226027 0.00031066 0.23629 0.00250726 -0.6
69 0.464983 0.000633224 0.2163 0.000394562 0.193469 0.00207907 -0.4
70 0.464937 0.000708139 0.216288 0.000437137 0.196237 0.00231323 -0.4
71 0.452291 0.000882167 0.204701 0.000543321 0.163197 0.0017711 -0.2
72 0.475409 0.000510054 0.226104 0.000300731 0.237024 0.00278339 -0.6
73 0.465064 0.000668996 0.216387 0.000402759 0.194477 0.00222048 -0.4
74 0.46512 0.000727075 0.21647 0.000433456 0.196171 0.00236446 -0.4
75 0.452287 0.000928307 0.204708 0.000550036 0.162738 0.00187399 -0.2
76 0.465123 0.000665905 0.216457 0.000410537 0.193555 0.00195097 -0.4
77 0.45232 0.00085386 0.204711 0.000518154 0.162493 0.00162581 -0.2
78 0.452602 0.000933239 0.205002 0.000561013 0.16346 0.00193716 -0.2
79 0.43659 0.00117134 0.190779 0.000680363 0.13794 0.00144047 0
80 0.475487 0.000512214 0.226176 0.000308446 0.237056 0.00271698 -0.6
81 0.465044 0.000670884 0.216361 0.000414956 0.193562 0.00209341 -0.4
82 0.46527 0.000712496 0.216595 0.00043582 0.195178 0.00233725 -0.4
83 0.452343 0.000929037 0.204753 0.000567536 0.164182 0.00204399 -0.2
84 0.465271 0.000664491 0.216587 0.000408124 0.194016 0.00218262 -0.4
85 0.452493 0.000864308 0.204879 0.000523193 0.164403 0.00171882 -0.2
86 0.452679 0.000908318 0.205063 0.00054582 0.163721 0.00187893 -0.2
87 0.43683 0.00115336 0.190991 0.000689828 0.140892 0.00156485 0
88 0.465198 0.000671568 0.21652 0.000403855 0.195371 0.00211354 -0.4
89 0.452419 0.000871359 0.204819 0.000513766 0.162214 0.00184405 -0.2
90 0.45264 0.000935605 0.205031 0.000532749 0.164131 0.00186213 -0.2
91 0.436672 0.00118356 0.190837 0.0006841 0.139278 0.00151298 0
92 0.452551 0.000888232 0.20494 0.0005327 0.162797 0.00182465 -0.2
93 0.436607 0.00112905 0.190758 0.000662686 0.139146 0.00163913 0
94 0.436977 0.00119751 0.191134 0.000684262 0.13982 0.00163794 0
95 0.417004 0.00151831 0.174099 0.000854339 0.120219 0.00137493 0.2
96 0.475524 0.000522931 0.226222 0.000315941 0.236173 0.00281424 -0.6
97 0.465213 0.000681874 0.21652 0.000416318 0.193804 0.00214877 -0.4
98 0.465189 0.000752224 0.216527 0.000458975 0.195114 0.00248331 -0.4
99 0.452419 0.000943499 0.204823 0.000576223 0.164015 0.00201076 -0.2
100 0.465222 0.000682992 0.216552 0.00041164 0.194073 0.00219837 -0.4
101 0.452477 0.000871357 0.20487 0.000525643 0.16498 0.00177846 -0.2
102 0.452716 0.000947063 0.205123 0.000567218 0.165531 0.00192435 -0.2
103 0.436757 0.00118997 0.190935 0.000698228 0.138568 0.00164015 0
104 0.465394 0.000717246 0.216716 0.000408891 0.194438 0.00243901 -0.4
105 0.452466 0.000918164 0.204857 0.00053695 0.162887 0.00193619 -0.2
106 0.452714 0.00097154 0.205123 0.000562475 0.163969 0.00195178 -0.2
107 0.436925 0.00121114 0.191089 0.000700769 0.140101 0.00158932 0
108 0.452714 0.00092472 0.205093 0.000543087 0.164537 0.00198332 -0.2
109 0.436853 0.00115357 0.191 0.000655118 0.139258 0.00145031 0
110 0.436715 0.00123831 0.19093 0.00070589 0.140548 0.00165362 0
111 0.417098 0.00156525 0.174192 0.000865665 0.120303 0.00148694 0.2
112 0.465371 0.000696087 0.216687 0.000414516 0.194963 0.00218496 -0.4
113 0.452585 0.000903289 0.204963 0.000545024 0.162791 0.00190441 -0.2
114 0.452519 0.000960726 0.204913 0.000571168 0.164311 0.00191299 -0.2
115 0.436637 0.00121282 0.19083 0.000712503 0.139191 0.00165941 0
116 0.452981 0.000891397 0.205328 0.000540275 0.166128 0.00188514 -0.2
117 0.437005 0.00114784 0.191126 0.000669443 0.13965 0.00156332 0
118 0.43703 0.00122635 0.191167 0.000715617 0.140678 0.00165777 0
119 0.417235 0.00153312 0.174276 0.000874053 0.120769 0.00135453 0.2
120 0.452691 0.000921237 0.205074 0.000524592 0.165171 0.00188614 -0.2
121 0.43688 0.00118256 0.191015 0.000689441 0.140346 0.00160509 0
122 0.436938 0.00122696 0.191113 0.000687745 0.140814 0.0017567 0
123 0.417132 0.00155415 0.174194 0.000863968 0.119807 0.00140869 0.2
124 0.437319 0.00116765 0.191421 0.000667642 0.141701 0.00147875 0
125 0.417305 0.001456 0.174327 0.000812676 0.119206 0.0012117 0.2
126 0.417419 0.00155874 0.174471 0.000856607 0.119915 0.00135604 0.2
127 0.391597 0.00197104 0.153609 0.00105111 0.103286 0.00130155 0.4
128 0.484226 0.000356983 0.23454 0.000226553 0.302185 0.00400862 -0.8
129 0.47535 0.00047722 0.22603 0.000303104 0.235015 0.00260534 -0.6
130 0.475374 0.000528016 0.226069 0.000338613 0.236732 0.00305856 -0.6
131 0.465113 0.000662391 0.216428 0.000423194 0.193303 0.00222654 -0.4
132 0.475293 0.000500676 0.225984 0.000313915 0.235873 0.00267988 -0.6
133 0.465108 0.000627143 0.216416 0.000388339 0.193797 0.00216146 -0.4
134 0.465085 0.000687118 0.216421 0.000428988 0.192963 0.00235613 -0.4
135 0.452387 0.000859618 0.204785 0.000527762 0.162767 0.00189304 -0.2
136 0.47548 0.000489289 0.226165 0.000301485 0.237292 0.00274186 -0.6
137 0.465074 0.000637909 0.216387 0.000392235 0.195066 0.00216616 -0.4
138 0.465272 0.000706303 0.216601 0.000434005 0.19504 0.00239204 -0.4
139 0.452418 0.000899663 0.204824 0.000533968 0.162577 0.00178916 -0.2
140 0.46508 0.000650151 0.216405 0.000399311 0.194087 0.00218423 -0.4
141 0.452385 0.000843441 0.204774 0.000507719 0.164564 0.00176118 -0.2
142 0.452531 0.000922351 0.204938 0.000554274 0.164517 0.0018804 -0.2
143 0.436622 0.00115438 0.190808 0.000672244 0.13987 0.00156015 0
144 0.475551 0.000495299 0.226232 0.000309937 0.237818 0.00266066 -0.6
145 0.465237 0.000648884 0.216535 0.000413733 0.194191 0.00216409 -0.4
146 0.465351 0.000674754 0.216665 0.000429365 0.196226 0.00213634 -0.4
147 0.452552 0.000868587 0.204927 0.000535416 0.164578 0.00195883 -0.2
148 0.46539 0.000653137 0.216679 0.000404407 0.194827 0.00222886 -0.4
149 0.452536 0.00084164 0.204907 0.0005189 0.162862 0.00186033 -0.2
150 0.452868 0.000888681 0.205234 0.000546695 0.164641 0.00189949 -0.2
151 0.436967 0.0011351 0.1911 0.000671317 0.139026 0.00154615 0
152 0.465456 0.000653913 0.21676 0.000393026 0.195194 0.00210195 -0.4
153 0.452595 0.000846531 0.204975 0.000509024 0.164909 0.00192118 -0.2
154 0.452645 0.000902108 0.205046 0.000535787 0.163957 0.00195822 -0.2
155 0.436969 0.00115644 0.191111 0.000682557 0.138759 0.0015812 0
156 0.452613 0.000858585 0.204993 0.000504808 0.163729 0.00170915 -0.2
157 0.436928 0.00109351 0.191058 0.000642812 0.138133 0.00140247 0
158 0.437073 0.00118101 0.191228 0.000687737 0.140387 0.00165051 0
159 0.417367 0.00147712 0.174402 0.000830266 0.119612 0.00120645 0.2
160 0.475538 0.00051262 0.226221 0.000318775 0.237489 0.00284279 -0.6
161 0.465143 0.000661838 0.216457 0.000405656 0.19374 0.0020443 -0.4
162 0.465123 0.000713395 0.21646 0.000442935 0.192879 0.00222984 -0.4
163 0.452575 0.000908231 0.204954 0.000568437 0.163514 0.00191687 -0.2
164 0.465242 0.000673197 0.216569 0.000417802 0.194761 0.00221336 -0.4
165 0.4525 0.000867242 0.204893 0.000532595 0.163797 0.00169773 -0.2
166 0.452558 0.000925152 0.204957 0.000565104 0.164038 0.00192741 -0.2
167 0.436776 0.00116589 0.190938 0.000694708 0.139537 0.00147761 0
168 0.465387 0.000680919 0.216702 0.000406934 0.195999 0.00236631 -0.4
169 0.452748 0.000886267 0.205117 0.000514273 0.163419 0.00168146 -0.2
170 0.452813 0.000925707 0.205202 0.00055363 0.165395 0.00174769 -0.2
171 0.436801 0.00120344 0.19097 0.000700496 0.139317 0.00165182 0
172 0.452792 0.000908268 0.205179 0.000539838 0.163214 0.00191056 -0.2
173 0.436967 0.00113123 0.19111 0.000655954 0.13931 0.00161955 0
174 0.437363 0.0011808 0.19148 0.000682824 0.141589 0.00165003 0
175 0.417092 0.00147407 0.174162 0.000827291 0.120367 0.00135828 0.2
176 0.465316 0.000677937 0.216622 0.000418987 0.196337 0.00216647 -0.4
177 0.452779 0.000870094 0.205133 0.000535005 0.165102 0.00185293 -0.2
178 0.452715 0.000934608 0.205092 0.000568464 0.162523 0.00187331 -0.2
179 0.437081 0.00117811 0.191192 0.000697671 0.139031 0.00167291 0
180 0.452871 0.00087779 0.205234 0.000526014 0.165574 0.00184783 -0.2
181 0.437126 0.00110149 0.191212 0.000657392 0.13978 0.00162836 0
182 0.437012 0.001173 0.191166 0.000689981 0.138644 0.001635 0
183 0.417449 0.00148252 0.174452 0.000843536 0.121185 0.00137815 0.2
184 0.452779 0.000880318 0.205147 0.000512143 0.163626 0.00196365 -0.2
185 0.437078 0.00116281 0.191191 0.000674209 0.140088 0.00149532 0
186 0.437438 0.00119738 0.191528 0.000693019 0.141208 0.00171275 0
187 0.417306 0.001541 0.174341 0.000858332 0.120222 0.00131346 0.2
188 0.437272 0.00113388 0.191381 0.00065356 0.139626 0.00140952 0
189 0.417369 0.00144607 0.174392 0.00081513 0.120591 0.00129069 0.2
190 0.417767 0.00152216 0.17477 0.000846386 0.12068 0.0013681 0.2
191 0.392211 0.00191835 0.154087 0.00103553 0.104403 0.00129256 0.4
192 0.475624 0.000513999 0.226312 0.000320158 0.237907 0.00281429 -0.6
193 0.46524 0.000663955 0.216558 0.000414501 0.194643 0.00225286 -0.4
194 0.465341 0.000723647 0.216671 0.000450933 0.196319 0.00236815 -0.4
195 0.452492 0.000942581 0.2049 0.000576188 0.163713 0.0020732 -0.2
196 0.465327 0.000668895 0.216643 0.000419237 0.194095 0.00233981 -0.4
197 0.45252 0.000864213 0.204907 0.000531156 0.163547 0.00176151 -0.2
198 0.452556 0.000926531 0.204963 0.000565395 0.163209 0.00185931 -0.2
199 0.43688 0.00119517 0.191064 0.000708351 0.139792 0.00161574 0
200 0.465457 0.000678478 0.216774 0.000405868 0.196358 0.00206656 -0.4
201 0.452632 0.000900903 0.205014 0.000540872 0.164043 0.00177547 -0.2
202 0.452801 0.000945977 0.2052 0.000562697 0.164001 0.00200711 -0.2
203 0.436922 0.00121802 0.191097 0.000712498 0.141146 0.00158271 0
204 0.452583 0.000889184 0.204974 0.000536228 0.163325 0.00189531 -0.2
205 0.436804 0.00114817 0.190961 0.000681764 0.139697 0.00126788 0
206 0.436763 0.00120715 0.190972 0.000699299 0.139001 0.00166283 0
207 0.416951 0.00156704 0.174064 0.000889259 0.119708 0.00143882 0.2
208 0.465441 0.000700358 0.216749 0.00043427 0.19653 0.00217171 -0.4
209 0.452618 0.000895595 0.204999 0.000549785 0.165132 0.00202519 -0.2
210 0.452714 0.00096154 0.205108 0.000583563 0.165248 0.00198286 -0.2
211 0.436784 0.00123717 0.190962 0.000739479 0.140595 0.00169764 0
212 0.452942 0.00089169 0.205303 0.000545245 0.16439 0.00191569 -0.2
213 0.437131 0.00113762 0.191245 0.000682462 0.140555 0.00155026 0
214 0.437177 0.00121171 0.191322 0.000701887 0.139806 0.00150826 0
215 0.417461 0.00151781 0.174489 0.000863994 0.119816 0.00136928 0.2
216 0.452862 0.000924189 0.205237 0.000549607 0.164396 0.00189881 -0.2
217 0.436918 0.00116591 0.19107 0.00068457 0.141315 0.00160452 0
218 0.437306 0.0012192 0.19143 0.000704 0.140661 0.00170615 0
219 0.417344 0.00156225 0.174383 0.00087864 0.120482 0.00155446 0.2
220 0.437234 0.00115782 0.191368 0.000674552 0.140322 0.00161327 0
221 0.417355 0.00146354 0.174408 0.000824209 0.120098 0.00122171 0.2
222 0.417662 0.00159381 0.174692 0.000888491 0.121195 0.00126849 0.2
223 0.391843 0.00195884 0.153815 0.00104739 0.104632 0.00138874 0.4
224 0.465401 0.000709517 0.216727 0.000431712 0.195453 0.00216909 -0.4
225 0.452751 0.000896114 0.205118 0.000542636 0.166043 0.00193819 -0.2
226 0.452719 0.000977613 0.205131 0.000585202 0.163763 0.00204921 -0.2
227 0.437015 0.001267 0.191168 0.00074869 0.141506 0.00169547 0
228 0.452549 0.000934162 0.204955 0.000572026 0.163343 0.00193788 -0.2
229 0.436878 0.00115048 0.19103 0.000688676 0.140081 0.00136128 0
230 0.437003 0.00122521 0.191175 0.000726075 0.140041 0.00155889 0
231 0.417279 0.00154447 0.174358 0.000872934 0.119718 0.00145411 0.2
232 0.452736 0.000958173 0.205133 0.000557143 0.16547 0.00191918 -0.2
233 0.436888 0.00122782 0.191047 0.00070001 0.139771 0.00143113 0
234 0.437217 0.00125442 0.191358 0.000721381 0.139186 0.00174068 0
235 0.417495 0.00163289 0.17453 0.000910214 0.120174 0.0015112 0.2
236 0.437112 0.00117389 0.19127 0.000675613 0.139745 0.00148556 0
237 0.417314 0.00151858 0.174355 0.00084477 0.119688 0.00133028 0.2
238 0.41745 0.00159278 0.174501 0.000887116 0.120043 0.00163602 0.2
239 0.391757 0.00204046 0.153757 0.00108303 0.103861 0.00126317 0.4
240 0.452923 0.00092353 0.205293 0.000546343 0.165011 0.00190601 -0.2
241 0.437135 0.00118878 0.191262 0.00070184 0.139867 0.00159978 0
242 0.437229 0.00125633 0.191369 0.000724212 0.141551 0.0017043 0
243 0.417587 0.00157689 0.174596 0.0008803 0.12054 0.00140507 0.2
244 0.437318 0.00117441 0.191439 0.000685768 0.140757 0.00173413 0
245 0.417525 0.00147837 0.174531 0.000852075 0.120254 0.00140097 0.2
246 0.417794 0.00156114 0.174788 0.000874984 0.121293 0.00137561 0.2
247 0.392115 0.00196916 0.154025 0.00105766 0.104175 0.00124387 0.4
248 0.437487 0.0012108 0.191581 0.000684928 0.140116 0.0018073 0
249 0.417577 0.00151262 0.174588 0.00086437 0.120031 0.00135026 0.2
250 0.417343 0.00164356 0.174433 0.000908516 0.120224 0.00158034 0.2
251 0.392374 0.00200498 0.15422 0.00107432 0.104066 0.00127206 0.4
252 0.417645 0.00150631 0.174643 0.000827241 0.120226 0.00145596 0.2
253 0.392436 0.00188035 0.154233 0.00101732 0.10269 0.00122485 0.4
254 0.392154 0.00200264 0.154067 0.00106758 0.1034 0.0012597 0.4
255 0.35653 0.00258061 0.127439 0.00129043 0.0880745 0.00101792 0.6
256 0.484326 0.000344327 0.234629 0.000193978 0.303452 0.00409357 -0.8
257 0.47542 0.000476632 0.226088 0.000288162 0.236242 0.00246158 -0.6
258 0.475472 0.00050186 0.226151 0.000307522 0.2362 0.00276002 -0.6
259 0.465051 0.000647433 0.216363 0.000397082 0.194539 0.00213128 -0.4
260 0.475429 0.000470352 0.226112 0.000280773 0.23605 0.00258488 -0.6
261 0.465109 0.000626787 0.216416 0.000382873 0.194842 0.00193008 -0.4
262 0.465113 0.000676748 0.216441 0.000410638 0.194926 0.00222883 -0.4
263 0.4524 0.000871601 0.204794 0.000523479 0.163229 0.00172778 -0.2
264 0.47567 0.000474976 0.226344 0.000267854 0.239351 0.00280734 -0.6
265 0.465331 0.000636248 0.216624 0.000374006 0.194535 0.00208356 -0.4
266 0.465375 0.000671466 0.216685 0.00039971 0.193927 0.00228283 -0.4
267 0.452586 0.000870246 0.204955 0.000509858 0.163983 0.00183168 -0.2
268 0.465318 0.000648387 0.216627 0.000377879 0.196457 0.00222083 -0.4
269 0.45243 0.000847066 0.204806 0.000493203 0.163462 0.00165807 -0.2
270 0.452683 0.000890322 0.205067 0.000509294 0.164605 0.00180364 -0.2
271 0.436706 0.00114273 0.19086 0.000654816 0.139784 0.00156257 0
272 0.475678 0.000475259 0.226345 0.000278021 0.237937 0.00277554 -0.6
273 0.465334 0.000628931 0.21662 0.000385577 0.195856 0.00207233 -0.4
274 0.465309 0.000678699 0.216609 0.000413145 0.193763 0.00207441 -0.4
275 0.452585 0.000888048 0.204935 0.000539094 0.163654 0.00191796 -0.2
276 0.465321 0.000640431 0.21662 0.000380979 0.196052 0.00207087 -0.4
277 0.452684 0.000839471 0.205015 0.000500062 0.163295 0.00171752 -0.2
278 0.45281 0.000884851 0.205183 0.000514478 0.164038 0.00182279 -0.2
279 0.436846 0.0011359 0.190978 0.000679384 0.138732 0.00154697 0
280 0.465461 0.00064664 0.216755 0.000367602 0.196357 0.00205134 -0.4
281 0.452699 0.000851377 0.205049 0.000492336 0.164476 0.00172004 -0.2
282 0.45285 0.000898057 0.205218 0.000519578 0.165561 0.00195861 -0.2
283 0.436865 0.00114787 0.191002 0.000640575 0.140107 0.00148937 0
284 0.452843 0.00085232 0.205195 0.000482389 0.16391 0.0017682 -0.2
285 0.436864 0.00108428 0.190983 0.000621727 0.139031 0.00157795 0
286 0.437201 0.00115037 0.191324 0.000655289 0.140666 0.00150574 0
287 0.417175 0.00148822 0.174227 0.000834681 0.119947 0.00145967 0.2
288 0.475789 0.000491924 0.226447 0.000286559 0.236946 0.00286839 -0.6
289 0.465438 0.000640616 0.216716 0.000384132 0.194772 0.0020042 -0.4
290 0.465392 0.000702275 0.216707 0.000422827 0.196166 0.00231629 -0.4
291 0.452727 0.000885866 0.205078 0.000537603 0.164843 0.00183564 -0.2
292 0.465499 0.000654916 0.216789 0.000392359 0.193644 0.00204264 -0.4
293 0.452633 0.000863132 0.204993 0.000508273 0.164578 0.0016734 -0.2
294 0.452748 0.00090872 0.205125 0.000532428 0.16441 0.00200251 -0.2
295 0.437096 0.00116693 0.191201 0.000686205 0.140994 0.00175188 0
296 0.465577 0.000662541 0.216863 0.000376161 0.195819 0.00215082 -0.4
297 0.452914 0.000880102 0.205251 0.000500241 0.163029 0.00176762 -0.2
298 0.452956 0.000929256 0.205308 0.000532519 0.164287 0.00182391 -0.2
299 0.437313 0.00119655 0.191408 0.00067283 0.140348 0.00153435 0
300 0.452855 0.000888808 0.205214 0.000503142 0.165657 0.00196601 -0.2
301 0.437192 0.00110822 0.191276 0.000620779 0.138923 0.00138278 0
302 0.437051 0.00121943 0.19121 0.000689947 0.140537 0.00156057 0
303 0.4174 0.00153719 0.174441 0.000850872 0.121053 0.00142176 0.2
304 0.465754 0.000666267 0.217013 0.000392136 0.196229 0.00231668 -0.4
305 0.452926 0.000854348 0.205248 0.000508955 0.164213 0.00180333 -0.2
306 0.452893 0.00091775 0.205238 0.000540284 0.16382 0.0018195 -0.2
307 0.437049 0.00115828 0.191131 0.000672748 0.140112 0.00146349 0
308 0.453077 0.000859456 0.205392 0.000497566 0.16506 0.00193105 -0.2
309 0.437281 0.00111008 0.191343 0.000647835 0.139491 0.0015956 0
310 0.437441 0.00117821 0.191513 0.000675506 0.140576 0.00143127 0
311 0.417418 0.00150524 0.174404 0.000856363 0.120072 0.0013236 0.2
312 0.453232 0.000872138 0.205542 0.000485607 0.165346 0.00179856 -0.2
313 0.437468 0.00111006 0.191516 0.000622004 0.140917 0.00142977 0
314 0.437634 0.00119462 0.191687 0.000666302 0.140103 0.00159403 0
315 0.417517 0.00151921 0.1745 0.000839631 0.120461 0.00134053 0.2
316 0.437722 0.00112115 0.191754 0.000624193 0.141455 0.0015307 0
317 0.417755 0.00142731 0.174698 0.00079324 0.119654 0.00136702 0.2
318 0.417888 0.00152535 0.17483 0.000838515 0.121778 0.00147371 0.2
319 0.391955 0.00195714 0.153853 0.00104894 0.103791 0.00106289 0.4
320 0.475546 0.000525702 0.226235 0.000307525 0.236685 0.00274215 -0.6
321 0.465258 0.000680784 0.216557 0.000418197 0.195513 0.00235619 -0.4
322 0.465165 0.000716684 0.2165 0.000429808 0.194577 0.00249195 -0.4
323 0.452561 0.000931472 0.204951 0.000559214 0.162621 0.00175968 -0.2
324 0.465044 0.000686225 0.216379 0.000406409 0.19358 0.00208509 -0.4
325 0.452513 0.000899429 0.204899 0.000543752 0.164192 0.001666 -0.2
326 0.452639 0.000940368 0.205041 0.000556125 0.164424 0.00185132 -0.2
327 0.436527 0.00121666 0.190724 0.000719639 0.139885 0.00161464 0
328 0.465249 0.00069823 0.216571 0.000401695 0.194156 0.00218033 -0.4
329 0.452566 0.000898077 0.204935 0.000517891 0.163753 0.00182984 -0.2
330 0.452765 0.000963299 0.205144 0.000555892 0.164849 0.00210794 -0.2
331 0.436879 0.00124122 0.191045 0.000717314 0.140143 0.00164961 0
332 0.452571 0.000902666 0.204953 0.000523324 0.16437 0.00182808 -0.2
333 0.436811 0.00116117 0.190954 0.00067065 0.140413 0.00153798 0
334 0.436847 0.00124523 0.191035 0.00070029 0.139648 0.00171477 0
335 0.416876 0.00155601 0.173997 0.000868242 0.120801 0.00142982 0.2
336 0.465396 0.000710332 0.216702 0.000418662 0.195393 0.00236891 -0.4
337 0.452687 0.000888766 0.205036 0.000532493 0.164607 0.00198088 -0.2
338 0.452683 0.000963983 0.205051 0.000563883 0.165766 0.00201652 -0.2
339 0.437039 0.00121583 0.191158 0.000715194 0.140073 0.00166554 0
340 0.452861 0.000902539 0.205233 0.000518504 0.164377 0.0018828 -0.2
341 0.437043 0.00114011 0.191147 0.000664969 0.140238 0.00149421 0
342 0.437152 0.00122876 0.191279 0.000707028 0.140293 0.00150487 0
343 0.417504 0.00151074 0.174486 0.000863104 0.121002 0.00136395 0.2
344 0.452833 0.000914976 0.205184 0.000514703 0.164142 0.00179383 -0.2
345 0.437168 0.00117347 0.19127 0.000681343 0.139821 0.00170152 0
346 0.436994 0.00123186 0.191145 0.000680266 0.139983 0.00162709 0
347 0.417159 0.00154324 0.174215 0.00086379 0.119039 0.001281 0.2
348 0.437096 0.00114948 0.191226 0.000659494 0.140585 0.00169815 0
349 0.417025 0.00146877 0.174072 0.000815755 0.120616 0.00116219 0.2
350 0.417278 0.00156428 0.17434 0.000855594 0.119589 0.00141561 0.2
351 0.391463 0.00201626 0.153481 0.00107902 0.103346 0.00122426 0.4
352 0.4655 0.000718556 0.216811 0.000414124 0.197727 0.00243912 -0.4
353 0.452778 0.000934441 0.205138 0.000550274 0.16465 0.00179538 -0.2
354 0.452847 0.000974368 0.20521 0.00056812 0.164855 0.00202611 -0.2
355 0.437144 0.00125437 0.191278 0.000734306 0.140467 0.00160526 0
356 0.452683 0.000918957 0.205074 0.000536094 0.163 0.0017353 -0.2
357 0.436958 0.0011644 0.191091 0.000669036 0.139739 0.00161244 0
358 0.437032 0.00125153 0.191196 0.000714978 0.139081 0.00158271 0
359 0.41746 0.00159189 0.174479 0.000896776 0.120689 0.00142054 0.2
360 0.452987 0.000932175 0.205341 0.000525627 0.164883 0.00184335 -0.2
361 0.437249 0.00119176 0.191343 0.000682662 0.139667 0.00170777 0
362 0.43744 0.00127302 0.191552 0.000718462 0.141294 0.00170722 0
363 0.417397 0.00159837 0.174437 0.000878848 0.121153 0.00138748 0.2
364 0.437295 0.001219 0.191401 0.000682564 0.140251 0.00163245 0
365 0.417398 0.00152446 0.174418 0.000833989 0.120493 0.00120461 0.2
366 0.417454 0.00164084 0.174511 0.000879021 0.120817 0.00134212 0.2
367 0.391745 0.00207483 0.153704 0.00110008 0.103036 0.00114999 0.4
368 0.452897 0.000930362 0.205251 0.000535424 0.164733 0.00197837 -0.2
369 0.437251 0.00119528 0.191338 0.000697111 0.141394 0.00167464 0
370 0.437171 0.00125798 0.191282 0.000712954 0.140613 0.0016364 0
371 0.417627 0.00158433 0.174599 0.000894838 0.119974 0.00134588 0.2
372 0.437261 0.0011695 0.191361 0.000658897 0.139797 0.0014581 0
373 0.417377 0.00149346 0.174381 0.000832204 0.120999 0.00136026 0.2
374 0.417707 0.00160452 0.174703 0.000876117 0.120936 0.00124926 0.2
375 0.392072 0.0020417 0.153953 0.00108678 0.102408 0.00136804 0.4
376 0.437505 0.00118193 0.191577 0.000643211 0.139497 0.00153799 0
377 0.417563 0.00152379 0.174534 0.000848505 0.120302 0.0013271 0.2
378 0.417762 0.00162079 0.174739 0.000871944 0.121249 0.00158422 0.2
379 0.392016 0.00207691 0.153905 0.00109249 0.10434 0.00129555 0.4
380 0.417618 0.00155592 0.174611 0.000841566 0.119821 0.00141488 0.2
381 0.392211 0.001942 0.154058 0.00104302 0.102912 0.00119398 0.4
382 0.392107 0.00201815 0.153974 0.00107407 0.103506 0.00119253 0.4
383 0.356183 0.00276576 0.127164 0.00137758 0.0883315 0.00107749 0.6
384 0.47569 0.000489126 0.226355 0.000300155 0.238671 0.00258213 -0.6
385 0.465304 0.000637872 0.2166 0.000398081 0.193913 0.00206523 -0.4
386 0.465482 0.00068766 0.216779 0.000431145 0.196815 0.00226681 -0.4
387 0.452676 0.000902205 0.205047 0.000553763 0.16375 0.00183684 -0.2
388 0.465367 0.000664876 0.216685 0.000397627 0.19461 0.00212643 -0.4
389 0.452638 0.00087566 0.204984 0.000535775 0.163173 0.00164041 -0.2
390 0.45259 0.000907306 0.204974 0.000553793 0.16481 0.00189158 -0.2
391 0.436998 0.00116302 0.191118 0.000678618 0.140321 0.00158055 0
392 0.465474 0.000661391 0.216773 0.000384224 0.193942 0.00234632 -0.4
393 0.452888 0.000882774 0.205227 0.000519735 0.164535 0.00186479 -0.2
394 0.452972 0.000902747 0.205319 0.000528048 0.164568 0.00195798 -0.2
395 0.43722 0.00117289 0.19133 0.000677807 0.140302 0.00152629 0
396 0.452749 0.000876771 0.205135 0.000513026 0.163432 0.00176555 -0.2
397 0.436886 0.00110746 0.191017 0.000639663 0.139799 0.00136598 0
398 0.437108 0.00119979 0.191251 0.000696342 0.139451 0.00156769 0
399 0.417216 0.00149889 0.174267 0.000835612 0.120597 0.00140717 0.2
400 0.465646 0.000670793 0.216923 0.000405957 0.194687 0.00226067 -0.4
401 0.452883 0.000869336 0.205224 0.000540527 0.165828 0.0016401 -0.2
402 0.453057 0.000907821 0.205404 0.000544255 0.165793 0.00185931 -0.2
403 0.43713 0.00118927 0.191234 0.000705638 0.139022 0.00172117 0
404 0.452982 0.000868016 0.205309 0.0005171 0.165606 0.0019151 -0.2
405 0.437051 0.00112205 0.191146 0.000668642 0.140149 0.00151639 0
406 0.437433 0.00119143 0.191526 0.000701266 0.140566 0.00155294 0
407 0.417456 0.00151511 0.174454 0.000857367 0.120022 0.00134086 0.2
408 0.453186 0.000870916 0.205508 0.000508017 0.165981 0.00182098 -0.2
409 0.437233 0.00113872 0.191318 0.000656996 0.140149 0.00153153 0
410 0.437556 0.0011885 0.191635 0.000680673 0.140448 0.00152756 0
411 0.417526 0.00154169 0.174536 0.000856517 0.120038 0.00136708 0.2
412 0.437282 0.00115049 0.191379 0.00066368 0.139663 0.00147641 0
413 0.417648 0.00145252 0.174617 0.000796341 0.120615 0.00129246 0.2
414 0.417768 0.00153708 0.174735 0.000854178 0.121166 0.00133586 0.2
415 0.391948 0.00198082 0.153858 0.00105349 0.102849 0.00123544 0.4
416 0.465585 0.000681782 0.216869 0.000411538 0.194992 0.00207751 -0.4
417 0.453107 0.000885804 0.205426 0.000523747 0.164048 0.00190528 -0.2
418 0.453003 0.000920433 0.205346 0.000555611 0.165145 0.00184478 -0.2
419 0.437205 0.00118392 0.191284 0.000703586 0.139553 0.00147331 0
420 0.45284 0.000896858 0.205208 0.000535424 0.163407 0.00180636 -0.2
421 0.437245 0.00113217 0.191336 0.000666015 0.140213 0.00138881 0
422 0.437367 0.0012012 0.19146 0.00069996 0.140389 0.00163316 0
423 0.417402 0.00151841 0.174424 0.000857897 0.119398 0.00130129 0.2
424 0.453258 0.000907043 0.205572 0.000521799 0.165453 0.00183163 -0.2
425 0.437381 0.00115873 0.191449 0.000653889 0.139012 0.00133227 0
426 0.437595 0.00121138 0.191665 0.000687038 0.141652 0.00161909 0
427 0.417644 0.00154597 0.174622 0.000860081 0.120311 0.00146121 0.2
428 0.437426 0.00117151 0.191506 0.000668135 0.140277 0.00147065 0
429 0.417585 0.00149707 0.174546 0.000834261 0.120432 0.00133409 0.2
430 0.41785 0.00155979 0.174814 0.000864874 0.120606 0.00136459 0.2
431 0.39196 0.00203278 0.153871 0.00108333 0.104307 0.0012339 0.4
432 0.453249 0.000885054 0.205564 0.000525602 0.165036 0.00186582 -0.2
433 0.437502 0.00112685 0.191536 0.00065485 0.142024 0.00151318 0
434 0.437563 0.00120977 0.191616 0.000705375 0.141702 0.00156424 0
435 0.417909 0.00154637 0.174837 0.000875911 0.121795 0.00145854 0.2
436 0.437465 0.00115608 0.191543 0.000665795 0.140293 0.00167704 0
437 0.417755 0.00147065 0.174706 0.000832877 0.119802 0.00134227 0.2
438 0.41791 0.00153709 0.17486 0.000873123 0.119205 0.00141897 0.2
439 0.3926 0.00194718 0.154352 0.00103166 0.103065 0.00117774 0.4
440 0.437695 0.00115724 0.191732 0.00065498 0.139324 0.00155524 0
441 0.417936 0.0014897 0.174848 0.000814543 0.120986 0.00128215 0.2
442 0.418112 0.00155165 0.175018 0.000859426 0.120732 0.00160562 0.2
443 0.392723 0.00198785 0.15447 0.00105345 0.104511 0.00123879 0.4
444 0.418193 0.00149525 0.175089 0.000824356 0.120191 0.0013988 0.2
445 0.392149 0.00190069 0.153981 0.00101192 0.103051 0.00100562 0.4
446 0.392682 0.00196803 0.154448 0.00104148 0.103948 0.00129415 0.4
447 0.356624 0.00265681 0.127423 0.00129874 0.0886872 0.00105351 0.6
448 0.465513 0.000705529 0.216825 0.000422953 0.195216 0.00225255 -0.4
449 0.452784 0.000918648 0.205152 0.00055022 0.164692 0.00189376 -0.2
450 0.452793 0.000954815 0.205187 0.000568772 0.16451 0.00203326 -0.2
451 0.437237 0.00122629 0.191351 0.000721959 0.140708 0.00160902 0
452 0.452823 0.000912913 0.205202 0.000546009 0.164639 0.00173328 -0.2
453 0.436886 0.00116986 0.191027 0.000686249 0.139763 0.00146949 0
454 0.437129 0.00123717 0.191272 0.000719159 0.141239 0.00167403 0
455 0.417419 0.00154817 0.174432 0.000867393 0.121497 0.00143836 0.2
456 0.453104 0.000922916 0.205446 0.000532537 0.163717 0.001769 -0.2
457 0.437269 0.00118222 0.191373 0.000675349 0.139722 0.00164036 0
458 0.437374 0.00125056 0.191496 0.000716037 0.140092 0.00178406 0
459 0.417529 0.00159581 0.174543 0.00089336 0.120772 0.001513 0.2
460 0.437126 0.00120309 0.191255 0.000694597 0.139737 0.00158843 0
461 0.417506 0.00152459 0.174499 0.000853305 0.121132 0.00130655 0.2
462 0.417129 0.00161522 0.174239 0.000895975 0.119935 0.00137692 0.2
463 0.391757 0.00206896 0.153725 0.00109214 0.103829 0.00131574 0.4
464 0.453063 0.00091699 0.205406 0.000531371 0.165722 0.00197038 -0.2
465 0.437389 0.00120226 0.191468 0.000714909 0.14068 0.00161796 0
466 0.437479 0.0012398 0.191573 0.000717916 0.139983 0.00166676 0
467 0.4176 0.00158438 0.174593 0.000887496 0.120189 0.00149976 0.2
468 0.437409 0.00117159 0.191501 0.00068363 0.140414 0.00138806 0
469 0.417457 0.00151866 0.174474 0.000852103 0.119731 0.00136881 0.2
470 0.417989 0.00157023 0.17493 0.000875999 0.121911 0.00143283 0.2
471 0.392118 0.00200355 0.154026 0.00107156 0.104047 0.00131684 0.4
472 0.437477 0.00119266 0.191556 0.000677864 0.139919 0.0015887 0
473 0.417758 0.00153397 0.174702 0.000846895 0.121091 0.00143928 0.2
474 0.41779 0.00162102 0.174778 0.000890823 0.120996 0.00152237 0.2
475 0.392188 0.00204737 0.154056 0.00108819 0.105408 0.00131259 0.4
476 0.417557 0.00152333 0.174566 0.000853482 0.121137 0.0014477 0.2
477 0.392239 0.00196526 0.154086 0.00104457 0.103184 0.00107598 0.4
478 0.392476 0.00203498 0.1543 0.00106918 0.103088 0.0011759 0.4
479 0.35672 0.00271698 0.127562 0.00133832 0.0881601 0.00107299 0.6
480 0.453161 0.000938054 0.205512 0.000545282 0.16657 0.00205708 -0.2
481 0.437419 0.00120162 0.191502 0.000696705 0.142262 0.00158333 0
482 0.437457 0.00127457 0.191576 0.000737205 0.141673 0.00170737 0
483 0.41764 0.00161634 0.174634 0.000904563 0.121555 0.00133257 0.2
484 0.43724 0.00122126 0.191379 0.000692895 0.141441 0.00175813 0
485 0.417704 0.00154705 0.174675 0.000864448 0.120603 0.00135273 0.2
486 0.417641 0.00161872 0.174672 0.000892925 0.119676 0.00146204 0.2
487 0.391914 0.00206008 0.15386 0.00108438 0.104075 0.0011436 0.4
488 0.437488 0.00125174 0.191575 0.000706472 0.141185 0.0017691 0
489 0.417742 0.00153274 0.174718 0.000837504 0.120012 0.00132074 0.2
490 0.417893 0.00163553 0.17486 0.000896912 0.12028 0.00147471 0.2
491 0.392256 0.00207093 0.154125 0.00109795 0.10257 0.00126611 0.4
492 0.417636 0.00159203 0.174641 0.000883327 0.12151 0.00151111 0.2
493 0.391928 0.00196491 0.153844 0.00103961 0.104084 0.00118429 0.4
494 0.392206 0.00208677 0.154093 0.00109203 0.102544 0.00122036 0.4
495 0.356404 0.00274983 0.127325 0.00135238 0.0884029 0.00103125 0.6
496 0.437603 0.00123674 0.191656 0.000702706 0.140401 0.00157365 0
497 0.417777 0.00155704 0.174727 0.000869037 0.120895 0.00131092 0.2
498 0.417719 0.00163341 0.174691 0.000903038 0.121354 0.00150285 0.2
499 0.392903 0.00204209 0.154608 0.00107796 0.10391 0.00116686 0.4
500 0.418042 0.00152546 0.174939 0.000847773 0.120432 0.00136843 0.2
501 0.392346 0.00197577 0.154173 0.00104296 0.104215 0.00120733 0.4
502 0.392741 0.00201847 0.154487 0.00106772 0.10576 0.00135497 0.4
503 0.356912 0.00267376 0.127673 0.00129778 0.0880128 0.00105349 0.6
504 0.418133 0.00156351 0.175044 0.00085394 0.121732 0.0015015 0.2
505 0.392563 0.00202702 0.154359 0.00107577 0.103896 0.00122337 0.4
506 0.392823 0.00209507 0.154576 0.0010921 0.104263 0.00123463 0.4
507 0.356994 0.00274302 0.127694 0.00134115 0.0890832 0.00110063 0.6
508 0.39241 0.00198084 0.154216 0.00103857 0.103523 0.00109516 0.4
509 0.356529 0.00263628 0.127394 0.00132509 0.0881217 0.00108056 0.6
510 0.356317 0.00271689 0.127243 0.00133643 0.0884045 0.00112121 0.6
511 0.294881 0.00412071 0.087164 0.00172381 0.0724378 0.00102344 0.8
512 0.48414 0.000340421 0.234457 0.000202249 0.301184 0.00371054 -0.8
513 0.475191 0.000441611 0.225877 0.000270522 0.234076 0.00256365 -0.6
514 0.475292 0.000501465 0.225982 0.000311123 0.235997 0.00285221 -0.6
515 0.464838 0.000643552 0.216164 0.00040414 0.193308 0.00219664 -0.4
516 0.475342 0.000475585 0.226029 0.000284265 0.235487 0.00269006 -0.6
517 0.464794 0.000617851 0.216114 0.000373207 0.194095 0.00217266 -0.4
518 0.464959 0.000665884 0.216298 0.00040442 0.193833 0.00221374 -0.4
519 0.452261 0.000842432 0.204663 0.000506648 0.162503 0.00179349 -0.2
520 0.475354 0.000479713 0.226058 0.000276795 0.235108 0.00253983 -0.6
521 0.464849 0.000633585 0.216197 0.000371476 0.193607 0.00218674 -0.4
522 0.465037 0.000683035 0.216377 0.000405765 0.195318 0.0022144 -0.4
523 0.452219 0.000877497 0.204643 0.000513289 0.163668 0.00178774 -0.2
524 0.465021 0.000652023 0.21636 0.000383963 0.194334 0.00215986 -0.4
525 0.452196 0.000845848 0.204615 0.000495521 0.162513 0.00178177 -0.2
526 0.452409 0.000878494 0.204839 0.000508913 0.164142 0.00168581 -0.2
527 0.436441 0.00110124 0.190649 0.0006317 0.138245 0.00159258 0
528 0.475448 0.000472185 0.226138 0.000282161 0.235714 0.00260237 -0.6
529 0.465009 0.000615877 0.216329 0.00037703 0.194387 0.00191693 -0.4
530 0.465102 0.000664746 0.216435 0.000400604 0.195009 0.002226 -0.4
531 0.45247 0.000838434 0.204842 0.000509917 0.163228 0.00165655 -0.2
532 0.465121 0.000618806 0.21645 0.000367986 0.192962 0.00203522 -0.4
533 0.452407 0.000807999 0.204786 0.000483158 0.162632 0.00164559 -0.2
534 0.452577 0.000896501 0.204965 0.000528793 0.164054 0.00186521 -0.2
535 0.436865 0.00110715 0.19101 0.000643678 0.140022 0.00163396 0
536 0.46516 0.000641119 0.216492 0.000365937 0.19301 0.00203122 -0.4
537 0.452321 0.000825631 0.204724 0.000478559 0.163132 0.00170704 -0.2
538 0.452535 0.000884392 0.204944 0.000511054 0.164993 0.00183831 -0.2
539 0.436514 0.00112812 0.190713 0.000640992 0.139347 0.00135344 0
540 0.452678 0.000829625 0.205068 0.000478107 0.163198 0.00175598 -0.2
541 0.43665 0.00108143 0.190808 0.000611998 0.139659 0.00158892 0
542 0.436932 0.00113742 0.191093 0.000651064 0.139936 0.00147275 0
543 0.416811 0.00144402 0.173938 0.000810938 0.119081 0.00125391 0.2
544 0.475477 0.000494064 0.226171 0.000282225 0.237972 0.00281733 -0.6
545 0.464951 0.000648544 0.216288 0.000390692 0.193969 0.00215513 -0.4
546 0.465109 0.000692796 0.216445 0.000421971 0.193633 0.00220314 -0.4
547 0.452379 0.000879838 0.204788 0.000529858 0.163738 0.00172064 -0.2
548 0.465154 0.000655394 0.216486 0.000383273 0.194056 0.00231944 -0.4
549 0.452216 0.000844564 0.20463 0.000497251 0.162477 0.0017587 -0.2
550 0.452453 0.000907549 0.204871 0.000537656 0.16428 0.00189326 -0.2
551 0.436668 0.00116339 0.190849 0.000670179 0.140666 0.00147076 0
552 0.46522 0.000675479 0.216556 0.000386068 0.195703 0.0021759 -0.4
553 0.452567 0.00085023 0.204945 0.00047559 0.163646 0.0016567 -0.2
554 0.452565 0.000932672 0.204977 0.000537025 0.163117 0.00183918 -0.2
555 0.436753 0.00114005 0.190917 0.000641844 0.139806 0.00167655 0
556 0.452647 0.000867334 0.205045 0.000493616 0.163188 0.00189253 -0.2
557 0.43698 0.00110375 0.191125 0.000627557 0.139756 0.00160653 0
558 0.436871 0.00117528 0.191052 0.000661503 0.139629 0.00156647 0
559 0.416841 0.00148326 0.173979 0.000807379 0.119677 0.00132122 0.2
560 0.465302 0.000661562 0.216624 0.000379714 0.195505 0.00214542 -0.4
561 0.45264 0.000836761 0.205012 0.000497279 0.163547 0.00176945 -0.2
562 0.452634 0.000886667 0.205023 0.000513691 0.163466 0.00184595 -0.2
563 0.436697 0.00114738 0.190856 0.000670451 0.139868 0.00148555 0
564 0.452719 0.000852023 0.205092 0.00049456 0.163675 0.00177942 -0.2
565 0.436785 0.00105748 0.190927 0.000607547 0.139292 0.00130276 0
566 0.437055 0.00115599 0.191193 0.000669052 0.140672 0.0016336 0
567 0.416999 0.00145271 0.174066 0.000807764 0.119112 0.00121421 0.2
568 0.452797 0.000864219 0.205162 0.000488773 0.163977 0.00182609 -0.2
569 0.437001 0.0010853 0.191125 0.000610762 0.139639 0.00139661 0
570 0.43704 0.0011638 0.191192 0.000645251 0.139672 0.00140697 0
571 0.416866 0.00147707 0.173974 0.000805898 0.120446 0.00124075 0.2
572 0.437092 0.00112593 0.191233 0.000630181 0.140279 0.0014533 0
573 0.417238 0.00138584 0.174281 0.000765822 0.120822 0.00127013 0.2
574 0.417449 0.00148445 0.17448 0.000802362 0.119374 0.00140919 0.2
575 0.391752 0.00188802 0.153731 0.000999224 0.103695 0.00112518 0.4
576 0.475345 0.000498363 0.226055 0.000290222 0.236262 0.00272705 -0.6
577 0.464964 0.000655729 0.216283 0.000402036 0.194479 0.00203654 -0.4
578 0.465064 0.000720567 0.216405 0.000437125 0.193166 0.00228758 -0.4
579 0.452468 0.000911928 0.204863 0.000553202 0.164043 0.00203187 -0.2
580 0.464974 0.00066626 0.216328 0.000396817 0.194641 0.00231283 -0.4
581 0.452315 0.000854272 0.204719 0.000504992 0.164408 0.00172593 -0.2
582 0.452413 0.000930357 0.204843 0.000549564 0.163138 0.00177621 -0.2
583 0.436743 0.00115893 0.190903 0.000675379 0.140448 0.00164746 0
584 0.465126 0.000692132 0.216465 0.000392337 0.194299 0.00213625 -0.4
585 0.452372 0.000873836 0.204783 0.000509702 0.162712 0.00189559 -0.2
586 0.452454 0.000939855 0.204874 0.000543118 0.164331 0.00198062 -0.2
587 0.436619 0.00119249 0.190806 0.000687849 0.140294 0.00162828 0
588 0.452404 0.000897318 0.204815 0.000522726 0.16286 0.00179904 -0.2
589 0.436403 0.00111793 0.190616 0.000642382 0.138529 0.00162517 0
590 0.43665 0.00122779 0.190872 0.000701026 0.140253 0.00156802 0
591 0.416775 0.00156773 0.173899 0.000858974 0.121187 0.00144205 0.2
592 0.465211 0.000678506 0.216536 0.000398295 0.195396 0.00218997 -0.4
593 0.452356 0.000848619 0.204747 0.00049988 0.164913 0.00166928 -0.2
594 0.452411 0.000951928 0.204828 0.000555761 0.165559 0.00212749 -0.2
595 0.436771 0.00116827 0.190944 0.000675813 0.139418 0.00146439 0
596 0.452628 0.000860282 0.205006 0.000497161 0.163727 0.00182864 -0.2
597 0.43681 0.00109527 0.190955 0.000633578 0.137898 0.0013818 0
598 0.436875 0.00118185 0.191044 0.000671527 0.139968 0.00158779 0
599 0.416977 0.00150037 0.174072 0.000836969 0.120014 0.00131523 0.2
600 0.452647 0.000890114 0.20504 0.000505545 0.164986 0.00173495 -0.2
601 0.436743 0.00115382 0.190914 0.000655077 0.140069 0.00154774 0
602 0.43672 0.00121753 0.190927 0.000673903 0.139736 0.0016576 0
603 0.417112 0.00150838 0.174209 0.000835141 0.119067 0.00138651 0.2
604 0.43682 0.00112381 0.190995 0.000634138 0.138886 0.00149323 0
605 0.416897 0.00147984 0.174003 0.000824342 0.118612 0.00139065 0.2
606 0.417068 0.00153583 0.174192 0.000825291 0.11989 0.00128618 0.2
607 0.391477 0.00192855 0.15351 0.00101505 0.103771 0.00112221 0.4
608 0.465195 0.000703562 0.216538 0.000407299 0.195117 0.00217466 -0.4
609 0.452546 0.000877487 0.204942 0.000513381 0.164213 0.00187404 -0.2
610 0.45256 0.000974617 0.204977 0.000565332 0.164197 0.00197875 -0.2
611 0.436444 0.00123485 0.190663 0.000714707 0.140625 0.00157769 0
612 0.452465 0.000917023 0.2049 0.000532846 0.163906 0.00178781 -0.2
613 0.436887 0.00112622 0.191049 0.000636295 0.1401 0.00151789 0
614 0.436829 0.00121954 0.191023 0.000694919 0.140486 0.00167571 0
615 0.416731 0.00153069 0.173896 0.000839165 0.120551 0.00122834 0.2
616 0.452469 0.000935163 0.204897 0.000520426 0.163974 0.00199876 -0.2
617 0.436802 0.00115244 0.190969 0.000638226 0.139095 0.00148781 0
618 0.436952 0.00123665 0.191139 0.000688466 0.140305 0.0016071 0
619 0.417039 0.0015714 0.174145 0.000850812 0.119351 0.0014256 0.2
620 0.43685 0.0011785 0.191038 0.000655794 0.13945 0.00161248 0
621 0.416863 0.00148963 0.173988 0.000816254 0.119309 0.00131672 0.2
622 0.416969 0.00156339 0.174114 0.000848553 0.119996 0.00144949 0.2
623 0.391151 0.00199709 0.153269 0.00104355 0.103355 0.00123081 0.4
624 0.452648 0.000899528 0.205042 0.000510832 0.163403 0.00189804 -0.2
625 0.436966 0.00113453 0.191102 0.000640432 0.140424 0.00150754 0
626 0.436993 0.00124389 0.191165 0.000701974 0.139711 0.00165792 0
627 0.41722 0.00154162 0.174285 0.00084471 0.118544 0.00136543 0.2
628 0.436905 0.00117519 0.191083 0.000663472 0.138852 0.00158015 0
629 0.417178 0.0014584 0.174239 0.000798544 0.120559 0.00127451 0.2
630 0.417412 0.00155076 0.174461 0.000845107 0.120003 0.00130836 0.2
631 0.391772 0.00192246 0.153706 0.000999234 0.103019 0.0011531 0.4
632 0.437115 0.00118339 0.191255 0.000657388 0.140397 0.00150894 0
633 0.416866 0.00148592 0.173992 0.000810187 0.120336 0.00142595 0.2
634 0.417403 0.00157566 0.174456 0.000837421 0.120052 0.00128832 0.2
635 0.391732 0.00204009 0.153724 0.00106023 0.103712 0.00109406 0.4
636 0.417308 0.0014589 0.174373 0.000798164 0.119835 0.00142322 0.2
637 0.391441 0.0018565 0.153462 0.000980301 0.103481 0.00109957 0.4
638 0.391394 0.00198421 0.153463 0.0010221 0.102782 0.00110811 0.4
639 0.355745 0.00270243 0.126891 0.00131267 0.0881555 0.00102716 0.6
640 0.475471 0.000507119 0.226165 0.000319141 0.237949 0.0027647 -0.6
641 0.465094 0.000647832 0.216407 0.000404763 0.193632 0.00221218 -0.4
642 0.465207 0.000693948 0.216535 0.000433985 0.196416 0.002409 -0.4
643 0.45236 0.000892504 0.204766 0.000549351 0.164522 0.00185479 -0.2
644 0.465086 0.000678383 0.216421 0.000413906 0.194996 0.0022558 -0.4
645 0.452392 0.000861193 0.204774 0.000524008 0.162937 0.00180701 -0.2
646 0.452504 0.000898997 0.204914 0.000540518 0.164463 0.00182346 -0.2
647 0.436753 0.0011604 0.190908 0.000698432 0.139983 0.0016774 0
648 0.465277 0.000673252 0.216602 0.000404592 0.195491 0.00223417 -0.4
649 0.45247 0.000885906 0.204874 0.00053123 0.162938 0.00173315 -0.2
650 0.452633 0.000921889 0.205022 0.000551519 0.163825 0.00184397 -0.2
651 0.436816 0.00116664 0.190987 0.000680866 0.13995 0.00160732 0
652 0.452537 0.000896162 0.204945 0.000529689 0.164624 0.00196486 -0.2
653 0.436723 0.0011197 0.190899 0.000647673 0.139166 0.00147184 0
654 0.436805 0.00120126 0.191003 0.000710131 0.141567 0.00165287 0
655 0.416665 0.00150641 0.173804 0.000851615 0.119693 0.00134529 0.2
656 0.465418 0.000661537 0.216734 0.000409175 0.195589 0.00242108 -0.4
657 0.452488 0.000868031 0.204884 0.00053431 0.162816 0.00193304 -0.2
658 0.452793 0.000905422 0.20516 0.000551883 0.164176 0.00196126 -0.2
659 0.436766 0.00116405 0.190937 0.000687535 0.13975 0.00153151 0
660 0.45277 0.000883539 0.205154 0.0005268 0.163755 0.00186307 -0.2
661 0.436796 0.00112349 0.190953 0.000665306 0.140014 0.00159729 0
662 0.437098 0.0011834 0.191221 0.000700033 0.139509 0.00146871 0
663 0.417035 0.00147124 0.174111 0.000826781 0.120029 0.00133934 0.2
664 0.452822 0.000888518 0.205205 0.000519829 0.164552 0.0018746 -0.2
665 0.43693 0.00111597 0.191066 0.000639475 0.139408 0.00136503 0
666 0.437166 0.0011798 0.191318 0.000673441 0.140375 0.00152629 0
667 0.4172 0.0014958 0.174277 0.000835816 0.12031 0.00139666 0.2
668 0.437001 0.00114489 0.191157 0.000658487 0.139564 0.00154659 0
669 0.417036 0.00142564 0.174101 0.000798396 0.119901 0.00118901 0.2
670 0.417451 0.00151547 0.174491 0.0008443 0.120359 0.00133265 0.2
671 0.391819 0.00189997 0.153771 0.00100546 0.103783 0.00105603 0.4
672 0.465202 0.000691935 0.216533 0.000417521 0.194395 0.0022983 -0.4
673 0.452579 0.000879634 0.204966 0.000527051 0.16396 0.00169677 -0.2
674 0.452693 0.000948702 0.205085 0.000570642 0.164386 0.00206033 -0.2
675 0.436987 0.0011759 0.191128 0.000694713 0.140081 0.00169049 0
676 0.452502 0.000905405 0.204919 0.000538258 0.163598 0.00185541 -0.2
677 0.436618 0.0011201 0.190807 0.000658421 0.139826 0.00157918 0
678 0.437017 0.00121426 0.191169 0.000712474 0.139759 0.0015824 0
679 0.416959 0.00148348 0.174063 0.000827863 0.119568 0.00140601 0.2
680 0.45281 0.000910461 0.205187 0.000531376 0.162742 0.00194737 -0.2
681 0.436904 0.00116773 0.191059 0.000664515 0.140542 0.00171309 0
682 0.437217 0.00121899 0.191351 0.000699476 0.14002 0.00158731 0
683 0.417077 0.00155014 0.174152 0.000863523 0.120105 0.00134342 0.2
684 0.436932 0.00115985 0.191109 0.000666644 0.139987 0.00160754 0
685 0.416882 0.00146848 0.173981 0.000815031 0.119667 0.00138844 0.2
686 0.417298 0.00155265 0.174375 0.000861123 0.120897 0.00145047 0.2
687 0.39181 0.00198192 0.153798 0.00105019 0.102948 0.00121994 0.4
688 0.452735 0.000904222 0.205116 0.00053117 0.165445 0.0019523 -0.2
689 0.436857 0.00115787 0.191006 0.000673746 0.140821 0.00153809 0
690 0.437104 0.00119885 0.191243 0.000688758 0.141231 0.00159052 0
691 0.417414 0.0015369 0.174443 0.000866343 0.122785 0.00135146 0.2
692 0.437189 0.00115783 0.191326 0.000669991 0.138669 0.00155218 0
693 0.417464 0.00144225 0.17448 0.000814821 0.120812 0.00130325 0.2
694 0.417464 0.00151398 0.174505 0.000846381 0.120286 0.00140827 0.2
695 0.391924 0.00193188 0.153874 0.00101365 0.102955 0.0010522 0.4
696 0.437286 0.00118259 0.191412 0.000655618 0.140292 0.00150948 0
697 0.41772 0.00145842 0.174684 0.000815177 0.120486 0.00118545 0.2
698 0.417467 0.00153573 0.174503 0.00083836 0.120165 0.00141515 0.2
699 0.39191 0.00194009 0.153856 0.00101522 0.103715 0.00109636 0.4
700 0.417759 0.00143596 0.174732 0.000789402 0.119694 0.00129292 0.2
701 0.392246 0.00181696 0.154091 0.000963584 0.103523 0.00104571 0.4
702 0.39208 0.00197126 0.154011 0.0010364 0.103425 0.00106719 0.4
703 0.356126 0.00265761 0.127175 0.00131263 0.0877382 0.00107456 0.6
704 0.465361 0.000687813 0.21668 0.000419107 0.196568 0.00218034 -0.4
705 0.45245 0.000911617 0.204854 0.000546487 0.164261 0.00180429 -0.2
706 0.45283 0.000952106 0.205213 0.00056672 0.164705 0.00203523 -0.2
707 0.436661 0.00119385 0.190851 0.00069711 0.141047 0.00160593 0
708 0.452486 0.000909539 0.204909 0.000540375 0.163408 0.00187968 -0.2
709 0.436771 0.00115263 0.190936 0.000665803 0.139295 0.00148989 0
710 0.436732 0.00122242 0.190942 0.000708653 0.141115 0.0016826 0
711 0.416824 0.00154357 0.173981 0.0008586 0.120898 0.00144048 0.2
712 0.452603 0.000927987 0.205019 0.000542072 0.165619 0.001812 -0.2
713 0.43696 0.00117542 0.191103 0.000685253 0.139478 0.0016155 0
714 0.437158 0.00122667 0.191309 0.000712941 0.138328 0.00153282 0
715 0.417088 0.00162236 0.174196 0.000903626 0.11978 0.00142274 0.2
716 0.436968 0.00117473 0.191133 0.00066912 0.140536 0.00161225 0
717 0.417018 0.00147487 0.174115 0.000824727 0.120484 0.00132874 0.2
718 0.416976 0.00154748 0.174129 0.000862796 0.121088 0.00140602 0.2
719 0.391506 0.0020131 0.153545 0.00107276 0.103366 0.00116893 0.4
720 0.452844 0.000916455 0.20523 0.000538467 0.163703 0.00198803 -0.2
721 0.437002 0.00114436 0.19114 0.000667916 0.139971 0.00172174 0
722 0.43724 0.00124309 0.191385 0.000728194 0.140509 0.00168548 0
723 0.417414 0.00156581 0.174462 0.000880726 0.12033 0.00142753 0.2
724 0.437147 0.00116142 0.191294 0.00066914 0.139214 0.00145946 0
725 0.417385 0.00146234 0.174439 0.000817587 0.119555 0.00137957 0.2
726 0.417466 0.0015282 0.174529 0.000837979 0.120728 0.00137094 0.2
727 0.391891 0.00194953 0.153839 0.00101421 0.103488 0.00125003 0.4
728 0.43734 0.00117587 0.191479 0.000671344 0.139862 0.00164729 0
729 0.417022 0.00153223 0.174142 0.000848018 0.119827 0.0014436 0.2
730 0.417416 0.00159283 0.174481 0.000874556 0.120504 0.00140594 0.2
731 0.391872 0.00198868 0.153822 0.00105433 0.104242 0.00116461 0.4
732 0.417322 0.00147681 0.174372 0.000817892 0.120319 0.00143526 0.2
733 0.391552 0.00192811 0.153563 0.00101198 0.103536 0.00123926 0.4
734 0.391563 0.00202213 0.153605 0.00104432 0.10395 0.00122289 0.4
735 0.356322 0.00267597 0.127281 0.00129073 0.0876994 0.0010839 0.6
736 0.452817 0.000928706 0.205216 0.000543926 0.164739 0.00185034 -0.2
737 0.437014 0.00120407 0.191174 0.00069925 0.139662 0.00150698 0
738 0.437126 0.00130235 0.191309 0.000751614 0.140821 0.00177685 0
739 0.417209 0.00158267 0.174309 0.000877135 0.120435 0.00141213 0.2
740 0.436949 0.001195 0.191135 0.000680273 0.139819 0.00162626 0
741 0.417094 0.00152283 0.174199 0.000843985 0.120227 0.00134886 0.2
742 0.417249 0.00158007 0.174368 0.000866548 0.11926 0.00132452 0.2
743 0.391704 0.00197105 0.153719 0.00102777 0.10324 0.00114332 0.4
744 0.437256 0.00120732 0.191407 0.000685335 0.139966 0.00160435 0
745 0.417512 0.00152691 0.174534 0.000849797 0.121879 0.00151589 0.2
746 0.417435 0.00162109 0.174512 0.000890727 0.119983 0.00144251 0.2
747 0.391958 0.00203113 0.153905 0.0010512 0.103163 0.00119532 0.4
748 0.417395 0.00153555 0.17448 0.000845466 0.120599 0.00137502 0.2
749 0.391845 0.00193181 0.153839 0.001007 0.103609 0.00119339 0.4
750 0.391828 0.00200616 0.153847 0.00104982 0.102796 0.00123239 0.4
751 0.355263 0.00268301 0.126557 0.00129628 0.0883419 0.00109721 0.6
752 0.437234 0.00122223 0.191393 0.000691777 0.140948 0.00174845 0
753 0.417376 0.00154333 0.174436 0.000851884 0.121407 0.00137901 0.2
754 0.417731 0.00156794 0.174741 0.000859566 0.119484 0.0014404 0.2
755 0.391908 0.0019955 0.153882 0.00103823 0.103143 0.00116432 0.4
756 0.417345 0.00148252 0.174403 0.000811794 0.121485 0.00133743 0.2
757 0.392041 0.00190453 0.153954 0.00100832 0.102808 0.00115928 0.4
758 0.392093 0.00195388 0.154034 0.00101419 0.102355 0.00121984 0.4
759 0.356264 0.00262782 0.127302 0.00125739 0.0878322 0.00101776 0.6
760 0.417602 0.00153066 0.174632 0.000833687 0.120285 0.00143082 0.2
761 0.392103 0.00194509 0.153997 0.000999491 0.103801 0.00111728 0.4
762 0.392324 0.00206309 0.154213 0.00107454 0.104182 0.0011878 0.4
763 0.356946 0.0026342 0.127693 0.00128844 0.0881104 0.00114563 0.6
764 0.391983 0.00191759 0.153933 0.00100461 0.102943 0.00121757 0.4
765 0.356281 0.00257694 0.127271 0.00127896 0.0890717 0.00101333 0.6
766 0.356551 0.00266757 0.127446 0.00130199 0.0884937 0.00107155 0.6
767 0.295141 0.004298 0.0875839 0.00183067 0.0715607 0.000848038 0.8
768 0.475493 0.000470698 0.226182 0.000275043 0.236023 0.00273441 -0.6
769 0.465202 0.000618222 0.216511 0.000371052 0.194509 0.00202662 -0.4
770 0.465236 0.000652071 0.216546 0.000395677 0.193919 0.00226238 -0.4
771 0.452569 0.000853164 0.204939 0.000507916 0.163365 0.00181878 -0.2
772 0.465192 0.000639608 0.216513 0.000381205 0.194395 0.00198649 -0.4
773 0.452237 0.000840021 0.204641 0.000493442 0.162483 0.00182958 -0.2
774 0.45268 0.000870536 0.205059 0.00050367 0.164761 0.00168609 -0.2
775 0.436676 0.00112874 0.190839 0.00065645 0.14003 0.00142515 0
776 0.465326 0.000644093 0.21664 0.000366866 0.194497 0.00221224 -0.4
777 0.452465 0.00083666 0.204854 0.000479911 0.164053 0.00165308 -0.2
778 0.452671 0.000906235 0.205065 0.000515654 0.163201 0.00195899 -0.2
779 0.436838 0.00113267 0.191004 0.000649046 0.139898 0.00147748 0
780 0.452554 0.000847865 0.204947 0.000476003 0.163237 0.00179266 -0.2
781 0.436663 0.00110168 0.19083 0.00061492 0.139576 0.00151545 0
782 0.436885 0.00118243 0.191068 0.000665909 0.139131 0.00161954 0
783 0.416812 0.00149058 0.173939 0.000811359 0.12013 0.00138561 0.2
784 0.465378 0.000641368 0.216678 0.000377514 0.19689 0.0021037 -0.4
785 0.452648 0.000835701 0.205012 0.000496345 0.1639 0.00166276 -0.2
786 0.452761 0.000878444 0.205138 0.000513026 0.163839 0.00179831 -0.2
787 0.436962 0.00112162 0.19108 0.000657031 0.140934 0.00149561 0
788 0.452853 0.000856798 0.205216 0.000500138 0.165374 0.00178825 -0.2
789 0.43694 0.00110715 0.191051 0.000639508 0.140063 0.00151926 0
790 0.437107 0.00115751 0.191232 0.000653218 0.140689 0.00164968 0
791 0.417223 0.00146613 0.174253 0.000820306 0.119788 0.00117408 0.2
792 0.452954 0.000838523 0.205305 0.000463506 0.164842 0.00186309 -0.2
793 0.437124 0.00108827 0.191229 0.000608757 0.139604 0.00140738 0
794 0.437147 0.00115636 0.191283 0.000650618 0.140337 0.0015595 0
795 0.41697 0.00145435 0.174044 0.000796221 0.118918 0.00129284 0.2
796 0.43729 0.00109793 0.191394 0.000610958 0.139062 0.00147351 0
797 0.41705 0.00138521 0.174102 0.000763546 0.118554 0.00129664 0.2
798 0.417351 0.00148913 0.174416 0.000808968 0.119691 0.00125231 0.2
799 0.391419 0.00191325 0.153476 0.00101385 0.103699 0.00118084 0.4
800 0.465527 0.000650307 0.216821 0.000373393 0.196239 0.0022031 -0.4
801 0.45271 0.000872218 0.205066 0.000510194 0.164752 0.00182425 -0.2
802 0.452757 0.000906359 0.205123 0.000528387 0.164104 0.00178743 -0.2
803 0.436804 0.00116422 0.190955 0.000669009 0.140137 0.00148289 0
804 0.452841 0.000856814 0.205216 0.000493551 0.162474 0.00170922 -0.2
805 0.436953 0.00111007 0.191085 0.000625332 0.14058 0.00144613 0
806 0.437057 0.00119509 0.191226 0.000674947 0.14018 0.00160663 0
807 0.417052 0.00149441 0.174149 0.000821034 0.119788 0.00138573 0.2
808 0.452949 0.000885971 0.205315 0.000489529 0.164508 0.00188583 -0.2
809 0.437173 0.00112826 0.191281 0.000620213 0.140998 0.00153767 0
810 0.437349 0.00119167 0.191459 0.000663773 0.140217 0.00154033 0
811 0.417332 0.00152121 0.174374 0.000836187 0.120298 0.00141784 0.2
812 0.43718 0.00114563 0.191324 0.000635369 0.139069 0.00167591 0
813 0.417195 0.00144678 0.174263 0.000782451 0.120134 0.00147475 0.2
814 0.41754 0.00152855 0.174586 0.000818346 0.120524 0.00139599 0.2
815 0.391644 0.00199372 0.153643 0.00104886 0.102833 0.00122948 0.4
816 0.453001 0.000866171 0.205337 0.000499617 0.165659 0.00182396 -0.2
817 0.437159 0.00108865 0.191233 0.000624192 0.140319 0.0013163 0
818 0.437459 0.00115174 0.191541 0.000648088 0.141183 0.00155576 0
819 0.417272 0.00147774 0.174276 0.000811888 0.119629 0.0013238 0.2
820 0.437346 0.00112228 0.191444 0.000634108 0.140278 0.00158043 0
821 0.417391 0.00140453 0.174394 0.00076801 0.120133 0.00118077 0.2
822 0.417816 0.00147652 0.174789 0.000808232 0.120046 0.00131799 0.2
823 0.391816 0.00190673 0.153763 0.00100886 0.102769 0.00102616 0.4
824 0.437542 0.00112659 0.19162 0.000604858 0.140072 0.00152549 0
825 0.417453 0.00141818 0.174425 0.000767191 0.120058 0.00119351 0.2
826 0.417755 0.00148887 0.174724 0.000798637 0.120465 0.00140356 0.2
827 0.392098 0.0019295 0.153966 0.00101621 0.10385 0.00108563 0.4
828 0.417552 0.00142944 0.174565 0.000771578 0.120391 0.00124991 0.2
829 0.391692 0.00185992 0.153652 0.000966334 0.104028 0.00115873 0.4
830 0.39187 0.00195993 0.153834 0.000998537 0.103943 0.00113698 0.4
831 0.35588 0.00273929 0.126964 0.00135731 0.0882485 0.00100342 0.6
832 0.465292 0.000676214 0.216617 0.000389671 0.196318 0.00231499 -0.4
833 0.452476 0.000895726 0.204859 0.000534333 0.164425 0.00177944 -0.2
834 0.452667 0.000933931 0.205057 0.00053641 0.164591 0.00200542 -0.2
835 0.43671 0.00121571 0.19089 0.000712876 0.139047 0.00168604 0
836 0.452492 0.000879749 0.204898 0.000503284 0.163399 0.00176155 -0.2
837 0.436669 0.0011428 0.190857 0.000658211 0.139144 0.00152936 0
838 0.436906 0.00119588 0.191088 0.000674769 0.138659 0.00161924 0
839 0.416943 0.00154854 0.174064 0.0008567 0.120519 0.00140787 0.2
840 0.452904 0.000884812 0.205264 0.000489465 0.164407 0.0018285 -0.2
841 0.437036 0.00115122 0.191169 0.000641427 0.139241 0.00151403 0
842 0.437047 0.00124285 0.191214 0.0006948 0.139499 0.00165069 0
843 0.417059 0.00156708 0.174151 0.00085439 0.118916 0.00142744 0.2
844 0.437008 0.00116923 0.191156 0.000654709 0.141151 0.00154187 0
845 0.416613 0.00149136 0.173776 0.000816891 0.120041 0.0013112 0.2
846 0.41715 0.00156888 0.174266 0.000853897 0.120529 0.00133464 0.2
847 0.390827 0.00200156 0.153012 0.00104093 0.10273 0.00126082 0.4
848 0.452812 0.000902993 0.20518 0.00050913 0.163761 0.00194296 -0.2
849 0.437073 0.00113419 0.191192 0.000654249 0.140197 0.00169123 0
850 0.437027 0.00121043 0.19116 0.000682145 0.139692 0.00162519 0
851 0.41703 0.00153343 0.174105 0.000854302 0.120356 0.00147864 0.2
852 0.436987 0.00115427 0.191134 0.000642096 0.140191 0.00160328 0
853 0.41734 0.00146903 0.17437 0.00081053 0.119818 0.00129472 0.2
854 0.417368 0.00153833 0.174414 0.000831479 0.121296 0.0014123 0.2
855 0.39155 0.00195959 0.153557 0.00102679 0.103456 0.00131594 0.4
856 0.437279 0.00115625 0.191399 0.000625718 0.139966 0.00155331 0
857 0.417141 0.0015014 0.17421 0.000816325 0.118503 0.00132684 0.2
858 0.417427 0.00156242 0.174464 0.0008507 0.119548 0.00131352 0.2
859 0.391493 0.00202 0.153515 0.00106994 0.103398 0.00126838 0.4
860 0.417455 0.00149111 0.174481 0.000788129 0.119246 0.00133243 0.2
861 0.391366 0.00193575 0.15341 0.00101278 0.103805 0.00128923 0.4
862 0.391834 0.00200545 0.153778 0.00104724 0.102662 0.00125024 0.4
863 0.355713 0.00275965 0.126837 0.00135997 0.088111 0.00103383 0.6
864 0.452799 0.000929706 0.205179 0.000519141 0.164993 0.00194558 -0.2
865 0.437065 0.00118354 0.1912 0.000671606 0.139821 0.00154732 0
866 0.437228 0.00125216 0.191365 0.000695552 0.139641 0.0017686 0
867 0.417204 0.00159506 0.174268 0.000868463 0.119325 0.00142063 0.2
868 0.437133 0.00117308 0.191291 0.000651829 0.141276 0.0015722 0
869 0.41694 0.00149918 0.174058 0.000830981 0.120994 0.00138059 0.2
870 0.417204 0.00157019 0.174303 0.000851244 0.119105 0.00133898 0.2
871 0.391406 0.00203568 0.153473 0.00104823 0.103635 0.00112631 0.4
872 0.437258 0.00118964 0.191385 0.000643176 0.141423 0.00160244 0
873 0.417313 0.00153004 0.174352 0.000829891 0.121441 0.00155135 0.2
874 0.41746 0.00159268 0.174508 0.00084898 0.119302 0.00140867 0.2
875 0.39168 0.00205863 0.153665 0.00106093 0.102967 0.00124892 0.4
876 0.417376 0.0015343 0.174426 0.000817483 0.120303 0.00145738 0.2
877 0.391409 0.00194767 0.153461 0.00101015 0.103261 0.00113481 0.4
878 0.391796 0.00202843 0.153772 0.00105164 0.104217 0.00120823 0.4
879 0.354844 0.00280612 0.126222 0.00135593 0.0874568 0.0010962 0.6
880 0.437312 0.00119307 0.191424 0.000652957 0.141663 0.00170059 0
881 0.417328 0.00151133 0.174355 0.000821095 0.120744 0.00139359 0.2
882 0.417927 0.00154851 0.174882 0.000831209 0.121126 0.00124326 0.2
883 0.391921 0.00200417 0.153849 0.00103238 0.103329 0.00123789 0.4
884 0.417753 0.00149486 0.174715 0.000789859 0.121277 0.00131038 0.2
885 0.391818 0.00192423 0.153764 0.000988622 0.103684 0.00114693 0.4
886 0.391813 0.00203493 0.153767 0.00104974 0.103329 0.0012806 0.4
887 0.35601 0.00268967 0.127082 0.00128534 0.0878675 0.00105204 0.6
888 0.417859 0.00150979 0.174821 0.000797825 0.121098 0.00142169 0.2
889 0.392204 0.00196626 0.154054 0.00102582 0.103941 0.00124703 0.4
890 0.392147 0.00206375 0.154054 0.00104085 0.104338 0.00127702 0.4
891 0.355341 0.00279276 0.126582 0.00135497 0.0876347 0.00108752 0.6
892 0.391909 0.00194648 0.153827 0.000994818 0.103065 0.00113805 0.4
893 0.355115 0.00265864 0.12638 0.00129825 0.0882645 0.0010522 0.6
894 0.355884 0.00279735 0.126977 0.00137041 0.0885337 0.00113671 0.6
895 0.292877 0.00449212 0.0861108 0.00183909 0.0723948 0.000958209 0.8
896 0.465421 0.000661336 0.216735 0.000397243 0.195671 0.00219785 -0.4
897 0.452789 0.000888767 0.205155 0.000547308 0.163041 0.00178755 -0.2
898 0.45279 0.000910595 0.205175 0.000552584 0.163467 0.00180338 -0.2
899 0.436965 0.00119072 0.191109 0.000706544 0.139718 0.00143963 0
900 0.452693 0.00086965 0.205067 0.000512197 0.164252 0.00182003 -0.2
901 0.436754 0.00114016 0.190918 0.000660635 0.139677 0.00145021 0
902 0.437151 0.00116286 0.191282 0.000685705 0.141328 0.00165453 0
903 0.416969 0.00149344 0.174068 0.000839625 0.11949 0.00144592 0.2
904 0.452974 0.000884519 0.205341 0.000515443 0.164942 0.00182674 -0.2
905 0.437078 0.00115306 0.191202 0.000658121 0.139874 0.00164653 0
906 0.437293 0.00117294 0.191408 0.000673044 0.140787 0.00154416 0
907 0.417526 0.00152756 0.174539 0.000858773 0.122088 0.0013662 0.2
908 0.436908 0.00116048 0.191089 0.000665475 0.139846 0.00146662 0
909 0.417186 0.00146783 0.17424 0.000809916 0.119535 0.00148826 0.2
910 0.417271 0.00153532 0.174345 0.000852023 0.119362 0.00135719 0.2
911 0.3917 0.00198428 0.153685 0.00105685 0.103534 0.00108617 0.4
912 0.452989 0.00087396 0.205328 0.000510398 0.164054 0.00184732 -0.2
913 0.437107 0.00111829 0.191217 0.000650271 0.138898 0.00151288 0
914 0.43762 0.00117065 0.191681 0.000681845 0.14205 0.00163051 0
915 0.417539 0.00150994 0.174531 0.000845627 0.1193 0.00124735 0.2
916 0.437251 0.00111297 0.191358 0.000643029 0.140021 0.00148019 0
917 0.417291 0.00140251 0.174312 0.000786485 0.119925 0.00131002 0.2
918 0.417814 0.00149826 0.174778 0.0008355 0.121375 0.00139557 0.2
919 0.391891 0.00195986 0.153819 0.00103448 0.102973 0.00128751 0.4
920 0.437472 0.00114355 0.191553 0.000643807 0.140232 0.0014486 0
921 0.417386 0.00146604 0.174433 0.000807255 0.120102 0.00123333 0.2
922 0.41787 0.0015068 0.174811 0.000833262 0.12094 0.0012977 0.2
923 0.39206 0.00202762 0.153956 0.00107995 0.103977 0.00114837 0.4
924 0.417418 0.00147077 0.174438 0.000798192 0.120254 0.00136604 0.2
925 0.391691 0.00191505 0.15363 0.00100938 0.102952 0.00124758 0.4
926 0.392162 0.00198122 0.154032 0.00104218 0.102863 0.00112946 0.4
927 0.356097 0.00273566 0.127123 0.00133958 0.0889695 0.00111869 0.6
928 0.452911 0.000874106 0.205285 0.000505338 0.163981 0.00185791 -0.2
929 0.437313 0.00114979 0.191395 0.000666733 0.140163 0.001553 0
930 0.437379 0.00119867 0.191489 0.000693765 0.140946 0.00165772 0
931 0.417639 0.00153264 0.174623 0.000860402 0.120787 0.0012689 0.2
932 0.437154 0.00117295 0.191295 0.000679525 0.140031 0.00151316 0
933 0.417384 0.00149084 0.174423 0.000839314 0.119555 0.00130897 0.2
934 0.417649 0.00153014 0.17468 0.000853225 0.12151 0.00144628 0.2
935 0.391707 0.00194296 0.153707 0.00101585 0.102813 0.00114758 0.4
936 0.437709 0.00117879 0.191783 0.000665689 0.142141 0.00148131 0
937 0.417488 0.00149296 0.174494 0.000811298 0.119393 0.00142351 0.2
938 0.417913 0.00152498 0.174879 0.000839661 0.120751 0.00144192 0.2
939 0.392086 0.00200465 0.15397 0.00104443 0.103553 0.00128866 0.4
940 0.417912 0.00152545 0.174879 0.000843283 0.120652 0.00145163 0.2
941 0.391697 0.00190313 0.15366 0.00100221 0.103404 0.00120827 0.4
942 0.392063 0.00200225 0.153975 0.00105976 0.104116 0.00126874 0.4
943 0.355502 0.00281296 0.126675 0.0013544 0.0881008 0.00113656 0.6
944 0.437831 0.00115555 0.191872 0.000664733 0.141807 0.0015649 0
945 0.417826 0.001463 0.174779 0.000816136 0.120798 0.00132842 0.2
946 0.417758 0.00153717 0.174731 0.000848055 0.120094 0.00145973 0.2
947 0.392352 0.00199643 0.154184 0.00105284 0.103705 0.00115762 0.4
948 0.41767 0.00148242 0.174678 0.000813368 0.120993 0.00133787 0.2
949 0.392267 0.0018725 0.154098 0.000986374 0.103594 0.00107671 0.4
950 0.392083 0.00195213 0.153964 0.00100236 0.102642 0.00114212 0.4
951 0.356537 0.00269761 0.127414 0.00130832 0.0883532 0.0010578 0.6
952 0.418073 0.00148074 0.174986 0.00079489 0.121317 0.00138831 0.2
953 0.392263 0.00192702 0.154096 0.00101922 0.104374 0.00123903 0.4
954 0.39261 0.0020093 0.154399 0.00105617 0.103316 0.00122565 0.4
955 0.3565 0.00268138 0.127342 0.00131646 0.089244 0.00105874 0.6
956 0.392198 0.00188172 0.154047 0.000988908 0.104303 0.00116631 0.4
957 0.356034 0.00262519 0.127007 0.00130307 0.0870565 0.00104898 0.6
958 0.356382 0.00270499 0.127312 0.0013405 0.0885562 0.00110037 0.6
959 0.295226 0.00452445 0.0875277 0.00189499 0.0717029 0.000945163 0.8
960 0.453025 0.000922933 0.205393 0.000535847 0.164595 0.00184896 -0.2
961 0.437092 0.00117976 0.19124 0.000677472 0.139681 0.00157208 0
962 0.437538 0.00121745 0.191636 0.000697374 0.14146 0.0015142 0
963 0.417259 0.00158224 0.174331 0.000881994 0.119867 0.00138133 0.2
964 0.437008 0.00118081 0.191174 0.00067076 0.139634 0.00154578 0
965 0.417005 0.00149759 0.174109 0.000826755 0.120021 0.00130652 0.2
966 0.417476 0.00156084 0.174554 0.000859384 0.120066 0.00138384 0.2
967 0.391747 0.00199149 0.153726 0.00104625 0.103234 0.00120748 0.4
968 0.437183 0.00120555 0.19133 0.000683186 0.140735 0.0017376 0
969 0.417414 0.0015407 0.174445 0.000852668 0.119726 0.00131269 0.2
970 0.417588 0.00162485 0.174663 0.000894255 0.120759 0.00144961 0.2
971 0.391988 0.00207248 0.15395 0.0010818 0.103368 0.00119418 0.4
972 0.417304 0.00153961 0.174398 0.00085369 0.120145 0.00131179 0.2
973 0.391562 0.00197534 0.153566 0.00104842 0.102818 0.00110588 0.4
974 0.391724 0.00202929 0.153746 0.00105181 0.102973 0.00112403 0.4
975 0.355549 0.00279328 0.126725 0.00134227 0.0873383 0.00116852 0.6
976 0.437377 0.00117746 0.191466 0.000661234 0.141481 0.00164057 0
977 0.417573 0.00151157 0.174579 0.00084136 0.120926 0.00124334 0.2
978 0.417964 0.0015487 0.174925 0.000837664 0.120818 0.00136298 0.2
979 0.392369 0.00200034 0.154188 0.00103633 0.104211 0.00123757 0.4
980 0.417795 0.00150299 0.174791 0.000819099 0.121213 0.00134102 0.2
981 0.392103 0.00192872 0.153985 0.00100923 0.103414 0.00116537 0.4
982 0.392224 0.00197647 0.154111 0.00101765 0.103863 0.00112749 0.4
983 0.35641 0.00265779 0.12734 0.00125555 0.0881731 0.00103949 0.6
984 0.418012 0.00152377 0.174956 0.000836696 0.121316 0.00138012 0.2
985 0.391943 0.00197806 0.153836 0.00103412 0.103346 0.00121491 0.4
986 0.392375 0.00206548 0.154219 0.00107562 0.103877 0.00126785 0.4
987 0.356511 0.00279719 0.127383 0.00135526 0.0882734 0.00119567 0.6
988 0.391816 0.0019799 0.153778 0.00103762 0.103106 0.00121821 0.4
989 0.355857 0.00269069 0.12691 0.00130797 0.0875794 0.000944132 0.6
990 0.356006 0.00275423 0.126996 0.00133873 0.0875396 0.00102337 0.6
991 0.295674 0.00431759 0.0877207 0.0017274 0.0726895 0.000917586 0.8
992 0.437338 0.00123158 0.191473 0.000694101 0.139796 0.001548 0
993 0.417775 0.00152595 0.174766 0.00083442 0.121406 0.00149097 0.2
994 0.417565 0.00163761 0.174621 0.0008932 0.120476 0.00149881 0.2
995 0.392284 0.0020566 0.154158 0.0010605 0.103527 0.00115294 0.4
996 0.417766 0.00153196 0.174769 0.00083819 0.120708 0.00131551 0.2
997 0.391773 0.00195238 0.153764 0.00101609 0.103021 0.00106128 0.4
998 0.391846 0.0020277 0.15385 0.00104682 0.104602 0.00123253 0.4
999 0.355348 0.00275509 0.12659 0.00129818 0.0881688 0.00109352 0.6
1000 0.417949 0.00158726 0.174925 0.000856818 0.120124 0.00140248 0.2
1001 0.392127 0.00200199 0.154027 0.00103752 0.103513 0.00129588 0.4
1002 0.39227 0.00211204 0.154187 0.00109051 0.103936 0.00126746 0.4
1003 0.356312 0.00279019 0.127261 0.00134358 0.0895005 0.00109161 0.6
1004 0.391991 0.00195468 0.15394 0.00101496 0.104157 0.00117547 0.4
1005 0.355584 0.00268725 0.126761 0.00131873 0.0865713 0.00104877 0.6
1006 0.355836 0.00271474 0.126899 0.00131016 0.088124 0.00112913 0.6
1007 0.29428 0.00435948 0.0869692 0.00174356 0.0722287 0.00106591 0.8
1008 0.418151 0.00152828 0.175064 0.000823735 0.120506 0.00139454 0.2
1009 0.392494 0.00199883 0.15429 0.00103556 0.104065 0.00118071 0.4
1010 0.392625 0.00204337 0.154426 0.00105319 0.103274 0.00128203 0.4
1011 0.356355 0.00274522 0.127287 0.00130867 0.0879158 0.00112885 0.6
1012 0.392387 0.00194756 0.154235 0.0010069 0.104233 0.00115756 0.4
1013 0.356356 0.00262874 0.127273 0.00124285 0.0871181 0.00103646 0.6
1014 0.35635 0.00267322 0.127268 0.00127197 0.0873902 0.00106618 0.6
1015 0.294062 0.0042503 0.0866989 0.00165724 0.0713461 0.000960055 0.8
1016 0.392429 0.00197901 0.154242 0.00101969 0.104495 0.00114436 0.4
1017 0.356447 0.00263771 0.127328 0.00127803 0.0880697 0.00105007 0.6
1018 0.356803 0.00275856 0.127594 0.00133349 0.0878788 0.00104593 0.6
1019 0.294786 0.00428612 0.0870743 0.0017368 0.0724437 0.000924507 0.8
1020 0.355895 0.00267482 0.126983 0.00131636 0.088775 0.00109765 0.6
1021 0.293 0.00418857 0.0861773 0.00176577 0.0711631 0.00100379 0.8
1022 0.293915 0.00438727 0.0866946 0.0018305 0.0723456 0.000979238 0.8
1023 0.110948 0.00491315 0.0130913 0.00096868 0.044036 0.000657478 1
