#sample=2168
0 0.318732 0.00118833 0.101571 0.000533851 0.0819985 0.000368947 -1
1 0.19793 0.00117568 0.0390131 0.000338605 0.056991 0.00020313 -0.8
2 0.198457 0.0011704 0.0392706 0.000341072 0.0571519 0.000203846 -0.8
3 0.169241 0.00105866 0.0285234 0.000275467 0.051081 0.000176363 -0.6
4 0.198551 0.00115561 0.0393356 0.000340542 0.0569919 0.000198655 -0.8
5 0.169216 0.00105747 0.0285649 0.000277434 0.0510161 0.000178545 -0.6
6 0.16934 0.00106037 0.0286281 0.000275899 0.0509812 0.000174287 -0.6
7 0.158545 0.00104246 0.0250763 0.000262356 0.0472717 0.000165615 -0.4
8 0.198796 0.00115965 0.039402 0.00033899 0.0570916 0.000202469 -0.8
9 0.169632 0.00106432 0.0286419 0.000277783 0.0510138 0.000176282 -0.6
10 0.169641 0.00105628 0.028666 0.000275114 0.0510619 0.000178055 -0.6
11 0.15853 0.00104395 0.0250325 0.000262467 0.0473205 0.00016766 -0.4
12 0.169492 0.00105048 0.0286451 0.000275632 0.051079 0.000175425 -0.6
13 0.158483 0.00103985 0.0250997 0.000263529 0.0472785 0.000168065 -0.4
14 0.15818 0.00105044 0.0249858 0.000265131 0.047335 0.000167835 -0.4
15 0.157386 0.00111335 0.024758 0.000282822 0.0441647 0.000158978 -0.2
16 0.198927 0.00117125 0.0395223 0.000343023 0.0571719 0.000204859 -0.8
17 0.169513 0.0010718 0.0286159 0.000280421 0.0509297 0.000178787 -0.6
18 0.169625 0.00107123 0.0287028 0.000279075 0.0512537 0.000176525 -0.6
19 0.158692 0.00105207 0.0251038 0.000264207 0.0473285 0.000164766 -0.4
20 0.169451 0.00106299 0.0286712 0.000280424 0.0511028 0.000176168 -0.6
21 0.158515 0.00105019 0.0250751 0.000266448 0.0472902 0.000167067 -0.4
22 0.158472 0.00105849 0.0250807 0.000266089 0.0473802 0.000170266 -0.4
23 0.157379 0.00112157 0.0247516 0.00028414 0.0441695 0.000159423 -0.2
24 0.169875 0.00107071 0.0287176 0.000280842 0.0511318 0.000178109 -0.6
25 0.158849 0.00105408 0.0251703 0.000267081 0.0472837 0.000168322 -0.4
26 0.158533 0.00105884 0.0250646 0.000265126 0.0473205 0.000169982 -0.4
27 0.15753 0.00112239 0.0247948 0.000285059 0.0440949 0.00016282 -0.2
28 0.158646 0.0010559 0.0251764 0.000267882 0.0472459 0.00016907 -0.4
29 0.15718 0.00112377 0.0247212 0.000287102 0.044143 0.000158797 -0.2
30 0.157271 0.00113031 0.0247296 0.000287242 0.0442074 0.000162391 -0.2
31 0.163437 0.00124744 0.0266922 0.00033162 0.041535 0.000160502 0
32 0.197904 0.00118442 0.0390434 0.000341448 0.056934 0.000203082 -0.8
33 0.169376 0.00106746 0.0285964 0.000277613 0.0510602 0.000179462 -0.6
34 0.169469 0.00106155 0.0286516 0.000274045 0.0508428 0.000173213 -0.6
35 0.158749 0.00104807 0.0251146 0.000263342 0.0472369 0.000171217 -0.4
36 0.16947 0.00106195 0.028719 0.000278612 0.0511755 0.000175356 -0.6
37 0.15869 0.00104326 0.0251808 0.000265198 0.0472761 0.000167909 -0.4
38 0.158499 0.00105466 0.0251195 0.000266114 0.0473254 0.000164904 -0.4
39 0.157536 0.00111613 0.0248207 0.000284755 0.0441989 0.000161964 -0.2
40 0.169885 0.00106347 0.0287742 0.00027758 0.0510235 0.000178335 -0.6
41 0.158858 0.00104351 0.0251671 0.000264511 0.0473065 0.000167088 -0.4
42 0.158647 0.00105502 0.0251041 0.000263897 0.0473947 0.000167382 -0.4
43 0.157457 0.0011173 0.0247429 0.000283633 0.0440536 0.000160673 -0.2
44 0.158682 0.00105278 0.0251911 0.000265618 0.0472517 0.000170752 -0.4
45 0.157833 0.00111657 0.0249079 0.000285416 0.0441702 0.000162479 -0.2
46 0.157315 0.00113228 0.0247505 0.000286891 0.0442812 0.000160253 -0.2
47 0.163798 0.0012437 0.0267955 0.000330982 0.041507 0.000156545 0
48 0.169693 0.00107298 0.0287174 0.000279041 0.0508919 0.000176843 -0.6
49 0.159104 0.00105659 0.0252769 0.000267079 0.0470846 0.000167578 -0.4
50 0.158824 0.00106142 0.0251741 0.000264727 0.0472156 0.000165423 -0.4
51 0.157786 0.00111936 0.0248769 0.00028393 0.0441875 0.000163985 -0.2
52 0.15872 0.00105723 0.025191 0.000268109 0.0472817 0.000167153 -0.4
53 0.157616 0.00111762 0.024888 0.000285413 0.0442233 0.000164948 -0.2
54 0.157606 0.00113219 0.0248772 0.000287963 0.0442506 0.000163616 -0.2
55 0.163523 0.00124553 0.0267024 0.000331967 0.0415154 0.000156868 0
56 0.158894 0.00105896 0.0252222 0.000266813 0.0474562 0.000167251 -0.4
57 0.15761 0.00112167 0.0248378 0.000286986 0.0442124 0.000162109 -0.2
58 0.15754 0.00113226 0.0248312 0.000287754 0.0441813 0.000162129 -0.2
59 0.163909 0.00124914 0.026845 0.00033384 0.0414949 0.000160017 0
60 0.157489 0.00112511 0.0248635 0.000287382 0.0441559 0.000161778 -0.2
61 0.16374 0.00124695 0.0268024 0.000332836 0.0414716 0.000162772 0
62 0.163554 0.00125321 0.0267182 0.000334009 0.0415431 0.000159423 0
63 0.17578 0.00138332 0.0307898 0.000393369 0.03895 0.000155311 0.2
64 0.19842 0.00117242 0.0393227 0.000349173 0.0571262 0.000205806 -0.8
65 0.169533 0.00106454 0.0286554 0.000279351 0.0511395 0.000177761 -0.6
66 0.169667 0.00107133 0.0287106 0.000279699 0.051117 0.000176824 -0.6
67 0.158712 0.00104589 0.025146 0.000264619 0.0472653 0.000168618 -0.4
68 0.169541 0.00106245 0.0287286 0.000281617 0.0512891 0.000178123 -0.6
69 0.158531 0.00104746 0.0251295 0.000266757 0.0471097 0.000167193 -0.4
70 0.15844 0.00105728 0.0250801 0.000267078 0.0472997 0.000169331 -0.4
71 0.157323 0.00111849 0.0247666 0.000283582 0.0440472 0.000160651 -0.2
72 0.169999 0.00106862 0.0287955 0.000279572 0.0510747 0.000179868 -0.6
73 0.158823 0.00105236 0.0251715 0.000266794 0.0473395 0.000169158 -0.4
74 0.158576 0.00105875 0.0251083 0.000266014 0.0471962 0.000165199 -0.4
75 0.157505 0.00112413 0.0247799 0.000283675 0.0442421 0.000160748 -0.2
76 0.15864 0.00105009 0.0251617 0.000266363 0.047283 0.000168359 -0.4
77 0.157374 0.00112032 0.0247679 0.000284453 0.0442355 0.000164392 -0.2
78 0.157122 0.00112937 0.0247112 0.000285769 0.0440467 0.000163633 -0.2
79 0.163377 0.00124689 0.0266674 0.000329421 0.0415278 0.000160158 0
80 0.169943 0.00107734 0.028826 0.000283753 0.0511341 0.000179036 -0.6
81 0.158702 0.00105897 0.0251649 0.000268626 0.0471746 0.000165432 -0.4
82 0.158873 0.0010623 0.0251913 0.000267003 0.0474791 0.000168844 -0.4
83 0.157496 0.00112351 0.0248135 0.000285049 0.0442135 0.000163842 -0.2
84 0.158608 0.00106057 0.0251764 0.000269304 0.0473578 0.000166482 -0.4
85 0.157523 0.0011204 0.0248724 0.000285161 0.0443594 0.00015926 -0.2
86 0.15729 0.00113076 0.024791 0.000286015 0.0442175 0.000162978 -0.2
87 0.163125 0.00124681 0.0265938 0.000328454 0.0415803 0.000160947 0
88 0.158813 0.00106264 0.0251794 0.000268667 0.0471968 0.000166927 -0.4
89 0.157551 0.0011228 0.0248306 0.000285696 0.0442301 0.000160849 -0.2
90 0.157314 0.0011388 0.0247658 0.000288297 0.0443304 0.000163737 -0.2
91 0.163501 0.00124587 0.0267473 0.000329629 0.041514 0.00015666 0
92 0.157263 0.00113107 0.0247801 0.000288547 0.04426 0.000161713 -0.2
93 0.163339 0.00124435 0.026727 0.000330093 0.0415566 0.000157105 0
94 0.163292 0.00124969 0.0266979 0.000330797 0.0415362 0.000158975 0
95 0.175388 0.0013772 0.0306907 0.00039207 0.0389319 0.000158887 0.2
96 0.169812 0.00107404 0.0287979 0.000280288 0.0509427 0.000178903 -0.6
97 0.158966 0.00104902 0.0252707 0.000266332 0.0473087 0.000167795 -0.4
98 0.158868 0.00105923 0.02521 0.000265549 0.0473426 0.000174285 -0.4
99 0.157654 0.00112275 0.0248386 0.000283902 0.0442589 0.000163895 -0.2
100 0.158771 0.00105664 0.0252352 0.000268286 0.0473885 0.00016869 -0.4
101 0.157592 0.00111575 0.0248664 0.000284645 0.0441691 0.000160686 -0.2
102 0.157392 0.0011236 0.0247975 0.000284424 0.0441724 0.000162748 -0.2
103 0.163619 0.00124127 0.0267646 0.000328571 0.0413901 0.000159589 0
104 0.158905 0.00105805 0.0252414 0.00026744 0.0473666 0.000170796 -0.4
105 0.157544 0.00112252 0.0248412 0.000284601 0.0441489 0.00016248 -0.2
106 0.15742 0.0011341 0.0248087 0.000286162 0.0440916 0.000162119 -0.2
107 0.163643 0.00124253 0.0267628 0.000327687 0.0415077 0.000162206 0
108 0.157351 0.00113066 0.0248141 0.000287473 0.0441389 0.00016206 -0.2
109 0.163611 0.00124659 0.0267511 0.000329826 0.0413732 0.00015787 0
110 0.163545 0.00125116 0.0267575 0.000330816 0.0413964 0.000155883 0
111 0.1759 0.00137904 0.030805 0.000388915 0.0388588 0.000156207 0.2
112 0.158902 0.00106556 0.0252383 0.000268091 0.0473587 0.000168751 -0.4
113 0.157681 0.0011208 0.0248891 0.000284547 0.0441943 0.000163725 -0.2
114 0.157552 0.00113235 0.0248627 0.000286389 0.0441442 0.000159575 -0.2
115 0.163731 0.00124338 0.0267806 0.000330461 0.0413569 0.000158527 0
116 0.157573 0.00112858 0.0249293 0.000287149 0.0441264 0.00016167 -0.2
117 0.163296 0.00124021 0.0266504 0.000328629 0.0414642 0.00015754 0
118 0.163486 0.00124774 0.0267283 0.000330362 0.0414831 0.000160202 0
119 0.175831 0.00137718 0.0308308 0.000392547 0.0388848 0.00015646 0.2
120 0.15753 0.00113524 0.0248653 0.000290388 0.0442646 0.000163604 -0.2
121 0.163844 0.00124481 0.0268811 0.000331527 0.0412861 0.000155969 0
122 0.163822 0.00125062 0.026865 0.000332722 0.0414656 0.000157957 0
123 0.175883 0.00138187 0.0308516 0.000393284 0.0389799 0.00015595 0.2
124 0.163642 0.00124886 0.0268493 0.000331581 0.0415114 0.000159697 0
125 0.175906 0.00137628 0.0308763 0.000392095 0.039052 0.000160402 0.2
126 0.175827 0.00138107 0.0308303 0.000393885 0.0389252 0.000158432 0.2
127 0.193106 0.0015043 0.0370821 0.000466144 0.0363679 0.000157443 0.4
128 0.198013 0.00118714 0.0392186 0.000350495 0.0568969 0.000202291 -0.8
129 0.169229 0.00107021 0.0285635 0.000278317 0.0510664 0.000180693 -0.6
130 0.169303 0.00107511 0.0285837 0.000276919 0.0512142 0.00017853 -0.6
131 0.1585 0.00105065 0.0250669 0.00026287 0.047389 0.000169149 -0.4
132 0.169325 0.00106933 0.028666 0.000279762 0.0509545 0.000175508 -0.6
133 0.158566 0.00104761 0.0251258 0.000264086 0.0473075 0.000169665 -0.4
134 0.15844 0.001056 0.025089 0.000265022 0.0474083 0.000166562 -0.4
135 0.157496 0.00111628 0.0248009 0.000281979 0.0441245 0.000159392 -0.2
136 0.169655 0.00107488 0.0286889 0.000281049 0.0508921 0.000178801 -0.6
137 0.158718 0.00104966 0.0251283 0.000263616 0.0472328 0.00016587 -0.4
138 0.158482 0.00105978 0.0250607 0.000264908 0.0472018 0.000166663 -0.4
139 0.157454 0.00111882 0.0247096 0.000281983 0.0442947 0.000163468 -0.2
140 0.158547 0.00105563 0.0251265 0.000265299 0.0472955 0.000164899 -0.4
141 0.157735 0.00111564 0.024872 0.000283717 0.0441115 0.000163088 -0.2
142 0.157326 0.00112442 0.0247436 0.000283089 0.0441919 0.000161692 -0.2
143 0.163642 0.00124286 0.0267179 0.000329635 0.0414944 0.000157292 0
144 0.169847 0.00108108 0.0288193 0.000283012 0.0512696 0.000179606 -0.6
145 0.158924 0.00105493 0.025225 0.000265453 0.047368 0.000170985 -0.4
146 0.158853 0.00106452 0.0252214 0.000265832 0.047239 0.000167576 -0.4
147 0.157568 0.00112258 0.0248158 0.000284537 0.044294 0.000164754 -0.2
148 0.158791 0.00105955 0.0252369 0.000268138 0.0473179 0.00016972 -0.4
149 0.157559 0.00111992 0.0248639 0.000284885 0.0442529 0.000162712 -0.2
150 0.157256 0.00112639 0.0247874 0.000285621 0.0441746 0.000161101 -0.2
151 0.163519 0.00124317 0.0267289 0.000330953 0.041557 0.000158075 0
152 0.158692 0.00106389 0.0251322 0.000266871 0.0471894 0.000166779 -0.4
153 0.157731 0.0011231 0.0248535 0.000285775 0.0441392 0.000162723 -0.2
154 0.157354 0.00112841 0.0247515 0.000285378 0.0442111 0.000160848 -0.2
155 0.163628 0.00124372 0.0267452 0.000330114 0.0414184 0.00016002 0
156 0.15747 0.00112447 0.0248267 0.000286158 0.0442884 0.000162023 -0.2
157 0.163581 0.00124006 0.0267817 0.000331096 0.0415034 0.000160057 0
158 0.163423 0.00125045 0.0267314 0.000333349 0.0413551 0.000156178 0
159 0.17579 0.00137752 0.0308037 0.000393693 0.0388591 0.000155465 0.2
160 0.16946 0.00107163 0.0286928 0.000277637 0.0510865 0.000179205 -0.6
161 0.158842 0.00104723 0.0251967 0.000263118 0.0473024 0.000169166 -0.4
162 0.158759 0.00105748 0.0251446 0.000262819 0.0472966 0.000170774 -0.4
163 0.157851 0.00112148 0.0249082 0.000284282 0.0441655 0.000160602 -0.2
164 0.158585 0.00105927 0.0251632 0.000267546 0.0473548 0.000167669 -0.4
165 0.15764 0.00111454 0.0248366 0.000283227 0.0442981 0.00016336 -0.2
166 0.157498 0.00112344 0.0248133 0.000283974 0.0441098 0.000160711 -0.2
167 0.16374 0.00124413 0.0267315 0.000331115 0.0416104 0.000158084 0
168 0.158625 0.00105849 0.0251182 0.000264809 0.0473625 0.000169053 -0.4
169 0.157796 0.00111775 0.0248688 0.000285042 0.044257 0.000160076 -0.2
170 0.157567 0.00112871 0.0248 0.00028537 0.0441619 0.00016039 -0.2
171 0.163753 0.00124324 0.0267418 0.000328066 0.0414572 0.000156125 0
172 0.15767 0.00112609 0.0248507 0.000285924 0.04407 0.000163708 -0.2
173 0.163737 0.00124061 0.02672 0.000329084 0.0413008 0.000157568 0
174 0.16384 0.0012472 0.0267896 0.000330961 0.0415368 0.000157323 0
175 0.175975 0.00138139 0.0308344 0.000393048 0.0389834 0.000158745 0.2
176 0.159087 0.00106383 0.0252975 0.000266586 0.0471816 0.000169188 -0.4
177 0.15781 0.00112012 0.0248712 0.000284341 0.0441989 0.000159344 -0.2
178 0.157703 0.00112905 0.0248679 0.000284885 0.0442484 0.000164519 -0.2
179 0.163876 0.00124363 0.0268221 0.000332385 0.0416486 0.000161659 0
180 0.15767 0.00112656 0.0249304 0.000286354 0.0441749 0.000160285 -0.2
181 0.163515 0.00124321 0.0267201 0.000330497 0.0414461 0.000159083 0
182 0.163712 0.00124586 0.0267902 0.000331628 0.0415841 0.000158607 0
183 0.175862 0.00137565 0.0308127 0.000393448 0.0389246 0.000156483 0.2
184 0.15776 0.00112968 0.0248946 0.000286617 0.0444929 0.000165698 -0.2
185 0.163938 0.00124236 0.0268278 0.000331377 0.0415395 0.000157969 0
186 0.163908 0.00124839 0.0268767 0.000334076 0.0415197 0.000159471 0
187 0.176207 0.00138144 0.0309396 0.00039393 0.0390462 0.000157007 0.2
188 0.163634 0.00124357 0.0267475 0.000331249 0.0415458 0.000158199 0
189 0.176124 0.00137594 0.0309 0.00039352 0.0389444 0.000156771 0.2
190 0.176159 0.00138152 0.0309244 0.000394655 0.0389558 0.000155419 0.2
191 0.193331 0.00150506 0.0372108 0.000467473 0.0363847 0.000157558 0.4
192 0.169605 0.00108662 0.0287595 0.000285327 0.0510838 0.000179784 -0.6
193 0.158874 0.00105834 0.0252105 0.000267104 0.0472523 0.000171384 -0.4
194 0.158708 0.00106231 0.0251763 0.000265353 0.0471604 0.000171023 -0.4
195 0.157631 0.00112422 0.0248357 0.000282961 0.0442622 0.00016313 -0.2
196 0.158733 0.00105971 0.0252155 0.00026738 0.047343 0.000166191 -0.4
197 0.157471 0.00111653 0.0248185 0.000281806 0.0443294 0.000158984 -0.2
198 0.157431 0.00112761 0.0248041 0.000284936 0.0442116 0.000165938 -0.2
199 0.163335 0.00123989 0.0266492 0.000327732 0.0413473 0.000158074 0
200 0.15895 0.00106439 0.0252302 0.000267329 0.0473026 0.000170416 -0.4
201 0.157602 0.0011171 0.0248397 0.00028254 0.0442165 0.00016013 -0.2
202 0.157507 0.00113316 0.0248316 0.000286013 0.0442177 0.000163224 -0.2
203 0.163502 0.00124169 0.0267215 0.000327037 0.0414442 0.000160685 0
204 0.157475 0.00112928 0.0248112 0.000284867 0.0442145 0.000163634 -0.2
205 0.163446 0.00124067 0.0266939 0.000327478 0.0415524 0.000160074 0
206 0.163564 0.0012437 0.02673 0.000328663 0.0414262 0.000159335 0
207 0.175782 0.00138135 0.0307888 0.000390197 0.0389017 0.000157173 0.2
208 0.158932 0.00106586 0.0252358 0.000268155 0.0474653 0.000172211 -0.4
209 0.157643 0.00111922 0.0248637 0.000283637 0.0442012 0.000162585 -0.2
210 0.157562 0.00112709 0.0248605 0.000284102 0.0442089 0.000163482 -0.2
211 0.163371 0.00124144 0.0266354 0.000326222 0.0416278 0.000159212 0
212 0.157674 0.00112988 0.0249048 0.000285875 0.0441763 0.000161597 -0.2
213 0.1633 0.00123965 0.0266778 0.000326941 0.0416752 0.000159745 0
214 0.163375 0.00124328 0.026724 0.000329306 0.0413924 0.000159575 0
215 0.175641 0.00137007 0.0307538 0.000390309 0.0388517 0.00015475 0.2
216 0.157443 0.00112675 0.0248107 0.000286424 0.0442152 0.000163492 -0.2
217 0.163507 0.0012433 0.0267091 0.000328522 0.0414384 0.000158885 0
218 0.163455 0.00124962 0.0267372 0.000330659 0.0414739 0.000161753 0
219 0.175696 0.00137299 0.0307683 0.000391229 0.0389648 0.000156483 0.2
220 0.163425 0.00124304 0.0267221 0.000328991 0.0414531 0.000157346 0
221 0.1755 0.00137495 0.0307036 0.000389898 0.0389387 0.000158394 0.2
222 0.175692 0.00137548 0.0308069 0.000393614 0.0390171 0.000156081 0.2
223 0.19283 0.00149689 0.0369962 0.000465884 0.0364058 0.000155723 0.4
224 0.15879 0.0010633 0.0252094 0.000265504 0.0473327 0.000173871 -0.4
225 0.157882 0.00112325 0.0249153 0.000284865 0.0443086 0.000165075 -0.2
226 0.157627 0.00112896 0.0248572 0.000284501 0.0442592 0.000164123 -0.2
227 0.164001 0.00124008 0.0268472 0.000326724 0.0415887 0.000158826 0
228 0.157571 0.00112464 0.0248831 0.000285402 0.0441204 0.000159877 -0.2
229 0.163637 0.00123377 0.026713 0.000326727 0.0414557 0.000157469 0
230 0.163716 0.00124322 0.0267849 0.000329297 0.0413588 0.000159024 0
231 0.175669 0.00137556 0.0307023 0.000388687 0.0390777 0.000154727 0.2
232 0.157611 0.00113083 0.0248678 0.00028556 0.0442369 0.000161896 -0.2
233 0.163844 0.00124078 0.0267923 0.000327084 0.041541 0.000161879 0
234 0.163682 0.00124757 0.0267842 0.000328598 0.0414722 0.000160987 0
235 0.176142 0.00137625 0.0308724 0.000390496 0.0388803 0.000158042 0.2
236 0.163821 0.00124788 0.0268663 0.000329741 0.041425 0.000159353 0
237 0.175873 0.00137709 0.0307879 0.000389295 0.0388515 0.000158073 0.2
238 0.176018 0.00138089 0.0308915 0.000392193 0.0390463 0.000160778 0.2
239 0.193089 0.00150702 0.0370421 0.000464893 0.0364696 0.00015661 0.4
240 0.157748 0.00113011 0.0249153 0.00028697 0.044153 0.000162706 -0.2
241 0.163692 0.0012397 0.0267636 0.000328266 0.0413818 0.000158274 0
242 0.163756 0.00124441 0.0267957 0.000329042 0.0415635 0.0001595 0
243 0.175667 0.00137332 0.0307027 0.000388644 0.0389939 0.000157786 0.2
244 0.163576 0.00124446 0.0267762 0.000329141 0.0416643 0.000159863 0
245 0.175729 0.00137469 0.030696 0.000390453 0.0388525 0.000155628 0.2
246 0.175849 0.00137398 0.0308206 0.000391865 0.038959 0.000155785 0.2
247 0.193029 0.00149708 0.0370152 0.000462672 0.036375 0.000156215 0.4
248 0.163818 0.00124154 0.0268632 0.000329278 0.0415628 0.000163697 0
249 0.175945 0.00137646 0.0308485 0.00039135 0.0389492 0.000156972 0.2
250 0.176002 0.0013747 0.0309157 0.000391924 0.0389878 0.000159049 0.2
251 0.193369 0.00150277 0.0371558 0.000463918 0.0363822 0.000155542 0.4
252 0.175846 0.00137812 0.0308801 0.000393791 0.0387376 0.000157335 0.2
253 0.193236 0.00150381 0.0371588 0.000465527 0.0363011 0.000155967 0.4
254 0.193103 0.0015007 0.0371107 0.000465133 0.0364622 0.000158772 0.4
255 0.214574 0.00160016 0.0457612 0.000541952 0.0337905 0.000153844 0.6
256 0.19868 0.00116648 0.0394099 0.000340654 0.0570714 0.000200832 -0.8
257 0.169374 0.00106752 0.0286274 0.000279237 0.0511117 0.00017707 -0.6
258 0.16935 0.00106472 0.028612 0.000276696 0.0510914 0.000177451 -0.6
259 0.158241 0.00105073 0.0249741 0.000263386 0.0473975 0.000164578 -0.4
260 0.169479 0.00105944 0.0287284 0.000278836 0.0511249 0.000175722 -0.6
261 0.158298 0.00104802 0.0250352 0.000265394 0.0472364 0.000165108 -0.4
262 0.15818 0.0010565 0.0249951 0.000264588 0.0474047 0.000166111 -0.4
263 0.157241 0.00111786 0.0246968 0.000282478 0.0440424 0.000158935 -0.2
264 0.169812 0.00106834 0.0287559 0.000281009 0.0512363 0.000179778 -0.6
265 0.158458 0.00105072 0.0250129 0.000265776 0.0473068 0.000169571 -0.4
266 0.158175 0.00106091 0.0249826 0.000265831 0.04725 0.000165221 -0.4
267 0.157312 0.00112017 0.0247276 0.000284065 0.0442201 0.000161122 -0.2
268 0.158337 0.00106011 0.0250848 0.000267663 0.047234 0.000169532 -0.4
269 0.157356 0.00111872 0.0247752 0.000285179 0.0442283 0.000159038 -0.2
270 0.157144 0.00112464 0.0246699 0.000284384 0.0441613 0.000161499 -0.2
271 0.163424 0.00124268 0.0266582 0.000330606 0.0413986 0.000156435 0
272 0.169663 0.00107597 0.0287521 0.000283011 0.0512296 0.00017596 -0.6
273 0.158626 0.0010597 0.0251029 0.000267766 0.0473442 0.000166616 -0.4
274 0.15842 0.0010635 0.0250297 0.000264517 0.0473745 0.000168906 -0.4
275 0.15736 0.00112348 0.0247397 0.00028478 0.0443187 0.000162614 -0.2
276 0.15849 0.00106538 0.0251165 0.000270023 0.0472263 0.000167127 -0.4
277 0.157028 0.0011191 0.0246673 0.000284936 0.0442553 0.000163513 -0.2
278 0.157215 0.0011265 0.0247528 0.000286769 0.0442583 0.000158963 -0.2
279 0.163456 0.00124433 0.0266885 0.000331864 0.0415619 0.000157987 0
280 0.158559 0.00106616 0.0250993 0.000268462 0.0472937 0.000169916 -0.4
281 0.157384 0.00112132 0.0247739 0.000284923 0.0442149 0.000163647 -0.2
282 0.157293 0.00112893 0.0247284 0.000286538 0.0442559 0.00016295 -0.2
283 0.163526 0.00124275 0.026731 0.000333092 0.0416702 0.000158161 0
284 0.157218 0.00112725 0.0247061 0.000288195 0.0441982 0.000163386 -0.2
285 0.163448 0.00123929 0.0267163 0.000330679 0.0416926 0.000156344 0
286 0.163434 0.00124468 0.0267181 0.00033407 0.041486 0.000158917 0
287 0.175822 0.00137992 0.0308081 0.000395174 0.0388441 0.00015843 0.2
288 0.169307 0.00107044 0.0286443 0.000278599 0.0510744 0.000178889 -0.6
289 0.158376 0.00105007 0.0250472 0.000265743 0.0472893 0.000168707 -0.4
290 0.158327 0.0010578 0.0250275 0.00026343 0.0473533 0.000167399 -0.4
291 0.157455 0.00111666 0.0247534 0.000283592 0.0443773 0.000162605 -0.2
292 0.158265 0.00105883 0.0250764 0.000267718 0.047332 0.000169217 -0.4
293 0.157528 0.00112096 0.0248011 0.000285919 0.0441856 0.000161282 -0.2
294 0.157364 0.00112761 0.0247555 0.00028535 0.0443301 0.000162495 -0.2
295 0.163826 0.00124447 0.0267943 0.00033335 0.0413489 0.000156697 0
296 0.158578 0.00105924 0.0251111 0.000266814 0.0472867 0.000170667 -0.4
297 0.157566 0.00111437 0.0248394 0.000285617 0.0443376 0.000163574 -0.2
298 0.157329 0.00112795 0.0247551 0.000286292 0.0443224 0.000162269 -0.2
299 0.163911 0.00124218 0.0268086 0.000330863 0.0415336 0.000159832 0
300 0.157354 0.00112526 0.0247848 0.00028711 0.0442491 0.000161642 -0.2
301 0.163777 0.00124298 0.0267689 0.000330814 0.0414464 0.00015549 0
302 0.163656 0.00124237 0.0267749 0.000332001 0.0414613 0.000156241 0
303 0.175893 0.00138127 0.0308502 0.000394251 0.0390863 0.000158286 0.2
304 0.158641 0.00106585 0.025137 0.000268583 0.0472082 0.000167779 -0.4
305 0.157393 0.00111551 0.0247745 0.000284507 0.0443402 0.000163689 -0.2
306 0.157569 0.00112905 0.0248083 0.000285958 0.0442644 0.000161628 -0.2
307 0.163889 0.00123985 0.0268078 0.00033096 0.0413702 0.000160801 0
308 0.157429 0.00112633 0.0248235 0.0002866 0.0443337 0.000161517 -0.2
309 0.163814 0.00123922 0.0267797 0.000330401 0.0416507 0.00015973 0
310 0.163583 0.00124549 0.0267722 0.000334028 0.04147 0.000160143 0
311 0.175944 0.00137761 0.030827 0.000394781 0.0388802 0.000159682 0.2
312 0.157609 0.00112941 0.0248587 0.000287173 0.0440977 0.000161951 -0.2
313 0.163857 0.00124155 0.0268483 0.000332446 0.0414146 0.000155925 0
314 0.163849 0.00124751 0.0268707 0.000333947 0.0416032 0.000159918 0
315 0.176174 0.00137597 0.0309275 0.000393735 0.038825 0.000156978 0.2
316 0.163631 0.00124324 0.0267859 0.00033305 0.0414694 0.000162016 0
317 0.176049 0.00137541 0.0308805 0.000392977 0.0388291 0.000156343 0.2
318 0.175984 0.0013814 0.030874 0.000395434 0.0389116 0.000152422 0.2
319 0.193189 0.00150926 0.0371508 0.000468745 0.0362995 0.000153644 0.4
320 0.169649 0.00107857 0.028747 0.000282795 0.051182 0.000180068 -0.6
321 0.158402 0.00105406 0.0250473 0.000266463 0.0472834 0.000171002 -0.4
322 0.158508 0.00106219 0.0251344 0.000266815 0.0473926 0.000172582 -0.4
323 0.157348 0.00111957 0.0247721 0.000282862 0.0441645 0.000161193 -0.2
324 0.158275 0.0010614 0.0250803 0.000268924 0.0472814 0.00016605 -0.4
325 0.157125 0.00111872 0.0247208 0.000283813 0.0442251 0.000160233 -0.2
326 0.157195 0.00112792 0.0247277 0.000285913 0.0441305 0.000161582 -0.2
327 0.1634 0.0012392 0.0266916 0.000328793 0.0416196 0.000159351 0
328 0.158476 0.00106442 0.0250794 0.000268115 0.047451 0.000168526 -0.4
329 0.157402 0.00111861 0.0247465 0.000283125 0.0441847 0.000160697 -0.2
330 0.157245 0.00113106 0.0247237 0.000285494 0.0443081 0.000163683 -0.2
331 0.163592 0.00124155 0.0267623 0.000328999 0.0413353 0.00015779 0
332 0.157217 0.00112892 0.0247465 0.000286482 0.0441608 0.000166654 -0.2
333 0.163547 0.00123721 0.0267336 0.000327267 0.0414796 0.000159425 0
334 0.163444 0.00124309 0.0267141 0.000330111 0.0415594 0.000159747 0
335 0.17551 0.00137487 0.03074 0.000390554 0.0387945 0.000156723 0.2
336 0.158531 0.00106894 0.0251546 0.000269573 0.0473088 0.000168214 -0.4
337 0.157255 0.00112163 0.0247361 0.000284159 0.0442019 0.00016462 -0.2
338 0.157351 0.00112993 0.0247804 0.000284957 0.0440983 0.000164057 -0.2
339 0.163611 0.00124381 0.0267614 0.000329844 0.0414404 0.000157183 0
340 0.157276 0.00112739 0.0247737 0.000286079 0.0444336 0.000162419 -0.2
341 0.16331 0.0012391 0.0266643 0.000328512 0.04135 0.000160839 0
342 0.16345 0.00124251 0.0267279 0.000329872 0.0415344 0.000158424 0
343 0.175675 0.00136712 0.0308056 0.000391521 0.0389679 0.000156889 0.2
344 0.157343 0.00112932 0.0247917 0.000287769 0.0442417 0.000161511 -0.2
345 0.163626 0.00123828 0.0267865 0.000328829 0.0415074 0.00015616 0
346 0.16348 0.00124552 0.026762 0.000331232 0.0415379 0.000160148 0
347 0.175845 0.00137088 0.0308193 0.000392188 0.0389453 0.000155743 0.2
348 0.163179 0.00124624 0.0267085 0.000332514 0.0415188 0.000157605 0
349 0.175567 0.00137186 0.0307069 0.000391374 0.0388726 0.000157297 0.2
350 0.17579 0.00137378 0.030856 0.000394329 0.0387752 0.000153806 0.2
351 0.192968 0.00149841 0.0370954 0.000467647 0.0364958 0.000154993 0.4
352 0.158578 0.00106436 0.0251503 0.000267071 0.0472185 0.000167608 -0.4
353 0.157456 0.0011145 0.0248524 0.000284433 0.0441333 0.000163764 -0.2
354 0.157547 0.00113009 0.024815 0.000284134 0.044356 0.000163517 -0.2
355 0.163704 0.00124168 0.0267504 0.000328791 0.0414901 0.000160093 0
356 0.157415 0.00112823 0.0248157 0.000286702 0.0441133 0.000162373 -0.2
357 0.16362 0.00123739 0.026759 0.000328305 0.0414027 0.000157762 0
358 0.163618 0.0012393 0.0267709 0.000328667 0.0414118 0.000158218 0
359 0.175766 0.0013751 0.0307575 0.000392406 0.0389818 0.000157555 0.2
360 0.157374 0.00113175 0.024792 0.000286407 0.0441978 0.000164343 -0.2
361 0.163773 0.00123759 0.0268004 0.000328025 0.0414043 0.000159768 0
362 0.163751 0.00124655 0.0268388 0.000330785 0.0414978 0.000158408 0
363 0.17578 0.00137619 0.0307957 0.000390131 0.0388839 0.000155632 0.2
364 0.163757 0.00124685 0.0268534 0.000332341 0.0413124 0.000157049 0
365 0.175938 0.00137681 0.0308862 0.000390975 0.0388695 0.000157541 0.2
366 0.175832 0.00137732 0.0308579 0.000391618 0.0388686 0.000155458 0.2
367 0.193375 0.00150169 0.0371893 0.000462824 0.0363171 0.000153518 0.4
368 0.15754 0.00112555 0.0248504 0.000285218 0.0443413 0.000165829 -0.2
369 0.163751 0.00123552 0.0268217 0.000327454 0.041464 0.000158237 0
370 0.163631 0.00124225 0.02675 0.000329016 0.0415405 0.000159361 0
371 0.175764 0.00137367 0.0308024 0.000391751 0.0389411 0.000156013 0.2
372 0.163517 0.00124082 0.0267898 0.000330197 0.0414259 0.000157762 0
373 0.175761 0.00137027 0.0308002 0.000391555 0.0388998 0.000156164 0.2
374 0.175749 0.00137429 0.0307776 0.000392177 0.0390023 0.000157837 0.2
375 0.193057 0.00149987 0.037105 0.000465965 0.0363217 0.000155256 0.4
376 0.163651 0.00124011 0.0268203 0.000329466 0.0415591 0.00016012 0
377 0.175954 0.00137302 0.0308811 0.000392578 0.0388194 0.000159431 0.2
378 0.176116 0.00137911 0.0309661 0.000394968 0.0388657 0.000155651 0.2
379 0.193256 0.00149858 0.0371883 0.000464476 0.0362473 0.000155536 0.4
380 0.175918 0.00137945 0.030893 0.000395529 0.0389535 0.00015421 0.2
381 0.193314 0.00150503 0.0372504 0.000468725 0.0362266 0.000155607 0.4
382 0.193162 0.00150091 0.0371738 0.000468639 0.0362654 0.000157448 0.4
383 0.21468 0.00159955 0.0458844 0.000542486 0.0339212 0.000155891 0.6
384 0.1695 0.00108412 0.0287245 0.000284804 0.0511179 0.00017813 -0.6
385 0.158393 0.00105713 0.0250512 0.00026536 0.047321 0.000164517 -0.4
386 0.158527 0.00106332 0.0251057 0.0002643 0.0472921 0.000167457 -0.4
387 0.157374 0.00111798 0.0247349 0.000281622 0.0442102 0.000160037 -0.2
388 0.15816 0.00106254 0.0250413 0.000266764 0.0474503 0.000168179 -0.4
389 0.157376 0.00111837 0.024745 0.000283255 0.0440787 0.000163506 -0.2
390 0.157237 0.00112366 0.0247417 0.000284573 0.0443327 0.000162689 -0.2
391 0.163648 0.00123488 0.0267087 0.00032684 0.0415753 0.000157614 0
392 0.158388 0.00106909 0.0250836 0.000268486 0.0471149 0.000169278 -0.4
393 0.157597 0.00111589 0.0247706 0.000283017 0.0441536 0.000162319 -0.2
394 0.157352 0.00112896 0.024741 0.000285786 0.0443437 0.000163214 -0.2
395 0.163662 0.00123986 0.0267219 0.00032946 0.0415297 0.000160042 0
396 0.157284 0.00112805 0.0247532 0.000286468 0.0442251 0.000161405 -0.2
397 0.163736 0.00123392 0.0267166 0.000327288 0.0414184 0.000157321 0
398 0.163819 0.00124174 0.0268339 0.000330555 0.0414342 0.000158064 0
399 0.175874 0.00138088 0.0308161 0.000393346 0.0388567 0.000156844 0.2
400 0.158583 0.00106978 0.0251514 0.00026925 0.0472841 0.000167957 -0.4
401 0.157524 0.00112077 0.0247927 0.000283604 0.0442235 0.00016041 -0.2
402 0.157218 0.00112565 0.0247142 0.0002842 0.0442221 0.000161757 -0.2
403 0.163597 0.00124088 0.0267252 0.000330836 0.0414715 0.000159173 0
404 0.157281 0.00112854 0.0247791 0.000287022 0.044248 0.000165418 -0.2
405 0.163494 0.00123779 0.0266966 0.000329089 0.0416793 0.000158891 0
406 0.163614 0.00123959 0.0267852 0.00033166 0.041599 0.000160633 0
407 0.175616 0.00137133 0.0307249 0.000392482 0.0388703 0.000155266 0.2
408 0.157567 0.00112858 0.0248442 0.000288039 0.0444061 0.000164073 -0.2
409 0.163638 0.00123922 0.026731 0.000329389 0.0413954 0.000159529 0
410 0.163881 0.00124431 0.0268519 0.000332421 0.041666 0.000158407 0
411 0.175923 0.00137173 0.0308561 0.000393017 0.0390021 0.000159575 0.2
412 0.163632 0.00124033 0.0267498 0.00033135 0.0414424 0.000161465 0
413 0.175861 0.00137207 0.0308269 0.000391093 0.0389093 0.000154445 0.2
414 0.175965 0.00137562 0.0309077 0.000396257 0.0389752 0.000156703 0.2
415 0.193267 0.00150113 0.0372203 0.000468617 0.0362287 0.000153213 0.4
416 0.158435 0.00106961 0.0251065 0.00026732 0.0472327 0.000170495 -0.4
417 0.157771 0.00111399 0.0248463 0.000282805 0.0442927 0.000163318 -0.2
418 0.157688 0.00112743 0.0248324 0.000285395 0.044226 0.00016085 -0.2
419 0.163945 0.00123731 0.0268224 0.000328337 0.0414928 0.000159983 0
420 0.157431 0.00112175 0.0248155 0.000284949 0.0441314 0.000163186 -0.2
421 0.163697 0.00123843 0.0267392 0.0003295 0.0412835 0.000156053 0
422 0.163773 0.00124057 0.0268079 0.000329981 0.0415542 0.000159469 0
423 0.175821 0.00137041 0.0307527 0.000390054 0.0389835 0.000157167 0.2
424 0.157765 0.00112184 0.0248799 0.000285562 0.0442424 0.000162747 -0.2
425 0.16384 0.00123627 0.0267365 0.000328814 0.0415869 0.000159083 0
426 0.164034 0.00124445 0.0268639 0.000331778 0.041428 0.000159285 0
427 0.17602 0.00137862 0.0308327 0.000391884 0.0388601 0.000154061 0.2
428 0.163836 0.00124307 0.0267972 0.000331259 0.041421 0.00015819 0
429 0.175826 0.00137775 0.0307627 0.000392388 0.0389785 0.000157945 0.2
430 0.176043 0.00137676 0.0309086 0.000393531 0.038891 0.000157387 0.2
431 0.19338 0.00151001 0.0372363 0.000468829 0.0364121 0.000156989 0.4
432 0.157584 0.00112205 0.0248246 0.000285604 0.0441468 0.0001627 -0.2
433 0.163824 0.00123429 0.0267938 0.000329205 0.0416182 0.000158672 0
434 0.163906 0.00124235 0.0268544 0.000332229 0.0415772 0.000161658 0
435 0.176043 0.00137328 0.0308667 0.000392647 0.0389194 0.000157408 0.2
436 0.163714 0.00123799 0.0267632 0.000330264 0.0414305 0.000159176 0
437 0.175747 0.00137357 0.0307563 0.000391618 0.0388393 0.000156531 0.2
438 0.175874 0.00137482 0.0308605 0.000393541 0.0388569 0.00015594 0.2
439 0.193185 0.00150371 0.0371143 0.000466913 0.0364176 0.000157273 0.4
440 0.164 0.00124013 0.026896 0.000331613 0.0415413 0.000159041 0
441 0.176226 0.00137465 0.0309546 0.000394454 0.0389654 0.000158706 0.2
442 0.176062 0.00137656 0.0309148 0.000394781 0.0388861 0.000157174 0.2
443 0.193448 0.00149594 0.0372574 0.000467252 0.0364185 0.000156827 0.4
444 0.176141 0.00137648 0.0309088 0.000395306 0.0391101 0.00016025 0.2
445 0.193253 0.00150412 0.0371937 0.000469421 0.0364244 0.000156699 0.4
446 0.193328 0.00150602 0.0372601 0.000470279 0.0363208 0.000153668 0.4
447 0.214816 0.00160672 0.0458965 0.000544377 0.0338898 0.000154573 0.6
448 0.158369 0.00106949 0.0250861 0.000267004 0.0474973 0.000167416 -0.4
449 0.1575 0.00112004 0.0247887 0.000282568 0.0442181 0.000159384 -0.2
450 0.157478 0.00112464 0.0248322 0.000282985 0.0442436 0.000164046 -0.2
451 0.163498 0.00123804 0.0266818 0.00032642 0.0415152 0.000159946 0
452 0.157284 0.00112606 0.0247736 0.000284629 0.0442646 0.000160901 -0.2
453 0.163593 0.00123218 0.0267256 0.000325324 0.0415087 0.000161339 0
454 0.16355 0.00123882 0.0267171 0.000328293 0.0414329 0.000157919 0
455 0.175729 0.00136928 0.0307597 0.000389931 0.0389216 0.000160796 0.2
456 0.157607 0.00112998 0.0248399 0.00028497 0.0442092 0.000166289 -0.2
457 0.163708 0.00123585 0.0267603 0.000327265 0.0415114 0.000160489 0
458 0.163577 0.00124309 0.0267803 0.000329484 0.041501 0.00015772 0
459 0.1758 0.00137427 0.0308109 0.000390055 0.0389776 0.000157615 0.2
460 0.163571 0.00124141 0.0267676 0.000329847 0.0414515 0.000159006 0
461 0.175596 0.00137536 0.030755 0.000389232 0.0388571 0.000156862 0.2
462 0.175856 0.00137265 0.0308333 0.000391609 0.0389855 0.000157351 0.2
463 0.193078 0.00150269 0.0371411 0.000466561 0.0363648 0.000154671 0.4
464 0.15739 0.00112912 0.0247857 0.000285132 0.0442036 0.000165003 -0.2
465 0.1634 0.00123381 0.0266496 0.000326917 0.0414333 0.000159088 0
466 0.163577 0.0012417 0.0267513 0.000329519 0.0415886 0.000159966 0
467 0.175727 0.00136882 0.0307297 0.000389519 0.0389139 0.000157367 0.2
468 0.163567 0.00123809 0.0267721 0.000329135 0.0415647 0.000156198 0
469 0.175555 0.00136519 0.0307513 0.000390587 0.0390426 0.000159776 0.2
470 0.175565 0.00136912 0.0307778 0.000391935 0.0389807 0.000160498 0.2
471 0.19291 0.00149529 0.0370188 0.000465093 0.0364209 0.000155503 0.4
472 0.163633 0.00123967 0.0268036 0.000329987 0.0414594 0.000157893 0
473 0.175652 0.00136829 0.0307709 0.000391411 0.0389754 0.00015793 0.2
474 0.175844 0.00137209 0.0308051 0.000392212 0.0388919 0.000157936 0.2
475 0.193501 0.00150292 0.0372691 0.000467559 0.0362812 0.00015619 0.4
476 0.175742 0.0013728 0.0308457 0.000392978 0.0389727 0.00015628 0.2
477 0.192963 0.00149837 0.0370589 0.0004674 0.0362017 0.000155189 0.4
478 0.193268 0.0014975 0.037243 0.000468093 0.0362213 0.000154907 0.4
479 0.214814 0.00160879 0.045948 0.000548016 0.0337935 0.000152831 0.6
480 0.157595 0.00113045 0.0248355 0.000285158 0.0441579 0.000162567 -0.2
481 0.163733 0.0012362 0.0267394 0.000325862 0.0413548 0.000161226 0
482 0.163712 0.00124132 0.0267772 0.000329619 0.0415212 0.000163173 0
483 0.176045 0.00136895 0.0308488 0.000389098 0.0390118 0.000156805 0.2
484 0.163712 0.00123569 0.0267613 0.000327449 0.0415086 0.00015765 0
485 0.175749 0.00136887 0.030754 0.000387977 0.0389217 0.000156047 0.2
486 0.175867 0.00137135 0.0308287 0.000390795 0.0388808 0.00015388 0.2
487 0.193363 0.00149499 0.037179 0.000463599 0.0364947 0.000154342 0.4
488 0.163702 0.00123912 0.0268234 0.000330046 0.0416022 0.000158744 0
489 0.175936 0.00137435 0.030821 0.000390107 0.038865 0.000157511 0.2
490 0.176142 0.00137672 0.0309521 0.000392628 0.0388171 0.000152913 0.2
491 0.193156 0.001498 0.0370652 0.00046178 0.0364174 0.000156028 0.4
492 0.175808 0.00137302 0.0308337 0.000390766 0.0389934 0.00015542 0.2
493 0.19327 0.00150031 0.0371755 0.000464378 0.0364577 0.000155511 0.4
494 0.193156 0.00150165 0.0371218 0.000465036 0.0364624 0.000157456 0.4
495 0.21466 0.00160975 0.0458691 0.000543872 0.033751 0.000153498 0.6
496 0.163684 0.00123373 0.0268119 0.000328015 0.0415961 0.000161155 0
497 0.17572 0.00136804 0.0307161 0.000390507 0.0388716 0.000157413 0.2
498 0.176057 0.00137326 0.0308816 0.000393135 0.0389135 0.000158455 0.2
499 0.193338 0.00149449 0.0371262 0.000461875 0.0363396 0.000157948 0.4
500 0.175831 0.00137181 0.0308526 0.000392695 0.0389339 0.00016088 0.2
501 0.193232 0.0014935 0.0371182 0.00046362 0.0363689 0.000157917 0.4
502 0.193252 0.00149703 0.0371042 0.000464372 0.0363819 0.000158261 0.4
503 0.214912 0.0016011 0.045926 0.000542033 0.0337493 0.000154542 0.6
504 0.176053 0.00137288 0.0309314 0.000392812 0.0388894 0.000158152 0.2
505 0.193533 0.00149437 0.0372893 0.000465038 0.0363683 0.000155505 0.4
506 0.193472 0.00149708 0.0372779 0.000466307 0.0363335 0.000154438 0.4
507 0.215092 0.00160301 0.046007 0.00054257 0.0337233 0.00015199 0.6
508 0.193553 0.00149514 0.037278 0.000466695 0.0363508 0.000157551 0.4
509 0.214853 0.00160156 0.0459643 0.000544183 0.0339522 0.000155142 0.6
510 0.21482 0.00160528 0.0459186 0.00054486 0.0338645 0.000157596 0.6
511 0.239358 0.00165917 0.0570423 0.000617098 0.0312924 0.000151766 0.8
512 0.198991 0.00117368 0.0395328 0.00034395 0.0570975 0.000201162 -0.8
513 0.169469 0.00105474 0.0286285 0.000275863 0.0511339 0.000176007 -0.6
514 0.169592 0.00105483 0.0286929 0.000274069 0.0510746 0.000178883 -0.6
515 0.158483 0.0010461 0.0250274 0.000262436 0.0471956 0.000164202 -0.4
516 0.169498 0.00105685 0.028694 0.000277839 0.0511823 0.000177831 -0.6
517 0.158465 0.00104303 0.0251123 0.000264816 0.0472435 0.000166466 -0.4
518 0.158466 0.00105207 0.0250688 0.00026489 0.0471894 0.000165083 -0.4
519 0.157333 0.00111746 0.0247744 0.000284025 0.0442239 0.000161102 -0.2
520 0.16978 0.00106177 0.0287129 0.000278748 0.0512603 0.000179799 -0.6
521 0.158592 0.00104522 0.0250924 0.000265413 0.0473568 0.000169066 -0.4
522 0.158463 0.00105371 0.0250435 0.000265317 0.0472964 0.000165805 -0.4
523 0.157276 0.00112108 0.0247012 0.000285291 0.0441716 0.000159454 -0.2
524 0.158468 0.00105176 0.0250955 0.000267038 0.0471721 0.000166595 -0.4
525 0.15753 0.0011196 0.0248245 0.000287407 0.044319 0.000157693 -0.2
526 0.157179 0.00113087 0.0246964 0.000287194 0.0442594 0.000161118 -0.2
527 0.163374 0.0012558 0.0266952 0.00033296 0.0414323 0.000156482 0
528 0.169858 0.00106368 0.0287747 0.000278306 0.05098 0.000176152 -0.6
529 0.15867 0.00104798 0.0251343 0.000265897 0.0473568 0.000166554 -0.4
530 0.158588 0.00105566 0.0251046 0.000264457 0.0472251 0.000167564 -0.4
531 0.157399 0.0011248 0.0247711 0.000285611 0.0441981 0.000161163 -0.2
532 0.158446 0.00105578 0.0251095 0.000267624 0.0472523 0.000165256 -0.4
533 0.157462 0.00112363 0.0248456 0.000286531 0.0443121 0.00016122 -0.2
534 0.157344 0.00113107 0.0247934 0.000287521 0.0444339 0.000163035 -0.2
535 0.163345 0.00124871 0.0266645 0.000331442 0.0414384 0.000153976 0
536 0.15867 0.00105759 0.0251283 0.000268152 0.0473481 0.000170872 -0.4
537 0.15755 0.00112208 0.0248149 0.000286559 0.0443101 0.000161721 -0.2
538 0.15732 0.00113392 0.0247406 0.000288361 0.0440792 0.000157761 -0.2
539 0.163341 0.00124909 0.0266694 0.000332743 0.041442 0.00016077 0
540 0.157418 0.00113212 0.0248332 0.000289847 0.0441565 0.000160591 -0.2
541 0.163396 0.00125122 0.0267139 0.0003322 0.0414875 0.000155581 0
542 0.163499 0.00125574 0.0267854 0.000335323 0.0415546 0.000157981 0
543 0.175515 0.00138636 0.0307664 0.000395318 0.038779 0.000158629 0.2
544 0.169492 0.00106107 0.0286725 0.000276197 0.0510497 0.000179425 -0.6
545 0.158683 0.00104333 0.0251743 0.000264932 0.0472146 0.000165948 -0.4
546 0.158479 0.00105306 0.0250652 0.000264672 0.0473826 0.000167958 -0.4
547 0.157481 0.00112071 0.0247972 0.000285831 0.0441682 0.000160912 -0.2
548 0.1585 0.00105242 0.025139 0.00026715 0.0471928 0.000165966 -0.4
549 0.157641 0.0011188 0.0249008 0.000285218 0.0441813 0.000164929 -0.2
550 0.157453 0.00112983 0.0248357 0.000287124 0.0442687 0.000163007 -0.2
551 0.163809 0.00124836 0.0268103 0.000330702 0.0413994 0.00015893 0
552 0.158639 0.00105474 0.025132 0.000266106 0.0472015 0.000168769 -0.4
553 0.157695 0.00111875 0.02485 0.000285729 0.044169 0.000163507 -0.2
554 0.157286 0.00113037 0.0247228 0.000287975 0.044216 0.000161884 -0.2
555 0.163783 0.00125351 0.0268046 0.000332707 0.0414363 0.000158586 0
556 0.15738 0.00112542 0.024834 0.000288798 0.0441221 0.000160936 -0.2
557 0.163764 0.00124866 0.0268002 0.000332325 0.0414757 0.000156751 0
558 0.16366 0.00125522 0.0267881 0.000333332 0.0414929 0.000160064 0
559 0.175835 0.00139176 0.0308526 0.000394385 0.03891 0.000154921 0.2
560 0.158804 0.00105802 0.0251865 0.000265896 0.0472092 0.000167765 -0.4
561 0.157791 0.00112145 0.0249243 0.000286823 0.0442365 0.000161017 -0.2
562 0.157642 0.00113504 0.0248652 0.000288396 0.0441442 0.000159848 -0.2
563 0.16373 0.00124782 0.0267946 0.000332427 0.0414772 0.00015783 0
564 0.157387 0.00112722 0.0248078 0.000288308 0.0441974 0.000162598 -0.2
565 0.163497 0.00124701 0.0267476 0.000331056 0.0415162 0.000159798 0
566 0.163471 0.00124884 0.0267054 0.000331612 0.0414294 0.000157287 0
567 0.175711 0.00138666 0.0307587 0.000393604 0.0388838 0.000155514 0.2
568 0.157562 0.00113208 0.0248565 0.000289222 0.0441555 0.000163934 -0.2
569 0.163594 0.00124793 0.0267853 0.00033297 0.0416537 0.000160913 0
570 0.163543 0.001255 0.0267777 0.000333455 0.041385 0.000158063 0
571 0.175838 0.0013853 0.0308401 0.000394736 0.038864 0.000156717 0.2
572 0.163727 0.00125233 0.026834 0.000332876 0.041439 0.000158855 0
573 0.17582 0.00138901 0.0308834 0.000395404 0.0389811 0.000155212 0.2
574 0.175818 0.00138558 0.0308669 0.000394702 0.0388948 0.000154419 0.2
575 0.193041 0.00151183 0.0370878 0.000467308 0.0362862 0.000153042 0.4
576 0.169778 0.00107334 0.0287797 0.000282903 0.0512941 0.000178838 -0.6
577 0.15862 0.00104972 0.0251394 0.00026686 0.0473035 0.000165875 -0.4
578 0.158514 0.00105744 0.0250881 0.000266139 0.0472251 0.000167968 -0.4
579 0.157484 0.00112431 0.0248228 0.00028496 0.0441506 0.000160843 -0.2
580 0.158569 0.00105425 0.0251606 0.00026838 0.0472963 0.000166648 -0.4
581 0.157331 0.00112208 0.0247993 0.000286635 0.0441091 0.000161826 -0.2
582 0.157375 0.00112803 0.0248389 0.000287167 0.0442276 0.000162561 -0.2
583 0.163196 0.00124586 0.0266305 0.000328486 0.0414841 0.00016161 0
584 0.158774 0.00105524 0.025171 0.000267895 0.0472152 0.000163359 -0.4
585 0.157449 0.00112305 0.0248017 0.000284771 0.0441675 0.000163887 -0.2
586 0.157399 0.0011326 0.0247635 0.000286242 0.0440881 0.0001625 -0.2
587 0.163546 0.00124861 0.0267128 0.000327977 0.0415228 0.000160493 0
588 0.157306 0.00113107 0.0247971 0.000287958 0.0441764 0.000163713 -0.2
589 0.163363 0.00124697 0.0267191 0.000328114 0.041484 0.000158103 0
590 0.163413 0.00125471 0.0267259 0.00033112 0.041467 0.000158797 0
591 0.17561 0.00138793 0.0307646 0.000392212 0.0390501 0.000157185 0.2
592 0.158821 0.00106143 0.0252062 0.000268224 0.04735 0.000170707 -0.4
593 0.157428 0.0011222 0.024812 0.000285072 0.0442768 0.000161567 -0.2
594 0.157335 0.00113002 0.024803 0.000286451 0.0443617 0.000164441 -0.2
595 0.163185 0.00124299 0.0266445 0.000329573 0.0415413 0.000157165 0
596 0.157451 0.001129 0.0248926 0.000288081 0.0442692 0.000164673 -0.2
597 0.163235 0.00124394 0.0266665 0.000329126 0.04158 0.000157341 0
598 0.163186 0.00124979 0.0266651 0.000329851 0.0415926 0.000157703 0
599 0.175473 0.00137793 0.0307331 0.000391249 0.0389641 0.0001579 0.2
600 0.157539 0.00113144 0.0248619 0.000288682 0.0442482 0.000164432 -0.2
601 0.163503 0.00124454 0.0267763 0.000329553 0.0415259 0.000160814 0
602 0.163521 0.00125121 0.0267728 0.000331915 0.0415956 0.000159145 0
603 0.175471 0.00138137 0.0306867 0.000392028 0.038903 0.000153772 0.2
604 0.16339 0.00125173 0.0267384 0.000331282 0.0415148 0.000157179 0
605 0.175688 0.00138369 0.0308197 0.00039266 0.0389239 0.000158465 0.2
606 0.175463 0.0013838 0.0307222 0.000393632 0.0388728 0.000153576 0.2
607 0.192927 0.00150213 0.0370799 0.000466852 0.0363169 0.000157647 0.4
608 0.15871 0.00105595 0.0251872 0.000266585 0.0473078 0.000167109 -0.4
609 0.157704 0.00112311 0.0249099 0.000285776 0.0441472 0.00015927 -0.2
610 0.157632 0.00113151 0.0248796 0.00028606 0.0442144 0.000158908 -0.2
611 0.163577 0.00124589 0.0267441 0.000328016 0.0416368 0.000158275 0
612 0.157456 0.00112766 0.0248703 0.000287167 0.0441582 0.000160685 -0.2
613 0.163541 0.00124804 0.0267607 0.000330051 0.0414276 0.000160594 0
614 0.163754 0.00125168 0.0268181 0.000330126 0.0415975 0.000160079 0
615 0.175814 0.00138678 0.030792 0.000390319 0.038846 0.000156213 0.2
616 0.157561 0.00112989 0.0248596 0.000287991 0.0443214 0.000162508 -0.2
617 0.163637 0.00124819 0.0267555 0.000328397 0.0414694 0.000160639 0
618 0.163842 0.00125709 0.0268722 0.000331209 0.0412727 0.000157955 0
619 0.175823 0.00138652 0.0308223 0.000390979 0.0390136 0.000159267 0.2
620 0.16381 0.00125049 0.0268669 0.000330611 0.0415841 0.000156259 0
621 0.175656 0.0013906 0.0307703 0.000391379 0.0390262 0.000159657 0.2
622 0.175703 0.00138755 0.0308182 0.000392994 0.0389 0.000160581 0.2
623 0.19283 0.00150899 0.0370538 0.000465158 0.036369 0.000157225 0.4
624 0.157649 0.00112598 0.0249053 0.000285752 0.0442449 0.000163704 -0.2
625 0.163573 0.00124091 0.0267525 0.000328569 0.0415894 0.000158316 0
626 0.163655 0.00125017 0.0268403 0.000331691 0.0415028 0.000158465 0
627 0.175816 0.00138192 0.0308014 0.000391257 0.0387601 0.000155176 0.2
628 0.163593 0.0012478 0.0268028 0.000330962 0.0416286 0.000160855 0
629 0.175729 0.00137997 0.0308035 0.000390392 0.0388881 0.000157242 0.2
630 0.17578 0.00138734 0.0308171 0.000393955 0.0390562 0.000159232 0.2
631 0.193076 0.00150495 0.0371228 0.000465114 0.0364795 0.000156067 0.4
632 0.163904 0.00124659 0.0269601 0.000331652 0.0414552 0.000159754 0
633 0.175838 0.00138024 0.0308619 0.000392628 0.0389022 0.000158343 0.2
634 0.175867 0.00138383 0.0309126 0.000393447 0.0389464 0.000157095 0.2
635 0.193007 0.00150409 0.0370458 0.000464368 0.0363851 0.000157389 0.4
636 0.175869 0.00138124 0.0309161 0.00039394 0.0388264 0.000154841 0.2
637 0.193042 0.00150913 0.0371484 0.00046851 0.0362661 0.00015795 0.4
638 0.193132 0.00150979 0.0372046 0.000469855 0.0364153 0.00015855 0.4
639 0.214577 0.00160276 0.0458955 0.000542923 0.0338723 0.000157547 0.6
640 0.169818 0.00107597 0.0288345 0.000281407 0.0511045 0.000177092 -0.6
641 0.158507 0.00104579 0.0250831 0.0002631 0.0472886 0.000168334 -0.4
642 0.158496 0.00105712 0.0250721 0.000264552 0.0473315 0.000169404 -0.4
643 0.157513 0.001119 0.0247923 0.000283813 0.044306 0.000163158 -0.2
644 0.15859 0.00105207 0.0251651 0.000266875 0.0472765 0.000163311 -0.4
645 0.157476 0.00111752 0.0248194 0.000283674 0.0441954 0.000158964 -0.2
646 0.157344 0.00112282 0.0247786 0.00028447 0.044211 0.000159434 -0.2
647 0.163469 0.00124649 0.0266863 0.000330053 0.0415701 0.000159413 0
648 0.158653 0.0010607 0.0251101 0.000266821 0.0473105 0.000173076 -0.4
649 0.157561 0.00111609 0.0248151 0.000285128 0.044149 0.000162577 -0.2
650 0.157311 0.00113025 0.0247152 0.00028679 0.044245 0.000161999 -0.2
651 0.16353 0.00124563 0.02667 0.000328733 0.0414602 0.000156598 0
652 0.15743 0.00112576 0.024797 0.000287132 0.0442143 0.000162768 -0.2
653 0.163596 0.00124898 0.0267587 0.000331904 0.0415792 0.00016049 0
654 0.163609 0.0012524 0.0267943 0.000332557 0.0415001 0.00015832 0
655 0.175697 0.0013829 0.0308289 0.000392919 0.0389494 0.000158526 0.2
656 0.158818 0.00106268 0.0252017 0.000267461 0.047322 0.00016693 -0.4
657 0.157653 0.00111978 0.024859 0.000284907 0.0442729 0.000163977 -0.2
658 0.157528 0.00112811 0.0248252 0.000286078 0.0442457 0.000161602 -0.2
659 0.163462 0.00124407 0.026721 0.000330463 0.0414757 0.000158201 0
660 0.157311 0.00112644 0.0247809 0.000285453 0.0442761 0.000163394 -0.2
661 0.163436 0.00124251 0.0267254 0.000329746 0.041405 0.00015855 0
662 0.163603 0.00125073 0.02682 0.000332943 0.0415212 0.000158637 0
663 0.175444 0.00137491 0.0307173 0.000391755 0.038802 0.00015626 0.2
664 0.157665 0.00113211 0.0248349 0.000286787 0.0442389 0.000163668 -0.2
665 0.163576 0.00124231 0.0267479 0.000330399 0.0415397 0.000157651 0
666 0.163548 0.00125317 0.0267538 0.000332395 0.0414424 0.00015811 0
667 0.175756 0.00137815 0.0308191 0.000393154 0.0387974 0.00015754 0.2
668 0.163714 0.00125301 0.0268387 0.000333679 0.0413134 0.000157478 0
669 0.175661 0.00138397 0.0307976 0.000394053 0.0389434 0.0001583 0.2
670 0.175824 0.00138557 0.0309141 0.000395728 0.038918 0.000158215 0.2
671 0.193236 0.00150642 0.0372345 0.000467644 0.0364262 0.000158317 0.4
672 0.158859 0.0010547 0.0252305 0.000264877 0.0473263 0.000170291 -0.4
673 0.157837 0.00112018 0.0248687 0.000284948 0.0443013 0.00016341 -0.2
674 0.157656 0.00112733 0.0248741 0.00028629 0.0440963 0.000162517 -0.2
675 0.163733 0.00124868 0.026779 0.000331017 0.0415227 0.00015893 0
676 0.157698 0.00112569 0.0249013 0.000285872 0.0440501 0.000161841 -0.2
677 0.163663 0.00124379 0.0267797 0.000331287 0.0414751 0.000159548 0
678 0.163835 0.00124725 0.0268218 0.000331474 0.0415335 0.000157273 0
679 0.175839 0.00138224 0.0308386 0.000391985 0.0388953 0.00015326 0.2
680 0.15764 0.00112829 0.0248118 0.000286798 0.0442489 0.000162639 -0.2
681 0.163705 0.00124419 0.0267185 0.000329936 0.0414213 0.00015861 0
682 0.163737 0.00125562 0.0268087 0.000332244 0.0414754 0.000156299 0
683 0.175928 0.0013859 0.030835 0.000392613 0.0389929 0.000158984 0.2
684 0.163885 0.00124895 0.0268629 0.000331419 0.0413613 0.00015882 0
685 0.175884 0.00138541 0.0308815 0.000392556 0.0388472 0.000156011 0.2
686 0.176018 0.00138943 0.0309248 0.000395243 0.0388424 0.000157436 0.2
687 0.193181 0.00151492 0.0371677 0.000467844 0.0363076 0.000154736 0.4
688 0.157756 0.00113045 0.024873 0.000287361 0.0442172 0.000162889 -0.2
689 0.163669 0.00124118 0.0267627 0.00032974 0.0414697 0.000159933 0
690 0.163675 0.00125118 0.0267697 0.000331598 0.0414813 0.000158749 0
691 0.175793 0.0013808 0.0307987 0.000392762 0.0389292 0.000158027 0.2
692 0.163691 0.001246 0.0267934 0.000330866 0.0413596 0.000158558 0
693 0.175692 0.00138168 0.0307425 0.000392758 0.0390168 0.000155789 0.2
694 0.175937 0.00138026 0.0309031 0.000393864 0.0390198 0.000155764 0.2
695 0.19311 0.00150737 0.0371023 0.000466213 0.036363 0.0001548 0.4
696 0.163818 0.00124665 0.0268591 0.000331278 0.0415258 0.000162448 0
697 0.176061 0.00138071 0.0308905 0.000393191 0.0389931 0.000158111 0.2
698 0.175954 0.00138543 0.0308882 0.000395273 0.0388074 0.000158111 0.2
699 0.193119 0.00150724 0.0370741 0.000465767 0.0364019 0.000159188 0.4
700 0.176112 0.00138767 0.0309844 0.000396782 0.0390104 0.000157824 0.2
701 0.193116 0.00150808 0.0371475 0.000468704 0.0363777 0.000157371 0.4
702 0.193417 0.0015101 0.0372617 0.000469493 0.0363668 0.000154273 0.4
703 0.214478 0.00160695 0.0457773 0.000543814 0.0338275 0.000155392 0.6
704 0.158771 0.00106405 0.0251967 0.000268195 0.0471864 0.000169355 -0.4
705 0.157712 0.00112013 0.0248514 0.000283276 0.0442836 0.000159704 -0.2
706 0.157456 0.00112849 0.0248269 0.00028486 0.0442824 0.000159947 -0.2
707 0.163481 0.00124268 0.0266917 0.00032753 0.0416104 0.000158939 0
708 0.157532 0.00112367 0.0248415 0.00028399 0.0441949 0.000162638 -0.2
709 0.163423 0.00124504 0.02669 0.000326755 0.0414548 0.000157946 0
710 0.16355 0.00124412 0.0267653 0.00032876 0.041457 0.000159552 0
711 0.175403 0.001373 0.0306633 0.000386953 0.0389297 0.000158734 0.2
712 0.157533 0.00113381 0.0248279 0.000286812 0.0442633 0.000162589 -0.2
713 0.163484 0.00124408 0.0266952 0.000326346 0.0414727 0.000157584 0
714 0.163445 0.00125157 0.0267079 0.000328895 0.0415126 0.000159858 0
715 0.175718 0.00137971 0.0307704 0.000389384 0.0390265 0.000157434 0.2
716 0.163486 0.00123997 0.0267729 0.000328254 0.0415912 0.000161436 0
717 0.175624 0.00137964 0.0307279 0.000388338 0.0389677 0.000156359 0.2
718 0.175585 0.00138592 0.030802 0.000391782 0.0389953 0.00015927 0.2
719 0.192847 0.00150617 0.0370314 0.000465294 0.0363464 0.000153842 0.4
720 0.157623 0.00112883 0.0248776 0.00028478 0.0443049 0.000165138 -0.2
721 0.163178 0.00123627 0.0266484 0.000325585 0.041501 0.000159879 0
722 0.163549 0.00124662 0.0267682 0.000329291 0.0415291 0.000158249 0
723 0.175623 0.00137376 0.0307402 0.000389963 0.0388794 0.000157378 0.2
724 0.163392 0.00124215 0.0267444 0.000329373 0.0415697 0.000162185 0
725 0.175417 0.00137388 0.0307103 0.000389672 0.0388848 0.000156115 0.2
726 0.175504 0.00138086 0.0307536 0.000392474 0.0390595 0.000158072 0.2
727 0.193108 0.00149817 0.0370968 0.000463737 0.0363305 0.000153916 0.4
728 0.163602 0.00124737 0.0268112 0.000330844 0.0415176 0.000160116 0
729 0.175573 0.0013747 0.0307072 0.000389291 0.0389916 0.000156378 0.2
730 0.175778 0.00138073 0.0308201 0.000391455 0.0389603 0.000158342 0.2
731 0.193265 0.00150147 0.0371773 0.000466846 0.0363649 0.00015538 0.4
732 0.175596 0.00137835 0.030793 0.00039174 0.0388895 0.000157689 0.2
733 0.192912 0.00150387 0.0370753 0.000467647 0.0363522 0.000157027 0.4
734 0.193168 0.0015056 0.0371807 0.00046878 0.0363326 0.000156876 0.4
735 0.214458 0.00160385 0.0457964 0.000545398 0.0337736 0.000154084 0.6
736 0.157669 0.00112753 0.0248867 0.000284594 0.0441291 0.000161204 -0.2
737 0.16364 0.00124044 0.0267552 0.000326664 0.0414572 0.000159171 0
738 0.163779 0.00124929 0.0268075 0.000329263 0.0414852 0.000161645 0
739 0.175888 0.00137747 0.0308086 0.000387732 0.0389826 0.000156692 0.2
740 0.163788 0.00124467 0.0268241 0.000327656 0.0414652 0.000158547 0
741 0.175759 0.00137926 0.0307508 0.000388575 0.0388992 0.000157231 0.2
742 0.175746 0.00137875 0.0307759 0.000389332 0.0389686 0.000159412 0.2
743 0.193072 0.00150421 0.0370843 0.000462467 0.0363443 0.000157327 0.4
744 0.163801 0.00125013 0.0268172 0.000329272 0.0413577 0.000160014 0
745 0.175954 0.0013788 0.0308351 0.000388936 0.0389128 0.000161054 0.2
746 0.175976 0.00138324 0.0308636 0.000390944 0.0389267 0.000157905 0.2
747 0.193142 0.00150072 0.0370861 0.000462552 0.036346 0.000153258 0.4
748 0.176146 0.00138223 0.0310032 0.000391377 0.0388341 0.000159881 0.2
749 0.193134 0.00150844 0.0371528 0.000464883 0.0365006 0.000160028 0.4
750 0.193115 0.00150756 0.0371395 0.000466183 0.0363519 0.000155947 0.4
751 0.21457 0.00160596 0.0458384 0.000542545 0.0338085 0.000154214 0.6
752 0.163718 0.00124543 0.0268478 0.000328662 0.0416637 0.000159713 0
753 0.175759 0.00137656 0.0307765 0.000389522 0.0389741 0.000159521 0.2
754 0.17589 0.00138014 0.0308585 0.000391506 0.0389273 0.000158726 0.2
755 0.193285 0.00149837 0.0371394 0.000462294 0.0363578 0.000153126 0.4
756 0.175853 0.00137633 0.0308804 0.000391039 0.0390591 0.000157581 0.2
757 0.193107 0.00150092 0.0370929 0.000464279 0.0364337 0.000155602 0.4
758 0.193223 0.00150291 0.0371438 0.000465222 0.0363328 0.000155908 0.4
759 0.214823 0.00160017 0.0458738 0.000541305 0.0337626 0.000150339 0.6
760 0.175829 0.00137889 0.0308629 0.000391441 0.038977 0.000158036 0.2
761 0.193491 0.00150459 0.037254 0.000466683 0.0364201 0.000155251 0.4
762 0.193551 0.00150178 0.0373176 0.000465961 0.0364576 0.000154202 0.4
763 0.21491 0.00159842 0.0459614 0.000542476 0.0339768 0.000155681 0.6
764 0.193293 0.00150652 0.037245 0.00046806 0.0362871 0.0001584 0.4
765 0.214734 0.00160245 0.0458964 0.000544241 0.0339302 0.000155948 0.6
766 0.214742 0.00160586 0.0459244 0.000544904 0.0338521 0.000157778 0.6
767 0.239153 0.00166203 0.0569511 0.000614347 0.0312616 0.000151774 0.8
768 0.169608 0.00107308 0.0287432 0.000280472 0.051176 0.000180015 -0.6
769 0.158307 0.00104967 0.025006 0.000264689 0.0472893 0.000167251 -0.4
770 0.158309 0.0010579 0.0250112 0.000264447 0.0473959 0.000167861 -0.4
771 0.157213 0.00112335 0.0246907 0.000284636 0.0442893 0.000157904 -0.2
772 0.158177 0.00105811 0.0250421 0.000267561 0.047263 0.000166174 -0.4
773 0.157141 0.00112013 0.0247388 0.000285583 0.0440571 0.000161469 -0.2
774 0.157181 0.001127 0.0247255 0.000286071 0.0442775 0.000160484 -0.2
775 0.163436 0.00124165 0.0266809 0.000329634 0.0414028 0.00015768 0
776 0.158382 0.00106181 0.025041 0.000268395 0.0474499 0.000168843 -0.4
777 0.15719 0.00112053 0.0246934 0.000285673 0.0443001 0.000163437 -0.2
778 0.15719 0.00113127 0.0247282 0.000288418 0.0440887 0.000159292 -0.2
779 0.163474 0.00124641 0.0267273 0.000331665 0.0415405 0.000157318 0
780 0.157179 0.00112773 0.0247505 0.000287991 0.0442974 0.000163505 -0.2
781 0.163407 0.00123944 0.026711 0.000329069 0.0413456 0.000157614 0
782 0.163572 0.00125019 0.0267672 0.000334213 0.0414996 0.000156315 0
783 0.175715 0.0013801 0.030819 0.000394162 0.038932 0.000156146 0.2
784 0.158493 0.00106583 0.0251057 0.000269171 0.0471772 0.000167928 -0.4
785 0.157407 0.00111959 0.0247785 0.000284853 0.0443627 0.000161074 -0.2
786 0.157369 0.00112991 0.0247574 0.000286543 0.044319 0.000161573 -0.2
787 0.163568 0.00124285 0.0267221 0.000331072 0.0413629 0.000156565 0
788 0.157101 0.00113185 0.0247395 0.000289854 0.044231 0.000156957 -0.2
789 0.163486 0.00124097 0.0267532 0.000331416 0.0413872 0.00015798 0
790 0.163413 0.00124274 0.0267275 0.000332093 0.0415634 0.000159819 0
791 0.175708 0.00137615 0.0308421 0.000393678 0.0390761 0.000155485 0.2
792 0.157364 0.00112878 0.024778 0.000289382 0.0442467 0.000162751 -0.2
793 0.163579 0.00124159 0.0267955 0.000331126 0.0413195 0.000158521 0
794 0.163592 0.00124753 0.0268179 0.000333238 0.0415979 0.000158573 0
795 0.175726 0.00137759 0.0308237 0.00039423 0.0389127 0.000155988 0.2
796 0.163395 0.00124559 0.0267317 0.000332648 0.0414843 0.00016042 0
797 0.175775 0.00138256 0.0308663 0.000395285 0.0390007 0.0001574 0.2
798 0.175764 0.00138416 0.0308867 0.000397732 0.0388431 0.00015474 0.2
799 0.192859 0.00150661 0.0371145 0.000469296 0.0363659 0.000156689 0.4
800 0.158404 0.00106078 0.0250823 0.000267115 0.0473566 0.000169254 -0.4
801 0.157596 0.00111981 0.0248543 0.00028619 0.0442083 0.000163262 -0.2
802 0.157344 0.00113052 0.0247753 0.000287677 0.0442278 0.000160214 -0.2
803 0.163703 0.00124262 0.0267848 0.000329672 0.0414749 0.000157898 0
804 0.157515 0.00112661 0.0248678 0.000287434 0.0442546 0.000159373 -0.2
805 0.163807 0.00124366 0.0268259 0.000330829 0.0414602 0.000158793 0
806 0.163821 0.0012483 0.0268358 0.000332718 0.0413849 0.000156151 0
807 0.175833 0.00137918 0.0308381 0.000394367 0.0389299 0.000151667 0.2
808 0.157474 0.00112931 0.0248115 0.000288557 0.0441984 0.000161883 -0.2
809 0.16377 0.00124266 0.0268241 0.000330249 0.0414841 0.000159211 0
810 0.163724 0.00124753 0.0268208 0.000331041 0.0413909 0.000158937 0
811 0.176021 0.0013815 0.0309083 0.000393525 0.0389599 0.000157214 0.2
812 0.16364 0.00124435 0.0268015 0.000331324 0.0414069 0.000155937 0
813 0.176045 0.00138076 0.0308672 0.000392719 0.038903 0.000157603 0.2
814 0.175998 0.00138849 0.0309236 0.000395139 0.0389414 0.000159037 0.2
815 0.193035 0.00151135 0.0371439 0.000468069 0.036324 0.00015538 0.4
816 0.157661 0.00112432 0.0248955 0.000287158 0.0443491 0.00016409 -0.2
817 0.163825 0.00124486 0.0268616 0.000331531 0.0417148 0.000158862 0
818 0.163657 0.0012451 0.0267618 0.000331812 0.0414686 0.00015648 0
819 0.175948 0.00137643 0.0308708 0.000392773 0.0390728 0.000159297 0.2
820 0.163833 0.00124424 0.0268435 0.000331531 0.0414694 0.000156889 0
821 0.175928 0.00137759 0.0308624 0.000393236 0.0389231 0.000156654 0.2
822 0.175852 0.00138309 0.0308174 0.000395387 0.0390043 0.000158357 0.2
823 0.193063 0.00150706 0.037139 0.000467718 0.0363001 0.000153789 0.4
824 0.16383 0.00124607 0.0268414 0.000332166 0.0414437 0.000157785 0
825 0.17591 0.00137878 0.0308493 0.00039407 0.0386859 0.000157158 0.2
826 0.175943 0.00138453 0.0309428 0.000396091 0.0388812 0.000158298 0.2
827 0.193487 0.00150477 0.0372807 0.000467864 0.036353 0.000155939 0.4
828 0.176095 0.00138309 0.0309486 0.000396178 0.038872 0.000156736 0.2
829 0.1933 0.00150645 0.0371862 0.000468281 0.0363976 0.000156925 0.4
830 0.193275 0.00151165 0.0372761 0.00047065 0.0363361 0.000156565 0.4
831 0.214825 0.00160383 0.045933 0.000544227 0.0338297 0.000155341 0.6
832 0.158421 0.00106467 0.0250999 0.000269467 0.0474245 0.000168715 -0.4
833 0.157146 0.00112552 0.0247226 0.000285134 0.0441374 0.000163142 -0.2
834 0.157229 0.00113401 0.024751 0.000287718 0.0443256 0.00016413 -0.2
835 0.163508 0.0012418 0.0267543 0.000328696 0.0415274 0.000159891 0
836 0.157399 0.0011262 0.024833 0.000287725 0.0442089 0.000161934 -0.2
837 0.163374 0.00124256 0.0267235 0.000329476 0.0415245 0.000157161 0
838 0.16345 0.00124398 0.0267241 0.000329512 0.0414969 0.00015704 0
839 0.175674 0.00137411 0.0307909 0.00039083 0.0390264 0.000154342 0.2
840 0.157428 0.00113165 0.0248448 0.000287682 0.0443056 0.00016591 -0.2
841 0.163729 0.0012407 0.0268046 0.000327484 0.0415373 0.000160757 0
842 0.163648 0.00124549 0.0268118 0.000330337 0.0415536 0.000158956 0
843 0.175673 0.00137595 0.030781 0.000390084 0.0388468 0.000155879 0.2
844 0.163403 0.00124789 0.0267327 0.000331179 0.0415393 0.000156349 0
845 0.175666 0.00137797 0.0307902 0.000390885 0.0388804 0.000155724 0.2
846 0.175761 0.00137845 0.0308708 0.000392064 0.0389186 0.000154382 0.2
847 0.193014 0.00150585 0.0371384 0.000467039 0.0363456 0.000154319 0.4
848 0.157428 0.00113221 0.0248127 0.000287411 0.0440924 0.000161 -0.2
849 0.163402 0.00124111 0.0266883 0.000328287 0.0415272 0.000159761 0
850 0.163648 0.001243 0.0268248 0.000331081 0.0414141 0.00015613 0
851 0.1757 0.00137002 0.0307992 0.000390598 0.0388415 0.000157488 0.2
852 0.163509 0.00124619 0.0267863 0.000331688 0.041537 0.000160045 0
853 0.175557 0.00137182 0.0307809 0.00039143 0.0389306 0.000158173 0.2
854 0.175538 0.00137468 0.0308084 0.000393371 0.0390161 0.00015818 0.2
855 0.192928 0.00149778 0.0370634 0.000464648 0.0364833 0.000157441 0.4
856 0.163533 0.00124509 0.0267921 0.000330788 0.0415411 0.000159658 0
857 0.175626 0.00137439 0.0308022 0.000391928 0.0389127 0.000156536 0.2
858 0.175854 0.00137929 0.0308733 0.000393526 0.0388809 0.000155086 0.2
859 0.193171 0.00149839 0.0371926 0.000466303 0.0363818 0.000152212 0.4
860 0.175599 0.00137663 0.0308499 0.000394033 0.0389099 0.00015746 0.2
861 0.192987 0.00150405 0.0371622 0.000468991 0.0362927 0.000156429 0.4
862 0.192846 0.00150444 0.0370985 0.000469743 0.0363758 0.000156898 0.4
863 0.214558 0.00160197 0.0458929 0.000546484 0.0339083 0.000157077 0.6
864 0.157355 0.00112867 0.024817 0.000286667 0.0442098 0.000163025 -0.2
865 0.163886 0.00123831 0.0268852 0.000328258 0.0415546 0.000161697 0
866 0.163623 0.00124625 0.0267914 0.000328602 0.0414562 0.000158902 0
867 0.175904 0.00137975 0.0308951 0.000391599 0.0390522 0.00015745 0.2
868 0.163643 0.00124498 0.0268025 0.000329074 0.0414594 0.000158023 0
869 0.175923 0.00137786 0.0308771 0.000392112 0.0388926 0.000158046 0.2
870 0.175979 0.00137915 0.0309342 0.000392246 0.0388254 0.000156144 0.2
871 0.193168 0.00150348 0.0371406 0.000464196 0.036343 0.000155194 0.4
872 0.163715 0.00124815 0.0268339 0.000329599 0.0416446 0.000160526 0
873 0.176126 0.00137742 0.0309377 0.000390281 0.0387796 0.000155886 0.2
874 0.175928 0.00138152 0.0309292 0.000393286 0.0388419 0.000156496 0.2
875 0.193233 0.00150492 0.0371398 0.000463986 0.0363481 0.000154752 0.4
876 0.176022 0.00137873 0.0309328 0.000390908 0.0388712 0.000154992 0.2
877 0.193184 0.00150599 0.0371877 0.000466333 0.0364725 0.000156647 0.4
878 0.193237 0.00150525 0.0372747 0.000467848 0.036291 0.000156429 0.4
879 0.214656 0.00160327 0.045872 0.000543098 0.033751 0.00015462 0.6
880 0.163758 0.0012433 0.0268241 0.00032905 0.0416259 0.00015703 0
881 0.175768 0.00137584 0.0308082 0.000391975 0.0390097 0.000158242 0.2
882 0.175832 0.00137471 0.0308733 0.000391991 0.0389139 0.000160291 0.2
883 0.19333 0.00149638 0.0371519 0.000462144 0.0363428 0.000152169 0.4
884 0.175837 0.00138015 0.0308646 0.000392186 0.038857 0.000155525 0.2
885 0.19307 0.00150434 0.0371218 0.000465332 0.0363847 0.000155488 0.4
886 0.193071 0.00150133 0.0371515 0.000465887 0.0364273 0.000158567 0.4
887 0.214784 0.00159579 0.0459481 0.000541779 0.0337494 0.000156553 0.6
888 0.176106 0.00137687 0.0309929 0.000393857 0.0388998 0.000158448 0.2
889 0.193131 0.00149938 0.0371517 0.000465448 0.036369 0.000155678 0.4
890 0.193335 0.00150247 0.0372876 0.000466836 0.0363638 0.000157103 0.4
891 0.214995 0.0015998 0.045972 0.0005437 0.0338509 0.000155419 0.6
892 0.193047 0.00150437 0.0371499 0.000468667 0.0363792 0.000157876 0.4
893 0.214633 0.0015983 0.0458998 0.000545517 0.0336775 0.00015227 0.6
894 0.214925 0.00160448 0.0459943 0.000545852 0.0338528 0.000154942 0.6
895 0.239282 0.00165468 0.0570616 0.000616124 0.0313609 0.000151188 0.8
896 0.158368 0.001062 0.0250997 0.000267252 0.047425 0.000169301 -0.4
897 0.157461 0.0011185 0.0247891 0.000283175 0.0441541 0.000160386 -0.2
898 0.157309 0.00112785 0.0247488 0.000284901 0.0441465 0.000158834 -0.2
899 0.163611 0.00124086 0.0267356 0.000329449 0.0414715 0.000159974 0
900 0.157281 0.00112664 0.0247866 0.000286605 0.044359 0.00016328 -0.2
901 0.163501 0.00123707 0.0267025 0.000328554 0.0416382 0.000159925 0
902 0.163465 0.00124259 0.0267598 0.000330683 0.0414079 0.000158427 0
903 0.17572 0.00137503 0.0308027 0.00039085 0.0389771 0.000157134 0.2
904 0.157367 0.00112936 0.0247496 0.000286203 0.0440857 0.000160509 -0.2
905 0.163628 0.00123797 0.0267528 0.000328436 0.0415435 0.000159102 0
906 0.163633 0.00124139 0.0267854 0.000329371 0.0415276 0.000157797 0
907 0.175665 0.00137871 0.0307964 0.000391936 0.0389841 0.000157086 0.2
908 0.163688 0.00124285 0.0268104 0.000331428 0.0416447 0.000162297 0
909 0.175849 0.00137621 0.0308457 0.000391813 0.038839 0.000154655 0.2
910 0.175758 0.00138648 0.0308345 0.000395378 0.0389114 0.000154968 0.2
911 0.193007 0.00150747 0.0371228 0.000467721 0.0363121 0.000156579 0.4
912 0.157372 0.00112612 0.0247953 0.00028697 0.04431 0.000161664 -0.2
913 0.163396 0.00123914 0.026692 0.000329369 0.0416297 0.000160157 0
914 0.16351 0.00124369 0.0267422 0.000331399 0.0413809 0.000154169 0
915 0.175732 0.00136847 0.0307718 0.000390645 0.0389775 0.000158243 0.2
916 0.163694 0.00124477 0.0268386 0.00033293 0.0415551 0.000159749 0
917 0.175749 0.00137354 0.0307964 0.000391985 0.039089 0.000153525 0.2
918 0.175642 0.00137405 0.0308517 0.000393505 0.0389316 0.000156005 0.2
919 0.193102 0.00149861 0.0371706 0.00046669 0.0362882 0.000156618 0.4
920 0.163696 0.00124168 0.0268128 0.000330295 0.0416472 0.00016177 0
921 0.175909 0.00137086 0.0308957 0.00039321 0.038975 0.000156862 0.2
922 0.175907 0.00137737 0.0308943 0.000394072 0.0389814 0.000155844 0.2
923 0.193292 0.00150399 0.0372424 0.000468368 0.0363461 0.000156934 0.4
924 0.175915 0.00137853 0.0309503 0.000395018 0.0390145 0.000160029 0.2
925 0.193093 0.00150624 0.0371758 0.000470581 0.0362839 0.000154324 0.4
926 0.193271 0.00150701 0.0373081 0.000471239 0.0364474 0.000157129 0.4
927 0.21495 0.00160387 0.0460625 0.000547387 0.0338379 0.000155903 0.6
928 0.157526 0.00112806 0.0248243 0.000286371 0.0443097 0.000163385 -0.2
929 0.163886 0.00124118 0.026813 0.000328941 0.0413581 0.000160038 0
930 0.163844 0.00124281 0.0268339 0.0003296 0.0414485 0.000154927 0
931 0.175803 0.00137708 0.0308102 0.000392668 0.0390869 0.000156256 0.2
932 0.163846 0.00124206 0.0268711 0.000331448 0.0414558 0.000157744 0
933 0.175976 0.00137776 0.0308796 0.000391648 0.0387791 0.00015536 0.2
934 0.176055 0.00138097 0.0309336 0.00039391 0.0389552 0.000156691 0.2
935 0.193209 0.00150483 0.0371555 0.000465447 0.0363851 0.000155544 0.4
936 0.164045 0.00124493 0.02692 0.00033146 0.0413081 0.000158507 0
937 0.17597 0.00137914 0.0308544 0.000392217 0.0388586 0.000157807 0.2
938 0.176173 0.00137977 0.0310246 0.000394113 0.0388657 0.00015796 0.2
939 0.193575 0.00150449 0.037281 0.000465598 0.0364036 0.000154298 0.4
940 0.175997 0.00138721 0.0309229 0.000394892 0.0389808 0.000157948 0.2
941 0.193452 0.00151104 0.0372899 0.000469308 0.0364056 0.000154155 0.4
942 0.193511 0.00150915 0.0373368 0.000469201 0.03639 0.000154307 0.4
943 0.214925 0.00161384 0.0459808 0.000546678 0.0337179 0.000154106 0.6
944 0.163898 0.00124166 0.0268615 0.000330012 0.0413341 0.000157199 0
945 0.175875 0.00137187 0.0308331 0.000392008 0.0390694 0.000155961 0.2
946 0.176031 0.00137753 0.0309152 0.000394204 0.0388613 0.000152716 0.2
947 0.193317 0.00149785 0.0371622 0.000465164 0.036381 0.000156239 0.4
948 0.175961 0.00137802 0.0309234 0.000393034 0.0389171 0.000155063 0.2
949 0.1934 0.00150102 0.037268 0.000467263 0.0362015 0.000154011 0.4
950 0.19333 0.00150137 0.0372252 0.000466528 0.0363223 0.000154832 0.4
951 0.215065 0.00160067 0.0460058 0.000542741 0.0338163 0.000153392 0.6
952 0.176247 0.00137847 0.0309905 0.000394415 0.0388817 0.00015554 0.2
953 0.193676 0.00149975 0.0373488 0.00046751 0.0363919 0.000156351 0.4
954 0.193519 0.00150238 0.0373445 0.000468678 0.0363666 0.000157116 0.4
955 0.214951 0.00160201 0.0459539 0.000542433 0.0337376 0.000155736 0.6
956 0.193498 0.00150855 0.0373308 0.000471054 0.0363098 0.000156351 0.4
957 0.214741 0.00160997 0.0459343 0.000547894 0.0338468 0.000152016 0.6
958 0.214755 0.00160428 0.0459752 0.000545968 0.0337461 0.000154692 0.6
959 0.239286 0.00166023 0.0570682 0.000619175 0.0313796 0.000147654 0.8
960 0.157495 0.00112836 0.0248203 0.000284967 0.0441066 0.000164074 -0.2
961 0.163546 0.00123869 0.0267109 0.0003265 0.0415132 0.000157044 0
962 0.163557 0.00124355 0.0267815 0.000329038 0.0415763 0.000159799 0
963 0.175492 0.00137076 0.030733 0.000387897 0.0389992 0.000154968 0.2
964 0.163552 0.00124323 0.0267851 0.000329785 0.0414293 0.000155803 0
965 0.17538 0.00137337 0.0306668 0.000389224 0.0387731 0.000156137 0.2
966 0.175573 0.0013712 0.0307744 0.000389698 0.0389766 0.000158114 0.2
967 0.192915 0.00149932 0.0370679 0.000463209 0.0363623 0.000152824 0.4
968 0.163726 0.00124135 0.0267933 0.000328208 0.0414804 0.000158675 0
969 0.175784 0.00137031 0.0308226 0.000388888 0.0389939 0.000160359 0.2
970 0.175945 0.00137869 0.0308788 0.000391968 0.0389273 0.00015498 0.2
971 0.193261 0.00150544 0.0371807 0.000465246 0.0365053 0.000155482 0.4
972 0.175946 0.00137375 0.0309267 0.000391535 0.0389656 0.000160599 0.2
973 0.192997 0.00149949 0.037162 0.000465767 0.0363507 0.000156108 0.4
974 0.193196 0.00150713 0.037199 0.000469063 0.0363667 0.000157977 0.4
975 0.214852 0.00160664 0.0459785 0.00054599 0.0338468 0.000156262 0.6
976 0.163534 0.00123478 0.0267719 0.000326749 0.041622 0.000160545 0
977 0.175649 0.00136637 0.0307819 0.000390098 0.0389741 0.000155176 0.2
978 0.175903 0.00137289 0.0308653 0.00039185 0.0388989 0.000153838 0.2
979 0.193159 0.00149182 0.0371527 0.000462987 0.0362535 0.000155744 0.4
980 0.175531 0.00136988 0.030795 0.000391284 0.0391195 0.000156965 0.2
981 0.193096 0.00149619 0.0371377 0.000466505 0.0364427 0.000157164 0.4
982 0.193135 0.00150037 0.0372007 0.00046692 0.0363867 0.000155221 0.4
983 0.215062 0.00159817 0.0460239 0.000543782 0.0338615 0.000154086 0.6
984 0.175899 0.00136993 0.0308748 0.000390741 0.0388843 0.000157092 0.2
985 0.193248 0.00149659 0.0371905 0.000466157 0.036297 0.000155116 0.4
986 0.193357 0.00149628 0.0372476 0.000466388 0.0364348 0.000156157 0.4
987 0.214867 0.00160111 0.045936 0.000543709 0.0337483 0.00015713 0.6
988 0.193311 0.00149967 0.0373173 0.000470409 0.0363771 0.000154426 0.4
989 0.214745 0.00160153 0.0459258 0.000546677 0.0338447 0.000154767 0.6
990 0.214902 0.00160188 0.0461088 0.000546249 0.0337494 0.000154143 0.6
991 0.23922 0.00165847 0.0570954 0.000617844 0.0314354 0.000151269 0.8
992 0.163797 0.00123974 0.0267942 0.00032691 0.0416164 0.000159368 0
993 0.175868 0.00137518 0.0308117 0.000388128 0.0389569 0.000156437 0.2
994 0.175906 0.00137814 0.0308774 0.000390206 0.038869 0.000156512 0.2
995 0.193248 0.00149931 0.0371251 0.000461448 0.0364002 0.000153637 0.4
996 0.175705 0.00137715 0.0307863 0.000389868 0.0389236 0.000157016 0.2
997 0.19314 0.00149977 0.0371178 0.00046254 0.0364504 0.000155383 0.4
998 0.193169 0.0015062 0.0371996 0.0004664 0.0362819 0.00015219 0.4
999 0.214862 0.00159978 0.0459682 0.000542598 0.033587 0.000152376 0.6
1000 0.176016 0.00137729 0.0308777 0.00038958 0.0389797 0.000155538 0.2
1001 0.193351 0.00150678 0.0372394 0.000465293 0.0363321 0.000157043 0.4
1002 0.193571 0.00150299 0.0372971 0.000465589 0.0363804 0.000157628 0.4
1003 0.214919 0.00160193 0.0460211 0.000542531 0.0337839 0.000152476 0.6
1004 0.193149 0.00150434 0.037151 0.000465878 0.0361406 0.000156676 0.4
1005 0.214837 0.00160252 0.0459744 0.000545386 0.0337608 0.000153706 0.6
1006 0.214741 0.0016075 0.0459406 0.000546132 0.0338831 0.000154327 0.6
1007 0.239063 0.00167074 0.0569554 0.00061858 0.0313771 0.000151539 0.8
1008 0.175938 0.00137517 0.0308709 0.000390779 0.0389269 0.000158475 0.2
1009 0.193301 0.00149709 0.0371601 0.000464266 0.0363779 0.000155406 0.4
1010 0.193467 0.00150084 0.0372842 0.000465987 0.0362795 0.000153548 0.4
1011 0.215127 0.00159378 0.0459984 0.000539397 0.0338249 0.000154278 0.6
1012 0.193204 0.00149732 0.0371699 0.000465565 0.0364059 0.000157436 0.4
1013 0.215069 0.00159896 0.0460327 0.000543456 0.0336991 0.000152085 0.6
1014 0.214854 0.00160024 0.0459298 0.000542365 0.0339046 0.000153623 0.6
1015 0.239258 0.00165578 0.0570503 0.000612617 0.0313328 0.000152336 0.8
1016 0.19364 0.00150239 0.0373602 0.000468692 0.0362827 0.000154218 0.4
1017 0.215102 0.00160276 0.0460398 0.000544563 0.0338829 0.000155653 0.6
1018 0.21508 0.00159686 0.04603 0.000541955 0.0337515 0.000153705 0.6
1019 0.239489 0.00165601 0.0571001 0.000614049 0.0312528 0.000153121 0.8
1020 0.214882 0.00160201 0.0459994 0.000547455 0.033937 0.000155186 0.6
1021 0.239246 0.00166176 0.0570695 0.00062065 0.0314169 0.000152628 0.8
1022 0.239362 0.00166182 0.0571226 0.000618257 0.0312922 0.000152169 0.8
1023 0.265141 0.00166973 0.0701077 0.000674719 0.0291108 0.000150861 1
