#sample=68
0 0.256975 0.0026937 0.0659584 0.00101199 0.0660107 0.000443484 -1
1 0.142014 0.000969878 0.0201778 0.000203162 0.0543484 0.000160768 -0.8
2 0.141909 0.000899846 0.0201286 0.000182751 0.0544089 0.000131999 -0.8
3 0.103843 0.000978721 0.0107877 0.000151027 0.0516047 0.000116648 -0.6
4 0.142077 0.000876287 0.0201526 0.000173128 0.0543791 0.000130459 -0.8
5 0.103884 0.000962784 0.0107543 0.000146664 0.0518258 0.000123388 -0.6
6 0.10376 0.000914142 0.0107397 0.000138621 0.0516143 0.000113756 -0.6
7 0.0698115 0.00100144 0.00484685 0.000108276 0.0493564 0.000115856 -0.4
8 0.142431 0.000956614 0.0202852 0.000197472 0.0543963 0.000131413 -0.8
9 0.104166 0.00101172 0.0108358 0.000157594 0.0517234 0.00014636 -0.6
10 0.104142 0.000928265 0.010844 0.000145126 0.0515917 0.00011557 -0.6
11 0.0698726 0.00102284 0.00487624 0.000109024 0.0494875 0.000117055 -0.4
12 0.104148 0.000931042 0.0108102 0.00014183 0.0516314 0.000109471 -0.6
13 0.0702697 0.00103 0.0049022 0.000107557 0.0494219 0.000110573 -0.4
14 0.0698308 0.00099697 0.00484267 0.000104512 0.0494757 0.000116564 -0.4
15 0.0410877 0.00106167 0.00168526 7.09165e-05 0.0476555 0.000124088 -0.2
16 0.141246 0.000969527 0.0199578 0.000208545 0.0543698 0.000120564 -0.8
17 0.103218 0.00103485 0.010671 0.000167295 0.0515699 0.000129682 -0.6
18 0.103204 0.00098442 0.0106633 0.000160107 0.0515043 0.000120944 -0.6
19 0.0693116 0.0010611 0.0048172 0.000121958 0.0494521 0.000108352 -0.4
20 0.103429 0.000966904 0.0106855 0.000156372 0.0515533 0.00011888 -0.6
21 0.0695839 0.00103681 0.0048419 0.000116378 0.0492744 0.000130013 -0.4
22 0.0692658 0.000999212 0.00479093 0.000111969 0.0496172 0.000103122 -0.4
23 0.040047 0.00102409 0.00162456 6.97268e-05 0.0474939 0.000122308 -0.2
24 0.103595 0.00100013 0.0107468 0.000164436 0.0515058 0.000114057 -0.6
25 0.0694855 0.0011022 0.00484043 0.000124144 0.0493923 0.000144617 -0.4
26 0.0694652 0.00102394 0.00483462 0.000118042 0.0495313 0.000129618 -0.4
27 0.0397883 0.00115179 0.00158863 7.85318e-05 0.0475915 0.000120476 -0.2
28 0.0697491 0.00101154 0.00486576 0.000112427 0.0495101 0.00011167 -0.4
29 0.0405675 0.00107835 0.00165475 7.16773e-05 0.0475794 0.000121126 -0.2
30 0.0398334 0.00105001 0.00160265 6.98176e-05 0.0475529 0.000112216 -0.2
31 0.0268555 0.00117293 0.000747097 5.58698e-05 0.0460201 0.000120444 0
32 0.141653 0.000872027 0.0200495 0.000178586 0.0539974 0.000130044 -0.8
33 0.103457 0.000944153 0.0106909 0.000144168 0.0515 0.00011245 -0.6
34 0.103432 0.000900662 0.0106829 0.000136395 0.0516185 0.0001261 -0.6
35 0.0692011 0.00101188 0.0047756 0.000107402 0.0494688 0.000130514 -0.4
36 0.103779 0.000905688 0.0107211 0.000135718 0.0515066 0.000107124 -0.6
37 0.0696608 0.000975454 0.00481184 0.000100156 0.0494871 0.000124849 -0.4
38 0.0692788 0.000963234 0.00475254 0.00010017 0.0495713 0.000123333 -0.4
39 0.0399473 0.00097304 0.00158015 6.53156e-05 0.0474915 0.000108967 -0.2
40 0.103852 0.00093143 0.0107616 0.000145005 0.05157 0.000112857 -0.6
41 0.0695962 0.00100374 0.00481174 0.00010743 0.0494603 0.000123381 -0.4
42 0.0693458 0.000968214 0.0047851 0.000103339 0.0493261 0.000106456 -0.4
43 0.0398831 0.00107214 0.00157753 6.80289e-05 0.0476769 0.000123472 -0.2
44 0.069796 0.000981883 0.00481169 0.000101446 0.0495077 0.000119791 -0.4
45 0.0405417 0.00103468 0.00160857 6.86361e-05 0.0476886 0.000133598 -0.2
46 0.0400265 0.00102698 0.00158994 6.6527e-05 0.0476926 0.000121384 -0.2
47 0.0268721 0.00116394 0.000753618 6.1141e-05 0.0459622 0.000112563 0
48 0.103393 0.000964089 0.0106859 0.000156633 0.0515052 0.000123124 -0.6
49 0.0690621 0.00105404 0.00477077 0.000117723 0.0494968 0.000131495 -0.4
50 0.0688917 0.00100829 0.0047398 0.000112987 0.0496684 0.000123553 -0.4
51 0.0390477 0.00105332 0.00154137 7.07515e-05 0.0476351 0.000132053 -0.2
52 0.069298 0.00100091 0.00477481 0.000109347 0.0495062 9.95228e-05 -0.4
53 0.0397352 0.0010218 0.00157226 6.91116e-05 0.047624 0.000116669 -0.2
54 0.0391213 0.0010019 0.00153635 6.5733e-05 0.0478123 0.000108752 -0.2
55 0.0263609 0.00107366 0.000722984 5.18187e-05 0.0459676 0.000101466 0
56 0.0692309 0.00102418 0.00478886 0.000116573 0.0495646 0.00011935 -0.4
57 0.0394928 0.00108337 0.00154973 7.18035e-05 0.0476396 0.000107 -0.2
58 0.0390737 0.0010661 0.00153455 7.02465e-05 0.0475112 0.000116897 -0.2
59 0.0266066 0.00115806 0.000743352 5.45441e-05 0.0459086 0.000117487 0
60 0.0398845 0.00101294 0.00158142 6.44868e-05 0.047724 0.000107098 -0.2
61 0.0266968 0.00110747 0.000740842 5.3763e-05 0.0460638 0.000113969 0
62 0.0265983 0.00112432 0.000736858 5.24327e-05 0.0459979 0.000116014 0
63 0.0393003 0.00103364 0.0015406 7.3176e-05 0.0443066 0.000109183 0.2
64 0.142338 0.0009032 0.0202752 0.000199595 0.0543373 0.000126225 -0.8
65 0.104019 0.000964702 0.0108399 0.000156661 0.0516597 0.000131253 -0.6
66 0.103833 0.000912909 0.0107972 0.00014482 0.0516192 0.000134916 -0.6
67 0.0698383 0.000997958 0.00490684 0.000114175 0.0496041 0.000116889 -0.4
68 0.103968 0.000870454 0.0107899 0.000136011 0.0516713 0.000104835 -0.6
69 0.0700759 0.000973039 0.00489662 0.000108801 0.0493663 0.000118837 -0.4
70 0.0695777 0.000936234 0.00482276 0.000103215 0.0494326 0.000108363 -0.4
71 0.0404497 0.000980726 0.00164641 6.83577e-05 0.0476376 0.000114901 -0.2
72 0.104381 0.000939318 0.0108994 0.000151042 0.0515276 0.000114307 -0.6
73 0.0702101 0.00102248 0.00492704 0.000113934 0.049573 0.000125889 -0.4
74 0.0698559 0.000973374 0.00488513 0.000107287 0.0494105 0.000108245 -0.4
75 0.0404717 0.00104308 0.00164233 7.06132e-05 0.0477794 0.000106904 -0.2
76 0.0699561 0.000950803 0.00486161 0.000101508 0.0494448 0.000119338 -0.4
77 0.0409569 0.00102766 0.00167895 6.98221e-05 0.0476513 0.000107597 -0.2
78 0.0402859 0.00101972 0.00161922 6.60686e-05 0.047739 0.000118688 -0.2
79 0.0272744 0.00110928 0.0007904 5.92676e-05 0.0460893 0.000116831 0
80 0.103376 0.000960095 0.0107155 0.000155439 0.0516455 0.000142658 -0.6
81 0.0693453 0.00105647 0.00484936 0.000120579 0.0496506 0.000128583 -0.4
82 0.0691088 0.00100256 0.00480994 0.000113502 0.0495868 0.000124389 -0.4
83 0.0394914 0.00107414 0.00160417 7.3256e-05 0.0477656 0.000118099 -0.2
84 0.0692733 0.000965474 0.00480783 0.000108865 0.0495435 0.000114684 -0.4
85 0.0401203 0.00103249 0.00163511 7.06024e-05 0.0475671 9.51641e-05 -0.2
86 0.0393162 0.000985906 0.00156752 6.47316e-05 0.0476264 0.000111236 -0.2
87 0.0265509 0.00112215 0.000746314 4.98703e-05 0.0460063 0.000110235 0
88 0.0693003 0.00103059 0.00482438 0.000117207 0.049442 0.000123337 -0.4
89 0.0398 0.00112116 0.00161456 7.51127e-05 0.047758 0.000108787 -0.2
90 0.0390033 0.00107075 0.00153101 6.9696e-05 0.0475684 0.000113298 -0.2
91 0.0273475 0.00112145 0.000801994 5.56681e-05 0.0457502 0.000110772 0
92 0.0398812 0.00101004 0.0016084 6.63435e-05 0.0478026 0.0001273 -0.2
93 0.0272035 0.00107653 0.000787448 5.39554e-05 0.0461533 0.000139546 0
94 0.0270859 0.00109257 0.000771365 4.96171e-05 0.0459256 0.000117633 0
95 0.0389672 0.00104327 0.00153047 7.69234e-05 0.0444292 9.81182e-05 0.2
96 0.103758 0.000903873 0.0107598 0.000138973 0.0515674 0.000113455 -0.6
97 0.0694833 0.00098128 0.00482835 0.000106254 0.0494874 0.000113344 -0.4
98 0.0689802 0.000964404 0.00476145 0.000102225 0.049404 0.000123737 -0.4
99 0.0391284 0.000994873 0.00154655 6.61796e-05 0.0474116 0.000108919 -0.2
100 0.0695753 0.000939163 0.00480018 9.72762e-05 0.0495126 0.000117712 -0.4
101 0.0401381 0.000971758 0.00158999 6.67611e-05 0.0475567 0.000125038 -0.2
102 0.039197 0.000933452 0.00152955 5.87229e-05 0.0478285 0.000118782 -0.2
103 0.0266729 0.00107344 0.000749637 5.38419e-05 0.0461132 0.00011225 0
104 0.0695783 0.000979477 0.00481867 0.000104956 0.049452 0.000118242 -0.4
105 0.0399172 0.00103069 0.00158274 6.4726e-05 0.0476463 0.000104296 -0.2
106 0.0391792 0.000982703 0.00151433 6.0863e-05 0.047623 0.000109857 -0.2
107 0.0270364 0.00107847 0.000769216 5.65152e-05 0.0459454 0.000104503 0
108 0.040128 0.000955104 0.00158516 5.85281e-05 0.047703 0.00012428 -0.2
109 0.0271302 0.00108004 0.000761081 5.47977e-05 0.0460299 0.000125052 0
110 0.0269903 0.00109716 0.00076433 5.32921e-05 0.0459446 0.000105557 0
111 0.0391523 0.00102135 0.0015432 7.34528e-05 0.0443905 0.000112675 0.2
112 0.0690016 0.00100449 0.00476827 0.000111666 0.0494437 0.000103677 -0.4
113 0.0391138 0.00101503 0.00154611 6.76571e-05 0.0477097 0.000111942 -0.2
114 0.0384736 0.00102025 0.00150415 6.5725e-05 0.0476293 0.000103211 -0.2
115 0.0265985 0.00107418 0.000746074 5.06441e-05 0.0458934 9.23951e-05 0
116 0.0396667 0.000968988 0.00156709 6.28999e-05 0.0475799 0.000123922 -0.2
117 0.0268031 0.00109246 0.000769686 5.13842e-05 0.0459467 0.000110851 0
118 0.0266212 0.00109758 0.000741426 4.65822e-05 0.0460031 0.000112284 0
119 0.0391711 0.000988277 0.00154273 7.44358e-05 0.0443943 0.000105962 0.2
120 0.0390911 0.00101054 0.00152209 6.52609e-05 0.0474909 0.000117272 -0.2
121 0.0267469 0.00109297 0.000758231 5.27758e-05 0.0459799 0.000118081 0
122 0.0267345 0.00108219 0.000759798 5.02159e-05 0.0458864 0.000134793 0
123 0.0391885 0.00106978 0.00155918 7.72814e-05 0.0445507 0.000122018 0.2
124 0.0267641 0.00111778 0.00075765 5.1576e-05 0.0459683 0.000113008 0
125 0.0392149 0.0010108 0.00154878 7.83974e-05 0.0444529 0.000113547 0.2
126 0.0388908 0.000963798 0.00152187 7.01598e-05 0.0444107 8.93079e-05 0.2
127 0.0684081 0.00115535 0.00462795 0.000147694 0.0430693 0.000113645 0.4
128 0.141946 0.000972259 0.0201659 0.000216366 0.0544957 0.000140623 -0.8
129 0.103606 0.00103925 0.0107502 0.000168761 0.0516075 0.00012541 -0.6
130 0.103605 0.00100694 0.0107364 0.000165341 0.0517186 0.000125989 -0.6
131 0.0695196 0.00107263 0.00483846 0.000124265 0.0494615 0.000111418 -0.4
132 0.10363 0.000942964 0.0107244 0.000152409 0.0517016 0.000127902 -0.6
133 0.0696821 0.00102299 0.00484613 0.00011727 0.0496195 0.000125253 -0.4
134 0.0693803 0.00100448 0.00479269 0.000118294 0.0494325 0.000117067 -0.4
135 0.0401931 0.000976047 0.00163509 6.89959e-05 0.0475547 0.000124604 -0.2
136 0.10379 0.00098595 0.0107669 0.000162429 0.051745 0.000125426 -0.6
137 0.0697059 0.00107342 0.0048552 0.000122725 0.0494101 0.000119231 -0.4
138 0.0695414 0.00101989 0.00481783 0.000116759 0.0495296 0.000114888 -0.4
139 0.0400109 0.00105957 0.00160514 7.19254e-05 0.0475768 9.99323e-05 -0.2
140 0.0696627 0.000996551 0.00482093 0.000113485 0.0495972 0.000111299 -0.4
141 0.0407509 0.00101546 0.00165643 7.16404e-05 0.0476698 0.000109022 -0.2
142 0.0403171 0.00102379 0.00162998 6.74992e-05 0.0476172 9.95947e-05 -0.2
143 0.0272274 0.00107808 0.000763949 5.50495e-05 0.0459282 9.02709e-05 0
144 0.103243 0.00102772 0.0106861 0.000174579 0.0515801 0.000115599 -0.6
145 0.0693621 0.00110646 0.00484679 0.000131417 0.0494078 0.000103881 -0.4
146 0.0690207 0.00104545 0.00478236 0.0001275 0.0494688 0.0001239 -0.4
147 0.039323 0.00107479 0.00158691 7.46e-05 0.0474743 0.000133196 -0.2
148 0.0694692 0.00102132 0.00483877 0.000122291 0.0495238 0.000122142 -0.4
149 0.0400001 0.00101624 0.00163482 7.31723e-05 0.0476257 0.000124612 -0.2
150 0.0395776 0.000962047 0.00160118 6.84445e-05 0.0475215 0.000110254 -0.2
151 0.0265649 0.00108706 0.000728177 5.0042e-05 0.0459742 0.000123715 0
152 0.0693489 0.00105501 0.00482548 0.000126614 0.0494672 0.000124531 -0.4
153 0.039504 0.00113354 0.0015882 7.83639e-05 0.0476857 0.000107921 -0.2
154 0.039311 0.00106925 0.0015595 7.30617e-05 0.0475729 0.000127956 -0.2
155 0.0270015 0.00108811 0.000764339 5.22953e-05 0.046056 0.000120242 0
156 0.039875 0.00102293 0.00159925 7.05403e-05 0.0477275 0.000115713 -0.2
157 0.0268402 0.00105789 0.000751366 5.27313e-05 0.0460247 0.000133663 0
158 0.0269556 0.00102076 0.000747222 4.44972e-05 0.0461431 0.000107763 0
159 0.039314 0.00104318 0.00152888 7.58393e-05 0.0443036 0.000115869 0.2
160 0.103429 0.00094782 0.0107055 0.000154109 0.0515047 0.000121904 -0.6
161 0.0692235 0.00103548 0.00480266 0.000117598 0.049528 0.000134743 -0.4
162 0.0689255 0.001013 0.00475 0.000114464 0.0495044 0.000120412 -0.4
163 0.0388733 0.00100116 0.00152602 6.50138e-05 0.0477764 9.93086e-05 -0.2
164 0.069386 0.000972651 0.00479086 0.000108462 0.049406 0.000121654 -0.4
165 0.0399365 0.000928426 0.00158934 6.53188e-05 0.0474944 0.000101552 -0.2
166 0.0392807 0.000946974 0.00155798 6.2027e-05 0.0475643 0.000105422 -0.2
167 0.0265099 0.00108587 0.000727947 5.14205e-05 0.0459729 0.000121173 0
168 0.069167 0.00100172 0.00475956 0.000114703 0.0493448 0.000106604 -0.4
169 0.0394461 0.00102912 0.00155789 6.76612e-05 0.0475672 0.000115517 -0.2
170 0.0390963 0.00104066 0.00152242 6.64821e-05 0.047627 0.00011645 -0.2
171 0.0267356 0.00108087 0.000742784 5.25039e-05 0.0460586 0.000115019 0
172 0.0399483 0.000959775 0.0015734 6.24469e-05 0.0476655 0.000114798 -0.2
173 0.0270299 0.00104116 0.000750482 5.11231e-05 0.0459969 9.30508e-05 0
174 0.0267449 0.00111028 0.000750102 5.28862e-05 0.0459774 0.000110218 0
175 0.0392113 0.00098858 0.00151878 7.24649e-05 0.0443137 0.000105388 0.2
176 0.068995 0.00105067 0.00478316 0.000123959 0.0495317 0.000114305 -0.4
177 0.0389168 0.0010477 0.00154694 7.1258e-05 0.0477161 0.000122101 -0.2
178 0.0381792 0.00105218 0.00148166 7.01129e-05 0.0476184 0.000122207 -0.2
179 0.0262447 0.00102361 0.000719201 4.68311e-05 0.0460184 9.72982e-05 0
180 0.0393863 0.00097257 0.00156157 6.85941e-05 0.0476384 0.000118981 -0.2
181 0.0263438 0.00105888 0.000723448 4.80628e-05 0.045762 0.000106552 0
182 0.0261671 0.001055 0.000699147 4.49234e-05 0.0459492 0.000109307 0
183 0.0391963 0.00101415 0.0015093 7.43282e-05 0.0445665 0.000114141 0.2
184 0.0390143 0.00107079 0.00152815 7.1538e-05 0.0475843 0.000100986 -0.2
185 0.0266445 0.00105452 0.000743376 4.85211e-05 0.0458714 0.000105045 0
186 0.0265316 0.00105571 0.00073468 4.64945e-05 0.0459914 0.000124276 0
187 0.0388932 0.00106233 0.00149834 7.26889e-05 0.0442895 0.000114652 0.2
188 0.0265594 0.00110836 0.000735397 4.99011e-05 0.0460986 0.000117625 0
189 0.0391265 0.00100264 0.00152739 7.338e-05 0.0443415 0.000107072 0.2
190 0.0389467 0.00096466 0.00148967 6.77627e-05 0.0444006 0.000121713 0.2
191 0.068415 0.00122738 0.0046155 0.000151575 0.042899 0.000111404 0.4
192 0.103967 0.000992461 0.0108383 0.000165577 0.0516877 0.000125723 -0.6
193 0.0698747 0.00105817 0.00490773 0.00012345 0.0494817 9.80034e-05 -0.4
194 0.0695254 0.00103528 0.00485249 0.000120269 0.0494796 0.000122685 -0.4
195 0.0396032 0.00105779 0.00161342 7.40483e-05 0.0474485 0.000112021 -0.2
196 0.0698042 0.000968041 0.00486995 0.000112923 0.0495936 0.000109513 -0.4
197 0.0403602 0.000994954 0.00166125 7.14448e-05 0.0475865 0.000114597 -0.2
198 0.0395345 0.000967194 0.00158715 6.67606e-05 0.0477426 0.00012029 -0.2
199 0.0266239 0.00106082 0.00074129 5.14729e-05 0.0459001 0.000113067 0
200 0.0698202 0.00101733 0.00487596 0.00011839 0.0496291 0.000127408 -0.4
201 0.0398872 0.00107922 0.00161507 7.35777e-05 0.0477338 0.000111431 -0.2
202 0.0396897 0.00101944 0.00157449 6.88602e-05 0.047519 0.000130614 -0.2
203 0.027 0.00100125 0.000772681 5.09642e-05 0.0460279 0.000119581 0
204 0.0403557 0.000978736 0.00162486 6.30163e-05 0.0477253 0.000106792 -0.2
205 0.0270899 0.00106281 0.000766873 5.51822e-05 0.0459745 0.000126572 0
206 0.026952 0.0010338 0.000752456 4.79002e-05 0.0458637 0.000102947 0
207 0.0386834 0.00100806 0.00148851 7.39852e-05 0.0443848 0.000112399 0.2
208 0.0694416 0.00105351 0.00486108 0.000125213 0.0493121 0.000108827 -0.4
209 0.0393637 0.00111094 0.0016019 7.81143e-05 0.0476881 0.000111794 -0.2
210 0.0387229 0.0010629 0.00154097 7.28898e-05 0.047592 0.000136101 -0.2
211 0.0264944 0.00105806 0.000752742 4.79116e-05 0.0459389 0.000129984 0
212 0.0396648 0.000971957 0.00160757 6.66565e-05 0.0474916 0.00013316 -0.2
213 0.0267247 0.00110133 0.000758585 5.19018e-05 0.0459304 0.000125078 0
214 0.0264376 0.00105304 0.000725437 4.47515e-05 0.0458988 0.000127623 0
215 0.0390944 0.00100738 0.00151352 7.56588e-05 0.0446633 0.000119096 0.2
216 0.039187 0.00104148 0.00155782 7.09197e-05 0.0475566 0.000106854 -0.2
217 0.0267386 0.00100894 0.000768088 5.00995e-05 0.0458251 0.000129857 0
218 0.0266843 0.00103259 0.000751839 4.63456e-05 0.0459154 0.000109845 0
219 0.0389251 0.00107661 0.00152905 7.98663e-05 0.0442565 0.000101919 0.2
220 0.0268239 0.00100004 0.000756915 4.51429e-05 0.046069 0.00010996 0
221 0.0389816 0.00101635 0.00154373 7.81588e-05 0.0444284 0.000115963 0.2
222 0.0386547 0.000962007 0.00148904 7.18215e-05 0.0444572 0.000104536 0.2
223 0.0678308 0.00124811 0.00456066 0.000151524 0.0430979 0.000107535 0.4
224 0.069352 0.00100421 0.00482981 0.000114692 0.0494658 0.000110389 -0.4
225 0.0393029 0.00100755 0.00156485 6.60978e-05 0.0475664 0.000125344 -0.2
226 0.0385089 0.00101091 0.00150653 6.57849e-05 0.0476752 0.000104679 -0.2
227 0.0257629 0.000986901 0.000689716 4.57053e-05 0.045843 0.00012461 0
228 0.039629 0.000920943 0.00156552 6.0928e-05 0.0474978 0.000114708 -0.2
229 0.0262906 0.00105163 0.00072881 5.0701e-05 0.0460481 0.000103518 0
230 0.026136 0.00106323 0.000714206 4.64189e-05 0.0458049 0.000109238 0
231 0.0389756 0.000956983 0.00151856 7.06869e-05 0.044413 0.00011097 0.2
232 0.0392199 0.00097645 0.00153827 6.29557e-05 0.0477244 0.000113175 -0.2
233 0.0265188 0.00104952 0.000731254 4.99766e-05 0.0462326 0.000111342 0
234 0.0264992 0.00103909 0.00074048 4.88828e-05 0.045949 0.000127004 0
235 0.038908 0.00100901 0.00152019 7.37762e-05 0.0441471 0.000113687 0.2
236 0.0266753 0.00108822 0.00074558 4.90148e-05 0.0461379 0.000121516 0
237 0.0390769 0.000986374 0.00153111 7.40079e-05 0.0444419 0.00011451 0.2
238 0.0388345 0.000935127 0.00149393 6.86818e-05 0.0443921 0.000111492 0.2
239 0.0679724 0.00117633 0.00455489 0.000147072 0.0429531 0.000103339 0.4
240 0.038813 0.0010374 0.00153133 7.16394e-05 0.0476625 0.000122665 -0.2
241 0.0260042 0.00103785 0.000727274 4.81351e-05 0.0458097 0.000134534 0
242 0.0258435 0.00101847 0.00070466 4.43887e-05 0.0458513 0.000116884 0
243 0.0392156 0.000996277 0.0015532 7.42982e-05 0.0443903 0.000121524 0.2
244 0.026243 0.00104784 0.000726773 4.65836e-05 0.0458008 0.000115071 0
245 0.0391798 0.00101343 0.00154215 7.97287e-05 0.044501 0.00012616 0.2
246 0.0389492 0.000953731 0.00149202 7.21881e-05 0.0444925 0.000109621 0.2
247 0.0683915 0.00124006 0.00467369 0.000153431 0.0428271 0.000103547 0.4
248 0.026374 0.00104699 0.000740591 4.75269e-05 0.0459877 0.000124011 0
249 0.0391288 0.0010888 0.00155813 8.16611e-05 0.0444019 0.000103381 0.2
250 0.0385864 0.00102537 0.00148161 7.15479e-05 0.0444649 0.000114462 0.2
251 0.0683273 0.00123653 0.00464525 0.000151224 0.0429316 9.22831e-05 0.4
252 0.0387356 0.00100032 0.00149511 7.45118e-05 0.0443072 0.000108274 0.2
253 0.0681115 0.00122829 0.00460199 0.000155721 0.042876 0.000105875 0.4
254 0.0686742 0.00117925 0.00466342 0.00014475 0.0429658 9.65805e-05 0.4
255 0.105655 0.00141299 0.0111022 0.000242005 0.0414044 0.000111615 0.6
256 0.142152 0.000921785 0.0201894 0.000201137 0.0545183 0.000128917 -0.8
257 0.103925 0.00099019 0.0107845 0.000160359 0.0514821 0.000132306 -0.6
258 0.103792 0.000958402 0.0107645 0.000149433 0.0516104 0.000127819 -0.6
259 0.0697646 0.00105011 0.0048626 0.000113253 0.0495486 0.000125244 -0.4
260 0.104088 0.000946564 0.0107995 0.000148309 0.0516337 0.000130508 -0.6
261 0.070153 0.00101538 0.00489291 0.000110542 0.0494846 0.000116681 -0.4
262 0.0696545 0.00100782 0.00482618 0.000106353 0.0495028 0.000100671 -0.4
263 0.0407979 0.00106058 0.00167456 7.65042e-05 0.0477489 0.00012524 -0.2
264 0.104076 0.000963547 0.0108203 0.000155092 0.0517541 0.000119213 -0.6
265 0.0698904 0.00105265 0.00486715 0.000116299 0.0495853 0.000127227 -0.4
266 0.0698326 0.0010012 0.00487228 0.0001087 0.0493051 0.00010426 -0.4
267 0.0408091 0.00115007 0.00166956 7.6496e-05 0.0472777 0.000122084 -0.2
268 0.0702236 0.000994406 0.00489599 0.000104932 0.0495274 0.000111541 -0.4
269 0.0410633 0.00109383 0.00168915 7.68875e-05 0.0474044 0.000120521 -0.2
270 0.0404402 0.00107465 0.00163368 7.0729e-05 0.0475289 0.000111938 -0.2
271 0.0280497 0.00118157 0.000816951 6.48161e-05 0.0459313 0.0001142 0
272 0.103427 0.000988287 0.010701 0.000164391 0.0516803 0.000132852 -0.6
273 0.0694485 0.00107791 0.00483812 0.000124825 0.0493327 0.00011643 -0.4
274 0.069445 0.00104096 0.00482722 0.000117272 0.0496617 0.000130118 -0.4
275 0.0397548 0.00113448 0.00161945 7.89991e-05 0.0477084 0.000112998 -0.2
276 0.0698312 0.00101349 0.00488415 0.000113799 0.0496667 0.000127186 -0.4
277 0.040589 0.00107561 0.00167214 7.85259e-05 0.0477428 0.000101856 -0.2
278 0.0399211 0.00101848 0.00162223 7.18716e-05 0.0476249 0.000126357 -0.2
279 0.0273526 0.0011853 0.00077098 5.69199e-05 0.0458615 0.000125208 0
280 0.0695433 0.00106023 0.00484909 0.000119447 0.0494509 0.000132942 -0.4
281 0.0400425 0.00115285 0.00161841 7.85136e-05 0.0476625 0.000106203 -0.2
282 0.0395372 0.00113779 0.00157784 7.42815e-05 0.047794 0.000122248 -0.2
283 0.02772 0.00122419 0.000800904 6.07261e-05 0.0459534 0.000105409 0
284 0.0403132 0.00105441 0.00163363 6.94644e-05 0.0476984 0.000117194 -0.2
285 0.027485 0.001187 0.00077745 5.68156e-05 0.0459952 0.00011245 0
286 0.0272604 0.00111781 0.000759863 5.16699e-05 0.045961 0.000132089 0
287 0.0393084 0.00103314 0.00152858 7.32385e-05 0.0445967 0.000121097 0.2
288 0.103613 0.000942865 0.0107146 0.000151743 0.0517447 0.000114087 -0.6
289 0.0694244 0.00101811 0.00480084 0.000111983 0.0495079 0.000118259 -0.4
290 0.0691078 0.00102141 0.00476286 0.000109613 0.0495067 0.000107489 -0.4
291 0.0397065 0.00103748 0.00158319 7.00668e-05 0.0476509 0.00011564 -0.2
292 0.0697103 0.00100371 0.00480803 0.000106526 0.0495569 0.000138007 -0.4
293 0.0406847 0.00103492 0.00162652 7.16633e-05 0.0477123 0.00010692 -0.2
294 0.0398125 0.00101163 0.00158375 6.84202e-05 0.0475668 0.000116162 -0.2
295 0.0272641 0.00118682 0.000782766 6.24417e-05 0.0459841 0.000114321 0
296 0.0695352 0.000991834 0.00480889 0.00010903 0.0495449 0.00012442 -0.4
297 0.0400904 0.00108851 0.00158488 6.93607e-05 0.0477845 0.000121832 -0.2
298 0.0398535 0.00108937 0.00158631 6.9227e-05 0.0476486 0.000117227 -0.2
299 0.027396 0.00119458 0.000787606 6.39856e-05 0.0459896 9.01967e-05 0
300 0.0405069 0.00105917 0.00161637 6.66614e-05 0.0475521 0.000123348 -0.2
301 0.0275072 0.00119108 0.000784576 6.24017e-05 0.0459976 0.000111488 0
302 0.0270898 0.00120587 0.000779312 6.08905e-05 0.0460212 0.000112818 0
303 0.0393963 0.00105927 0.00154958 7.64939e-05 0.0445081 0.000120694 0.2
304 0.0692879 0.00103924 0.00479231 0.000117162 0.0494633 0.000117817 -0.4
305 0.0397147 0.00107154 0.00159212 7.28521e-05 0.047573 0.000122475 -0.2
306 0.0392398 0.00106078 0.00156975 6.96949e-05 0.0475401 0.000118275 -0.2
307 0.026993 0.00114631 0.000757455 5.46661e-05 0.04578 0.000112516 0
308 0.040126 0.00101988 0.00160448 6.88381e-05 0.0476143 0.000112651 -0.2
309 0.0269888 0.00115938 0.000760897 5.31698e-05 0.0458705 0.000127687 0
310 0.0269632 0.00113242 0.000751557 5.19654e-05 0.0460416 0.000128229 0
311 0.0396519 0.00102683 0.00155315 7.25001e-05 0.0441922 0.000122461 0.2
312 0.0398694 0.00109226 0.00159111 6.91547e-05 0.0477626 0.000118514 -0.2
313 0.0269172 0.00121364 0.000757932 5.7535e-05 0.0460491 0.000131072 0
314 0.0267964 0.00113744 0.000757573 5.54984e-05 0.0459266 0.000119043 0
315 0.0393062 0.00108709 0.00154686 7.30194e-05 0.0443125 0.000122406 0.2
316 0.0269609 0.00117705 0.000758189 5.44578e-05 0.0461749 0.000102694 0
317 0.0389482 0.0010608 0.00151157 7.42912e-05 0.0444828 0.000110542 0.2
318 0.0390253 0.000979751 0.00151479 6.7465e-05 0.0442739 0.000101511 0.2
319 0.0681989 0.00123909 0.00459222 0.000154739 0.0429193 0.00012377 0.4
320 0.104015 0.000965877 0.0108206 0.000158882 0.0516369 0.000127856 -0.6
321 0.069884 0.00103348 0.00489882 0.000121282 0.0493468 0.000115376 -0.4
322 0.0695787 0.00103519 0.00484984 0.000116128 0.0495668 0.000131809 -0.4
323 0.0400754 0.0010828 0.00164036 7.39941e-05 0.0476564 0.000112536 -0.2
324 0.0699726 0.000967172 0.00486993 0.000109849 0.0495558 0.00012478 -0.4
325 0.0408815 0.00107433 0.00169069 7.9367e-05 0.0476709 0.000116127 -0.2
326 0.0400651 0.00100005 0.00162229 6.73494e-05 0.0476085 0.000115885 -0.2
327 0.0275731 0.00116642 0.000801007 5.99676e-05 0.045799 0.000106948 0
328 0.0699754 0.00101383 0.00488472 0.000115015 0.0495339 0.000119325 -0.4
329 0.040538 0.00111701 0.00166219 7.61603e-05 0.0478094 0.000113813 -0.2
330 0.040021 0.00104168 0.00160995 6.79277e-05 0.0476907 0.000138879 -0.2
331 0.0277348 0.0011477 0.000818961 6.32651e-05 0.0458329 0.000117925 0
332 0.040634 0.00101496 0.00165459 6.78432e-05 0.0475101 0.000123765 -0.2
333 0.0278312 0.00114845 0.000818945 6.11098e-05 0.0458357 0.000103559 0
334 0.0273592 0.00111287 0.000795446 5.82473e-05 0.0458767 0.000107075 0
335 0.0388799 0.00104845 0.00152453 7.72312e-05 0.0445716 0.000123316 0.2
336 0.0693821 0.00104083 0.00483514 0.00012004 0.0495325 0.000127452 -0.4
337 0.0401228 0.00110279 0.00165356 7.64983e-05 0.0477324 0.000107723 -0.2
338 0.0392435 0.00106645 0.00158114 6.94885e-05 0.0476328 0.000124027 -0.2
339 0.0272086 0.00111796 0.000781058 5.2739e-05 0.0460029 0.000137012 0
340 0.0400187 0.0010063 0.00161903 6.98666e-05 0.047557 0.000131389 -0.2
341 0.0271652 0.00115442 0.000791352 5.28035e-05 0.0461095 0.000110526 0
342 0.02715 0.00112511 0.000769678 4.80722e-05 0.0460658 0.000133956 0
343 0.0391667 0.00104537 0.00152697 7.58756e-05 0.0443526 0.000122528 0.2
344 0.0395977 0.00107667 0.00160039 7.05057e-05 0.0476366 0.000136802 -0.2
345 0.0272765 0.00112992 0.000791053 5.65923e-05 0.045802 0.000109554 0
346 0.0271239 0.00109692 0.000782895 5.34389e-05 0.0460233 0.000106168 0
347 0.0390106 0.00108431 0.00153627 7.77087e-05 0.0443562 0.000112331 0.2
348 0.0270732 0.00110237 0.000763838 4.83627e-05 0.0461089 0.000119312 0
349 0.0390168 0.00103092 0.00153224 7.91704e-05 0.044409 0.000105201 0.2
350 0.038656 0.00100794 0.00151181 7.07695e-05 0.0443128 0.000119128 0.2
351 0.0677005 0.00123944 0.0045437 0.000153195 0.0427157 0.000100093 0.4
352 0.069393 0.000997665 0.00480827 0.000109269 0.0497331 0.000116811 -0.4
353 0.0399495 0.00101084 0.00161641 6.92061e-05 0.0474905 0.000131503 -0.2
354 0.0391896 0.00100455 0.00155347 6.4909e-05 0.0474007 0.000110827 -0.2
355 0.0268058 0.00110217 0.000760109 5.58729e-05 0.0460097 0.000109498 0
356 0.0402525 0.000963193 0.00161176 6.53257e-05 0.0476567 0.000101251 -0.2
357 0.0270068 0.0011626 0.000778063 5.8898e-05 0.0460896 0.000111241 0
358 0.0270007 0.00111008 0.000778087 5.40675e-05 0.0458969 0.00010428 0
359 0.0394891 0.000951237 0.00155395 6.87291e-05 0.0443569 8.8941e-05 0.2
360 0.0399306 0.00101205 0.00159726 6.4047e-05 0.0473175 0.000103821 -0.2
361 0.0273155 0.00113752 0.000772204 5.89443e-05 0.0458914 0.000123275 0
362 0.0270783 0.0011263 0.000782776 5.93911e-05 0.045996 9.89071e-05 0
363 0.0392418 0.00105035 0.00155299 7.70196e-05 0.0444769 0.00013237 0.2
364 0.0272544 0.00112735 0.000794093 5.70955e-05 0.0460849 0.000125925 0
365 0.039191 0.00101918 0.00154538 7.59777e-05 0.0444111 0.00013267 0.2
366 0.0389568 0.000975496 0.00152777 7.18351e-05 0.0445929 0.000107738 0.2
367 0.0678723 0.00118494 0.00453715 0.000148537 0.0427762 0.000118858 0.4
368 0.0395082 0.00102827 0.00158299 6.57107e-05 0.0477268 0.000117346 -0.2
369 0.0268127 0.0011261 0.000766687 5.19969e-05 0.0457014 0.000116257 0
370 0.0269782 0.00107583 0.000771682 4.85139e-05 0.0459807 0.000108493 0
371 0.0392613 0.00101281 0.00154216 7.25745e-05 0.0442788 0.000117748 0.2
372 0.0269447 0.00111609 0.000777328 5.04125e-05 0.045988 0.000112414 0
373 0.0392751 0.00101339 0.00154486 7.69594e-05 0.0444321 9.56832e-05 0.2
374 0.0390781 0.000937808 0.00152235 6.83589e-05 0.0443104 0.0001185 0.2
375 0.0683895 0.00122953 0.00463947 0.000153347 0.0428733 0.00011297 0.4
376 0.0265387 0.00115232 0.000750676 5.26536e-05 0.0458142 0.000103876 0
377 0.0390956 0.00107177 0.0015385 7.62301e-05 0.0443482 0.000101361 0.2
378 0.0386105 0.000998442 0.00149904 7.03717e-05 0.0445015 0.000123234 0.2
379 0.0681243 0.00122451 0.00461117 0.000150142 0.0430932 0.000106525 0.4
380 0.0387455 0.00101751 0.00150984 7.35533e-05 0.0443356 0.000107066 0.2
381 0.0680443 0.00120487 0.00457006 0.000153168 0.0428169 0.000100111 0.4
382 0.0681885 0.0011625 0.00461841 0.000142776 0.0430072 0.000103582 0.4
383 0.105653 0.00136906 0.0110735 0.000243665 0.0414543 0.00010456 0.6
384 0.103818 0.000993839 0.0107824 0.000166552 0.0517651 0.000127878 -0.6
385 0.0696124 0.00108136 0.00484988 0.000126391 0.0495136 0.000123955 -0.4
386 0.0696022 0.00106299 0.00484184 0.000124389 0.0494671 0.000129014 -0.4
387 0.0396213 0.00108029 0.00161203 7.29732e-05 0.0474528 0.000131694 -0.2
388 0.0698229 0.0010221 0.00485878 0.000117994 0.0495074 0.000113428 -0.4
389 0.0405049 0.000990179 0.00165645 7.19035e-05 0.0477369 0.000121453 -0.2
390 0.0399512 0.00095944 0.00161786 6.76973e-05 0.0475212 0.000130476 -0.2
391 0.0272594 0.00111462 0.000760783 5.54746e-05 0.0461826 0.000129209 0
392 0.0697487 0.00105222 0.004851 0.000123085 0.0493922 0.000124051 -0.4
393 0.0401375 0.00108143 0.00162922 7.28744e-05 0.047743 0.000142434 -0.2
394 0.0398574 0.00105787 0.00160082 7.01715e-05 0.0475153 9.94732e-05 -0.2
395 0.0274522 0.00109012 0.000770593 5.57891e-05 0.0458857 0.000125353 0
396 0.0405204 0.00101409 0.00164642 6.8042e-05 0.0475906 0.000133084 -0.2
397 0.0276135 0.00109984 0.000779731 5.57528e-05 0.0460762 0.000117198 0
398 0.0273425 0.00110675 0.000764125 5.44114e-05 0.0458777 0.000100849 0
399 0.0387798 0.00107161 0.0014784 7.74888e-05 0.0444253 0.000111171 0.2
400 0.0693671 0.00106821 0.00483174 0.00012893 0.0494535 0.000118318 -0.4
401 0.0397232 0.00109533 0.00162993 7.91753e-05 0.0475096 0.000116346 -0.2
402 0.0392101 0.00104488 0.00156356 7.37033e-05 0.04758 0.000113108 -0.2
403 0.0268856 0.00110907 0.000738483 5.11174e-05 0.0458968 0.000115808 0
404 0.040138 0.00100371 0.00164141 7.34853e-05 0.0476518 0.000123797 -0.2
405 0.0268888 0.00116867 0.000738634 5.10568e-05 0.0459898 0.000132238 0
406 0.0268412 0.00107312 0.000725577 4.71009e-05 0.0458885 0.000105121 0
407 0.0391731 0.00104503 0.00149379 7.27407e-05 0.0446218 0.000121136 0.2
408 0.0395957 0.00110193 0.00158822 7.55454e-05 0.0477592 0.000113152 -0.2
409 0.0270895 0.0010808 0.000760492 5.18529e-05 0.0460352 0.000128837 0
410 0.0270235 0.00106541 0.000754981 5.1074e-05 0.0460039 0.000118661 0
411 0.0391266 0.00108781 0.00151766 7.84097e-05 0.0443593 0.000121588 0.2
412 0.0271968 0.00108951 0.000747465 4.83134e-05 0.0460072 0.000102778 0
413 0.0390152 0.00105457 0.00152005 7.70527e-05 0.0445167 0.000111069 0.2
414 0.0385674 0.00100576 0.00146688 7.06414e-05 0.0444164 0.000110899 0.2
415 0.0678636 0.00127529 0.00455217 0.000152194 0.0430584 0.000110247 0.4
416 0.0692463 0.00105005 0.00479052 0.000121986 0.0495711 0.000116511 -0.4
417 0.0395418 0.000988022 0.00158519 6.65242e-05 0.0476671 0.000108046 -0.2
418 0.0390489 0.000976458 0.00155243 6.48839e-05 0.0476646 0.000121535 -0.2
419 0.0265387 0.00111669 0.000726106 5.371e-05 0.0458299 0.000107639 0
420 0.0400068 0.000951754 0.00159497 6.30286e-05 0.047361 0.000109768 -0.2
421 0.0267241 0.00113577 0.000739639 5.31891e-05 0.0458009 0.000100447 0
422 0.0267112 0.00111509 0.000748216 5.18043e-05 0.0461055 0.000121745 0
423 0.0393222 0.00101856 0.00151992 7.27352e-05 0.0442543 0.000100776 0.2
424 0.0394541 0.00100998 0.00155528 6.30015e-05 0.0474527 0.000126609 -0.2
425 0.0265052 0.00114381 0.000726388 5.50485e-05 0.0461151 0.000126006 0
426 0.0264126 0.00109977 0.000729284 5.43914e-05 0.0459744 0.000122553 0
427 0.0389714 0.00106353 0.00149983 7.77058e-05 0.0444401 9.71016e-05 0.2
428 0.026801 0.00115328 0.00074564 5.30918e-05 0.0460858 0.000121455 0
429 0.0390751 0.00102053 0.00152083 7.45827e-05 0.0445945 0.000128842 0.2
430 0.0388232 0.00100522 0.00149088 7.40218e-05 0.0444496 0.000122711 0.2
431 0.0678754 0.00124707 0.00453329 0.000149254 0.0429691 0.000113942 0.4
432 0.0390344 0.00103478 0.00154256 6.99144e-05 0.0476298 0.000129034 -0.2
433 0.0264114 0.00110702 0.000723061 4.78469e-05 0.0460846 0.000120396 0
434 0.026367 0.00107272 0.000726418 4.7483e-05 0.0459604 0.000146557 0
435 0.0392137 0.00103312 0.00152306 7.3202e-05 0.0442126 0.000116134 0.2
436 0.0266367 0.00113229 0.000733736 4.69573e-05 0.0460721 0.000121463 0
437 0.0390727 0.00105049 0.00151386 7.46187e-05 0.0442368 0.000113492 0.2
438 0.0388329 0.000993536 0.00146598 6.93939e-05 0.0444762 0.000104781 0.2
439 0.0683759 0.00129685 0.00463886 0.000152431 0.0429128 0.000113998 0.4
440 0.0263101 0.00113639 0.000725534 4.96372e-05 0.0457866 0.000105059 0
441 0.0390124 0.00109329 0.001524 7.60844e-05 0.0443617 0.000114403 0.2
442 0.0388765 0.00105586 0.0014995 7.47383e-05 0.0444112 0.000106094 0.2
443 0.0684697 0.00127555 0.00464012 0.000152166 0.0427466 0.000113245 0.4
444 0.0386461 0.00102356 0.00149367 7.14102e-05 0.0442362 0.00011036 0.2
445 0.0680541 0.00127202 0.00457227 0.00015502 0.0428964 0.000125003 0.4
446 0.0684039 0.00123234 0.00463716 0.000148455 0.0428958 0.000113761 0.4
447 0.105633 0.00141844 0.0110752 0.000248949 0.0415414 9.58727e-05 0.6
448 0.0697528 0.00105927 0.00488076 0.000125628 0.0494351 0.000118587 -0.4
449 0.0399813 0.00106712 0.00163966 7.42012e-05 0.0477489 0.000131822 -0.2
450 0.0393338 0.00102415 0.00159158 6.91923e-05 0.0476173 0.000112432 -0.2
451 0.0267811 0.00105817 0.000746272 5.13968e-05 0.0459533 0.000111529 0
452 0.0401976 0.000951015 0.00163873 6.47875e-05 0.047662 0.00010246 -0.2
453 0.0269518 0.00113972 0.000756658 5.47171e-05 0.0460678 0.000106382 0
454 0.026794 0.00105985 0.000746505 4.88911e-05 0.045993 0.000113468 0
455 0.0388863 0.00105326 0.00149843 7.47714e-05 0.0442956 0.000115378 0.2
456 0.0397892 0.00103217 0.00160815 6.85964e-05 0.0475521 0.000124231 -0.2
457 0.0267561 0.00107534 0.000749561 5.46291e-05 0.0460034 0.000114574 0
458 0.0269635 0.00100086 0.000762723 5.06844e-05 0.0459105 0.000111482 0
459 0.0386242 0.00108791 0.00147958 7.91028e-05 0.0444301 0.000116281 0.2
460 0.0269407 0.00104906 0.000746908 5.06177e-05 0.0460954 0.00011881 0
461 0.0385681 0.00104759 0.00148968 7.76184e-05 0.0442562 0.000107934 0.2
462 0.0384733 0.00101805 0.0014756 7.39689e-05 0.0443797 0.000107815 0.2
463 0.0674307 0.00124757 0.00448698 0.000145708 0.0429541 0.000104584 0.4
464 0.0394484 0.00106639 0.0016052 7.49116e-05 0.0475719 0.000119124 -0.2
465 0.0265845 0.00110291 0.000752068 5.02287e-05 0.0459535 0.000118682 0
466 0.0264613 0.00103873 0.000730324 4.34548e-05 0.0459132 0.00012194 0
467 0.0390743 0.001044 0.00153353 7.60402e-05 0.0443174 0.00012332 0.2
468 0.0268421 0.00108757 0.000754513 4.63349e-05 0.0457853 0.000106438 0
469 0.0387002 0.00101005 0.00149852 7.43175e-05 0.0444208 0.000124391 0.2
470 0.0383181 0.000996642 0.0014587 7.17857e-05 0.0445313 0.000117929 0.2
471 0.0680338 0.00129438 0.00463298 0.000153479 0.0430248 0.000120909 0.4
472 0.0265512 0.00102751 0.000745593 4.70941e-05 0.0459545 0.000113816 0
473 0.0388728 0.00111183 0.00153223 8.29933e-05 0.0444069 0.000124205 0.2
474 0.0383455 0.00108372 0.00147879 7.68109e-05 0.0442578 0.000108485 0.2
475 0.0677877 0.00131669 0.00458526 0.000155905 0.0428084 0.000115451 0.4
476 0.0382227 0.00103084 0.00148903 7.60811e-05 0.0443487 0.000111604 0.2
477 0.0676139 0.00128367 0.00455169 0.000155981 0.0428137 9.94877e-05 0.4
478 0.0678329 0.00124696 0.0045896 0.000146376 0.042886 9.56857e-05 0.4
479 0.105292 0.00143407 0.0110183 0.000243468 0.0415427 0.000104798 0.6
480 0.0391576 0.000987012 0.00155368 6.42452e-05 0.047548 0.000110519 -0.2
481 0.0259354 0.00110648 0.000704256 4.97971e-05 0.0461145 0.000117487 0
482 0.0258658 0.00106916 0.000707161 4.84904e-05 0.046127 0.000112403 0
483 0.0391124 0.000970142 0.00152851 7.10541e-05 0.044425 0.000111235 0.2
484 0.0263517 0.00110131 0.000729223 4.95984e-05 0.0460427 0.000106994 0
485 0.0388365 0.000965173 0.00151277 7.23347e-05 0.0443712 0.000107916 0.2
486 0.0387994 0.000981275 0.0014957 7.05603e-05 0.0444075 0.000115483 0.2
487 0.0678921 0.00125305 0.00459004 0.000148826 0.0428143 0.000102069 0.4
488 0.0262969 0.00106825 0.000720623 4.99197e-05 0.0460544 0.000126552 0
489 0.0388384 0.00104995 0.00152158 7.70133e-05 0.0444488 0.000126208 0.2
490 0.0384686 0.00102664 0.00148189 7.42613e-05 0.0443983 9.52464e-05 0.2
491 0.0678058 0.00122474 0.00457883 0.000145669 0.0429505 0.000115467 0.4
492 0.038545 0.000999039 0.00149285 7.4033e-05 0.0444145 0.000129133 0.2
493 0.0676549 0.00123769 0.00452403 0.000151531 0.0428554 9.84135e-05 0.4
494 0.0681001 0.00116931 0.00459593 0.000139804 0.0428572 9.56962e-05 0.4
495 0.105187 0.00142764 0.0109644 0.000248346 0.0414381 0.000107641 0.6
496 0.0262264 0.00110675 0.000731494 4.77525e-05 0.0458656 0.00011614 0
497 0.0390312 0.00103299 0.00153674 7.75542e-05 0.0444912 0.000123369 0.2
498 0.0384639 0.00100664 0.00148229 7.21371e-05 0.0443248 0.000122317 0.2
499 0.0683575 0.00130093 0.0046928 0.000156994 0.0429095 0.000122023 0.4
500 0.0385053 0.00101424 0.00148538 7.48531e-05 0.044132 0.000105152 0.2
501 0.0681995 0.0012555 0.00464342 0.000157087 0.0430254 0.00010043 0.4
502 0.0684936 0.00124596 0.00470387 0.00014658 0.042848 0.000117118 0.4
503 0.105862 0.00144236 0.0111732 0.00024892 0.0413374 0.000114576 0.6
504 0.0383106 0.00109523 0.00148612 7.68412e-05 0.0444239 0.000117716 0.2
505 0.0681696 0.00126035 0.0046353 0.000152761 0.0429786 0.000124095 0.4
506 0.0683533 0.0012242 0.00466425 0.00014612 0.0427648 0.000101947 0.4
507 0.10536 0.00144603 0.0110794 0.00024654 0.0415644 0.000109703 0.6
508 0.0681306 0.0012159 0.00461722 0.00014853 0.0429271 0.000105201 0.4
509 0.105516 0.00139991 0.0110639 0.00024504 0.0414683 0.000111786 0.6
510 0.106104 0.00138405 0.0111953 0.000236473 0.0414537 9.53968e-05 0.6
511 0.15412 0.00173453 0.0236769 0.000416165 0.0400067 0.000104905 0.8
512 0.142141 0.000842498 0.0201797 0.000182923 0.0544198 0.000128822 -0.8
513 0.104045 0.00091542 0.0108103 0.000144923 0.0516742 0.000108927 -0.6
514 0.103803 0.000902683 0.0107622 0.0001421 0.0518933 0.000128207 -0.6
515 0.0697895 0.000977644 0.00487335 0.000108458 0.0494919 8.97105e-05 -0.4
516 0.103732 0.000883994 0.0107083 0.00013389 0.0516944 9.69126e-05 -0.6
517 0.0700131 0.000958261 0.00487468 0.000100744 0.049588 0.000105929 -0.4
518 0.0695447 0.000957807 0.00480537 0.000102637 0.0493231 0.00011911 -0.4
519 0.0401408 0.000950061 0.00160194 6.83246e-05 0.0475057 0.000115096 -0.2
520 0.104239 0.000923694 0.0108449 0.000146071 0.0516292 0.000121847 -0.6
521 0.0702063 0.00100518 0.00490696 0.000109767 0.0495828 0.000118701 -0.4
522 0.069908 0.000973583 0.00487369 0.000106641 0.0493776 0.000114052 -0.4
523 0.0402766 0.00105266 0.00160737 7.34397e-05 0.0477059 0.000113367 -0.2
524 0.0700911 0.000969031 0.00486572 9.99338e-05 0.0495942 0.00012403 -0.4
525 0.0406928 0.00104185 0.00163174 7.3123e-05 0.0474927 0.000135247 -0.2
526 0.040182 0.00103001 0.00160263 6.7677e-05 0.0474685 0.000119572 -0.2
527 0.0272838 0.0011422 0.000758728 5.79254e-05 0.0459771 0.000109252 0
528 0.103447 0.000959828 0.0107054 0.000159345 0.0517828 0.000119483 -0.6
529 0.0694882 0.0010247 0.00483331 0.000117324 0.0496362 0.000115963 -0.4
530 0.0692878 0.000999093 0.00480261 0.000116749 0.0494874 0.000114968 -0.4
531 0.0392908 0.00109117 0.00156135 7.43162e-05 0.047774 0.000102481 -0.2
532 0.0694651 0.000978899 0.00481949 0.000112176 0.0494958 0.000123151 -0.4
533 0.0400472 0.00100757 0.00160877 7.26764e-05 0.0476718 0.000101902 -0.2
534 0.039636 0.000991882 0.00158333 6.62107e-05 0.0475252 0.000109936 -0.2
535 0.0265229 0.00113176 0.000717445 5.08599e-05 0.045949 0.000113957 0
536 0.0696452 0.00102436 0.00485904 0.00011859 0.049584 0.000116963 -0.4
537 0.0398299 0.00111168 0.00159449 7.81421e-05 0.0477834 0.000103744 -0.2
538 0.0393758 0.00108764 0.00154838 7.24521e-05 0.0475489 0.000121637 -0.2
539 0.0269502 0.00115637 0.000760296 5.4552e-05 0.0459369 0.000111636 0
540 0.0402104 0.00103738 0.00161947 7.13605e-05 0.0475157 0.000122631 -0.2
541 0.0270657 0.00112928 0.000752067 5.16893e-05 0.0459878 0.00012022 0
542 0.027131 0.00112666 0.000753718 5.22441e-05 0.0460589 9.85196e-05 0
543 0.0391313 0.00100034 0.00153187 7.07697e-05 0.0444142 0.000114899 0.2
544 0.103795 0.000894752 0.0107405 0.000138817 0.0514268 0.000118826 -0.6
545 0.0694843 0.000975941 0.00480237 0.000102582 0.0494735 0.000113435 -0.4
546 0.0692404 0.000967235 0.00476855 0.000103142 0.0497281 0.000110815 -0.4
547 0.0390941 0.000972179 0.0015296 6.6936e-05 0.0475638 0.000117991 -0.2
548 0.0695354 0.000944513 0.0047837 9.61338e-05 0.0494009 0.000124428 -0.4
549 0.0398674 0.000965631 0.00156169 6.7562e-05 0.0475966 0.000110693 -0.2
550 0.0391566 0.000972539 0.00152059 6.25758e-05 0.0476209 0.000113747 -0.2
551 0.0267511 0.00110334 0.00073813 5.53065e-05 0.0459107 0.000121063 0
552 0.0697008 0.00095784 0.0048101 0.000104941 0.0495398 0.000111316 -0.4
553 0.0397856 0.00105886 0.00155507 7.17213e-05 0.0476294 0.000106477 -0.2
554 0.0393706 0.00103798 0.00153089 6.77907e-05 0.0477141 0.00012415 -0.2
555 0.0270642 0.00110385 0.000756034 5.54579e-05 0.0459284 0.000110937 0
556 0.0399546 0.00101838 0.00155691 6.54118e-05 0.0475968 0.000121691 -0.2
557 0.0276397 0.00106875 0.000774805 5.39048e-05 0.0460889 0.00010879 0
558 0.0272503 0.00112037 0.000766425 5.50018e-05 0.0460458 0.000122186 0
559 0.0393343 0.000949469 0.00153922 6.93968e-05 0.0444023 0.000109436 0.2
560 0.0692426 0.00099605 0.00478237 0.000113179 0.0493209 0.000104888 -0.4
561 0.038972 0.00102461 0.00150959 7.01864e-05 0.04761 0.000116184 -0.2
562 0.0387038 0.00105971 0.00149471 6.97417e-05 0.0475192 0.000115384 -0.2
563 0.026385 0.00106255 0.000729912 4.97953e-05 0.0460318 0.000108892 0
564 0.0392965 0.000994498 0.00152382 6.81781e-05 0.0474162 9.90627e-05 -0.2
565 0.0266301 0.00110424 0.000730295 4.90386e-05 0.0460633 0.000119083 0
566 0.0264945 0.00110531 0.00072339 4.99999e-05 0.0458492 0.000110257 0
567 0.0391125 0.00102515 0.00151961 7.33077e-05 0.0443874 0.00010643 0.2
568 0.0391515 0.00106717 0.00152026 7.16442e-05 0.0474869 0.000122226 -0.2
569 0.0264835 0.00115203 0.000726315 5.09577e-05 0.0458021 0.000105422 0
570 0.0269601 0.00115043 0.000756711 5.2555e-05 0.045952 0.000101532 0
571 0.0393188 0.00102645 0.00154849 7.09266e-05 0.0444022 0.000113857 0.2
572 0.0269343 0.00113433 0.000747428 5.14529e-05 0.0458994 0.000116671 0
573 0.0392541 0.000994947 0.00152607 6.98355e-05 0.0442487 0.00011742 0.2
574 0.0393133 0.000939121 0.00152325 6.59265e-05 0.0442821 0.00011587 0.2
575 0.0684164 0.00119655 0.00459729 0.000146552 0.0428613 0.000113382 0.4
576 0.103959 0.000892559 0.0108008 0.000147553 0.0518503 0.000129219 -0.6
577 0.0700141 0.000946695 0.00490779 0.000107741 0.0496348 0.000115777 -0.4
578 0.0695627 0.000952247 0.00483743 0.000108151 0.049425 0.00012582 -0.4
579 0.0396049 0.000994731 0.00158268 7.03972e-05 0.0475612 0.000109259 -0.2
580 0.0696708 0.000920007 0.0048231 0.000100848 0.0493207 0.000116939 -0.4
581 0.0404901 0.000968967 0.00163392 7.10608e-05 0.0477457 0.00011812 -0.2
582 0.0395176 0.00093625 0.00156561 6.25979e-05 0.0474271 0.000115878 -0.2
583 0.026727 0.00107186 0.00074928 5.21898e-05 0.0459922 0.000122459 0
584 0.0699859 0.00094758 0.00486733 0.000107577 0.0495047 0.000119721 -0.4
585 0.0404427 0.00105083 0.00163283 7.25651e-05 0.047831 0.000122734 -0.2
586 0.0397756 0.00102212 0.00156702 6.9416e-05 0.0475649 0.000105959 -0.2
587 0.0268016 0.00102354 0.000757703 5.13065e-05 0.0459854 0.00010253 0
588 0.0400928 0.000985235 0.00159895 6.33808e-05 0.0477245 0.000122387 -0.2
589 0.0272616 0.00104877 0.000780574 5.46254e-05 0.0459016 0.00011535 0
590 0.0271093 0.00103261 0.000758751 4.88559e-05 0.0460397 0.000107038 0
591 0.0386228 0.00097442 0.0014835 7.21832e-05 0.0445532 0.000116937 0.2
592 0.0693803 0.000973873 0.00482784 0.000113876 0.0493738 0.000118466 -0.4
593 0.0395966 0.00106582 0.00159894 7.45738e-05 0.0476077 0.000113093 -0.2
594 0.0387269 0.00107381 0.00151855 7.21584e-05 0.047551 0.000104231 -0.2
595 0.0260722 0.00108164 0.00072115 4.78523e-05 0.0458369 0.000107947 0
596 0.0396228 0.00101116 0.00158027 6.83926e-05 0.0476394 0.000115905 -0.2
597 0.0265767 0.00107539 0.000757391 5.04217e-05 0.045682 0.000112872 0
598 0.026521 0.00107819 0.000727499 4.55266e-05 0.0461835 0.000114686 0
599 0.0388258 0.00101856 0.00151383 7.47667e-05 0.0443203 0.000105014 0.2
600 0.0393255 0.00106175 0.00155339 7.19079e-05 0.0476733 0.00011697 -0.2
601 0.0264398 0.00107149 0.000744852 5.19802e-05 0.0459535 0.000109429 0
602 0.0271024 0.00106564 0.000775096 4.9523e-05 0.045695 0.000129418 0
603 0.0391736 0.0010285 0.00156083 7.48304e-05 0.0444715 0.000114497 0.2
604 0.0267352 0.00101867 0.000745342 4.65136e-05 0.0457732 0.000114141 0
605 0.0389625 0.000995428 0.00152663 7.2149e-05 0.0443518 0.000121198 0.2
606 0.0389679 0.000959171 0.00152163 7.06311e-05 0.044503 0.000124183 0.2
607 0.0679133 0.00119667 0.00456289 0.000148012 0.0430166 0.000117454 0.4
608 0.0694873 0.000939993 0.0048054 0.000101292 0.0494789 0.000129172 -0.4
609 0.0393745 0.000968064 0.00154054 6.61439e-05 0.0475929 0.000113932 -0.2
610 0.0384449 0.000949717 0.00146038 6.28741e-05 0.0476449 0.000108295 -0.2
611 0.0262545 0.000987014 0.000713118 4.77908e-05 0.046005 0.000109656 0
612 0.0395534 0.000940971 0.00152717 6.27135e-05 0.047717 0.000113758 -0.2
613 0.0268522 0.000985884 0.000753324 4.84686e-05 0.0460865 0.00011108 0
614 0.0267113 0.0010429 0.000741912 4.81801e-05 0.0459291 0.000102279 0
615 0.0389951 0.000929008 0.00152024 6.88751e-05 0.0443809 0.000128575 0.2
616 0.0394101 0.000981015 0.00152293 6.51321e-05 0.0477004 9.92983e-05 -0.2
617 0.0271126 0.00101241 0.000755845 4.73996e-05 0.0460173 9.80317e-05 0
618 0.0270802 0.00102251 0.000761881 4.79538e-05 0.0458685 0.000124083 0
619 0.0387511 0.000963065 0.00150631 6.8974e-05 0.0443425 0.000115955 0.2
620 0.0272659 0.00102607 0.000774428 4.90656e-05 0.0458505 0.000121179 0
621 0.0389978 0.00093865 0.00151504 7.20395e-05 0.0446063 0.000116373 0.2
622 0.0387297 0.000903283 0.00148875 6.5505e-05 0.0444448 9.26001e-05 0.2
623 0.0679545 0.00111529 0.00453476 0.000139827 0.043088 0.000120164 0.4
624 0.0388833 0.000971255 0.00150338 6.77964e-05 0.0476263 9.76469e-05 -0.2
625 0.0260293 0.00102283 0.000720544 4.52022e-05 0.0460976 0.000118354 0
626 0.0264427 0.000995314 0.000735467 4.44071e-05 0.045852 0.00012271 0
627 0.0391308 0.000995478 0.00155164 7.32012e-05 0.0444375 0.000100886 0.2
628 0.0268245 0.0010522 0.000761494 4.76069e-05 0.0458036 0.000118525 0
629 0.0391052 0.000972085 0.00152068 7.48935e-05 0.0443094 0.000123239 0.2
630 0.0389812 0.000920622 0.00150435 6.74331e-05 0.0443733 0.000105648 0.2
631 0.0683159 0.00118039 0.00462851 0.000148061 0.0430574 0.000107006 0.4
632 0.0267371 0.00106575 0.000756524 4.70723e-05 0.0458308 0.000102409 0
633 0.0392529 0.000993512 0.00153574 7.2716e-05 0.0442696 0.000122921 0.2
634 0.0389796 0.000991333 0.0015167 6.6414e-05 0.0442645 0.000141615 0.2
635 0.0683281 0.00117628 0.00464238 0.00014571 0.0428621 0.000110255 0.4
636 0.0391255 0.000959359 0.00152219 6.9351e-05 0.0444571 0.000102569 0.2
637 0.0681339 0.00114717 0.00457284 0.000146634 0.0428942 0.00012132 0.4
638 0.0684608 0.00112916 0.00462897 0.000136803 0.0429634 0.000119607 0.4
639 0.105669 0.0013595 0.0110648 0.000240825 0.0414312 0.000109311 0.6
640 0.103836 0.000922377 0.0107706 0.000150938 0.0516017 0.000137639 -0.6
641 0.0698875 0.000992219 0.00488403 0.00011367 0.0496009 0.000111599 -0.4
642 0.06952 0.000987671 0.00481204 0.000113812 0.0492085 9.97792e-05 -0.4
643 0.0395188 0.0010011 0.00157766 7.10156e-05 0.0475765 0.000114113 -0.2
644 0.069706 0.000944462 0.00483086 0.000106573 0.0493501 0.000108154 -0.4
645 0.0399362 0.000942351 0.00158556 7.08531e-05 0.0476879 0.000116632 -0.2
646 0.0397262 0.000946919 0.00157625 6.72397e-05 0.0475043 0.000109686 -0.2
647 0.0266758 0.00109221 0.000732931 5.11868e-05 0.0459319 0.00011888 0
648 0.0697164 0.000986923 0.00482635 0.000114162 0.0496313 0.000116848 -0.4
649 0.0399415 0.00105624 0.00159454 7.30231e-05 0.0477834 0.000150485 -0.2
650 0.0395652 0.00103849 0.00155665 7.04738e-05 0.0474919 0.000116568 -0.2
651 0.027022 0.00106172 0.000766567 5.20332e-05 0.0460893 0.000126324 0
652 0.0400997 0.000986821 0.00158128 6.88506e-05 0.047677 0.00012154 -0.2
653 0.0273474 0.00105555 0.000772948 5.36255e-05 0.0460481 0.000115982 0
654 0.0274565 0.00107855 0.000774114 5.19905e-05 0.0460153 0.000100382 0
655 0.038749 0.000959203 0.0014827 7.0746e-05 0.0443153 0.000105979 0.2
656 0.0693625 0.00102824 0.00481634 0.000123391 0.049368 0.000110087 -0.4
657 0.0394187 0.0010763 0.00158883 7.59865e-05 0.0475333 0.000113907 -0.2
658 0.0389674 0.00107803 0.00153975 7.40766e-05 0.0474751 0.00010603 -0.2
659 0.0263987 0.0010645 0.000725144 4.70798e-05 0.0458851 0.000113464 0
660 0.0395381 0.00101089 0.00156878 7.25195e-05 0.0476558 0.000114367 -0.2
661 0.0267842 0.00111695 0.000737284 4.88674e-05 0.0457714 0.000132145 0
662 0.0266471 0.00109965 0.000725666 4.7923e-05 0.0460846 0.000104721 0
663 0.0390008 0.00102134 0.00148843 7.27606e-05 0.044539 9.75794e-05 0.2
664 0.0393974 0.00107313 0.00154905 7.50435e-05 0.0474881 0.000113571 -0.2
665 0.0268526 0.00108206 0.00075851 5.1435e-05 0.0460089 0.000122909 0
666 0.0271197 0.00106584 0.000761413 4.78502e-05 0.0459043 0.000118918 0
667 0.0391233 0.00102773 0.00152974 7.54394e-05 0.044456 0.000119452 0.2
668 0.0273511 0.00107123 0.000766492 4.77242e-05 0.0459063 0.000125972 0
669 0.0390265 0.000986438 0.00152202 7.29475e-05 0.044453 9.46683e-05 0.2
670 0.0391209 0.000980138 0.00150356 7.17445e-05 0.0443901 0.000119897 0.2
671 0.0680262 0.0012342 0.00455141 0.000149432 0.0429754 0.000107066 0.4
672 0.0693208 0.000980197 0.00478691 0.000110164 0.0494437 0.00010562 -0.4
673 0.0389709 0.000952625 0.00151787 6.74311e-05 0.0476167 0.000131516 -0.2
674 0.0384791 0.000960297 0.00148447 6.54563e-05 0.0475595 0.000137026 -0.2
675 0.0261458 0.0010353 0.000703632 4.7273e-05 0.0460518 0.000114344 0
676 0.0391084 0.000928362 0.00150553 6.24843e-05 0.0477769 0.00010995 -0.2
677 0.0265917 0.00107469 0.000726597 4.87747e-05 0.045906 0.000102761 0
678 0.0264211 0.00107206 0.000724506 4.86219e-05 0.0459655 0.000124422 0
679 0.0391404 0.000973842 0.00151926 7.20933e-05 0.0446823 0.000110728 0.2
680 0.0388128 0.00100343 0.00147938 6.67316e-05 0.0474435 0.000117618 -0.2
681 0.0269927 0.00102382 0.000740131 4.82826e-05 0.0460649 0.00010325 0
682 0.0268974 0.0010706 0.000746983 4.96765e-05 0.0458715 0.000107174 0
683 0.0390664 0.000964248 0.00151929 7.01574e-05 0.0444093 0.000110595 0.2
684 0.0270102 0.00107316 0.000749597 5.01384e-05 0.0458295 0.000115834 0
685 0.0389986 0.000928121 0.00150988 6.99093e-05 0.0444158 0.000109101 0.2
686 0.0392262 0.000949852 0.00150941 7.14567e-05 0.0441911 0.000127806 0.2
687 0.0680139 0.00119051 0.00453819 0.000141916 0.0431563 0.000114774 0.4
688 0.0388127 0.00100699 0.00151231 7.09568e-05 0.0474658 0.000123188 -0.2
689 0.0260281 0.00103264 0.000700882 4.48689e-05 0.0460172 0.000107232 0
690 0.026307 0.00107456 0.000720591 4.65926e-05 0.0459434 0.00010806 0
691 0.0392562 0.00100485 0.0015375 7.20295e-05 0.0443145 0.000109026 0.2
692 0.0265034 0.00112188 0.000724775 4.94565e-05 0.0460314 9.91377e-05 0
693 0.0391699 0.00100622 0.00152312 7.39258e-05 0.0443519 8.76333e-05 0.2
694 0.0392934 0.000994532 0.00149789 6.87715e-05 0.0445666 0.000115295 0.2
695 0.068381 0.00123694 0.00463503 0.000150709 0.0429234 0.000111481 0.4
696 0.0269663 0.00108273 0.000749906 4.76279e-05 0.0458171 0.000121542 0
697 0.0392079 0.00103624 0.00154429 7.53871e-05 0.0444894 0.000103159 0.2
698 0.0390144 0.000966851 0.00150651 6.93057e-05 0.0442047 0.0001124 0.2
699 0.0682428 0.00124827 0.00460446 0.000151438 0.0429738 0.000106447 0.4
700 0.0390663 0.000973599 0.00151615 7.11584e-05 0.0443331 0.000120103 0.2
701 0.06808 0.00120448 0.00455682 0.000149519 0.0428915 0.00010984 0.4
702 0.0685041 0.00117551 0.00460908 0.00014157 0.0429701 0.000102039 0.4
703 0.105924 0.00138399 0.0111223 0.000242352 0.0415589 0.000105299 0.6
704 0.0699154 0.000986988 0.00488435 0.000113744 0.0495974 0.000121326 -0.4
705 0.0396322 0.00100281 0.00158511 7.12758e-05 0.0478042 0.000129287 -0.2
706 0.0390887 0.00100372 0.00154206 6.79598e-05 0.0475326 0.000118158 -0.2
707 0.0258293 0.000965252 0.00070207 4.55187e-05 0.0459883 9.78347e-05 0
708 0.0396236 0.000939832 0.00156113 6.36865e-05 0.0477751 0.000109776 -0.2
709 0.0267523 0.00102912 0.000738864 4.71954e-05 0.0460144 0.000126125 0
710 0.0264103 0.000997186 0.000719311 4.36174e-05 0.0459517 0.000118625 0
711 0.0383987 0.000999791 0.00145239 7.14617e-05 0.0442191 0.00012637 0.2
712 0.039442 0.00101478 0.00154992 6.84271e-05 0.0473974 0.000117992 -0.2
713 0.0262949 0.000951551 0.000723746 4.66449e-05 0.0460191 0.000116383 0
714 0.026728 0.000982997 0.000745602 4.67213e-05 0.0459757 0.000108181 0
715 0.0384918 0.000964822 0.00148243 7.12218e-05 0.0446017 0.000118911 0.2
716 0.0269654 0.00097704 0.000744935 4.57718e-05 0.0459331 0.000114518 0
717 0.0385343 0.000949296 0.00148651 7.16092e-05 0.0443922 0.00010763 0.2
718 0.0385534 0.000925104 0.00146513 6.85565e-05 0.0442993 0.00011702 0.2
719 0.0674141 0.00118432 0.00446479 0.000139375 0.0428292 0.000122272 0.4
720 0.0390413 0.0010556 0.00154604 7.34605e-05 0.0476518 0.000112317 -0.2
721 0.0258018 0.00100579 0.000718007 4.48557e-05 0.0457709 0.000106717 0
722 0.0261642 0.000977704 0.000713474 4.21925e-05 0.0459172 0.000110848 0
723 0.0389806 0.00103168 0.00151694 7.7247e-05 0.0442202 0.000110575 0.2
724 0.0265446 0.0010347 0.000730692 4.48187e-05 0.0458944 0.000113058 0
725 0.0388883 0.00100635 0.00150747 7.74602e-05 0.0444809 0.000102366 0.2
726 0.0388461 0.000989968 0.00149351 7.13778e-05 0.0445099 0.000101176 0.2
727 0.0680591 0.0012356 0.00461625 0.00014972 0.0428158 0.000107999 0.4
728 0.0264346 0.000978297 0.000735971 4.52273e-05 0.045826 0.000117159 0
729 0.0389621 0.00104702 0.00153993 7.90898e-05 0.044402 0.000103827 0.2
730 0.0387035 0.00104939 0.00150957 7.44935e-05 0.0444178 0.000125576 0.2
731 0.0676501 0.00123855 0.00455519 0.000151891 0.0428456 0.00011636 0.4
732 0.0385658 0.00100492 0.00148917 7.32302e-05 0.0444028 0.000100979 0.2
733 0.0676847 0.0012326 0.00453484 0.000153401 0.042825 0.000120415 0.4
734 0.0679737 0.00116714 0.00459031 0.000139598 0.0428329 0.000111925 0.4
735 0.105466 0.00139399 0.0110641 0.000240223 0.0415428 9.79547e-05 0.6
736 0.0385285 0.000950864 0.00147158 6.61209e-05 0.0475743 0.00011418 -0.2
737 0.0258103 0.000939761 0.000691357 4.17533e-05 0.045832 0.000112639 0
738 0.0255361 0.00097446 0.000669539 4.26185e-05 0.0460703 0.000105301 0
739 0.0390462 0.000912208 0.00153137 6.61412e-05 0.044188 0.000116258 0.2
740 0.0264977 0.00100076 0.000733844 4.35482e-05 0.0458243 0.00010792 0
741 0.0386341 0.000935755 0.00148636 7.03748e-05 0.0444325 0.000110401 0.2
742 0.0387082 0.000925022 0.00147406 6.4757e-05 0.0443043 0.000105425 0.2
743 0.0679911 0.00120241 0.00458733 0.000139879 0.0427878 0.000110861 0.4
744 0.0267038 0.000984972 0.000735743 4.30554e-05 0.0460344 9.75067e-05 0
745 0.0389068 0.000936575 0.00151429 6.9868e-05 0.04428 0.000120634 0.2
746 0.0387491 0.000951799 0.00149285 6.5639e-05 0.0442356 0.000122678 0.2
747 0.0677988 0.00114056 0.00456434 0.000140478 0.0428413 0.000121065 0.4
748 0.0387494 0.000930015 0.00149145 7.01686e-05 0.0443872 0.000129669 0.2
749 0.0676959 0.001159 0.00450401 0.00014232 0.042729 0.00010337 0.4
750 0.068293 0.00113305 0.00458604 0.000133616 0.0428179 0.000123589 0.4
751 0.105378 0.00138863 0.0109748 0.00023899 0.041454 9.88062e-05 0.6
752 0.0258359 0.00103743 0.000706867 4.26956e-05 0.0460041 0.000118806 0
753 0.0390627 0.00102196 0.00153973 7.62666e-05 0.0445808 8.8908e-05 0.2
754 0.0390721 0.00100625 0.00153187 6.92281e-05 0.0444137 0.000120449 0.2
755 0.068381 0.00126976 0.00467908 0.000152436 0.0429767 0.000117974 0.4
756 0.038776 0.00102861 0.00148997 7.36771e-05 0.0443663 0.000126031 0.2
757 0.0683093 0.00121496 0.0046492 0.000153122 0.0428384 0.000118054 0.4
758 0.0685671 0.00118845 0.00469001 0.000142615 0.0428015 0.000121357 0.4
759 0.105782 0.00141907 0.0111439 0.000246559 0.0414623 0.000118382 0.6
760 0.0389959 0.00104861 0.00153206 7.30428e-05 0.0444659 0.000110346 0.2
761 0.0680225 0.0012242 0.0046007 0.000150419 0.0430377 0.000132457 0.4
762 0.0685082 0.00119336 0.0046693 0.000142374 0.0429758 0.000114445 0.4
763 0.105495 0.00144046 0.0110868 0.000246574 0.0415377 0.000104121 0.6
764 0.0683722 0.00115633 0.00461662 0.000141469 0.0428646 9.8882e-05 0.4
765 0.105583 0.00136688 0.0110576 0.00024316 0.0415924 0.000112541 0.6
766 0.106389 0.00134693 0.0112354 0.000228002 0.0414408 0.000125373 0.6
767 0.154505 0.00178601 0.0237738 0.000445559 0.0399081 0.0001221 0.8
768 0.10408 0.000884161 0.0107941 0.000145694 0.0515304 0.000115449 -0.6
769 0.0699677 0.000981793 0.00487753 0.000109353 0.0496843 0.000109412 -0.4
770 0.0696119 0.000966787 0.0048337 0.000105869 0.0495223 0.00012174 -0.4
771 0.0399264 0.00107737 0.00160781 7.59163e-05 0.0475842 0.000102546 -0.2
772 0.0699204 0.000953536 0.00485572 0.000103474 0.0495635 0.000111285 -0.4
773 0.0405021 0.0010323 0.00163053 7.85552e-05 0.0476217 0.000112292 -0.2
774 0.0399496 0.00103038 0.00159989 7.3077e-05 0.0478056 0.000118035 -0.2
775 0.0274783 0.00119046 0.000775787 6.05059e-05 0.0459833 0.00011135 0
776 0.0700996 0.000965777 0.00488578 0.0001072 0.0496623 0.000123486 -0.4
777 0.0404686 0.00109316 0.00164393 7.69412e-05 0.0476728 0.000127583 -0.2
778 0.0399766 0.00105152 0.00159406 7.09994e-05 0.0477259 0.000101952 -0.2
779 0.0276508 0.00117753 0.000801943 6.09507e-05 0.045883 0.000108637 0
780 0.0403749 0.00104382 0.00162127 7.14415e-05 0.047596 0.000121213 -0.2
781 0.0272892 0.00119288 0.000770952 6.24089e-05 0.0459662 0.00012375 0
782 0.0276322 0.00114856 0.000790629 5.89699e-05 0.0460398 0.000111659 0
783 0.0390356 0.001011 0.00151314 7.5731e-05 0.0444899 0.000130308 0.2
784 0.0695407 0.00100097 0.00484213 0.000117376 0.0494425 0.000114021 -0.4
785 0.0398991 0.00109352 0.00160687 8.04613e-05 0.0476062 0.000134031 -0.2
786 0.0395127 0.00111325 0.00157941 7.61242e-05 0.0478735 0.000125904 -0.2
787 0.0270926 0.0011687 0.000764494 5.39224e-05 0.046057 0.000128453 0
788 0.0400004 0.00101786 0.00160345 7.3445e-05 0.0476161 0.000105164 -0.2
789 0.0272001 0.00121837 0.000760263 5.5809e-05 0.0460387 0.000116473 0
790 0.0269434 0.00114951 0.000730248 5.18448e-05 0.0458685 0.000107318 0
791 0.0391315 0.001043 0.00149236 6.93694e-05 0.0445782 0.00011902 0.2
792 0.0399651 0.00110661 0.00160655 7.55795e-05 0.0475877 0.000115295 -0.2
793 0.0272632 0.00116168 0.000770826 5.46137e-05 0.0460722 0.000107903 0
794 0.0273536 0.00111143 0.000777681 5.21787e-05 0.0459973 0.000126518 0
795 0.0392563 0.00105107 0.00153428 7.26562e-05 0.0443683 0.000103796 0.2
796 0.0272319 0.00119809 0.000759566 5.41597e-05 0.0457523 0.000102938 0
797 0.0388319 0.00101897 0.00149954 6.92195e-05 0.0445933 0.000106073 0.2
798 0.0390844 0.000951516 0.00150994 6.50046e-05 0.0445359 0.00011807 0.2
799 0.0677981 0.00122586 0.00454993 0.000148399 0.0429001 0.000107024 0.4
800 0.0695913 0.000960903 0.00481033 0.000105537 0.0495047 0.000125065 -0.4
801 0.0394399 0.00102681 0.00154395 7.24886e-05 0.047762 0.000106441 -0.2
802 0.039317 0.000994443 0.00155374 6.76042e-05 0.0477596 0.000102806 -0.2
803 0.0270378 0.00110118 0.000759566 5.59627e-05 0.0458925 0.00011615 0
804 0.0399639 0.00102936 0.00156551 7.14414e-05 0.0476053 0.000126701 -0.2
805 0.0272058 0.00111642 0.000759946 5.69096e-05 0.0459898 0.000126199 0
806 0.0269565 0.00115246 0.000752824 5.55484e-05 0.0459718 0.000115631 0
807 0.0392485 0.00101956 0.00151788 7.10875e-05 0.0444355 0.000106248 0.2
808 0.0397916 0.00104193 0.00156206 6.9111e-05 0.0476307 0.000109658 -0.2
809 0.027253 0.00114431 0.000756208 5.77934e-05 0.0460758 0.00013217 0
810 0.027147 0.00111963 0.000768237 5.58093e-05 0.0457777 0.00011595 0
811 0.0392202 0.000975016 0.00153227 7.20316e-05 0.0446147 0.000122418 0.2
812 0.0273232 0.00114741 0.000769514 5.77818e-05 0.046013 0.000112968 0
813 0.0390633 0.00095685 0.00151078 7.04169e-05 0.0443214 0.000115909 0.2
814 0.0390979 0.000954003 0.00152461 6.67925e-05 0.0444671 0.00012265 0.2
815 0.0679202 0.00118764 0.00452384 0.000142461 0.0428675 0.000113483 0.4
816 0.0394361 0.00107511 0.00155115 7.36906e-05 0.047685 0.000106027 -0.2
817 0.0267603 0.00112862 0.000747162 5.08448e-05 0.0459847 0.000134642 0
818 0.0268205 0.00110172 0.000745562 5.03436e-05 0.0459433 0.000107737 0
819 0.0393942 0.000992841 0.00154 6.84368e-05 0.0445037 0.000106004 0.2
820 0.0269477 0.00116187 0.000749906 5.12739e-05 0.0461145 0.000103847 0
821 0.0390918 0.00100135 0.00150961 6.90153e-05 0.0443619 0.000112216 0.2
822 0.0393836 0.000941911 0.00151407 6.30001e-05 0.0442886 0.00010678 0.2
823 0.068324 0.00122163 0.00459962 0.000149104 0.0430064 0.000104422 0.4
824 0.027011 0.00116988 0.000759288 5.27016e-05 0.0461565 0.000126913 0
825 0.0392452 0.00102309 0.00153423 6.95054e-05 0.0443746 0.000129177 0.2
826 0.0390365 0.000984706 0.00151238 6.57794e-05 0.0443785 0.00010591 0.2
827 0.0681709 0.0011863 0.00458792 0.000141337 0.0428738 0.000116583 0.4
828 0.0390154 0.000957854 0.00152373 6.49287e-05 0.0442837 0.000100388 0.2
829 0.0680124 0.00119374 0.0045394 0.000147951 0.0430682 0.000119394 0.4
830 0.0682538 0.00115698 0.00458791 0.000137889 0.0429146 0.000118491 0.4
831 0.105527 0.00133721 0.0110214 0.000240148 0.0415309 0.000110177 0.6
832 0.0697591 0.000954965 0.00485496 0.000110288 0.0493916 0.000112023 -0.4
833 0.0400159 0.00103963 0.00163155 7.6877e-05 0.0477536 0.000109754 -0.2
834 0.0393857 0.000985829 0.00156876 6.79448e-05 0.0479777 0.000113325 -0.2
835 0.0269375 0.00106766 0.000767689 5.04632e-05 0.0458998 0.000105239 0
836 0.0400035 0.000999028 0.00160078 7.06196e-05 0.0475842 0.000122192 -0.2
837 0.0269238 0.00112547 0.000765394 5.73199e-05 0.0458819 0.00013192 0
838 0.0272404 0.00108211 0.000774926 5.06865e-05 0.0460623 0.000120473 0
839 0.0385864 0.00102417 0.00147189 7.00568e-05 0.0444819 0.00011032 0.2
840 0.0399989 0.00100525 0.0016009 6.98912e-05 0.047743 0.000100631 -0.2
841 0.027104 0.00109171 0.000774585 5.55727e-05 0.0459316 0.000118778 0
842 0.0273645 0.00102018 0.000791832 5.08089e-05 0.0458144 0.000111585 0
843 0.0387666 0.00101824 0.00150783 7.50312e-05 0.0444012 0.000108275 0.2
844 0.027277 0.00105662 0.000772352 5.38087e-05 0.0461113 0.000100193 0
845 0.0387594 0.000998153 0.0015019 7.40013e-05 0.0445153 0.000131619 0.2
846 0.038495 0.000956667 0.00148516 6.54964e-05 0.044442 0.000106575 0.2
847 0.0673356 0.00116608 0.00446713 0.000139558 0.0428775 0.000103851 0.4
848 0.0394985 0.00104189 0.00158099 7.37117e-05 0.0476107 0.000107895 -0.2
849 0.0266208 0.00108106 0.000755203 4.89387e-05 0.0459942 0.000116091 0
850 0.0269199 0.00105257 0.000759536 4.45572e-05 0.0461106 0.000116722 0
851 0.0390815 0.00103312 0.00153065 7.31163e-05 0.0442644 0.000119103 0.2
852 0.0268373 0.00109852 0.000758779 4.79394e-05 0.0459822 0.000110326 0
853 0.0386082 0.00100947 0.0014771 7.463e-05 0.0443788 0.000120408 0.2
854 0.0388872 0.000954694 0.00150462 6.60649e-05 0.0443409 0.000124611 0.2
855 0.0679542 0.00124149 0.00458861 0.000148185 0.0429758 0.000116196 0.4
856 0.0269027 0.00106531 0.000762993 4.78018e-05 0.0458894 0.00010697 0
857 0.0390325 0.00104083 0.00152291 7.57652e-05 0.0442915 0.000120326 0.2
858 0.0385738 0.000999854 0.00150539 6.92079e-05 0.0444192 0.000106251 0.2
859 0.0676456 0.00121416 0.00455374 0.000146541 0.0430577 0.000102048 0.4
860 0.0385451 0.000983987 0.00149968 6.98465e-05 0.0443383 0.000106134 0.2
861 0.0676786 0.00118728 0.00453245 0.00014683 0.0428996 0.000122363 0.4
862 0.0680148 0.00117263 0.00458701 0.000141928 0.0427145 0.000119713 0.4
863 0.105264 0.00137374 0.0109959 0.000243589 0.0414628 9.2876e-05 0.6
864 0.0392171 0.000965795 0.00152622 6.51673e-05 0.0477248 0.000122701 -0.2
865 0.0264719 0.00100238 0.000728834 4.75657e-05 0.0458907 0.000105783 0
866 0.026837 0.00100915 0.000750704 4.79833e-05 0.0459815 0.000116477 0
867 0.0389501 0.000888579 0.00151659 6.34053e-05 0.0444437 0.00013784 0.2
868 0.0268719 0.00104319 0.000756526 4.98437e-05 0.0458204 9.25734e-05 0
869 0.0388588 0.000937185 0.00150043 6.83933e-05 0.0444948 0.000111795 0.2
870 0.0388851 0.000917303 0.00149602 6.25633e-05 0.0444162 0.000127306 0.2
871 0.0679305 0.00116538 0.00456189 0.000140485 0.0428922 0.000112174 0.4
872 0.0270265 0.00103711 0.000764671 4.98217e-05 0.0458993 0.000120606 0
873 0.0388833 0.0009594 0.00150556 6.89212e-05 0.0444931 0.000108961 0.2
874 0.0385599 0.000917103 0.00149044 6.46251e-05 0.04431 0.000104168 0.2
875 0.0678506 0.00114721 0.00455048 0.000137304 0.0429861 0.000116691 0.4
876 0.0386074 0.000922368 0.00149749 6.58599e-05 0.0444491 0.00010092 0.2
877 0.0676462 0.00113075 0.00448035 0.000141057 0.0429054 0.000114528 0.4
878 0.0679954 0.00111926 0.00454157 0.000133791 0.0430013 0.000111261 0.4
879 0.105558 0.0013412 0.0110022 0.000234683 0.0413379 0.000126739 0.6
880 0.0264193 0.00104671 0.000747951 4.48702e-05 0.0458799 0.000123253 0
881 0.039161 0.000952232 0.00152659 7.15485e-05 0.044403 0.000118975 0.2
882 0.0389066 0.000935019 0.0015143 6.56168e-05 0.0443675 0.000121336 0.2
883 0.0682914 0.00120885 0.00466081 0.000148024 0.0430959 0.000106561 0.4
884 0.0387763 0.000933297 0.00149031 6.92567e-05 0.044552 0.000130427 0.2
885 0.0681751 0.00117792 0.00459364 0.00014946 0.0429023 0.000110755 0.4
886 0.0684986 0.00116121 0.00465195 0.000141738 0.0429502 0.000109136 0.4
887 0.105733 0.00138207 0.0111068 0.000246603 0.0415647 0.000118639 0.6
888 0.0388914 0.0009826 0.00152323 6.81501e-05 0.0444599 0.000122775 0.2
889 0.0682649 0.00116668 0.00459556 0.000142747 0.0431203 0.000126445 0.4
890 0.0682417 0.00114421 0.00462634 0.000137 0.043012 0.000111597 0.4
891 0.105559 0.00137807 0.0110813 0.000235351 0.0414033 0.00011101 0.6
892 0.0681132 0.001147 0.00456796 0.000140717 0.0428817 0.000111487 0.4
893 0.105424 0.00134142 0.0109947 0.000239126 0.0413027 0.000114132 0.6
894 0.105864 0.00132739 0.0111086 0.000232806 0.0415804 0.000110213 0.6
895 0.154375 0.00174437 0.0237091 0.000435629 0.0398144 0.000112687 0.8
896 0.0697678 0.000980582 0.00484797 0.000114826 0.0495059 0.00011072 -0.4
897 0.0397022 0.00104295 0.00158515 7.47572e-05 0.0475704 0.000127753 -0.2
898 0.0395801 0.00100687 0.00158007 6.91597e-05 0.047545 0.00013686 -0.2
899 0.0268543 0.00113036 0.00074265 5.37116e-05 0.0459697 0.000133335 0
900 0.0398746 0.000952751 0.00158278 6.99291e-05 0.0476196 0.000118078 -0.2
901 0.0268619 0.00114921 0.000739349 5.31033e-05 0.0459403 0.000116385 0
902 0.0269419 0.00110342 0.000736691 5.1467e-05 0.0460534 0.000117722 0
903 0.0387354 0.00107005 0.0014626 7.40099e-05 0.0444719 0.0001234 0.2
904 0.0398499 0.00103778 0.00158166 6.96922e-05 0.0476389 0.000141396 -0.2
905 0.0270636 0.00108083 0.000766151 5.24952e-05 0.0459114 0.000109939 0
906 0.0273619 0.00105556 0.000771332 5.10986e-05 0.0460409 0.000111958 0
907 0.0389198 0.000979856 0.00148261 7.21128e-05 0.0444249 0.000114753 0.2
908 0.0272361 0.00107502 0.000749183 5.08447e-05 0.0458419 0.000129817 0
909 0.0385683 0.000982304 0.00147022 7.0751e-05 0.0443779 0.000124181 0.2
910 0.0385293 0.000983349 0.00146007 6.83197e-05 0.0443543 0.00010997 0.2
911 0.0673827 0.00121631 0.00444339 0.000139821 0.0428012 0.000105666 0.4
912 0.0395071 0.00106088 0.00158159 7.60789e-05 0.0477228 0.000109364 -0.2
913 0.0266457 0.00109109 0.000729078 4.82326e-05 0.0458231 0.000111662 0
914 0.0266582 0.00108207 0.000730656 4.75669e-05 0.0458388 0.000113922 0
915 0.0389057 0.00104398 0.00149896 7.25435e-05 0.0442553 0.000106258 0.2
916 0.0269012 0.00114203 0.000734696 4.87118e-05 0.0459887 0.000107486 0
917 0.0388953 0.00104283 0.00148664 7.16575e-05 0.0443796 0.000118054 0.2
918 0.0386533 0.00101873 0.00145848 6.80896e-05 0.0444885 0.000111676 0.2
919 0.0679439 0.00127526 0.00456607 0.000147814 0.0429252 0.000106847 0.4
920 0.0270416 0.00108948 0.000755841 4.7039e-05 0.0457762 0.000123221 0
921 0.0388536 0.00107507 0.00149946 7.53012e-05 0.0444882 0.000115688 0.2
922 0.0386998 0.00102567 0.00147262 7.0902e-05 0.0443246 0.000119767 0.2
923 0.0678314 0.00124375 0.00456171 0.000145882 0.0430276 0.000125975 0.4
924 0.038663 0.000992092 0.00148578 6.83803e-05 0.0445356 0.000114777 0.2
925 0.0676788 0.00124719 0.00452235 0.000148872 0.0429263 0.000121163 0.4
926 0.0679833 0.00121513 0.00457336 0.00014163 0.0427698 9.82772e-05 0.4
927 0.105418 0.00137392 0.011035 0.000241206 0.0415461 0.000102637 0.6
928 0.0387999 0.000969598 0.00149807 6.46682e-05 0.0475225 0.000107163 -0.2
929 0.0261489 0.00106077 0.000705135 4.8364e-05 0.0458476 9.86746e-05 0
930 0.0262774 0.00109077 0.000712436 4.85499e-05 0.0460714 0.000123563 0
931 0.0389905 0.000976919 0.0015105 6.91176e-05 0.0444847 0.00012722 0.2
932 0.026592 0.00115772 0.000724398 4.9205e-05 0.0461187 0.000115827 0
933 0.0388259 0.000987479 0.00150323 7.10667e-05 0.0445323 0.000111957 0.2
934 0.0388143 0.000998526 0.00147687 6.76836e-05 0.0444551 0.000120977 0.2
935 0.0678616 0.00124195 0.00455976 0.000145071 0.0426973 0.000120987 0.4
936 0.026701 0.00108671 0.000732913 4.95782e-05 0.0459628 0.000119581 0
937 0.0390357 0.000932215 0.0015055 6.79258e-05 0.0442526 0.00010226 0.2
938 0.0388896 0.000965548 0.00149104 6.6831e-05 0.0445821 0.000100532 0.2
939 0.0676426 0.00119601 0.00452945 0.000141083 0.0429568 0.000106225 0.4
940 0.0388876 0.000932013 0.00150801 6.72016e-05 0.0444554 0.000109993 0.2
941 0.0675428 0.00119397 0.00447017 0.000145381 0.0429523 0.000103365 0.4
942 0.067997 0.00116967 0.00455251 0.000137663 0.0429588 9.44682e-05 0.4
943 0.104995 0.00135405 0.0108898 0.000238647 0.0412245 0.000112986 0.6
944 0.0263734 0.0011296 0.000716622 4.71005e-05 0.0459748 0.00010889 0
945 0.0390854 0.00100856 0.00152549 7.15645e-05 0.0443238 0.000117074 0.2
946 0.0389338 0.00100057 0.00149842 6.83214e-05 0.0444938 0.000118133 0.2
947 0.068105 0.00126561 0.00460396 0.000149957 0.0429269 0.000101992 0.4
948 0.0387843 0.00100891 0.00148603 7.10841e-05 0.0444579 0.000110069 0.2
949 0.0679101 0.00124268 0.00455063 0.000150307 0.0429521 0.000104943 0.4
950 0.0684214 0.00122648 0.00465148 0.000142201 0.0428809 0.000123856 0.4
951 0.105836 0.00139705 0.0111189 0.000246501 0.0414395 0.000125806 0.6
952 0.0389162 0.00105104 0.00151583 6.99888e-05 0.044409 0.000101227 0.2
953 0.0678167 0.0012235 0.00453947 0.000147466 0.0428655 0.000121769 0.4
954 0.068251 0.00119952 0.00462176 0.000142963 0.0430269 0.00010481 0.4
955 0.105442 0.00139532 0.0110451 0.000240639 0.0413597 0.000102959 0.6
956 0.0680661 0.00120684 0.00456954 0.000143898 0.042913 0.000120759 0.4
957 0.105467 0.00137476 0.0110037 0.000245669 0.041394 0.000112458 0.6
958 0.10602 0.00132959 0.0111332 0.00023146 0.0414435 0.000104552 0.6
959 0.154285 0.00171987 0.0236866 0.000447386 0.0397466 0.0001131 0.8
960 0.0392813 0.00100772 0.00155628 6.96414e-05 0.0476524 0.000121963 -0.2
961 0.0257902 0.00104571 0.000702058 4.6968e-05 0.0460292 0.000112839 0
962 0.0260519 0.000967471 0.000706249 4.30873e-05 0.046011 0.000106179 0
963 0.0385727 0.000967137 0.00148127 6.84844e-05 0.0443704 0.000130553 0.2
964 0.0266949 0.00103039 0.000738116 4.56856e-05 0.0459975 0.0001234 0
965 0.0382793 0.000970448 0.00145582 7.01434e-05 0.0444593 0.000105006 0.2
966 0.0383607 0.00102045 0.00144779 6.72324e-05 0.044462 0.000119916 0.2
967 0.0673799 0.00124348 0.00450202 0.000140951 0.042881 9.92864e-05 0.4
968 0.0265661 0.000976071 0.00073812 4.64667e-05 0.045923 0.000120316 0
969 0.0385179 0.00100292 0.00147994 7.21874e-05 0.0443617 0.000111397 0.2
970 0.0378985 0.000997552 0.00143939 6.92397e-05 0.0444418 0.000120862 0.2
971 0.0672641 0.00121194 0.00448057 0.000141145 0.0429046 0.000109249 0.4
972 0.0379538 0.000980455 0.00143818 6.88283e-05 0.0442154 0.000106647 0.2
973 0.0671665 0.00120554 0.00442509 0.000141485 0.0430935 0.000100338 0.4
974 0.0675958 0.00120008 0.00451609 0.000137449 0.0431365 0.000107711 0.4
975 0.105058 0.00138258 0.0109282 0.000236341 0.0415226 0.000122183 0.6
976 0.0262407 0.00103206 0.000732816 4.52183e-05 0.0458853 0.000121348 0
977 0.0388754 0.0010333 0.00151286 7.62614e-05 0.0443445 0.00010741 0.2
978 0.0382234 0.00104062 0.00146543 7.16361e-05 0.0444976 0.0001098 0.2
979 0.0679 0.00130185 0.00461083 0.000150993 0.0429886 0.000110401 0.4
980 0.0381304 0.00102054 0.00145434 7.15194e-05 0.0444262 9.39391e-05 0.2
981 0.0677957 0.00126154 0.00455987 0.000150879 0.0429336 9.46926e-05 0.4
982 0.0681178 0.00123211 0.00462556 0.000142915 0.0427096 0.000109853 0.4
983 0.105656 0.00141365 0.0111345 0.000244476 0.0415317 9.43501e-05 0.6
984 0.0383241 0.00108985 0.00149286 7.48683e-05 0.0443551 0.000101932 0.2
985 0.0675025 0.00126691 0.00452558 0.000149871 0.0429509 0.000113232 0.4
986 0.0678762 0.00122883 0.00460066 0.000144438 0.0430112 0.000112026 0.4
987 0.104997 0.00141582 0.0109925 0.000241412 0.0414822 0.000119232 0.6
988 0.0674836 0.00121669 0.00452767 0.000145157 0.0430766 0.000103946 0.4
989 0.105244 0.0013681 0.0109991 0.000239417 0.0415824 0.00010438 0.6
990 0.105861 0.00139163 0.0111449 0.000238037 0.0413806 0.000106847 0.6
991 0.153978 0.00172629 0.0236179 0.000423248 0.0397973 0.000104015 0.8
992 0.0259829 0.00100301 0.000699825 4.24706e-05 0.0460028 9.89612e-05 0
993 0.0388131 0.000905918 0.00150895 6.838e-05 0.0442547 9.7396e-05 0.2
994 0.0387103 0.000928297 0.00149449 6.37785e-05 0.0444703 0.000111677 0.2
995 0.0676193 0.00124744 0.00457165 0.000144594 0.0429117 9.48874e-05 0.4
996 0.0384139 0.000964366 0.00147766 7.04891e-05 0.0443162 0.000119821 0.2
997 0.067894 0.00120751 0.00454691 0.000144092 0.0428874 0.000101102 0.4
998 0.0681662 0.00118354 0.00461802 0.000135419 0.0428779 0.000112191 0.4
999 0.105359 0.00141198 0.0110361 0.000242827 0.0414337 0.000101029 0.6
1000 0.0385144 0.000974915 0.00147927 6.71755e-05 0.0445097 0.000106972 0.2
1001 0.0675699 0.0011692 0.0045194 0.000139751 0.0429287 0.00010287 0.4
1002 0.0679392 0.00118202 0.00456609 0.000136825 0.0430074 0.000104344 0.4
1003 0.105109 0.00140357 0.0109565 0.000238838 0.041246 0.000104342 0.6
1004 0.0678581 0.00117884 0.00453523 0.000140964 0.0427699 0.000121545 0.4
1005 0.105184 0.00136815 0.0109231 0.000238527 0.0413078 0.000127662 0.6
1006 0.10572 0.00134907 0.0110485 0.0002282 0.0415856 0.000109243 0.6
1007 0.154091 0.00178272 0.0235956 0.000440521 0.039681 0.000110741 0.8
1008 0.0387372 0.00103003 0.00151239 7.28628e-05 0.044142 0.000106043 0.2
1009 0.0679997 0.00124828 0.00460581 0.000150871 0.0428856 0.000119501 0.4
1010 0.0683242 0.00122975 0.00465867 0.000145127 0.042905 0.000117822 0.4
1011 0.105351 0.0014284 0.0110891 0.000242847 0.0415034 9.34561e-05 0.6
1012 0.0681182 0.00120374 0.00463011 0.000145951 0.0428613 0.000111925 0.4
1013 0.105609 0.00137474 0.0110794 0.000240058 0.0414231 0.000109457 0.6
1014 0.1062 0.00137046 0.011225 0.000236509 0.0414077 0.000121871 0.6
1015 0.154208 0.00171945 0.0236794 0.00041791 0.0398662 0.000100785 0.8
1016 0.0679675 0.00121522 0.00459101 0.000143358 0.0430232 0.000105345 0.4
1017 0.105306 0.00140565 0.0110245 0.000239304 0.0413894 0.000121687 0.6
1018 0.105837 0.00137393 0.0111337 0.000229452 0.0416568 0.000112913 0.6
1019 0.153522 0.00171587 0.0235137 0.000410669 0.0398929 0.000125828 0.8
1020 0.105988 0.00136749 0.0111261 0.00023695 0.0414794 0.00011102 0.6
1021 0.154028 0.00167274 0.0235903 0.000408515 0.039935 0.000115068 0.8
1022 0.155255 0.0017771 0.023977 0.000432208 0.0398507 0.000119383 0.8
1023 0.313001 0.00308272 0.097878 0.00149965 0.0349182 0.000121144 1
