#sample=195
0 0.152589 0.00307296 0.0228825 0.00072319 0.0407521 0.000179779 -1
1 0.265179 0.00320674 0.0697733 0.00121871 0.0343205 0.000258388 -0.8
2 0.264624 0.00323637 0.0695089 0.00121511 0.0340365 0.000260066 -0.8
3 0.289998 0.00314359 0.0836371 0.00127973 0.0327525 0.000273389 -0.6
4 0.265205 0.00323229 0.0698636 0.00122024 0.0341888 0.000262282 -0.8
5 0.289835 0.00310783 0.0835757 0.0012683 0.0326402 0.000294014 -0.6
6 0.289577 0.00318698 0.0833776 0.00128873 0.0326268 0.000288231 -0.6
7 0.3078 0.00310002 0.0942589 0.0013207 0.0314725 0.000280445 -0.4
8 0.26589 0.00318085 0.0702311 0.00122619 0.0341035 0.000270353 -0.8
9 0.290567 0.00314271 0.0840284 0.00128594 0.0327604 0.000282121 -0.6
10 0.290231 0.00317586 0.0837718 0.0012918 0.0325377 0.000286361 -0.6
11 0.307696 0.00313494 0.094226 0.00134622 0.0313924 0.000290984 -0.4
12 0.290099 0.00314813 0.083776 0.00129781 0.0325238 0.000274198 -0.6
13 0.308475 0.00311646 0.09476 0.00134636 0.0314388 0.000286835 -0.4
14 0.307937 0.00313552 0.0943617 0.00133631 0.0314716 0.000311894 -0.4
15 0.322834 0.00309515 0.103752 0.00138344 0.0304395 0.000315676 -0.2
16 0.26596 0.00330951 0.0702745 0.00126866 0.0339984 0.000263928 -0.8
17 0.290166 0.00320699 0.0837816 0.00131851 0.0322896 0.000280317 -0.6
18 0.289628 0.00325064 0.0835425 0.00132457 0.0328351 0.000283654 -0.6
19 0.30761 0.0031441 0.094202 0.00134336 0.0315587 0.000297169 -0.4
20 0.290184 0.00319331 0.0838501 0.00130762 0.0328514 0.000284051 -0.6
21 0.307852 0.00312966 0.0943985 0.00133861 0.031515 0.000306508 -0.4
22 0.307079 0.00316931 0.0938686 0.00134935 0.0315315 0.000300913 -0.4
23 0.322285 0.00309258 0.103412 0.00138224 0.0304536 0.000305867 -0.2
24 0.29045 0.00319017 0.0840078 0.00131811 0.0324496 0.000284336 -0.6
25 0.308026 0.00313914 0.0945306 0.0013562 0.0315126 0.000299218 -0.4
26 0.30761 0.00315982 0.0941983 0.00136161 0.0314089 0.000306873 -0.4
27 0.323057 0.00315196 0.103992 0.00141019 0.0302101 0.000306241 -0.2
28 0.307914 0.00316335 0.0944405 0.00136927 0.0312234 0.000279168 -0.4
29 0.322961 0.00308498 0.103909 0.00139643 0.030401 0.000313725 -0.2
30 0.32258 0.00313907 0.103635 0.00139934 0.0302727 0.000312409 -0.2
31 0.336734 0.00309318 0.11298 0.00143501 0.028981 0.000319449 0
32 0.264884 0.00324392 0.0696032 0.00121114 0.0341885 0.0002748 -0.8
33 0.289915 0.00315738 0.0835758 0.00128092 0.0325955 0.000297333 -0.6
34 0.289298 0.00319999 0.0831368 0.00128321 0.0326773 0.000287307 -0.6
35 0.307508 0.00315317 0.0940676 0.00133461 0.0313873 0.000302931 -0.4
36 0.289399 0.00316197 0.0831986 0.00127216 0.0325859 0.00028761 -0.6
37 0.307548 0.00313395 0.0940799 0.00131823 0.0315968 0.000307872 -0.4
38 0.307138 0.00314761 0.0938518 0.00132766 0.0314228 0.000294574 -0.4
39 0.322186 0.00308123 0.103351 0.00136649 0.0303425 0.000319756 -0.2
40 0.289961 0.00317342 0.0836461 0.0012844 0.0327044 0.00027514 -0.6
41 0.308004 0.00311064 0.0943627 0.00132966 0.0313801 0.000298602 -0.4
42 0.30767 0.00317893 0.0941818 0.00134588 0.0316496 0.000299532 -0.4
43 0.322631 0.00310465 0.103652 0.00136861 0.0304862 0.000317941 -0.2
44 0.3078 0.0031323 0.0943095 0.0013352 0.0315546 0.000312016 -0.4
45 0.32291 0.00308722 0.103863 0.00137445 0.0302452 0.000309962 -0.2
46 0.322359 0.0031215 0.1034 0.00136801 0.030432 0.000315564 -0.2
47 0.336514 0.00305872 0.112814 0.00140537 0.0293591 0.000316171 0
48 0.289753 0.0032349 0.0834262 0.00130603 0.0326593 0.000296154 -0.6
49 0.307742 0.00316739 0.0942116 0.00135577 0.0314772 0.000308933 -0.4
50 0.307453 0.00321132 0.0941222 0.00137322 0.0313999 0.000316952 -0.4
51 0.322731 0.00312846 0.103689 0.00138364 0.0307304 0.000345054 -0.2
52 0.307192 0.00317069 0.0939255 0.00135557 0.0314995 0.00029955 -0.4
53 0.322457 0.00312443 0.103518 0.00137878 0.0306141 0.000305691 -0.2
54 0.322201 0.00313575 0.103318 0.00138559 0.0304544 0.000310615 -0.2
55 0.336002 0.00308035 0.112393 0.00140676 0.0293862 0.000334802 0
56 0.307817 0.00317669 0.0943244 0.00136625 0.0314728 0.000295629 -0.4
57 0.322806 0.00313995 0.10376 0.00140027 0.0304234 0.00031975 -0.2
58 0.322696 0.00318092 0.103727 0.00141247 0.0305098 0.000322082 -0.2
59 0.336688 0.00312768 0.112926 0.00144858 0.0291882 0.000321891 0
60 0.32273 0.0031165 0.103734 0.00137848 0.0305262 0.000310562 -0.2
61 0.336796 0.00308747 0.112954 0.00142047 0.0294659 0.000339513 0
62 0.336355 0.00309793 0.112639 0.00142331 0.0292083 0.000327582 0
63 0.349098 0.00303717 0.121435 0.00144224 0.0282491 0.00032994 0.2
64 0.264867 0.00326052 0.0695572 0.00122342 0.0337642 0.000256768 -0.8
65 0.28976 0.0031689 0.0835321 0.00128244 0.0326564 0.00027868 -0.6
66 0.289375 0.00319123 0.0831696 0.00128315 0.0327703 0.00028282 -0.6
67 0.307254 0.00314414 0.0939057 0.00133749 0.0315498 0.000297932 -0.4
68 0.289677 0.00314466 0.0834626 0.00127689 0.0327102 0.000293837 -0.6
69 0.307826 0.00309993 0.0943209 0.00132451 0.0314853 0.000303989 -0.4
70 0.307472 0.00314265 0.0939861 0.00133037 0.0314204 0.000303072 -0.4
71 0.32241 0.00307744 0.103509 0.0013682 0.0302408 0.00029697 -0.2
72 0.290408 0.00317177 0.0838644 0.00129865 0.0327841 0.000272231 -0.6
73 0.307991 0.0031292 0.0944194 0.00134092 0.0316131 0.000299059 -0.4
74 0.307561 0.00316783 0.0941029 0.00134373 0.0314957 0.000299179 -0.4
75 0.322898 0.00311705 0.103704 0.00138434 0.0303047 0.000297624 -0.2
76 0.30799 0.00311223 0.0945013 0.00132453 0.0314182 0.000294712 -0.4
77 0.322928 0.00309442 0.10379 0.00136907 0.0301776 0.00030767 -0.2
78 0.322858 0.00310818 0.103741 0.00137962 0.0305434 0.00029063 -0.2
79 0.336521 0.00307347 0.112748 0.00140584 0.0292395 0.000318212 0
80 0.289735 0.00322147 0.0835133 0.00131035 0.0325531 0.000294895 -0.6
81 0.307784 0.00313674 0.0942637 0.00135021 0.0313674 0.000308484 -0.4
82 0.307534 0.00318767 0.0940347 0.00135624 0.0314917 0.000292066 -0.4
83 0.322696 0.00310676 0.103748 0.00138049 0.0305093 0.000312003 -0.2
84 0.307541 0.00315277 0.0941159 0.00135124 0.0313642 0.000288638 -0.4
85 0.322863 0.00310962 0.103748 0.00138829 0.030515 0.000319462 -0.2
86 0.322549 0.00310556 0.103575 0.00137623 0.0304176 0.000321237 -0.2
87 0.335806 0.00309615 0.112267 0.00142162 0.0292312 0.000324594 0
88 0.308178 0.00316987 0.0945344 0.00136166 0.0314573 0.00030052 -0.4
89 0.32321 0.00312624 0.103985 0.00139364 0.0303904 0.000322543 -0.2
90 0.322957 0.00314462 0.103819 0.00140025 0.030427 0.000319518 -0.2
91 0.336433 0.00310753 0.112682 0.001434 0.0293989 0.000331744 0
92 0.323116 0.0031224 0.104028 0.0013941 0.0303326 0.00032066 -0.2
93 0.336608 0.00308891 0.112763 0.00142832 0.0294173 0.000316359 0
94 0.336185 0.00308588 0.112597 0.00142278 0.0292883 0.000324726 0
95 0.349401 0.00305169 0.121595 0.00145714 0.0281848 0.000339266 0.2
96 0.289527 0.00319676 0.0832444 0.001276 0.0328746 0.000288229 -0.6
97 0.307356 0.00314455 0.0939867 0.001321 0.0317068 0.000304505 -0.4
98 0.307285 0.00317527 0.0939473 0.00134275 0.0317349 0.000296436 -0.4
99 0.322231 0.00310559 0.103284 0.00136252 0.0304722 0.000306817 -0.2
100 0.307594 0.00313145 0.0941793 0.00133475 0.031453 0.000299072 -0.4
101 0.322497 0.00307806 0.103505 0.00135663 0.0301432 0.000298575 -0.2
102 0.32247 0.00312494 0.103451 0.00136424 0.0305136 0.000304735 -0.2
103 0.336138 0.0030727 0.112494 0.0013948 0.0292966 0.000320609 0
104 0.307707 0.00314037 0.0941256 0.00132324 0.0315415 0.000307661 -0.4
105 0.322536 0.00310319 0.103499 0.00137299 0.0302025 0.000296394 -0.2
106 0.322665 0.00314414 0.103604 0.00138486 0.030599 0.000323153 -0.2
107 0.336232 0.00311094 0.112508 0.00142331 0.0294958 0.000325119 0
108 0.322682 0.00311131 0.103618 0.00136938 0.0303996 0.000323968 -0.2
109 0.336091 0.00308829 0.112568 0.00140754 0.029296 0.000319027 0
110 0.33632 0.00310637 0.112618 0.00142285 0.0291502 0.000311891 0
111 0.349387 0.00306606 0.121594 0.00144765 0.0283273 0.000345802 0.2
112 0.307502 0.00318601 0.0941398 0.00135087 0.0314771 0.000302276 -0.4
113 0.322368 0.00314227 0.103457 0.00138629 0.0303664 0.000315408 -0.2
114 0.322189 0.00315726 0.103347 0.00138789 0.0302975 0.000305026 -0.2
115 0.335953 0.00311064 0.112313 0.00142203 0.0293613 0.000324924 0
116 0.322473 0.00313003 0.103545 0.00138443 0.0304264 0.00031206 -0.2
117 0.33636 0.00308302 0.112593 0.00140759 0.0296257 0.000317023 0
118 0.335979 0.00308714 0.112405 0.00140199 0.029418 0.00032499 0
119 0.349119 0.00305707 0.121395 0.0014415 0.0280525 0.000344254 0.2
120 0.322869 0.00316409 0.103706 0.00139242 0.0301795 0.000307619 -0.2
121 0.336462 0.00311321 0.11273 0.00142808 0.0292044 0.00032768 0
122 0.336526 0.00312251 0.11273 0.00142134 0.0294298 0.000334578 0
123 0.349347 0.00308847 0.121536 0.00145642 0.0282301 0.000335639 0.2
124 0.336506 0.00310571 0.112731 0.00141709 0.0291053 0.000317927 0
125 0.349508 0.0030491 0.121734 0.00142577 0.0280783 0.000319807 0.2
126 0.349526 0.00307126 0.121602 0.00143791 0.0283558 0.000349541 0.2
127 0.362577 0.00301182 0.130946 0.00146894 0.0268907 0.000352339 0.4
128 0.266943 0.00321814 0.0707767 0.00123518 0.0340603 0.000265609 -0.8
129 0.290851 0.00315876 0.0841062 0.00128994 0.0323615 0.000284047 -0.6
130 0.290515 0.0031841 0.0838842 0.00129764 0.0326014 0.00027645 -0.6
131 0.307935 0.00311547 0.0943254 0.00133199 0.0317222 0.000291516 -0.4
132 0.290596 0.00314928 0.0839969 0.00128607 0.0325949 0.000289973 -0.6
133 0.308632 0.00309575 0.0948116 0.00133425 0.0312424 0.000303156 -0.4
134 0.308044 0.00314318 0.0944285 0.00133957 0.0314161 0.000296422 -0.4
135 0.323012 0.00309252 0.103878 0.00137642 0.0303295 0.000299779 -0.2
136 0.291016 0.00314367 0.0842443 0.00128848 0.0326173 0.000273362 -0.6
137 0.308864 0.00312975 0.0950571 0.00134907 0.0313535 0.000309009 -0.4
138 0.308426 0.00312131 0.0947203 0.00133679 0.0315729 0.000289527 -0.4
139 0.323345 0.00313534 0.104131 0.00140135 0.0301383 0.000316506 -0.2
140 0.308608 0.00312058 0.0947643 0.00134296 0.0311931 0.000300374 -0.4
141 0.323778 0.00307395 0.104391 0.0013894 0.0301759 0.000310573 -0.2
142 0.323034 0.00311278 0.103951 0.00138578 0.0303941 0.00031107 -0.2
143 0.33689 0.00307446 0.113029 0.00141719 0.0292269 0.0003332 0
144 0.290862 0.00321186 0.0841688 0.00131613 0.0323551 0.0002746 -0.6
145 0.308435 0.00314986 0.0947025 0.0013594 0.0311471 0.00028868 -0.4
146 0.307841 0.0031812 0.09432 0.00135889 0.0314507 0.000303544 -0.4
147 0.323045 0.00313508 0.10388 0.00141312 0.0303058 0.00031867 -0.2
148 0.308274 0.00314654 0.0945841 0.0013598 0.0314741 0.00030752 -0.4
149 0.323199 0.00309383 0.104063 0.00138598 0.0303844 0.000312163 -0.2
150 0.322727 0.00314439 0.103762 0.00139629 0.0303658 0.000313361 -0.2
151 0.33682 0.00306235 0.113068 0.00141749 0.029404 0.000342438 0
152 0.30863 0.00317643 0.094819 0.00136949 0.0314707 0.000304755 -0.4
153 0.323803 0.00314074 0.104496 0.00140842 0.0303413 0.000315869 -0.2
154 0.323555 0.00313773 0.104212 0.00140818 0.0306575 0.000316495 -0.2
155 0.337156 0.00308725 0.113172 0.00144179 0.0290718 0.00033001 0
156 0.323368 0.00311692 0.104177 0.00139725 0.0301718 0.000304524 -0.2
157 0.337068 0.00309092 0.113169 0.00144011 0.0292824 0.000342513 0
158 0.336871 0.00311118 0.113104 0.00143938 0.0293206 0.00033145 0
159 0.349952 0.0030579 0.122096 0.00146261 0.0284394 0.000338557 0.2
160 0.290211 0.00318969 0.0837118 0.00128142 0.0324459 0.000288713 -0.6
161 0.308127 0.00315194 0.0945482 0.00133824 0.0313526 0.000295885 -0.4
162 0.307725 0.00316267 0.0942487 0.0013423 0.0315122 0.000296015 -0.4
163 0.322628 0.00312498 0.103603 0.0013853 0.0302033 0.000309099 -0.2
164 0.308136 0.00312955 0.0944577 0.00133058 0.0313187 0.000303526 -0.4
165 0.323292 0.00309885 0.104059 0.00138067 0.0304167 0.000307595 -0.2
166 0.322606 0.0031165 0.103571 0.00137134 0.0306184 0.000321724 -0.2
167 0.336652 0.00307707 0.112873 0.0014131 0.0292702 0.000328882 0
168 0.308386 0.00317648 0.0945513 0.00134722 0.0314996 0.000295178 -0.4
169 0.323703 0.00313192 0.104338 0.00139719 0.030171 0.000288576 -0.2
170 0.323217 0.00314173 0.104056 0.00138722 0.030171 0.000318384 -0.2
171 0.336916 0.00308244 0.113061 0.00142153 0.0292436 0.000328317 0
172 0.323321 0.0031128 0.104105 0.00137496 0.0302925 0.00031156 -0.2
173 0.336941 0.00308067 0.113138 0.00143148 0.0292465 0.00033505 0
174 0.336614 0.00308901 0.112878 0.00141815 0.0291623 0.000316913 0
175 0.349802 0.00304185 0.121984 0.00144174 0.0281658 0.00034634 0.2
176 0.308052 0.00318288 0.0944133 0.00136526 0.0312976 0.000299707 -0.4
177 0.322976 0.00313721 0.103829 0.00139489 0.0301943 0.00031982 -0.2
178 0.322662 0.0031525 0.103678 0.00139313 0.0306266 0.000313413 -0.2
179 0.336587 0.00310524 0.112865 0.0014307 0.0292544 0.000330283 0
180 0.323052 0.00314946 0.103875 0.0013981 0.0303438 0.000322856 -0.2
181 0.336743 0.0030883 0.112958 0.00142756 0.0293343 0.000337295 0
182 0.336797 0.00311537 0.112968 0.00142318 0.0291791 0.000319618 0
183 0.349423 0.00305947 0.121659 0.00145048 0.0282345 0.00033529 0.2
184 0.323386 0.00316836 0.104155 0.00141397 0.030392 0.00033029 -0.2
185 0.336834 0.00309516 0.11308 0.00143488 0.0292384 0.000332567 0
186 0.336753 0.00312521 0.112956 0.00144141 0.0293739 0.000329393 0
187 0.349705 0.00306282 0.121887 0.00146015 0.0283372 0.000332743 0.2
188 0.336847 0.00308716 0.113054 0.00141696 0.0291685 0.000328084 0
189 0.350135 0.003061 0.122147 0.00144731 0.0281276 0.000344104 0.2
190 0.349711 0.00305524 0.121807 0.00143946 0.0282511 0.000332611 0.2
191 0.362775 0.0030057 0.131237 0.00147276 0.0268802 0.000343251 0.4
192 0.290763 0.00316461 0.0839899 0.00128823 0.0327637 0.000282144 -0.6
193 0.308269 0.0031282 0.0946067 0.00134023 0.0314394 0.000293951 -0.4
194 0.307584 0.00316456 0.0941327 0.00134602 0.0313293 0.000301315 -0.4
195 0.323015 0.00312598 0.103809 0.00139117 0.0303283 0.00032083 -0.2
196 0.308484 0.00313006 0.094718 0.00134452 0.0312022 0.0002985 -0.4
197 0.323055 0.00309415 0.103891 0.00136805 0.0304523 0.00030632 -0.2
198 0.323005 0.00310361 0.103841 0.00136279 0.0301566 0.000293204 -0.2
199 0.336727 0.00306953 0.112912 0.00141283 0.0292523 0.000326124 0
200 0.308165 0.00312712 0.0944891 0.00134581 0.0311847 0.000296067 -0.4
201 0.323374 0.00312325 0.104125 0.00139534 0.0301977 0.000310652 -0.2
202 0.323434 0.0031257 0.104201 0.00138898 0.030194 0.000301745 -0.2
203 0.336876 0.00309565 0.112967 0.00143023 0.0291874 0.000310789 0
204 0.323393 0.00311542 0.104114 0.00138722 0.0302839 0.000302046 -0.2
205 0.337289 0.00306839 0.113299 0.00140811 0.0291102 0.000311614 0
206 0.336933 0.00311375 0.113061 0.0014282 0.0292957 0.000324599 0
207 0.349925 0.0030258 0.121986 0.00144033 0.0281759 0.000340316 0.2
208 0.308162 0.0031892 0.0945109 0.00136575 0.0315005 0.000295163 -0.4
209 0.323364 0.00313114 0.104131 0.00139402 0.030357 0.000309317 -0.2
210 0.322969 0.00315127 0.103817 0.001389 0.0304045 0.000314511 -0.2
211 0.336276 0.00311634 0.112576 0.00142919 0.0292351 0.000340479 0
212 0.323041 0.00312117 0.103971 0.00139272 0.0303996 0.000317529 -0.2
213 0.336836 0.00308065 0.113014 0.00142789 0.0291856 0.00033321 0
214 0.336473 0.00310064 0.112813 0.00142536 0.0293976 0.000320083 0
215 0.349416 0.00304781 0.121655 0.00145366 0.0282294 0.000340423 0.2
216 0.3236 0.00315666 0.104239 0.00141153 0.0305271 0.00031798 -0.2
217 0.336836 0.00313067 0.113019 0.00144296 0.029268 0.000324864 0
218 0.336988 0.00313747 0.113149 0.00144184 0.0292834 0.000333604 0
219 0.349682 0.00307582 0.12182 0.00147114 0.0283443 0.000335659 0.2
220 0.337254 0.00309671 0.113318 0.00144027 0.0291685 0.000323297 0
221 0.350177 0.00305056 0.122199 0.00145816 0.0284895 0.000356523 0.2
222 0.349973 0.00306511 0.122081 0.00146409 0.0282115 0.000327867 0.2
223 0.3631 0.00302701 0.131422 0.00149196 0.0270107 0.000349504 0.4
224 0.30813 0.00315475 0.0943982 0.00133798 0.0314369 0.000302129 -0.4
225 0.32273 0.00313638 0.103616 0.00138257 0.0305453 0.000315022 -0.2
226 0.322717 0.00312257 0.103651 0.00137683 0.0305217 0.000313258 -0.2
227 0.336365 0.00310111 0.112618 0.0014133 0.0292459 0.000311125 0
228 0.322793 0.00310214 0.10373 0.00136261 0.0303175 0.000301524 -0.2
229 0.336622 0.00306631 0.112888 0.00139582 0.0294743 0.000328827 0
230 0.3365 0.0030949 0.112795 0.00140116 0.0292664 0.000326273 0
231 0.349466 0.00305091 0.12156 0.00143725 0.0282423 0.000350331 0.2
232 0.323277 0.00312065 0.104035 0.0013795 0.0303517 0.00031557 -0.2
233 0.336976 0.00309431 0.113035 0.00142015 0.0293936 0.000335792 0
234 0.336688 0.0031123 0.112862 0.00141987 0.0293243 0.000311845 0
235 0.349628 0.00306516 0.121746 0.00143825 0.0283711 0.000344981 0.2
236 0.336804 0.00309831 0.112928 0.00140955 0.0293544 0.000317638 0
237 0.350052 0.00305224 0.122055 0.00143967 0.0280764 0.000358241 0.2
238 0.349821 0.00307025 0.121897 0.00144324 0.0279625 0.000342998 0.2
239 0.362725 0.00301497 0.131101 0.00147388 0.0270936 0.000345462 0.4
240 0.323114 0.00315712 0.103895 0.00139915 0.030487 0.000319522 -0.2
241 0.33639 0.00310773 0.112667 0.00141759 0.0291925 0.000325574 0
242 0.336357 0.00312478 0.112689 0.00142649 0.0292306 0.000312747 0
243 0.349418 0.00307434 0.121629 0.00145606 0.0284318 0.000346249 0.2
244 0.336453 0.00310291 0.112715 0.00141251 0.0294652 0.000331942 0
245 0.349485 0.00305782 0.121706 0.00144767 0.0282558 0.000337716 0.2
246 0.34929 0.00305741 0.121566 0.0014339 0.0282045 0.000325886 0.2
247 0.36252 0.00299809 0.130995 0.00146853 0.0273301 0.000352969 0.4
248 0.337106 0.00312604 0.113205 0.00143445 0.0293843 0.000332073 0
249 0.34987 0.00308764 0.121984 0.00147091 0.0282415 0.000347804 0.2
250 0.350018 0.00308718 0.122069 0.00145733 0.0282522 0.000364877 0.2
251 0.362683 0.00303753 0.131147 0.00149364 0.0273451 0.00036419 0.4
252 0.349568 0.00305043 0.121788 0.00144968 0.0282106 0.000336831 0.2
253 0.36271 0.00298298 0.13109 0.00145242 0.0269371 0.000333232 0.4
254 0.362615 0.00303398 0.131059 0.00146523 0.026957 0.000332875 0.4
255 0.375944 0.00294441 0.14087 0.00147244 0.025606 0.000359146 0.6
256 0.266471 0.00317101 0.0704876 0.00119976 0.0340737 0.000256345 -0.8
257 0.290617 0.00311675 0.084008 0.00127672 0.0323605 0.000280208 -0.6
258 0.29034 0.00317035 0.0837405 0.00128356 0.032516 0.000287762 -0.6
259 0.307811 0.00313905 0.0942851 0.00134525 0.0315017 0.000299284 -0.4
260 0.2905 0.00312797 0.0840037 0.00127516 0.0326453 0.000281833 -0.6
261 0.308394 0.00310973 0.0946803 0.00133593 0.0314884 0.000296876 -0.4
262 0.307718 0.0031213 0.0941316 0.0013248 0.0316096 0.000295394 -0.4
263 0.32274 0.0030983 0.10367 0.00137662 0.0303153 0.000319687 -0.2
264 0.29096 0.0031531 0.0841812 0.00128789 0.0325408 0.000289113 -0.6
265 0.308718 0.0031279 0.0948318 0.00133819 0.0314331 0.000292805 -0.4
266 0.30808 0.00316008 0.0943872 0.00133678 0.0315401 0.000305125 -0.4
267 0.32329 0.0031011 0.104048 0.00138572 0.0302434 0.00031511 -0.2
268 0.308496 0.00312137 0.0946763 0.00134816 0.0314342 0.000305613 -0.4
269 0.323397 0.00307874 0.104177 0.00137856 0.0301009 0.000290356 -0.2
270 0.323255 0.00310558 0.103993 0.00137664 0.030257 0.000314666 -0.2
271 0.337004 0.00305373 0.113131 0.0014006 0.0292695 0.000322162 0
272 0.290544 0.00320354 0.0839522 0.00130829 0.0322918 0.000282668 -0.6
273 0.308209 0.00315291 0.0945383 0.00135051 0.0314371 0.000311438 -0.4
274 0.308212 0.00318354 0.0945311 0.00136591 0.0314856 0.000301481 -0.4
275 0.322934 0.00312524 0.103801 0.00139128 0.0301594 0.000301952 -0.2
276 0.307744 0.00315875 0.0942384 0.00135821 0.0314477 0.000298833 -0.4
277 0.323221 0.00310896 0.104034 0.0013854 0.0303656 0.000308367 -0.2
278 0.323004 0.00313483 0.103866 0.00139089 0.03049 0.000320686 -0.2
279 0.336633 0.00307773 0.11281 0.00141063 0.0294715 0.00034067 0
280 0.308316 0.00317521 0.0946533 0.0013675 0.0313653 0.000297683 -0.4
281 0.323319 0.00312727 0.104055 0.00139474 0.0302533 0.000317169 -0.2
282 0.32299 0.00314842 0.103872 0.00139384 0.0302496 0.000311823 -0.2
283 0.336718 0.00311325 0.112951 0.00144008 0.0293972 0.000332219 0
284 0.323165 0.00312153 0.103998 0.00140006 0.0304152 0.000331901 -0.2
285 0.337042 0.00307009 0.113157 0.00141703 0.0293187 0.00031592 0
286 0.336512 0.0031147 0.11281 0.00143177 0.0291488 0.000331944 0
287 0.34999 0.00306022 0.122117 0.00145608 0.0283149 0.000331089 0.2
288 0.290183 0.00317975 0.0836521 0.00127665 0.032481 0.000285531 -0.6
289 0.308238 0.00313652 0.0944535 0.00133589 0.0313909 0.000322573 -0.4
290 0.307592 0.0031807 0.0940592 0.00133383 0.0315857 0.000307826 -0.4
291 0.322509 0.0031206 0.103552 0.00136571 0.0304685 0.000314597 -0.2
292 0.308137 0.00312798 0.094434 0.00132646 0.0313966 0.000283533 -0.4
293 0.322791 0.00308822 0.103713 0.00136519 0.0303708 0.000302342 -0.2
294 0.32233 0.0031081 0.103326 0.00136613 0.0306384 0.000330711 -0.2
295 0.336287 0.00307452 0.112625 0.00140395 0.0294526 0.000325864 0
296 0.307956 0.00314788 0.0944033 0.00133366 0.0315653 0.000296282 -0.4
297 0.322997 0.00313282 0.103911 0.00139109 0.030532 0.00031493 -0.2
298 0.32257 0.0031326 0.103543 0.00138644 0.0302908 0.000310269 -0.2
299 0.336554 0.0030939 0.11274 0.00141698 0.0294216 0.00032784 0
300 0.323164 0.0031126 0.103945 0.00138605 0.0305426 0.000316337 -0.2
301 0.33686 0.00306221 0.113025 0.00139163 0.0291052 0.000328546 0
302 0.336494 0.00308426 0.112773 0.00140187 0.0292624 0.000317258 0
303 0.349408 0.00303774 0.121644 0.0014352 0.0280483 0.000352203 0.2
304 0.307915 0.00318952 0.0944162 0.00135317 0.0311551 0.000302115 -0.4
305 0.32284 0.00313921 0.103716 0.00138455 0.0303731 0.000311869 -0.2
306 0.322896 0.00313023 0.103762 0.00137707 0.030502 0.000315804 -0.2
307 0.336213 0.00312142 0.112651 0.00141889 0.0292709 0.000330075 0
308 0.322951 0.00315185 0.103861 0.00139295 0.0303779 0.000323973 -0.2
309 0.336395 0.00307664 0.112686 0.00140428 0.0292892 0.000327767 0
310 0.336192 0.00309497 0.112544 0.00140997 0.0291606 0.000322047 0
311 0.34933 0.00301911 0.121663 0.00142695 0.0283757 0.000342934 0.2
312 0.323013 0.00317501 0.103963 0.00140622 0.0304216 0.000312065 -0.2
313 0.336832 0.00310961 0.112972 0.00142354 0.029257 0.00032811 0
314 0.336528 0.00311164 0.112763 0.00141192 0.0293761 0.000332817 0
315 0.34989 0.00305182 0.121972 0.00144936 0.0284039 0.000347828 0.2
316 0.336779 0.00309729 0.112912 0.00141201 0.0292782 0.000330443 0
317 0.3498 0.00304194 0.121904 0.00144082 0.0282641 0.00033168 0.2
318 0.349859 0.00305944 0.12198 0.00144793 0.0281776 0.000326854 0.2
319 0.362897 0.00299944 0.13123 0.00146708 0.0271713 0.000353537 0.4
320 0.290207 0.00315731 0.083681 0.00127187 0.0325161 0.000265099 -0.6
321 0.307977 0.00312076 0.0943872 0.00132847 0.0316052 0.000295628 -0.4
322 0.308009 0.00314521 0.0944593 0.00132855 0.0314117 0.000286694 -0.4
323 0.322889 0.00309274 0.103743 0.00136511 0.0304283 0.000329857 -0.2
324 0.308154 0.0031294 0.0944914 0.00132825 0.0312108 0.000307882 -0.4
325 0.323028 0.00306792 0.103855 0.00135415 0.0304851 0.000310328 -0.2
326 0.322803 0.00307912 0.103681 0.00136244 0.0303521 0.000306428 -0.2
327 0.336549 0.00308049 0.112729 0.00141294 0.0294969 0.000326836 0
328 0.308438 0.00314392 0.0945814 0.0013385 0.0315063 0.000290164 -0.4
329 0.323427 0.0031152 0.104078 0.00139183 0.030231 0.000309019 -0.2
330 0.323194 0.00311649 0.103933 0.00137703 0.0303376 0.000308409 -0.2
331 0.336548 0.00307734 0.112777 0.00140628 0.0293423 0.000295553 0
332 0.323219 0.00310435 0.103963 0.00138558 0.0301634 0.000309651 -0.2
333 0.337065 0.00305202 0.113111 0.00139956 0.0293043 0.000322099 0
334 0.336739 0.00311041 0.112884 0.00141552 0.0292572 0.000323753 0
335 0.349385 0.00306578 0.121563 0.0014417 0.0281972 0.00034933 0.2
336 0.308098 0.00317134 0.0944487 0.00134959 0.031253 0.000281528 -0.4
337 0.323063 0.00312553 0.103891 0.00139688 0.0304889 0.000312041 -0.2
338 0.322914 0.003147 0.10377 0.00139584 0.0303963 0.000307385 -0.2
339 0.33611 0.00310578 0.112429 0.00142046 0.0292817 0.000320001 0
340 0.323438 0.00311468 0.104106 0.00137985 0.0302794 0.000308183 -0.2
341 0.336693 0.00306406 0.112837 0.00140368 0.0294144 0.000330688 0
342 0.33643 0.00308614 0.112725 0.00142045 0.0292417 0.00032448 0
343 0.349619 0.00304339 0.121764 0.00143757 0.0281694 0.000338819 0.2
344 0.323588 0.00314845 0.104196 0.00139491 0.0300415 0.000294402 -0.2
345 0.336671 0.00311883 0.112739 0.00143045 0.0293884 0.000324815 0
346 0.336691 0.00310564 0.112868 0.00141925 0.0290892 0.000323844 0
347 0.34987 0.00308138 0.121935 0.00146024 0.0280014 0.00033796 0.2
348 0.336827 0.00310467 0.112914 0.00142821 0.0293629 0.000322761 0
349 0.349716 0.00305241 0.121897 0.00144487 0.0282438 0.000345356 0.2
350 0.349919 0.00307535 0.122024 0.00145226 0.0282019 0.000348645 0.2
351 0.362756 0.00301945 0.131166 0.00147367 0.0270071 0.000352533 0.4
352 0.307713 0.00314908 0.0942056 0.00132613 0.03142 0.000295027 -0.4
353 0.322825 0.00312292 0.103686 0.00137519 0.0302996 0.000306297 -0.2
354 0.322823 0.0031218 0.10368 0.00136329 0.0307037 0.000311593 -0.2
355 0.336028 0.00308375 0.112396 0.00139793 0.0294551 0.000334599 0
356 0.323121 0.00310146 0.103862 0.00136282 0.0301841 0.000321721 -0.2
357 0.336504 0.00305181 0.112658 0.0013773 0.0295252 0.000312026 0
358 0.336692 0.00308345 0.112867 0.00139716 0.029347 0.000317103 0
359 0.349203 0.00304466 0.121441 0.00142679 0.0282108 0.000336731 0.2
360 0.32329 0.00311548 0.103969 0.00137013 0.0302535 0.000303033 -0.2
361 0.336677 0.00306577 0.112812 0.00140421 0.0294671 0.000313768 0
362 0.336469 0.00309845 0.112712 0.00141315 0.0293922 0.000324691 0
363 0.349567 0.00306925 0.121709 0.00145277 0.0282737 0.000334829 0.2
364 0.336831 0.00306721 0.112919 0.00139252 0.0294268 0.000315449 0
365 0.349669 0.00306384 0.121759 0.00143572 0.0282489 0.000336365 0.2
366 0.349506 0.00306617 0.121665 0.00143055 0.0282164 0.000350706 0.2
367 0.362423 0.00301808 0.130915 0.00145296 0.0271157 0.000348571 0.4
368 0.322927 0.00313413 0.103731 0.00138816 0.0302711 0.000295518 -0.2
369 0.336511 0.00311231 0.112725 0.00141473 0.029299 0.000325574 0
370 0.336441 0.00311043 0.112645 0.00141838 0.0292756 0.000326776 0
371 0.349702 0.00306923 0.121747 0.0014505 0.0280971 0.000332915 0.2
372 0.336494 0.00310202 0.112699 0.00141016 0.0294954 0.00031909 0
373 0.349356 0.00304084 0.121554 0.00144015 0.0284149 0.000336666 0.2
374 0.349065 0.00307305 0.121289 0.0014403 0.0282045 0.000333446 0.2
375 0.362167 0.00301162 0.130728 0.00147356 0.0272007 0.000333441 0.4
376 0.336571 0.00310929 0.112706 0.00143752 0.0291456 0.000325422 0
377 0.349537 0.00305614 0.121727 0.00144181 0.0280567 0.000347031 0.2
378 0.349653 0.00307936 0.12173 0.00143356 0.0281631 0.000336779 0.2
379 0.362582 0.00305011 0.130985 0.00149621 0.0268873 0.000348398 0.4
380 0.349614 0.00304419 0.121774 0.00142428 0.0282494 0.000336662 0.2
381 0.362779 0.00301549 0.131133 0.00145563 0.0270842 0.000345888 0.4
382 0.362459 0.00299649 0.130921 0.0014518 0.0269875 0.000348076 0.4
383 0.375981 0.00295768 0.140926 0.0014774 0.0258596 0.000351837 0.6
384 0.291155 0.00313424 0.0843399 0.00128232 0.0325641 0.000277297 -0.6
385 0.309084 0.00310218 0.0951408 0.00132659 0.031404 0.00027532 -0.4
386 0.308224 0.00313186 0.0944909 0.00133464 0.0314705 0.000295353 -0.4
387 0.323197 0.0031209 0.10392 0.00138856 0.0303829 0.000322831 -0.2
388 0.308853 0.00312156 0.0949252 0.00134859 0.0314539 0.000311706 -0.4
389 0.323411 0.00307576 0.104157 0.00137601 0.030383 0.000315219 -0.2
390 0.323199 0.00309541 0.103944 0.00137185 0.0302778 0.000312021 -0.2
391 0.337055 0.0030679 0.113183 0.00141103 0.0292992 0.000319851 0
392 0.308794 0.00313042 0.0949102 0.00133942 0.0311215 0.00029281 -0.4
393 0.323659 0.00310041 0.104367 0.00139233 0.0305363 0.000335601 -0.2
394 0.323755 0.00313359 0.104365 0.00140591 0.0303447 0.000305682 -0.2
395 0.337195 0.00308912 0.113222 0.0014258 0.0294047 0.000318556 0
396 0.323821 0.00312091 0.104394 0.00139494 0.0304617 0.000305903 -0.2
397 0.337316 0.00305881 0.113274 0.00141883 0.0293291 0.00031812 0
398 0.337436 0.00308628 0.113384 0.00140895 0.0295363 0.000332017 0
399 0.350193 0.00304192 0.122195 0.00144878 0.028257 0.000341824 0.2
400 0.308376 0.00316283 0.094626 0.00135169 0.0313079 0.00028727 -0.4
401 0.323585 0.00313088 0.104272 0.00140391 0.0303486 0.000312779 -0.2
402 0.323284 0.00313635 0.104058 0.00139967 0.0304356 0.000317373 -0.2
403 0.336681 0.00312242 0.112869 0.00144163 0.0291942 0.000314404 0
404 0.323376 0.00313166 0.104114 0.00140168 0.0301296 0.000312345 -0.2
405 0.337127 0.00307479 0.113202 0.00142276 0.0292115 0.000318329 0
406 0.33698 0.00309494 0.113078 0.00142196 0.0294622 0.000328626 0
407 0.349918 0.00304881 0.121997 0.00145286 0.0282202 0.000333154 0.2
408 0.323676 0.0031418 0.104312 0.00140705 0.0304784 0.000326838 -0.2
409 0.337511 0.00312329 0.113514 0.00145839 0.0291887 0.000325554 0
410 0.337129 0.00311655 0.113196 0.00142941 0.0295808 0.000337406 0
411 0.350077 0.00306518 0.12216 0.00146724 0.0281573 0.000329044 0.2
412 0.337543 0.00311097 0.113504 0.00144391 0.0291558 0.000325694 0
413 0.350237 0.00307009 0.122219 0.00146225 0.0280244 0.000335894 0.2
414 0.349896 0.00307039 0.122026 0.00145855 0.0280783 0.000339652 0.2
415 0.362979 0.00300616 0.131362 0.00147812 0.0272901 0.000360178 0.4
416 0.308144 0.00314682 0.0944978 0.00132995 0.0314515 0.000302551 -0.4
417 0.323088 0.0031153 0.103837 0.00137663 0.0304028 0.000316596 -0.2
418 0.32289 0.00313366 0.103708 0.00137976 0.0303822 0.000309675 -0.2
419 0.336708 0.00309629 0.112913 0.00141951 0.0293112 0.000333399 0
420 0.323299 0.00311875 0.104076 0.00136678 0.0304535 0.000301114 -0.2
421 0.336796 0.00306832 0.11291 0.00140791 0.0291009 0.000314551 0
422 0.33674 0.00310483 0.112977 0.00141655 0.0294118 0.000308825 0
423 0.349705 0.00306338 0.121868 0.00145034 0.0279818 0.000339101 0.2
424 0.323189 0.00311163 0.104048 0.00137542 0.0302157 0.000298 -0.2
425 0.337176 0.00308949 0.11327 0.00140886 0.0292189 0.000319404 0
426 0.337109 0.00309586 0.113179 0.00141601 0.0292446 0.000335495 0
427 0.350127 0.0030605 0.122142 0.0014446 0.028098 0.000335186 0.2
428 0.337094 0.00307553 0.113177 0.00140643 0.0293639 0.000318453 0
429 0.350115 0.00305976 0.122095 0.00144181 0.0281037 0.000350643 0.2
430 0.349759 0.00306628 0.121937 0.0014368 0.028289 0.000337368 0.2
431 0.362753 0.00300373 0.131146 0.00145646 0.0270162 0.000341184 0.4
432 0.323411 0.00314792 0.104122 0.00139619 0.0304611 0.000313502 -0.2
433 0.336894 0.00311823 0.113031 0.00143038 0.0291044 0.000321449 0
434 0.336666 0.00311964 0.112904 0.0014216 0.0293302 0.000318097 0
435 0.349586 0.0030657 0.121793 0.00145559 0.0281831 0.000344277 0.2
436 0.336855 0.00307383 0.113019 0.00141434 0.0293537 0.000331774 0
437 0.34988 0.00304649 0.122031 0.00144179 0.0280831 0.000325321 0.2
438 0.349601 0.00305392 0.12183 0.00143983 0.0282117 0.000327691 0.2
439 0.362749 0.0029973 0.131236 0.00145838 0.0271333 0.00035844 0.4
440 0.336967 0.00311397 0.113124 0.00143467 0.0292509 0.000319799 0
441 0.349896 0.00306904 0.121994 0.00145348 0.0283091 0.000350494 0.2
442 0.350135 0.00307123 0.122143 0.00144253 0.0281406 0.000331205 0.2
443 0.362833 0.00303385 0.131238 0.00147922 0.0269228 0.00033626 0.4
444 0.350077 0.00307001 0.122112 0.00144721 0.0281009 0.000325315 0.2
445 0.362811 0.00300797 0.13119 0.00146713 0.0269066 0.000360411 0.4
446 0.362902 0.00300316 0.131248 0.00146111 0.027021 0.000352536 0.4
447 0.376477 0.00294056 0.14134 0.00147863 0.0258799 0.000372523 0.6
448 0.308322 0.00313834 0.0945817 0.00132916 0.0314072 0.000292302 -0.4
449 0.323429 0.00310298 0.104101 0.00138373 0.0302736 0.000317624 -0.2
450 0.323225 0.00313462 0.104035 0.00138576 0.0305999 0.000333925 -0.2
451 0.336614 0.0030903 0.112812 0.00141974 0.0290788 0.000319876 0
452 0.323353 0.00308775 0.104079 0.00136347 0.0301099 0.000296181 -0.2
453 0.337025 0.00306095 0.113062 0.00140207 0.0294986 0.000325462 0
454 0.336853 0.00308235 0.112906 0.00139549 0.0291738 0.000313697 0
455 0.349428 0.00304841 0.121585 0.00144916 0.0283366 0.000342707 0.2
456 0.323697 0.00312822 0.104247 0.00139023 0.0302468 0.000329683 -0.2
457 0.337299 0.00309671 0.113286 0.00143246 0.0293247 0.000327334 0
458 0.336936 0.00311338 0.113039 0.00141898 0.0291263 0.000329471 0
459 0.350002 0.00309138 0.122025 0.00147063 0.0281105 0.00034698 0.2
460 0.337459 0.00307998 0.113395 0.00140417 0.0292317 0.000327401 0
461 0.350176 0.00304623 0.122153 0.0014504 0.0279158 0.000319769 0.2
462 0.350051 0.0030863 0.12206 0.00145216 0.0281573 0.000350133 0.2
463 0.363082 0.00304905 0.131361 0.00148597 0.026993 0.000333674 0.4
464 0.32365 0.00312321 0.1043 0.00139083 0.0300091 0.000321066 -0.2
465 0.336602 0.00312044 0.112792 0.00144413 0.0292334 0.000325573 0
466 0.336861 0.00312521 0.112893 0.00142621 0.0293753 0.000321493 0
467 0.349751 0.00307348 0.121863 0.00146763 0.0283231 0.00033567 0.2
468 0.337081 0.00308319 0.113134 0.00141886 0.029332 0.000337928 0
469 0.349764 0.00305477 0.121886 0.00145439 0.0281335 0.000329854 0.2
470 0.349737 0.00306182 0.121797 0.00143997 0.0282147 0.000346121 0.2
471 0.362482 0.00303305 0.13097 0.00148566 0.0269385 0.000338691 0.4
472 0.337048 0.00311206 0.113116 0.00144128 0.029337 0.000316915 0
473 0.35021 0.00307315 0.122278 0.00146105 0.0281403 0.000341454 0.2
474 0.35007 0.0030987 0.122088 0.00146976 0.0280597 0.000325213 0.2
475 0.362838 0.00305451 0.13121 0.00150225 0.0270463 0.000354336 0.4
476 0.35015 0.00305303 0.122113 0.00145142 0.0280795 0.000347495 0.2
477 0.362965 0.00300516 0.131272 0.00147443 0.0270288 0.000349641 0.4
478 0.363297 0.00303945 0.131481 0.00147862 0.0267643 0.000342392 0.4
479 0.3763 0.00298243 0.141134 0.0015027 0.0258338 0.000371292 0.6
480 0.323166 0.00312134 0.103871 0.00136919 0.0301839 0.000311517 -0.2
481 0.336957 0.00308859 0.112994 0.00141442 0.028991 0.000319958 0
482 0.336245 0.00310737 0.112562 0.00141458 0.0292257 0.000342318 0
483 0.349166 0.00306466 0.121402 0.00143402 0.0281089 0.000324888 0.2
484 0.336779 0.00307272 0.112908 0.00140299 0.0293239 0.000317738 0
485 0.349413 0.00304595 0.12161 0.00143181 0.0282716 0.000329265 0.2
486 0.349431 0.00306652 0.12163 0.00144115 0.0281829 0.000347063 0.2
487 0.362076 0.00301906 0.130673 0.00146288 0.0271198 0.000351673 0.4
488 0.337048 0.00312504 0.113086 0.00143481 0.0291644 0.000316579 0
489 0.349966 0.00305955 0.121948 0.00144705 0.0281676 0.000343803 0.2
490 0.350063 0.00308755 0.122035 0.00144595 0.0280515 0.000335391 0.2
491 0.362795 0.00305747 0.131167 0.00149485 0.0270316 0.000348771 0.4
492 0.350001 0.00304582 0.122049 0.00142393 0.028098 0.000322121 0.2
493 0.362687 0.00301891 0.1311 0.00146316 0.0273133 0.000352477 0.4
494 0.362636 0.00303639 0.131081 0.00147326 0.0272115 0.00034906 0.4
495 0.376258 0.00297595 0.141162 0.00148938 0.0255787 0.000362062 0.6
496 0.336537 0.00312651 0.112747 0.00141618 0.0291431 0.000320059 0
497 0.349678 0.00306251 0.121789 0.00144852 0.0280893 0.000338059 0.2
498 0.349677 0.00309466 0.12176 0.00145272 0.028479 0.000354327 0.2
499 0.36227 0.0030328 0.130774 0.00147349 0.0270392 0.000339646 0.4
500 0.349624 0.00306959 0.121789 0.00144545 0.028314 0.000337382 0.2
501 0.362292 0.0030101 0.130812 0.00145144 0.0272138 0.000345513 0.4
502 0.362597 0.00300819 0.131044 0.00146121 0.0271015 0.000348908 0.4
503 0.375699 0.00298478 0.140797 0.00149672 0.0257681 0.000354019 0.6
504 0.350131 0.00310092 0.122107 0.00145433 0.0281937 0.000334981 0.2
505 0.362929 0.00302359 0.131225 0.00147007 0.026937 0.000354561 0.4
506 0.362844 0.0030495 0.131179 0.00148565 0.0270266 0.000353738 0.4
507 0.376205 0.0029643 0.141169 0.00149445 0.0256386 0.000362277 0.6
508 0.36303 0.00301357 0.131328 0.00145666 0.0269629 0.000343986 0.4
509 0.375895 0.00294524 0.14083 0.00147313 0.0258029 0.000367378 0.6
510 0.375722 0.0029513 0.140775 0.00147353 0.0257619 0.000348035 0.6
511 0.390149 0.00287346 0.151811 0.00149127 0.0244164 0.000378768 0.8
512 0.264945 0.0033431 0.069698 0.00125244 0.0342778 0.0002666 -0.8
513 0.289874 0.00319189 0.0836264 0.00129228 0.0328906 0.000295704 -0.6
514 0.289027 0.00324048 0.0830407 0.00130892 0.0326293 0.000278066 -0.6
515 0.307403 0.00316977 0.0940283 0.00135833 0.0313474 0.000302493 -0.4
516 0.289612 0.00321654 0.0833934 0.0012897 0.0326435 0.000282927 -0.6
517 0.307658 0.00312969 0.0942323 0.00132534 0.0314303 0.000303113 -0.4
518 0.307374 0.00320692 0.0940267 0.00134729 0.0313578 0.000291171 -0.4
519 0.322453 0.00310515 0.103507 0.00137019 0.0302813 0.000294616 -0.2
520 0.289583 0.00320465 0.0834446 0.0013023 0.0327439 0.00028805 -0.6
521 0.308033 0.00313544 0.0944418 0.00135292 0.0313182 0.000294616 -0.4
522 0.307645 0.00317826 0.0941955 0.00135363 0.0316805 0.000299661 -0.4
523 0.322601 0.00314704 0.10364 0.00140455 0.0302009 0.000303777 -0.2
524 0.307531 0.00313997 0.0941593 0.00133581 0.0313285 0.000287309 -0.4
525 0.322821 0.00310043 0.103784 0.00138149 0.0302629 0.000320729 -0.2
526 0.322725 0.00313661 0.103682 0.00138732 0.0304713 0.000305326 -0.2
527 0.336254 0.00310323 0.112619 0.00141843 0.0292391 0.000327365 0
528 0.289342 0.0033016 0.083285 0.00134248 0.0326425 0.000292296 -0.6
529 0.307899 0.00318135 0.0943699 0.00137377 0.031545 0.000304733 -0.4
530 0.307194 0.00322053 0.0938966 0.00136134 0.0316045 0.000301935 -0.4
531 0.322363 0.00317594 0.103497 0.00140933 0.0302727 0.000304174 -0.2
532 0.307711 0.00320481 0.0943044 0.00136316 0.0314521 0.000300489 -0.4
533 0.322793 0.0031355 0.103789 0.00138956 0.030317 0.000322972 -0.2
534 0.322055 0.00315341 0.103249 0.00138933 0.0304671 0.000314915 -0.2
535 0.336145 0.00311593 0.112608 0.00143277 0.0293382 0.000321768 0
536 0.308057 0.00321142 0.0945046 0.00137641 0.0313333 0.000311733 -0.4
537 0.322901 0.00315262 0.10384 0.0013951 0.0304484 0.000334453 -0.2
538 0.322682 0.00318347 0.103658 0.00140969 0.0304818 0.000310009 -0.2
539 0.33654 0.00313305 0.112831 0.00144435 0.0293245 0.000329852 0
540 0.322857 0.00313354 0.103864 0.00139175 0.0304488 0.000329699 -0.2
541 0.336502 0.00312134 0.11278 0.00142631 0.029209 0.000310941 0
542 0.336578 0.00312524 0.112833 0.00143718 0.0292956 0.000312103 0
543 0.349648 0.00307408 0.121791 0.00146336 0.0281597 0.000347644 0.2
544 0.289069 0.00323502 0.0830691 0.00128338 0.0324507 0.000277409 -0.6
545 0.307502 0.00318207 0.094076 0.00134861 0.0315972 0.000319597 -0.4
546 0.307104 0.00321201 0.0938015 0.00134712 0.0316376 0.000314655 -0.4
547 0.3224 0.00314316 0.103501 0.00138466 0.030311 0.000315258 -0.2
548 0.307091 0.00315786 0.0938347 0.00132802 0.0313725 0.000296735 -0.4
549 0.322367 0.00311033 0.103501 0.00135908 0.0305282 0.000320551 -0.2
550 0.321885 0.00314588 0.103186 0.00137195 0.0305535 0.000313545 -0.2
551 0.335631 0.00308729 0.112195 0.00140154 0.0296012 0.000322289 0
552 0.307264 0.00318187 0.0939558 0.00133849 0.0313411 0.000300473 -0.4
553 0.322666 0.00314778 0.103602 0.0013855 0.0304669 0.000326924 -0.2
554 0.322347 0.00315446 0.103449 0.00138516 0.0304471 0.000321758 -0.2
555 0.336325 0.00311613 0.112683 0.00143115 0.0293726 0.000312628 0
556 0.322607 0.00312507 0.103585 0.00137664 0.0302542 0.000309561 -0.2
557 0.336487 0.00307498 0.112788 0.00141067 0.029012 0.000323759 0
558 0.336226 0.00310243 0.11259 0.0014118 0.0295754 0.000329667 0
559 0.349457 0.00307146 0.121661 0.0014509 0.0279549 0.000345736 0.2
560 0.307373 0.00321292 0.0941117 0.00135272 0.0313677 0.000312961 -0.4
561 0.322266 0.00316631 0.103381 0.00140652 0.0302628 0.000317391 -0.2
562 0.322184 0.00319859 0.10332 0.00141168 0.0304286 0.000317944 -0.2
563 0.335593 0.00313294 0.112229 0.00144091 0.0295314 0.00032703 0
564 0.322229 0.00315003 0.103508 0.0013876 0.0306428 0.000313992 -0.2
565 0.33599 0.00311513 0.112433 0.00142514 0.0293605 0.000337796 0
566 0.335587 0.003098 0.112196 0.00140727 0.0292539 0.000329022 0
567 0.349047 0.00307055 0.121374 0.00144259 0.0285866 0.000329342 0.2
568 0.322723 0.00318549 0.103711 0.00140985 0.0305231 0.000314518 -0.2
569 0.336303 0.00314009 0.112772 0.00144173 0.0294216 0.000321076 0
570 0.336389 0.00314736 0.112754 0.00143873 0.0293984 0.000309338 0
571 0.349215 0.0030982 0.121484 0.00146153 0.028229 0.000347031 0.2
572 0.336306 0.00314344 0.112678 0.00144121 0.0292478 0.00033486 0
573 0.349295 0.00309117 0.121561 0.00146103 0.0280582 0.000339261 0.2
574 0.349526 0.00310443 0.121756 0.0014539 0.0282123 0.000334321 0.2
575 0.362219 0.00299975 0.130764 0.00145805 0.0271019 0.000348218 0.4
576 0.289173 0.00324133 0.083167 0.00129572 0.0325854 0.000274307 -0.6
577 0.307678 0.00316772 0.0942501 0.00134257 0.0312742 0.000280253 -0.4
578 0.30703 0.00319152 0.0936868 0.00134504 0.0314791 0.000294418 -0.4
579 0.322269 0.00313722 0.103369 0.0013991 0.0302644 0.000311255 -0.2
580 0.307727 0.00314994 0.0942941 0.00133481 0.0313534 0.00029491 -0.4
581 0.322561 0.00311403 0.103496 0.00137475 0.030476 0.000321214 -0.2
582 0.322213 0.00312821 0.103323 0.00136819 0.030682 0.00031488 -0.2
583 0.336144 0.00309566 0.112445 0.00140657 0.0293182 0.000324012 0
584 0.307898 0.00319194 0.0944695 0.00135346 0.0314069 0.000292481 -0.4
585 0.32285 0.00313583 0.103728 0.00138136 0.0303776 0.000303734 -0.2
586 0.322661 0.00316494 0.103605 0.00139455 0.030382 0.000316967 -0.2
587 0.336506 0.00312322 0.112776 0.00142593 0.0294457 0.000321432 0
588 0.322819 0.00312268 0.103741 0.00137518 0.0305408 0.000309461 -0.2
589 0.336134 0.00308232 0.112576 0.00140962 0.0294338 0.000319875 0
590 0.336261 0.00310196 0.112509 0.00140563 0.0292896 0.000340308 0
591 0.349223 0.00308681 0.121469 0.00145918 0.0281668 0.000333914 0.2
592 0.307349 0.00323259 0.0939791 0.00137231 0.0315589 0.000314311 -0.4
593 0.322276 0.00315514 0.103342 0.00140108 0.0301274 0.000319158 -0.2
594 0.322404 0.00317205 0.103498 0.00139503 0.0303803 0.000317713 -0.2
595 0.335923 0.00312526 0.112366 0.00142465 0.029438 0.000336687 0
596 0.322586 0.00315024 0.103626 0.00138546 0.0306351 0.000315542 -0.2
597 0.336192 0.00309245 0.112503 0.00141529 0.0292626 0.000319797 0
598 0.336159 0.00309911 0.112554 0.00141426 0.0292986 0.000334958 0
599 0.349033 0.00305404 0.121359 0.00143884 0.0284913 0.000341111 0.2
600 0.322877 0.0031734 0.10378 0.00141019 0.0304022 0.000324435 -0.2
601 0.336614 0.00314303 0.112772 0.00144499 0.0292636 0.000334625 0
602 0.336405 0.00312529 0.112739 0.00143288 0.0291713 0.000312484 0
603 0.349328 0.00308804 0.121487 0.00146261 0.0285444 0.000337684 0.2
604 0.336497 0.00312199 0.112797 0.00143277 0.0293651 0.000330186 0
605 0.349414 0.00305529 0.121635 0.00144448 0.027986 0.000333739 0.2
606 0.349551 0.00307925 0.12177 0.00145322 0.0282266 0.000342315 0.2
607 0.362338 0.00302554 0.130871 0.00147655 0.027125 0.000342948 0.4
608 0.307235 0.00319561 0.093848 0.00133659 0.0311813 0.000300823 -0.4
609 0.322385 0.00315582 0.103426 0.00137961 0.0304885 0.000309 -0.2
610 0.32202 0.00316025 0.103148 0.00138062 0.0304359 0.000306469 -0.2
611 0.335795 0.00310783 0.112236 0.00140538 0.0294295 0.000326928 0
612 0.322431 0.0031149 0.103463 0.00136302 0.0302277 0.000295989 -0.2
613 0.335622 0.00308641 0.112162 0.00140166 0.0292089 0.000317634 0
614 0.335801 0.00311518 0.112286 0.00141278 0.0293242 0.000335538 0
615 0.348948 0.00307176 0.121274 0.00143952 0.0282595 0.000334801 0.2
616 0.322883 0.00316214 0.103779 0.00138395 0.030498 0.00031196 -0.2
617 0.336097 0.00310772 0.112503 0.00141453 0.0293483 0.000318348 0
618 0.336113 0.00313218 0.112475 0.00141391 0.0294412 0.000328324 0
619 0.349064 0.00309837 0.121303 0.0014518 0.0283537 0.000343658 0.2
620 0.336157 0.00310349 0.112476 0.00140804 0.0293093 0.000338336 0
621 0.349196 0.00305268 0.121527 0.00142947 0.028379 0.000347018 0.2
622 0.349154 0.00308144 0.121418 0.00145058 0.0282633 0.000335652 0.2
623 0.362186 0.00302239 0.130708 0.00146351 0.0272438 0.000343558 0.4
624 0.322441 0.00317136 0.103494 0.0013959 0.0303832 0.000323229 -0.2
625 0.336052 0.00310837 0.112442 0.00140675 0.029611 0.000334819 0
626 0.33605 0.00314304 0.112461 0.00142111 0.0291856 0.000328603 0
627 0.348952 0.00310046 0.12134 0.00146234 0.0280078 0.000341291 0.2
628 0.336076 0.00312242 0.11245 0.0014114 0.0293341 0.000332671 0
629 0.34895 0.00306397 0.121299 0.00144333 0.0284863 0.000355764 0.2
630 0.348552 0.00308045 0.121035 0.0014355 0.0283064 0.000347386 0.2
631 0.361999 0.00304182 0.130605 0.00147201 0.0270183 0.000353064 0.4
632 0.336296 0.00315516 0.112574 0.00143217 0.0293169 0.000330156 0
633 0.349391 0.00307643 0.121614 0.00144553 0.0280918 0.00033887 0.2
634 0.349039 0.00312723 0.121343 0.00145791 0.0285889 0.000349557 0.2
635 0.362406 0.0030426 0.130896 0.00148046 0.0271392 0.00036469 0.4
636 0.349529 0.00307909 0.121686 0.0014371 0.028232 0.000342467 0.2
637 0.362369 0.0030163 0.130909 0.0014626 0.027255 0.000356596 0.4
638 0.362269 0.00301165 0.130789 0.0014514 0.0271312 0.000360889 0.4
639 0.375922 0.00296493 0.140851 0.00148611 0.0257974 0.000367766 0.6
640 0.290085 0.00322722 0.0836645 0.00129936 0.032673 0.000279597 -0.6
641 0.307945 0.00316104 0.094495 0.00133868 0.0311379 0.000323127 -0.4
642 0.307718 0.00318453 0.0942484 0.00133987 0.0315386 0.000300784 -0.4
643 0.322983 0.00314528 0.103902 0.00140007 0.0303757 0.000314355 -0.2
644 0.307813 0.00315004 0.0943294 0.00133482 0.0314802 0.00029757 -0.4
645 0.323005 0.00310195 0.10388 0.00137532 0.0303839 0.000313549 -0.2
646 0.322734 0.00312865 0.103712 0.00138379 0.0304499 0.000319087 -0.2
647 0.336309 0.00307909 0.112634 0.00141348 0.029431 0.000325158 0
648 0.308526 0.00314825 0.0947458 0.0013481 0.0314215 0.000304824 -0.4
649 0.323679 0.00312449 0.104341 0.00139252 0.0305143 0.00031396 -0.2
650 0.323026 0.00314999 0.103972 0.00139228 0.0304729 0.000320998 -0.2
651 0.336707 0.00311767 0.112923 0.00143531 0.0295791 0.000329522 0
652 0.32358 0.00310525 0.104244 0.00138278 0.0303946 0.000303795 -0.2
653 0.337119 0.00309273 0.113276 0.00142498 0.0291089 0.000317858 0
654 0.336458 0.0031014 0.112784 0.00142107 0.0293623 0.000333119 0
655 0.349722 0.00307108 0.121915 0.00145199 0.0281766 0.000360791 0.2
656 0.308085 0.00320671 0.0945157 0.00136698 0.0313066 0.000304403 -0.4
657 0.323047 0.00313023 0.103885 0.00140477 0.0303766 0.000320618 -0.2
658 0.32259 0.00317663 0.103583 0.00140354 0.0305784 0.000317148 -0.2
659 0.336599 0.00312261 0.11289 0.00144191 0.0293419 0.000332307 0
660 0.322805 0.00313655 0.103736 0.00139071 0.0302413 0.000314594 -0.2
661 0.336293 0.00307862 0.112616 0.00141661 0.0295847 0.000341988 0
662 0.33651 0.00311604 0.112767 0.0014211 0.0292859 0.000343556 0
663 0.349441 0.00308265 0.121757 0.00146114 0.0283974 0.00034739 0.2
664 0.323268 0.00316603 0.104067 0.00142515 0.0304147 0.000304835 -0.2
665 0.336948 0.00315521 0.113063 0.00145876 0.0292793 0.000346985 0
666 0.336732 0.00314826 0.112937 0.00145194 0.0297121 0.000332886 0
667 0.350039 0.00309573 0.122144 0.00147018 0.0279092 0.00035328 0.2
668 0.336777 0.00310992 0.113059 0.00143393 0.0291877 0.000327641 0
669 0.349705 0.00306137 0.12196 0.00144449 0.0281935 0.000331926 0.2
670 0.349986 0.00308307 0.122101 0.00145935 0.0282282 0.000335764 0.2
671 0.36247 0.00302811 0.130964 0.00147753 0.0269151 0.000354141 0.4
672 0.307539 0.00317297 0.0940636 0.00133507 0.0315145 0.000307612 -0.4
673 0.322897 0.00316004 0.103782 0.00138646 0.0305211 0.000331686 -0.2
674 0.322146 0.00317592 0.103329 0.00139052 0.0302301 0.000311677 -0.2
675 0.33608 0.00314634 0.112467 0.00144118 0.0291821 0.000317299 0
676 0.322464 0.00310913 0.103549 0.00136723 0.0302348 0.000320273 -0.2
677 0.336256 0.00307842 0.112675 0.00139799 0.0292942 0.000328426 0
678 0.336215 0.00311014 0.112643 0.00141654 0.0292836 0.00033589 0
679 0.34952 0.00306652 0.121715 0.00143566 0.028079 0.000319813 0.2
680 0.323005 0.00316336 0.103925 0.00139374 0.0303966 0.00030424 -0.2
681 0.33679 0.00311604 0.112958 0.00143391 0.0292657 0.000326402 0
682 0.33647 0.00314491 0.112742 0.00143187 0.0292128 0.000333364 0
683 0.349456 0.00308075 0.121635 0.00145896 0.0283682 0.000344834 0.2
684 0.336772 0.00311787 0.113014 0.00141651 0.0292993 0.000332206 0
685 0.349462 0.00305226 0.121693 0.00143935 0.0282806 0.000359262 0.2
686 0.349675 0.0030791 0.121833 0.00143637 0.0283119 0.000336199 0.2
687 0.362861 0.00301056 0.131253 0.00146085 0.0270937 0.00035784 0.4
688 0.322652 0.0031893 0.103612 0.00140531 0.030483 0.000317333 -0.2
689 0.336359 0.00314536 0.112764 0.00144139 0.0292806 0.00033069 0
690 0.336073 0.00316007 0.112511 0.00143556 0.0294883 0.000316898 0
691 0.349299 0.0030963 0.121571 0.00146038 0.0282565 0.000345613 0.2
692 0.336322 0.0031166 0.112657 0.0014243 0.029459 0.000347027 0
693 0.349555 0.00308921 0.121784 0.00144552 0.0281934 0.000333696 0.2
694 0.349484 0.00307608 0.121687 0.00144443 0.0281844 0.00032218 0.2
695 0.362579 0.00303074 0.131035 0.00148091 0.0271565 0.00035901 0.4
696 0.337044 0.00316066 0.113151 0.00144876 0.0292906 0.000337656 0
697 0.349955 0.00310256 0.12203 0.00146775 0.0283977 0.000354647 0.2
698 0.349522 0.00308788 0.121776 0.00145686 0.028089 0.000339713 0.2
699 0.362561 0.00304113 0.131101 0.00147806 0.0271157 0.000368847 0.4
700 0.349764 0.00306239 0.121979 0.00143734 0.0283281 0.000325938 0.2
701 0.362815 0.00298908 0.131251 0.00144817 0.0271049 0.000355722 0.4
702 0.36275 0.0030293 0.131211 0.00146355 0.0271308 0.000350253 0.4
703 0.376207 0.0029283 0.141158 0.00146303 0.0257292 0.000358842 0.6
704 0.307827 0.00320275 0.094256 0.0013527 0.0314305 0.000295982 -0.4
705 0.323076 0.00314012 0.103848 0.00138883 0.0302014 0.000306566 -0.2
706 0.322815 0.00315561 0.103697 0.00138743 0.0304068 0.000320741 -0.2
707 0.336564 0.00313627 0.112841 0.00142981 0.0292823 0.000324513 0
708 0.323057 0.00312944 0.10395 0.00138726 0.0300755 0.000315494 -0.2
709 0.33623 0.00307208 0.11256 0.00140333 0.0294522 0.000329707 0
710 0.336255 0.00311708 0.112635 0.00141666 0.0293101 0.000336172 0
711 0.349391 0.00308014 0.121598 0.00145151 0.0284381 0.000348641 0.2
712 0.323199 0.00315301 0.103978 0.00139047 0.0303138 0.000310154 -0.2
713 0.336459 0.00311631 0.112792 0.00143582 0.0293449 0.000322274 0
714 0.336713 0.00312622 0.112915 0.0014312 0.0292976 0.000324226 0
715 0.349691 0.00311035 0.121877 0.00146672 0.0281664 0.000341935 0.2
716 0.336699 0.00311237 0.112933 0.00142253 0.0293729 0.00035257 0
717 0.349542 0.00305172 0.12169 0.00143508 0.0281597 0.00034323 0.2
718 0.350006 0.0030956 0.122021 0.0014563 0.0282073 0.00031814 0.2
719 0.362548 0.00304652 0.130992 0.00148015 0.0270461 0.000349316 0.4
720 0.322969 0.00318487 0.103821 0.00141501 0.0303261 0.000319809 -0.2
721 0.336756 0.00311697 0.112891 0.00143509 0.0292798 0.000321738 0
722 0.336379 0.00314106 0.112695 0.00143075 0.0292377 0.000321276 0
723 0.349174 0.00311712 0.121499 0.00147296 0.0281585 0.000324685 0.2
724 0.336567 0.00312285 0.112829 0.00142757 0.0292164 0.000328396 0
725 0.349467 0.00305532 0.121658 0.0014498 0.0283091 0.0003468 0.2
726 0.349492 0.00309128 0.121744 0.00145481 0.0283409 0.000335937 0.2
727 0.362211 0.00303074 0.130789 0.00147253 0.0271355 0.000347529 0.4
728 0.337032 0.00314123 0.113152 0.00143936 0.0293915 0.000329126 0
729 0.349848 0.00309905 0.122009 0.0014723 0.0281353 0.000336907 0.2
730 0.349741 0.00312671 0.121931 0.00148224 0.028146 0.000317429 0.2
731 0.362778 0.00305498 0.131227 0.00149637 0.0271878 0.000355805 0.4
732 0.349866 0.00307383 0.122068 0.00145333 0.0282811 0.000335655 0.2
733 0.362699 0.00302447 0.131164 0.001471 0.027031 0.000337612 0.4
734 0.362816 0.00302726 0.131265 0.00147557 0.0270787 0.000346168 0.4
735 0.376126 0.0029819 0.140976 0.00149113 0.0256439 0.000365586 0.6
736 0.32305 0.00317723 0.103883 0.0013929 0.0302845 0.000322661 -0.2
737 0.336183 0.0031326 0.112535 0.00142657 0.0292023 0.0003197 0
738 0.336227 0.00311769 0.112537 0.00141339 0.0292938 0.000322305 0
739 0.349271 0.0030713 0.121618 0.00144127 0.028097 0.000348359 0.2
740 0.3361 0.00309801 0.112482 0.00138807 0.0295977 0.000348874 0
741 0.349114 0.00305821 0.121476 0.00143234 0.0281996 0.000340486 0.2
742 0.349316 0.00306933 0.121554 0.00143439 0.0281685 0.000328145 0.2
743 0.362002 0.00301149 0.130635 0.00145517 0.0271589 0.000328385 0.4
744 0.336742 0.0031308 0.11293 0.00142083 0.0292301 0.000330414 0
745 0.34954 0.00309285 0.121661 0.00145035 0.0282832 0.000335442 0.2
746 0.349596 0.00308531 0.121737 0.0014521 0.028254 0.000329915 0.2
747 0.362442 0.00304514 0.130892 0.00148407 0.0272642 0.000341831 0.4
748 0.349679 0.00306965 0.1218 0.00143546 0.0279154 0.000334647 0.2
749 0.362653 0.00299272 0.131141 0.00144755 0.0269719 0.000335301 0.4
750 0.362339 0.00302401 0.130901 0.00145685 0.0270466 0.00034735 0.4
751 0.375817 0.00297105 0.140787 0.00148262 0.0254875 0.000345955 0.6
752 0.33606 0.00313054 0.11242 0.00142862 0.0295647 0.00034462 0
753 0.349273 0.00309817 0.121528 0.00146383 0.0278555 0.000332547 0.2
754 0.348926 0.0031093 0.121359 0.0014566 0.0281405 0.000322193 0.2
755 0.361995 0.00303983 0.130647 0.00148056 0.0270601 0.000348861 0.4
756 0.349225 0.00306936 0.121491 0.0014394 0.0282001 0.000329161 0.2
757 0.362244 0.0030068 0.130814 0.00146192 0.0271843 0.000344566 0.4
758 0.362132 0.00302997 0.130757 0.00146534 0.0271031 0.000348153 0.4
759 0.375809 0.00295152 0.140891 0.00148323 0.0258853 0.000348187 0.6
760 0.349509 0.00310197 0.121664 0.00145636 0.028046 0.000326595 0.2
761 0.36238 0.00303985 0.130871 0.00148497 0.0268749 0.000345499 0.4
762 0.362442 0.00305133 0.130921 0.00149444 0.0269231 0.000342429 0.4
763 0.376041 0.00296819 0.141062 0.0014989 0.0257779 0.000357601 0.6
764 0.362535 0.00302931 0.131026 0.00145198 0.0271454 0.000363089 0.4
765 0.375962 0.00295146 0.140985 0.00148241 0.0255765 0.000351856 0.6
766 0.375931 0.00295948 0.140988 0.0014789 0.0258094 0.0003385 0.6
767 0.390296 0.00287485 0.151976 0.00148324 0.0244468 0.000368989 0.8
768 0.290152 0.00321522 0.0837229 0.00129581 0.0326107 0.000280946 -0.6
769 0.30841 0.00315604 0.0947257 0.00134868 0.0313928 0.00030747 -0.4
770 0.30767 0.00319891 0.0941831 0.00134615 0.0314999 0.000290389 -0.4
771 0.322606 0.00311935 0.103572 0.0013839 0.0303061 0.000313923 -0.2
772 0.308104 0.00316528 0.0945339 0.00134125 0.0313291 0.000290358 -0.4
773 0.323077 0.00313399 0.103891 0.00138344 0.0302397 0.000324973 -0.2
774 0.322524 0.00313636 0.10353 0.00138628 0.0304514 0.000295763 -0.2
775 0.3363 0.00309481 0.112583 0.00140038 0.0291441 0.000323468 0
776 0.308421 0.00318653 0.0946027 0.00135373 0.031376 0.000293311 -0.4
777 0.323388 0.00314699 0.104164 0.0013962 0.030386 0.000313752 -0.2
778 0.322587 0.0031587 0.103531 0.00138787 0.0303807 0.000320764 -0.2
779 0.336831 0.00312129 0.11297 0.0014269 0.0291685 0.000322996 0
780 0.323296 0.0031271 0.104104 0.0013896 0.0302344 0.000316575 -0.2
781 0.33677 0.00310768 0.113067 0.00142659 0.0294522 0.000330563 0
782 0.336478 0.00309765 0.112756 0.00141941 0.0293818 0.000322077 0
783 0.349695 0.00305405 0.121853 0.00143757 0.0282388 0.000331307 0.2
784 0.307909 0.00321463 0.0942958 0.00137267 0.0315603 0.000302313 -0.4
785 0.322844 0.00317075 0.103763 0.00139811 0.0305931 0.00032392 -0.2
786 0.322537 0.00318287 0.103531 0.00140212 0.0304464 0.000316932 -0.2
787 0.336407 0.00313391 0.112752 0.00143979 0.0291014 0.000320049 0
788 0.32264 0.00314087 0.10363 0.00138713 0.0304722 0.000308878 -0.2
789 0.336412 0.00310501 0.112734 0.00142234 0.0292776 0.000332695 0
790 0.336367 0.00314233 0.112654 0.00142675 0.0293975 0.000326303 0
791 0.349508 0.00305942 0.121805 0.00144109 0.0281748 0.000345671 0.2
792 0.32304 0.00316254 0.103929 0.00140036 0.0303716 0.000314323 -0.2
793 0.336741 0.00311781 0.112962 0.00142746 0.0294166 0.000323175 0
794 0.336376 0.00316653 0.112694 0.00144387 0.0293517 0.000341329 0
795 0.349449 0.00310004 0.121747 0.00146924 0.0282057 0.000349511 0.2
796 0.336645 0.00311605 0.112893 0.00142392 0.0292891 0.000323885 0
797 0.349823 0.00306614 0.121988 0.00144902 0.0283794 0.000337398 0.2
798 0.349848 0.00307903 0.121956 0.00145627 0.0282567 0.000345961 0.2
799 0.362665 0.00302355 0.131165 0.00147755 0.027043 0.000351938 0.4
800 0.307825 0.00320278 0.0942598 0.00134215 0.0315908 0.00029769 -0.4
801 0.322964 0.00312414 0.103783 0.0013691 0.0303451 0.000317932 -0.2
802 0.322115 0.00315498 0.103347 0.00137969 0.0305605 0.000318947 -0.2
803 0.335879 0.00310993 0.112382 0.00141304 0.0292132 0.000311194 0
804 0.322662 0.00315023 0.10364 0.00137989 0.0305731 0.000320397 -0.2
805 0.33647 0.00307319 0.11272 0.00139504 0.0294809 0.000341016 0
806 0.335931 0.00309787 0.11243 0.00140266 0.0291887 0.000328907 0
807 0.34909 0.00305623 0.121383 0.00143433 0.0282624 0.00034114 0.2
808 0.322741 0.00316718 0.103643 0.00137942 0.0302166 0.000325582 -0.2
809 0.336437 0.00311615 0.112745 0.00142104 0.0292706 0.000329876 0
810 0.336244 0.00313684 0.112603 0.00142677 0.0292677 0.000321035 0
811 0.349599 0.00310416 0.121767 0.00145456 0.0283484 0.000346099 0.2
812 0.336507 0.00309914 0.112818 0.00140867 0.0292819 0.000309083 0
813 0.349593 0.00305062 0.121702 0.00142238 0.028236 0.000354272 0.2
814 0.349571 0.00308059 0.12175 0.00143614 0.0282947 0.000340919 0.2
815 0.362793 0.00302253 0.131141 0.0014713 0.0269536 0.00034657 0.4
816 0.32282 0.0031694 0.103752 0.00139932 0.0303241 0.000306224 -0.2
817 0.336317 0.00312204 0.112662 0.00141721 0.0291333 0.000323567 0
818 0.336135 0.00312881 0.112562 0.00141836 0.0293115 0.000330723 0
819 0.348932 0.0031013 0.12124 0.00145992 0.0282042 0.00033569 0.2
820 0.336414 0.00311645 0.112755 0.00141355 0.0292423 0.000316918 0
821 0.349232 0.00305311 0.121513 0.00143865 0.0285205 0.0003557 0.2
822 0.349076 0.00305461 0.121487 0.00143293 0.0282041 0.000334601 0.2
823 0.362087 0.00301006 0.13067 0.00146248 0.0270456 0.000353748 0.4
824 0.336474 0.00314356 0.112782 0.00143648 0.0294541 0.000336208 0
825 0.349541 0.00311105 0.121738 0.00146185 0.0283497 0.000346001 0.2
826 0.3494 0.00310124 0.121567 0.00145017 0.0281499 0.000330672 0.2
827 0.362577 0.00301989 0.131062 0.0014818 0.0270247 0.000349062 0.4
828 0.349569 0.00308615 0.121813 0.00145227 0.0283697 0.000351825 0.2
829 0.362456 0.00300259 0.130956 0.0014572 0.0268252 0.000336587 0.4
830 0.362477 0.00301285 0.130932 0.00144966 0.0271076 0.000344071 0.4
831 0.376107 0.00294351 0.141051 0.00146286 0.0257969 0.000345788 0.6
832 0.30803 0.0031824 0.0943767 0.00132875 0.031327 0.000306997 -0.4
833 0.322708 0.00312797 0.103583 0.00137292 0.0305515 0.000313409 -0.2
834 0.322497 0.00316665 0.103459 0.00139129 0.0299713 0.0003102 -0.2
835 0.336294 0.00309546 0.112575 0.00140937 0.0292861 0.000324893 0
836 0.322712 0.00313415 0.103669 0.00137606 0.0305413 0.000307604 -0.2
837 0.336351 0.00308177 0.11269 0.00139713 0.0294715 0.000326865 0
838 0.336627 0.00309547 0.112731 0.00140409 0.0294249 0.000319473 0
839 0.349085 0.00305574 0.121412 0.00143649 0.0282384 0.000346017 0.2
840 0.323068 0.00313772 0.103852 0.00138652 0.030387 0.000320131 -0.2
841 0.336813 0.00311645 0.11291 0.00142137 0.0293072 0.000339126 0
842 0.336802 0.00313059 0.112848 0.00142899 0.0292285 0.000324573 0
843 0.349101 0.00309462 0.121372 0.00145528 0.0284034 0.000350086 0.2
844 0.336706 0.00308818 0.112938 0.0014095 0.0291931 0.00033703 0
845 0.349806 0.00307067 0.121843 0.00144641 0.0282557 0.000333304 0.2
846 0.349349 0.0030796 0.121577 0.00143833 0.0283026 0.000335928 0.2
847 0.362436 0.0030227 0.130932 0.00147059 0.0272028 0.000362485 0.4
848 0.323026 0.00317664 0.103867 0.00139005 0.030351 0.000300073 -0.2
849 0.336251 0.00312938 0.112609 0.00142639 0.0291815 0.000318663 0
850 0.335991 0.00314209 0.112409 0.00143311 0.0293634 0.000322764 0
851 0.349401 0.00309611 0.121578 0.0014579 0.028046 0.000345181 0.2
852 0.33648 0.00309959 0.112698 0.00141686 0.0294281 0.000345239 0
853 0.349155 0.00305422 0.121505 0.00143932 0.0280974 0.000330313 0.2
854 0.349291 0.00307653 0.121598 0.00144167 0.0281623 0.00034533 0.2
855 0.36243 0.00302225 0.130895 0.00147705 0.0270656 0.00034798 0.4
856 0.336772 0.00313055 0.112953 0.00143118 0.0289325 0.000297544 0
857 0.349508 0.00309375 0.121717 0.00146598 0.0281923 0.000339946 0.2
858 0.349354 0.00310881 0.121539 0.00146132 0.0280193 0.000332253 0.2
859 0.362661 0.00303849 0.131056 0.0014828 0.0269073 0.000352107 0.4
860 0.349267 0.00307422 0.121516 0.0014508 0.0281862 0.000340127 0.2
861 0.362486 0.00301865 0.130942 0.00146856 0.0269541 0.00035944 0.4
862 0.362554 0.00302863 0.131005 0.00147516 0.0271458 0.000356908 0.4
863 0.375908 0.00297979 0.140905 0.00149774 0.0259188 0.000362197 0.6
864 0.322576 0.00315841 0.103483 0.00137457 0.0304213 0.000325917 -0.2
865 0.336009 0.00309865 0.112344 0.00140334 0.0294167 0.000326961 0
866 0.335934 0.00311177 0.112261 0.0014011 0.0295091 0.000337283 0
867 0.349098 0.00308394 0.121366 0.00144167 0.0285758 0.000344007 0.2
868 0.336449 0.00311226 0.112704 0.00140313 0.0291217 0.000328617 0
869 0.349244 0.00305869 0.12145 0.00142517 0.0282726 0.000345131 0.2
870 0.348979 0.00308153 0.121293 0.00143483 0.0281441 0.000331274 0.2
871 0.362044 0.00302281 0.130608 0.00145839 0.0273278 0.000342436 0.4
872 0.336226 0.00314797 0.112512 0.00142003 0.0293417 0.000328901 0
873 0.349491 0.00307528 0.12163 0.00143676 0.0281416 0.000344226 0.2
874 0.349153 0.00312061 0.121375 0.00145602 0.0282857 0.000338104 0.2
875 0.362428 0.00306561 0.130913 0.00148097 0.0270631 0.00035732 0.4
876 0.349609 0.00308718 0.121706 0.00143557 0.0283037 0.000336533 0.2
877 0.362425 0.00303556 0.130844 0.00146853 0.0273308 0.000347653 0.4
878 0.362311 0.00304367 0.130836 0.00146393 0.0270013 0.000345918 0.4
879 0.375699 0.00296473 0.140723 0.00148339 0.0259422 0.000354786 0.6
880 0.336316 0.00314946 0.112622 0.00141936 0.0293312 0.000323599 0
881 0.348939 0.0030961 0.121232 0.00145671 0.0281274 0.000337879 0.2
882 0.349197 0.00309022 0.121477 0.00144363 0.0282561 0.000332898 0.2
883 0.362152 0.00304821 0.13071 0.00148321 0.0271628 0.00035131 0.4
884 0.349286 0.00306019 0.121497 0.00141771 0.0285297 0.000341357 0.2
885 0.362255 0.00301659 0.13081 0.00145241 0.0268754 0.000348025 0.4
886 0.362374 0.00303431 0.130875 0.00145929 0.0272867 0.000353604 0.4
887 0.37558 0.00297695 0.14061 0.00149411 0.0256552 0.000358275 0.6
888 0.34922 0.00309854 0.121526 0.00145066 0.0281483 0.000338292 0.2
889 0.36251 0.00304692 0.130953 0.00147189 0.026996 0.000349738 0.4
890 0.362452 0.00303926 0.13101 0.00146838 0.0271632 0.000346302 0.4
891 0.375898 0.00298688 0.140889 0.00150098 0.0257979 0.000360776 0.6
892 0.362339 0.00302541 0.130825 0.00145175 0.0269941 0.000355293 0.4
893 0.37591 0.00297558 0.140859 0.00148004 0.025581 0.000356784 0.6
894 0.376089 0.00297354 0.141101 0.0014781 0.025964 0.000374257 0.6
895 0.39037 0.00285882 0.152045 0.00147829 0.0243326 0.000359745 0.8
896 0.30863 0.00316838 0.0948215 0.00134474 0.0315376 0.000309082 -0.4
897 0.323308 0.00313456 0.104107 0.00138438 0.0302641 0.000323293 -0.2
898 0.322619 0.00318544 0.103587 0.00139868 0.0304127 0.000310834 -0.2
899 0.336673 0.00312277 0.112807 0.00142602 0.0294935 0.000328746 0
900 0.323415 0.00314209 0.10414 0.00139133 0.0302164 0.00031829 -0.2
901 0.336803 0.00309841 0.112977 0.00141883 0.0292629 0.000332984 0
902 0.336446 0.00310976 0.112723 0.00142851 0.0292403 0.000332561 0
903 0.34961 0.00305811 0.121781 0.00144212 0.028063 0.000317125 0.2
904 0.323628 0.00314733 0.104332 0.00140156 0.0303597 0.000320607 -0.2
905 0.337136 0.00311254 0.113242 0.00142779 0.0294409 0.000323161 0
906 0.33673 0.003133 0.112888 0.00143453 0.0289519 0.000315117 0
907 0.350298 0.00307265 0.122223 0.00145435 0.0283087 0.000348512 0.2
908 0.336958 0.00310745 0.113101 0.00141407 0.0291425 0.000324831 0
909 0.350071 0.00306078 0.122117 0.00144289 0.0278559 0.000340147 0.2
910 0.349878 0.00307165 0.121954 0.00143971 0.0279737 0.000338867 0.2
911 0.362741 0.0030489 0.13112 0.00148708 0.0271497 0.000341211 0.4
912 0.323061 0.00317881 0.103857 0.00140801 0.0303757 0.000322937 -0.2
913 0.336881 0.0031302 0.113091 0.00143749 0.0291767 0.000335011 0
914 0.336724 0.0031499 0.112909 0.00143395 0.0292662 0.00032915 0
915 0.349575 0.00309136 0.121748 0.00146864 0.0281819 0.000345487 0.2
916 0.336768 0.00312443 0.112942 0.00142915 0.0292517 0.000312495 0
917 0.349852 0.00305688 0.121942 0.00144536 0.028304 0.0003417 0.2
918 0.349701 0.00308503 0.121878 0.00145148 0.0279399 0.000341612 0.2
919 0.362508 0.00300881 0.131 0.00146909 0.0270447 0.000348339 0.4
920 0.337303 0.00313688 0.113303 0.00143963 0.0295339 0.000340219 0
921 0.350219 0.00308926 0.122183 0.00147179 0.0283184 0.000343333 0.2
922 0.349638 0.00308572 0.121874 0.00146398 0.028192 0.000333821 0.2
923 0.363055 0.00303944 0.13141 0.0014876 0.0270549 0.000359045 0.4
924 0.350231 0.00308613 0.122293 0.00145842 0.0282517 0.0003396 0.2
925 0.363243 0.00301523 0.131583 0.00147025 0.0270783 0.000372395 0.4
926 0.36281 0.00303249 0.131251 0.00146778 0.0269694 0.000337516 0.4
927 0.376494 0.00295749 0.141403 0.00148235 0.0258145 0.000358941 0.6
928 0.323048 0.00314227 0.103853 0.0013776 0.0304482 0.000324847 -0.2
929 0.336523 0.00312482 0.112832 0.00141735 0.0294715 0.000341884 0
930 0.336259 0.00313687 0.112613 0.00143337 0.0294418 0.000321696 0
931 0.349566 0.00306629 0.121749 0.00145275 0.02859 0.000356893 0.2
932 0.336348 0.00309677 0.112653 0.00140549 0.029426 0.000323504 0
933 0.349571 0.00305752 0.121739 0.00143584 0.0281763 0.000343955 0.2
934 0.349334 0.003087 0.12156 0.00142791 0.0282938 0.000351173 0.2
935 0.362628 0.00301642 0.131104 0.0014618 0.0268635 0.000354865 0.4
936 0.33692 0.00312611 0.113089 0.00142732 0.0294432 0.000329572 0
937 0.350013 0.00309502 0.122058 0.00144953 0.028396 0.000348518 0.2
938 0.349828 0.00310275 0.121882 0.00145282 0.0281442 0.000335856 0.2
939 0.362785 0.00305138 0.131202 0.00148097 0.0271906 0.000348765 0.4
940 0.349689 0.00306674 0.12181 0.00143106 0.0279787 0.000335346 0.2
941 0.362721 0.00301299 0.131129 0.00145635 0.0271239 0.000354816 0.4
942 0.362589 0.00303653 0.13102 0.00146445 0.0270464 0.000353285 0.4
943 0.375999 0.0029541 0.141009 0.00147588 0.0257475 0.000346644 0.6
944 0.336365 0.00313978 0.112715 0.00143504 0.029364 0.00032955 0
945 0.349523 0.00308359 0.121806 0.00145233 0.0281467 0.000338827 0.2
946 0.349466 0.00308827 0.121614 0.00145073 0.0281906 0.000337391 0.2
947 0.362531 0.00305309 0.131127 0.00148327 0.027045 0.000358124 0.4
948 0.34965 0.00307146 0.121788 0.00144136 0.0283264 0.000343778 0.2
949 0.362437 0.00299884 0.130961 0.00146189 0.0269951 0.000334751 0.4
950 0.362336 0.00302917 0.130856 0.00146036 0.0267975 0.000341026 0.4
951 0.375734 0.00295604 0.140877 0.00147843 0.0256662 0.000358336 0.6
952 0.350132 0.00310774 0.122098 0.00145608 0.0283003 0.000334954 0.2
953 0.36274 0.00301869 0.131145 0.00147069 0.027011 0.000347988 0.4
954 0.362682 0.0030468 0.1312 0.00148172 0.0269586 0.000351388 0.4
955 0.376458 0.00296666 0.141366 0.00148094 0.0258243 0.000362412 0.6
956 0.362574 0.00300203 0.131 0.00143806 0.0272295 0.000349824 0.4
957 0.376424 0.00296695 0.141325 0.00148871 0.0256399 0.000354362 0.6
958 0.376574 0.00292934 0.141397 0.00145626 0.0257437 0.000357821 0.6
959 0.390667 0.00284411 0.152241 0.00147369 0.0243148 0.000378906 0.8
960 0.323243 0.0031291 0.103969 0.00137539 0.0303493 0.000307961 -0.2
961 0.336857 0.00310714 0.112952 0.00141757 0.0292777 0.000334526 0
962 0.336642 0.00314327 0.112834 0.00143577 0.0292503 0.000315075 0
963 0.349564 0.0030733 0.121705 0.00145099 0.0284001 0.000345652 0.2
964 0.336695 0.00311811 0.112856 0.00141022 0.0293488 0.000334069 0
965 0.349774 0.00306247 0.121856 0.00144101 0.0282161 0.000341963 0.2
966 0.349527 0.00307682 0.121732 0.00145345 0.0282879 0.000326662 0.2
967 0.362213 0.00303471 0.130764 0.00147874 0.0271592 0.000358323 0.4
968 0.337141 0.00313086 0.113251 0.00143047 0.029207 0.000323553 0
969 0.349896 0.00308852 0.121962 0.00146001 0.0282561 0.00034314 0.2
970 0.349882 0.00311011 0.121918 0.00146205 0.0282681 0.000349823 0.2
971 0.362657 0.00305861 0.131059 0.00149537 0.026839 0.000349804 0.4
972 0.34988 0.00307322 0.121993 0.00144617 0.028258 0.000336414 0.2
973 0.362797 0.00303991 0.131152 0.0014721 0.0270558 0.000356242 0.4
974 0.362783 0.00304361 0.131152 0.00147216 0.0271138 0.000345916 0.4
975 0.376179 0.00299752 0.14111 0.00150375 0.0258732 0.000361174 0.6
976 0.336931 0.00313295 0.113048 0.00142738 0.0291953 0.00031757 0
977 0.349446 0.00311231 0.121648 0.00146874 0.0282417 0.000340186 0.2
978 0.349637 0.00310793 0.12171 0.00147362 0.028032 0.000324762 0.2
979 0.362476 0.00305731 0.13103 0.00149422 0.0270345 0.000344889 0.4
980 0.349718 0.00307525 0.12186 0.00144393 0.0280911 0.000330801 0.2
981 0.362344 0.00304235 0.130854 0.00147286 0.027161 0.00033841 0.4
982 0.362342 0.00302179 0.130852 0.00146124 0.0271497 0.000332826 0.4
983 0.375728 0.00298267 0.140769 0.0014965 0.0257016 0.000361778 0.6
984 0.349865 0.0030902 0.121986 0.00146295 0.0283218 0.000344302 0.2
985 0.362718 0.00303424 0.131126 0.00148166 0.0267671 0.000348859 0.4
986 0.362866 0.00304851 0.131251 0.00148609 0.0272225 0.000353206 0.4
987 0.37624 0.00300305 0.14112 0.001512 0.0256336 0.000346429 0.6
988 0.362866 0.00303061 0.131287 0.00146513 0.0267771 0.000342741 0.4
989 0.376572 0.00297017 0.141493 0.00148581 0.0256039 0.000347894 0.6
990 0.376448 0.00297882 0.141316 0.00148746 0.0256209 0.000349989 0.6
991 0.390221 0.00288395 0.151895 0.00149262 0.0242771 0.000365411 0.8
992 0.336511 0.00312468 0.112733 0.00141599 0.0293351 0.000337852 0
993 0.349564 0.00306762 0.12165 0.00143476 0.0283866 0.000342693 0.2
994 0.349444 0.00309905 0.121622 0.00145049 0.0283231 0.000350741 0.2
995 0.36222 0.003058 0.130783 0.00148343 0.0269316 0.000338091 0.4
996 0.349363 0.00306432 0.121603 0.00142312 0.0283306 0.0003378 0.2
997 0.362191 0.00303459 0.130747 0.00146394 0.0270252 0.000352168 0.4
998 0.36182 0.00302278 0.130454 0.00145377 0.0273605 0.000363737 0.4
999 0.375743 0.00296976 0.140756 0.00147726 0.0260051 0.000367819 0.6
1000 0.349984 0.00308917 0.122044 0.00145284 0.0283395 0.000329958 0.2
1001 0.362596 0.00304635 0.130992 0.0014788 0.0269827 0.000346402 0.4
1002 0.362888 0.00305534 0.131205 0.00147686 0.0271038 0.000367217 0.4
1003 0.375954 0.00300889 0.140934 0.00150202 0.0256452 0.000348976 0.6
1004 0.363022 0.00303697 0.131354 0.00146319 0.0269316 0.000347851 0.4
1005 0.376085 0.00296666 0.141058 0.0014655 0.0256443 0.000368106 0.6
1006 0.37595 0.00295659 0.140937 0.00146699 0.0256621 0.000345596 0.6
1007 0.390373 0.00290844 0.15203 0.00149036 0.0243598 0.00037961 0.8
1008 0.349239 0.00309237 0.121521 0.00144585 0.0282948 0.000335725 0.2
1009 0.362355 0.00305026 0.130838 0.00147399 0.0269238 0.000359942 0.4
1010 0.362283 0.00304643 0.130849 0.0014675 0.0271958 0.000347876 0.4
1011 0.375659 0.00299308 0.14075 0.00150009 0.0258475 0.000359483 0.6
1012 0.362177 0.00301765 0.13076 0.00145355 0.0270387 0.000346957 0.4
1013 0.375777 0.00296231 0.140852 0.00148552 0.0257959 0.000363804 0.6
1014 0.375865 0.00296285 0.140935 0.00147936 0.0257908 0.00035559 0.6
1015 0.390287 0.0028804 0.152063 0.00148982 0.0243487 0.000368843 0.8
1016 0.362812 0.00302526 0.131168 0.00146356 0.026924 0.000344578 0.4
1017 0.376212 0.00296701 0.141147 0.00147902 0.0258148 0.000365047 0.6
1018 0.375898 0.00298071 0.14091 0.00148465 0.0256872 0.000354584 0.6
1019 0.390349 0.00289039 0.152098 0.00149595 0.0242472 0.000364974 0.8
1020 0.375873 0.00292584 0.140903 0.00144805 0.0257897 0.000356849 0.6
1021 0.39049 0.00285155 0.15214 0.0014614 0.0243562 0.000368447 0.8
1022 0.390224 0.00286638 0.151885 0.00147692 0.0242808 0.000367778 0.8
1023 0.405555 0.00275402 0.164173 0.00147148 0.0226744 0.000396641 1
