#sample=1820
0 0.0935412 0.000726182 0.0086973 0.000100453 0.0500433 7.15869e-05 -1
1 0.09547 0.000632824 0.00911699 0.000105597 0.042481 4.93049e-05 -0.8
2 0.0954581 0.000634935 0.00915935 0.000105512 0.0424643 4.72955e-05 -0.8
3 0.130019 0.000667437 0.0169571 0.000152045 0.0408961 4.82955e-05 -0.6
4 0.0952728 0.000618679 0.00907578 0.000102503 0.0424379 4.8466e-05 -0.8
5 0.130113 0.000651419 0.016951 0.000148332 0.0409134 4.76434e-05 -0.6
6 0.130003 0.000654338 0.0169554 0.000149939 0.0408893 4.7115e-05 -0.6
7 0.160281 0.0006793 0.0257494 0.000187915 0.0396787 4.5555e-05 -0.4
8 0.0954152 0.000615861 0.00909297 0.000101262 0.0424356 4.94775e-05 -0.8
9 0.130306 0.000650576 0.0170077 0.000147745 0.0407875 4.60437e-05 -0.6
10 0.130072 0.000652208 0.0169752 0.000148782 0.0408673 4.51444e-05 -0.6
11 0.160448 0.000677393 0.0257856 0.000186395 0.0396689 4.63687e-05 -0.4
12 0.1302 0.00064074 0.0169704 0.000145721 0.0408758 4.53964e-05 -0.6
13 0.160524 0.000669245 0.0258042 0.00018374 0.0397256 4.54938e-05 -0.4
14 0.160306 0.000667646 0.025756 0.000183822 0.0396714 4.59312e-05 -0.4
15 0.188463 0.00069486 0.0355747 0.000220059 0.0387061 4.79618e-05 -0.2
16 0.0951003 0.000625288 0.00903379 0.000100565 0.042596 4.84341e-05 -0.8
17 0.129898 0.000657179 0.0168476 0.000147976 0.0408812 4.60905e-05 -0.6
18 0.129714 0.000660207 0.0168255 0.000148142 0.0408869 4.5159e-05 -0.6
19 0.160152 0.000680927 0.0256487 0.000187067 0.0397298 4.62934e-05 -0.4
20 0.129746 0.0006503 0.0168274 0.000144987 0.0409215 4.78263e-05 -0.6
21 0.160211 0.000673493 0.0256499 0.000183808 0.0397492 4.57789e-05 -0.4
22 0.160054 0.000673666 0.0256353 0.000184538 0.0397652 4.46666e-05 -0.4
23 0.188257 0.000696345 0.0354437 0.000220383 0.0387546 4.70733e-05 -0.2
24 0.129933 0.000647441 0.0168437 0.000143729 0.0408984 4.58022e-05 -0.6
25 0.160293 0.000669412 0.025665 0.000182802 0.0397202 4.68534e-05 -0.4
26 0.160178 0.000669737 0.0256248 0.000182756 0.0397242 4.58078e-05 -0.4
27 0.188356 0.00069438 0.0354623 0.000219061 0.0386789 4.74925e-05 -0.2
28 0.160183 0.000664116 0.0256377 0.000180899 0.0397125 4.78657e-05 -0.4
29 0.188472 0.000687118 0.0355176 0.00021591 0.0386417 4.67171e-05 -0.2
30 0.188235 0.000686704 0.0354213 0.000216102 0.0386791 4.66581e-05 -0.2
31 0.215772 0.000710655 0.0465594 0.000251459 0.0377042 4.92615e-05 0
32 0.0958394 0.000619537 0.00920254 0.000104256 0.0424511 4.85508e-05 -0.8
33 0.13017 0.000659436 0.0169712 0.000151422 0.0408708 4.81704e-05 -0.6
34 0.130128 0.000661119 0.016966 0.000150085 0.0409004 4.58779e-05 -0.6
35 0.160294 0.000681116 0.0257372 0.000188489 0.0397053 4.59986e-05 -0.4
36 0.13022 0.000645243 0.0169961 0.000147317 0.0408778 4.57631e-05 -0.6
37 0.160434 0.000672331 0.0257652 0.000186486 0.0397193 4.58728e-05 -0.4
38 0.16028 0.000673282 0.0257542 0.000186092 0.039819 4.62398e-05 -0.4
39 0.18842 0.000697966 0.035558 0.000223007 0.0386928 4.69992e-05 -0.2
40 0.13034 0.000643906 0.0170149 0.000146976 0.0409463 4.66964e-05 -0.6
41 0.160604 0.000669586 0.0258205 0.000185015 0.0397438 4.66369e-05 -0.4
42 0.16046 0.000668963 0.0258013 0.000184598 0.0396786 4.64609e-05 -0.4
43 0.188516 0.00069532 0.0355801 0.000221169 0.0387391 4.65251e-05 -0.2
44 0.160456 0.000660134 0.0257861 0.000182543 0.0396935 4.5792e-05 -0.4
45 0.18861 0.000686668 0.0356058 0.000217682 0.038642 4.69101e-05 -0.2
46 0.188482 0.000687712 0.0355936 0.000218325 0.0386756 4.62983e-05 -0.2
47 0.215881 0.000714414 0.0466602 0.000254902 0.0377105 4.83732e-05 0
48 0.129899 0.000652741 0.0168454 0.000146113 0.0407948 4.578e-05 -0.6
49 0.160251 0.000674452 0.0256452 0.000185142 0.0396567 4.51448e-05 -0.4
50 0.160016 0.000675499 0.0255833 0.00018421 0.0397748 4.59939e-05 -0.4
51 0.188295 0.000698871 0.0354397 0.000221972 0.0386776 4.69981e-05 -0.2
52 0.160231 0.000668 0.0256713 0.000182691 0.0397624 4.62676e-05 -0.4
53 0.188431 0.000689852 0.0355 0.000218712 0.0387323 4.64284e-05 -0.2
54 0.188143 0.000691954 0.0354227 0.00021915 0.0387523 4.68274e-05 -0.2
55 0.215681 0.000716033 0.0465175 0.000256293 0.0377945 5.03763e-05 0
56 0.160326 0.000662305 0.0256647 0.000181017 0.0397057 4.49491e-05 -0.4
57 0.188512 0.000684312 0.0355052 0.00021633 0.0387898 4.82775e-05 -0.2
58 0.188267 0.000686821 0.0354213 0.000216339 0.0387853 4.56429e-05 -0.2
59 0.215703 0.000711935 0.0465176 0.000252949 0.0377537 4.91557e-05 0
60 0.188393 0.000679536 0.035474 0.000214305 0.0387586 4.68397e-05 -0.2
61 0.215954 0.000705357 0.0466337 0.000249653 0.0378057 4.94393e-05 0
62 0.215684 0.000708197 0.0465186 0.000250652 0.0378025 4.76038e-05 0
63 0.243521 0.000733095 0.059321 0.000288179 0.036752 5.26696e-05 0.2
64 0.0955221 0.000633211 0.00913917 0.000103216 0.042409 4.7312e-05 -0.8
65 0.13013 0.000656354 0.0169502 0.000147738 0.0408712 4.66014e-05 -0.6
66 0.130071 0.000659655 0.0169491 0.000147927 0.0408826 4.62308e-05 -0.6
67 0.160252 0.000680302 0.0257266 0.000185818 0.039774 4.60952e-05 -0.4
68 0.13009 0.000646583 0.0169479 0.000145869 0.0409108 4.71406e-05 -0.6
69 0.16031 0.000668024 0.0257564 0.000183376 0.0397958 4.57327e-05 -0.4
70 0.160129 0.000670306 0.0256915 0.000183736 0.039708 4.70038e-05 -0.4
71 0.188405 0.000695325 0.03555 0.000220321 0.0387213 4.69163e-05 -0.2
72 0.130374 0.000642499 0.0170316 0.000144831 0.040906 4.56749e-05 -0.6
73 0.160554 0.000665471 0.0258094 0.00018144 0.0397099 4.51207e-05 -0.4
74 0.160261 0.000666231 0.0257267 0.000182094 0.0397279 4.56794e-05 -0.4
75 0.18842 0.000693036 0.0355471 0.000218295 0.0386911 4.75494e-05 -0.2
76 0.160491 0.00065503 0.0258041 0.000179207 0.0396971 4.64214e-05 -0.4
77 0.188574 0.000684222 0.0356191 0.000215433 0.0386439 4.59522e-05 -0.2
78 0.188373 0.000684956 0.0355543 0.000215969 0.0387404 4.72924e-05 -0.2
79 0.215798 0.00071293 0.0466181 0.000252116 0.0377479 5.05278e-05 0
80 0.129724 0.000653551 0.0168006 0.000144186 0.0409218 4.64259e-05 -0.6
81 0.160155 0.000673971 0.025627 0.000183012 0.0397472 4.50036e-05 -0.4
82 0.15999 0.000675601 0.0255919 0.000182766 0.0397485 4.54633e-05 -0.4
83 0.188208 0.000695358 0.035406 0.000217893 0.0387083 4.63978e-05 -0.2
84 0.159997 0.000666963 0.0255861 0.000180627 0.0397148 4.61037e-05 -0.4
85 0.188347 0.000687684 0.0354664 0.000215627 0.0387522 4.69357e-05 -0.2
86 0.18816 0.000687642 0.0353981 0.00021627 0.0387909 4.63571e-05 -0.2
87 0.215668 0.000713657 0.0465026 0.000252214 0.0377934 4.95023e-05 0
88 0.160203 0.000664359 0.0256344 0.000179922 0.0397899 4.50404e-05 -0.4
89 0.18842 0.000684689 0.0354809 0.000214377 0.0387271 4.77118e-05 -0.2
90 0.188188 0.000683969 0.0354054 0.000214007 0.0387642 4.75625e-05 -0.2
91 0.215662 0.000711501 0.0464939 0.000249564 0.0378107 5.03008e-05 0
92 0.188409 0.000678103 0.0354787 0.000212272 0.0387217 4.72282e-05 -0.2
93 0.215953 0.000704928 0.0466263 0.00024759 0.0377915 4.9272e-05 0
94 0.21555 0.000707495 0.0464663 0.000248217 0.0377963 4.8742e-05 0
95 0.243447 0.000732762 0.0592731 0.000285731 0.0367348 5.42568e-05 0.2
96 0.130146 0.000652205 0.0169724 0.000147543 0.0409477 4.72489e-05 -0.6
97 0.160355 0.000673995 0.0257463 0.000185237 0.0397497 4.60285e-05 -0.4
98 0.16017 0.000675601 0.0257036 0.000185106 0.0397688 4.58889e-05 -0.4
99 0.188342 0.000698299 0.035516 0.000221196 0.0387942 4.68596e-05 -0.2
100 0.16032 0.000661503 0.0257494 0.00018224 0.0397857 4.6226e-05 -0.4
101 0.188489 0.000687737 0.035575 0.000218406 0.0387646 4.63041e-05 -0.2
102 0.188279 0.000689418 0.0355135 0.000218548 0.0387321 4.62518e-05 -0.2
103 0.215805 0.000713609 0.0466256 0.000254662 0.037707 4.97077e-05 0
104 0.160437 0.000657555 0.0257664 0.000180677 0.0397538 4.56696e-05 -0.4
105 0.18861 0.000682021 0.0355982 0.000215843 0.0386866 4.59702e-05 -0.2
106 0.188398 0.000685078 0.0355303 0.000215626 0.0387722 4.68131e-05 -0.2
107 0.215839 0.000711603 0.0466319 0.000252641 0.0377563 4.9812e-05 0
108 0.188581 0.000675849 0.0355973 0.000213887 0.0387473 4.75978e-05 -0.2
109 0.216002 0.000701664 0.0466949 0.000249017 0.0378123 4.99563e-05 0
110 0.215667 0.000706903 0.0465706 0.000250184 0.0378173 4.99053e-05 0
111 0.243465 0.000734818 0.0593244 0.000287714 0.0366504 5.20509e-05 0.2
112 0.160111 0.000666512 0.0256021 0.000181309 0.0397664 4.63017e-05 -0.4
113 0.188376 0.000689333 0.0354436 0.000217103 0.0386908 4.58561e-05 -0.2
114 0.18803 0.000691584 0.0353566 0.000217026 0.0387225 4.68278e-05 -0.2
115 0.215588 0.000714216 0.0464602 0.000253172 0.0377339 5.03822e-05 0
116 0.188286 0.00068296 0.0354444 0.000214546 0.0387533 4.59741e-05 -0.2
117 0.215814 0.000708336 0.0465484 0.000250642 0.0376808 4.87069e-05 0
118 0.21556 0.00070985 0.0464712 0.000250939 0.0376721 4.78952e-05 0
119 0.243388 0.00073694 0.0592298 0.000288963 0.0367226 5.39066e-05 0.2
120 0.188343 0.000678466 0.0354529 0.000212882 0.0388143 4.75903e-05 -0.2
121 0.215816 0.000701473 0.0465676 0.000247432 0.0377335 4.96499e-05 0
122 0.215618 0.000705748 0.0464901 0.000248271 0.0377116 5.11878e-05 0
123 0.24335 0.00073297 0.0592034 0.000286793 0.0366777 5.39569e-05 0.2
124 0.215756 0.000698662 0.0465535 0.000245468 0.0377443 4.86502e-05 0
125 0.243638 0.000725856 0.0593632 0.000283433 0.0367207 5.18957e-05 0.2
126 0.243264 0.000728824 0.0591651 0.000283611 0.0367443 5.31889e-05 0.2
127 0.272588 0.000756575 0.0743183 0.000325992 0.0355219 5.90409e-05 0.4
128 0.0952006 0.000633159 0.00907486 0.000103437 0.0425042 4.99497e-05 -0.8
129 0.130045 0.000662364 0.0169392 0.000150279 0.0409158 4.60458e-05 -0.6
130 0.129724 0.000667582 0.0168668 0.00015175 0.0409328 4.86394e-05 -0.6
131 0.160111 0.000686054 0.0256786 0.000189289 0.0397201 4.6014e-05 -0.4
132 0.129889 0.000651839 0.0169005 0.000147567 0.0409496 4.64906e-05 -0.6
133 0.160244 0.000674899 0.0257167 0.000185036 0.0397152 4.57064e-05 -0.4
134 0.159936 0.000676608 0.0256428 0.000187315 0.0397564 4.782e-05 -0.4
135 0.188263 0.000701897 0.035507 0.00022324 0.0387062 4.64137e-05 -0.2
136 0.13007 0.000651589 0.0169343 0.000146823 0.0408697 4.60935e-05 -0.6
137 0.160429 0.000673885 0.0257469 0.000184611 0.0397159 4.73194e-05 -0.4
138 0.160242 0.000674254 0.0257241 0.000186325 0.0397149 4.54872e-05 -0.4
139 0.188378 0.000697037 0.0355392 0.000221138 0.0387187 4.8353e-05 -0.2
140 0.160266 0.000667058 0.0257244 0.00018285 0.0398556 4.56016e-05 -0.4
141 0.188478 0.000690181 0.0355726 0.000217765 0.0387104 4.71625e-05 -0.2
142 0.188304 0.000692175 0.0355404 0.000218881 0.0387821 4.62374e-05 -0.2
143 0.215721 0.000715037 0.0466021 0.000254224 0.0376712 5.05939e-05 0
144 0.129571 0.00065834 0.0167487 0.000146329 0.0409014 4.62599e-05 -0.6
145 0.160082 0.000676485 0.0255998 0.000185193 0.0396828 4.67714e-05 -0.4
146 0.1598 0.000680965 0.0255138 0.000185851 0.0397268 4.6271e-05 -0.4
147 0.188121 0.000701071 0.0353846 0.000222446 0.0387651 4.6129e-05 -0.2
148 0.159949 0.000672815 0.025568 0.00018299 0.0397733 4.64708e-05 -0.4
149 0.188303 0.000694229 0.0354427 0.000218318 0.0387953 4.65052e-05 -0.2
150 0.187993 0.000695276 0.0353427 0.000219299 0.0387882 4.71537e-05 -0.2
151 0.215499 0.000718733 0.0464279 0.00025503 0.0377514 4.93817e-05 0
152 0.160132 0.00066922 0.0256047 0.000181906 0.0397775 4.61127e-05 -0.4
153 0.188402 0.000688141 0.0354514 0.000216546 0.0387303 4.66553e-05 -0.2
154 0.188116 0.000691445 0.0353678 0.000217465 0.038813 4.81623e-05 -0.2
155 0.215585 0.000714529 0.0464564 0.000253133 0.0377595 4.815e-05 0
156 0.188222 0.000685058 0.0354156 0.000214923 0.0386895 4.54275e-05 -0.2
157 0.215757 0.000707264 0.0465564 0.000250103 0.037807 5.02387e-05 0
158 0.215541 0.000709268 0.0464458 0.000251256 0.0377561 5.0802e-05 0
159 0.24332 0.000732991 0.0591981 0.000287737 0.0367177 5.35017e-05 0.2
160 0.129992 0.000655375 0.0169359 0.000149267 0.0408957 4.73655e-05 -0.6
161 0.160321 0.000678582 0.0257342 0.000187318 0.0397284 4.64326e-05 -0.4
162 0.160137 0.000680492 0.0257056 0.000188584 0.0397154 4.75989e-05 -0.4
163 0.188301 0.000701811 0.0354999 0.000224257 0.0387372 4.70202e-05 -0.2
164 0.160181 0.000668965 0.0257231 0.000185384 0.0397875 4.59735e-05 -0.4
165 0.188427 0.000691587 0.0355565 0.000220281 0.0387471 4.69465e-05 -0.2
166 0.188149 0.000694713 0.0354801 0.000220915 0.0387838 4.64339e-05 -0.2
167 0.215576 0.000717302 0.0465232 0.000256238 0.0377088 4.90726e-05 0
168 0.160455 0.000666175 0.0257831 0.000184212 0.0397006 4.58436e-05 -0.4
169 0.188621 0.000688125 0.0356052 0.000218198 0.0387022 4.52217e-05 -0.2
170 0.188283 0.000689299 0.0355019 0.000218896 0.0386658 4.79235e-05 -0.2
171 0.215608 0.000713871 0.0465364 0.000255046 0.0377755 4.96995e-05 0
172 0.188443 0.000682519 0.0355689 0.000216947 0.0387634 4.59728e-05 -0.2
173 0.215914 0.000708879 0.046666 0.00025235 0.0377356 4.98162e-05 0
174 0.215597 0.000710404 0.0465376 0.000252923 0.0377452 4.94191e-05 0
175 0.243323 0.000734983 0.0592863 0.000290039 0.0367219 5.20739e-05 0.2
176 0.159978 0.000671593 0.0255611 0.000183185 0.0398015 4.57957e-05 -0.4
177 0.188229 0.000693134 0.0354188 0.00021952 0.0387415 4.80028e-05 -0.2
178 0.188063 0.000694156 0.0353624 0.000219499 0.0387682 4.77081e-05 -0.2
179 0.215511 0.000719368 0.0464186 0.00025653 0.0377927 5.01043e-05 0
180 0.188115 0.000689436 0.035382 0.000217642 0.0387498 4.81783e-05 -0.2
181 0.215703 0.000712126 0.0465328 0.000252798 0.0377661 4.81014e-05 0
182 0.215419 0.000716416 0.0464156 0.00025479 0.0377628 4.91808e-05 0
183 0.243237 0.000738816 0.0591506 0.000291082 0.0367133 5.25315e-05 0.2
184 0.188355 0.000681162 0.0354473 0.000214849 0.0387103 4.56411e-05 -0.2
185 0.215806 0.000706707 0.0465377 0.000250682 0.0378598 4.95386e-05 0
186 0.215402 0.000709786 0.0463876 0.000251279 0.0377687 4.82961e-05 0
187 0.243111 0.000733662 0.0590884 0.000288351 0.0367508 5.27192e-05 0.2
188 0.21571 0.000703322 0.0465312 0.000248895 0.0378019 4.93819e-05 0
189 0.243562 0.000727758 0.0593334 0.000285906 0.0367413 5.21533e-05 0.2
190 0.243116 0.000733808 0.059113 0.000287097 0.0367229 5.30382e-05 0.2
191 0.272388 0.000756981 0.074215 0.000327523 0.0354902 6.0165e-05 0.4
192 0.129862 0.000656714 0.0169005 0.000147685 0.0409137 4.66037e-05 -0.6
193 0.160215 0.00067781 0.0256951 0.000184939 0.0397931 4.60662e-05 -0.4
194 0.15999 0.000681918 0.0256576 0.000186142 0.0397614 4.58277e-05 -0.4
195 0.188187 0.000699988 0.0354601 0.000220822 0.0387522 4.72264e-05 -0.2
196 0.160036 0.000669783 0.0256417 0.000182847 0.039736 4.6291e-05 -0.4
197 0.188282 0.000690917 0.0354926 0.000217463 0.0388312 4.56392e-05 -0.2
198 0.188112 0.000692897 0.0354594 0.000218686 0.0387936 4.65091e-05 -0.2
199 0.215645 0.000716407 0.0465658 0.000253581 0.037685 4.90879e-05 0
200 0.160262 0.000664748 0.0257134 0.000181626 0.0397864 4.54234e-05 -0.4
201 0.188426 0.000688101 0.0355262 0.000216013 0.0386467 4.74879e-05 -0.2
202 0.188216 0.000690576 0.0354649 0.00021679 0.0387224 4.72939e-05 -0.2
203 0.215591 0.000714313 0.0465324 0.000252362 0.0377645 5.06171e-05 0
204 0.188363 0.000681614 0.03553 0.000214192 0.0387457 4.80638e-05 -0.2
205 0.215887 0.000706618 0.0466382 0.00024845 0.0378103 4.8825e-05 0
206 0.215508 0.000710123 0.0464973 0.00025033 0.0377712 4.87042e-05 0
207 0.243222 0.000736605 0.0592091 0.000288041 0.0366575 5.28858e-05 0.2
208 0.15991 0.000672857 0.025542 0.000182505 0.0397138 4.57435e-05 -0.4
209 0.188149 0.000692841 0.0353791 0.000217027 0.0387395 4.61255e-05 -0.2
210 0.187919 0.000693801 0.0353077 0.000217408 0.03879 4.73227e-05 -0.2
211 0.215381 0.000718708 0.0463766 0.000253239 0.037766 5.11185e-05 0
212 0.18806 0.00068735 0.0353564 0.000215467 0.0387746 4.72884e-05 -0.2
213 0.215659 0.000712114 0.0465044 0.000250902 0.0377202 4.91739e-05 0
214 0.215403 0.00071376 0.0463903 0.000251045 0.0377293 4.83943e-05 0
215 0.243251 0.00073681 0.0591464 0.000288462 0.0367405 5.42287e-05 0.2
216 0.188187 0.000680751 0.0353752 0.000212853 0.0387117 4.59181e-05 -0.2
217 0.215626 0.00070684 0.0464709 0.000248391 0.0377839 4.91174e-05 0
218 0.215444 0.000708408 0.0463958 0.000248818 0.0377588 5.06218e-05 0
219 0.243189 0.000733592 0.0591182 0.00028588 0.0367347 5.22505e-05 0.2
220 0.215614 0.000702813 0.0464741 0.000246183 0.0377692 5.08983e-05 0
221 0.243397 0.000726674 0.0592277 0.000282528 0.0367363 5.17008e-05 0.2
222 0.243095 0.00072975 0.0590924 0.000283958 0.0366738 5.37461e-05 0.2
223 0.272405 0.000754881 0.0742066 0.000324768 0.0354966 5.93651e-05 0.4
224 0.160209 0.000670146 0.0257231 0.000184071 0.0398372 4.75428e-05 -0.4
225 0.188432 0.000692456 0.0355454 0.00021934 0.0387554 4.7269e-05 -0.2
226 0.18807 0.000694148 0.0354305 0.000219669 0.0387397 4.8248e-05 -0.2
227 0.215448 0.000716933 0.0464682 0.000254936 0.0377593 5.00869e-05 0
228 0.188326 0.000683618 0.0355281 0.000216052 0.0387622 4.77227e-05 -0.2
229 0.215813 0.000708075 0.0466258 0.000251875 0.0377645 4.82035e-05 0
230 0.215477 0.000712913 0.0464995 0.000253199 0.037754 5.02632e-05 0
231 0.243198 0.000736173 0.0592013 0.000289707 0.0367074 5.34267e-05 0.2
232 0.188368 0.000679055 0.0355226 0.000214616 0.0387478 4.8484e-05 -0.2
233 0.21579 0.000705543 0.0465923 0.00025084 0.0377342 4.93796e-05 0
234 0.215532 0.000707446 0.0464971 0.000250055 0.0377548 5.02119e-05 0
235 0.243289 0.000733697 0.0592408 0.000287464 0.0367396 5.4826e-05 0.2
236 0.215703 0.000701208 0.0465648 0.000248004 0.0377265 4.90766e-05 0
237 0.243472 0.000727491 0.0593403 0.000285111 0.0367084 5.2753e-05 0.2
238 0.243165 0.00073201 0.0591824 0.00028504 0.0367524 5.37676e-05 0.2
239 0.272355 0.00075991 0.0742363 0.000326869 0.0354594 6.02103e-05 0.4
240 0.188095 0.000684649 0.035359 0.000215111 0.0387605 4.69549e-05 -0.2
241 0.215603 0.000709589 0.0464503 0.000250748 0.0377858 4.87562e-05 0
242 0.215236 0.000711137 0.0463353 0.00025101 0.037808 4.97539e-05 0
243 0.243005 0.000737928 0.0590495 0.000289213 0.0367529 5.3419e-05 0.2
244 0.215574 0.000707756 0.0464605 0.00025005 0.037752 4.76283e-05 0
245 0.243408 0.000732231 0.0592367 0.000287347 0.0367815 5.23223e-05 0.2
246 0.242922 0.000736031 0.0590169 0.000287754 0.0367399 5.41518e-05 0.2
247 0.272155 0.000756938 0.0740625 0.000326753 0.0354803 5.96196e-05 0.4
248 0.215623 0.000699493 0.0464705 0.000245936 0.0377987 5.00334e-05 0
249 0.2434 0.000725133 0.0592242 0.000283472 0.0367274 5.37887e-05 0.2
250 0.242951 0.000728631 0.0590093 0.000283555 0.036704 5.22077e-05 0.2
251 0.272221 0.000754737 0.0740921 0.000324625 0.0354685 5.95441e-05 0.4
252 0.243233 0.000723697 0.0591675 0.00028219 0.036733 5.29614e-05 0.2
253 0.272573 0.000749904 0.0742935 0.000323106 0.035511 5.7989e-05 0.4
254 0.272231 0.000753107 0.0741311 0.000321967 0.0355593 5.84471e-05 0.4
255 0.304422 0.000775922 0.0926992 0.00036757 0.033883 6.89216e-05 0.6
256 0.0951861 0.000628897 0.00909117 0.000102651 0.0425 4.86591e-05 -0.8
257 0.129969 0.000659913 0.0169121 0.000148425 0.040839 4.47646e-05 -0.6
258 0.13003 0.000659912 0.0169535 0.000147758 0.0408672 4.65536e-05 -0.6
259 0.16027 0.000681821 0.0257185 0.00018719 0.0397234 4.64474e-05 -0.4
260 0.130003 0.000647874 0.0169394 0.000145758 0.0408441 4.6831e-05 -0.6
261 0.160333 0.000674165 0.0257494 0.000184756 0.0397481 4.62294e-05 -0.4
262 0.160066 0.000672443 0.0256604 0.00018469 0.0397319 4.57251e-05 -0.4
263 0.188317 0.000696023 0.0355079 0.0002207 0.0387614 4.75247e-05 -0.2
264 0.130171 0.000646469 0.0169645 0.000145142 0.0408975 4.64695e-05 -0.6
265 0.160554 0.00066846 0.0257903 0.000182818 0.0396886 4.54019e-05 -0.4
266 0.160244 0.000668294 0.0256914 0.000183087 0.039699 4.61687e-05 -0.4
267 0.188362 0.000692684 0.0355022 0.000218526 0.0386923 4.747e-05 -0.2
268 0.160435 0.00066052 0.0257684 0.000180703 0.0396961 4.63029e-05 -0.4
269 0.188614 0.000685273 0.0356004 0.000215864 0.0387468 4.79043e-05 -0.2
270 0.188383 0.000686131 0.035512 0.000216504 0.0387765 4.73224e-05 -0.2
271 0.215842 0.000711226 0.0466364 0.000251587 0.0376954 4.9956e-05 0
272 0.129677 0.000654761 0.0167927 0.000144274 0.0409454 4.53483e-05 -0.6
273 0.160147 0.00067506 0.0256171 0.000183327 0.0397149 4.61358e-05 -0.4
274 0.159971 0.000674612 0.0255586 0.000182973 0.0397005 4.74516e-05 -0.4
275 0.188207 0.000696703 0.0353789 0.000219114 0.0387694 4.66161e-05 -0.2
276 0.160039 0.000667622 0.0255884 0.000180094 0.0397643 4.44618e-05 -0.4
277 0.188309 0.000689682 0.0354341 0.000217036 0.0387077 4.72452e-05 -0.2
278 0.188142 0.000688856 0.0353988 0.000216797 0.0387306 4.76724e-05 -0.2
279 0.215651 0.000713415 0.046469 0.000252016 0.0377341 4.92487e-05 0
280 0.160265 0.000663371 0.0256205 0.000179614 0.0397731 4.4993e-05 -0.4
281 0.1885 0.000684152 0.0354909 0.000214273 0.0386966 4.69721e-05 -0.2
282 0.188157 0.000685991 0.0353671 0.00021557 0.0387224 4.67658e-05 -0.2
283 0.215584 0.000708692 0.0464489 0.000250263 0.0377337 4.97699e-05 0
284 0.188411 0.000678931 0.0354717 0.000212539 0.0387663 4.75182e-05 -0.2
285 0.215971 0.000703288 0.0466149 0.000247051 0.0377802 4.92577e-05 0
286 0.215581 0.000702674 0.0464412 0.000247103 0.0377103 4.7483e-05 0
287 0.243397 0.000731602 0.0592272 0.000284976 0.0366874 5.20109e-05 0.2
288 0.130187 0.000652409 0.0169818 0.000147216 0.0408419 4.58032e-05 -0.6
289 0.160409 0.000677139 0.0257427 0.000186172 0.0397104 4.58915e-05 -0.4
290 0.160229 0.000675983 0.0257118 0.000185492 0.0397967 4.63569e-05 -0.4
291 0.188373 0.000698851 0.0354918 0.000222175 0.0387512 4.66576e-05 -0.2
292 0.160261 0.000666421 0.0257364 0.000183281 0.0397959 4.63535e-05 -0.4
293 0.188457 0.000689285 0.0355226 0.000219231 0.0387976 4.73895e-05 -0.2
294 0.188331 0.000690352 0.0355071 0.000219599 0.0387525 4.70608e-05 -0.2
295 0.215765 0.000713996 0.0465806 0.000255676 0.0377532 4.94579e-05 0
296 0.160492 0.000663199 0.0257873 0.000181406 0.0397099 4.56637e-05 -0.4
297 0.188557 0.000686039 0.0355585 0.00021724 0.0387501 4.72709e-05 -0.2
298 0.188361 0.000686198 0.0355099 0.000216736 0.0386673 4.82138e-05 -0.2
299 0.215704 0.000709935 0.0465481 0.000252075 0.0377601 4.96449e-05 0
300 0.188622 0.000678241 0.0356036 0.000214593 0.038681 4.73458e-05 -0.2
301 0.216043 0.000704066 0.0467107 0.000249772 0.0377139 4.77236e-05 0
302 0.215626 0.000706767 0.0465392 0.000250447 0.0377543 4.98732e-05 0
303 0.243432 0.000732168 0.0592981 0.000287186 0.0367586 5.35925e-05 0.2
304 0.160173 0.000668895 0.0256214 0.000181537 0.0397334 4.60893e-05 -0.4
305 0.188379 0.000690462 0.0354257 0.000217904 0.0387325 4.61645e-05 -0.2
306 0.18811 0.000690999 0.0353611 0.000217447 0.0387453 4.63501e-05 -0.2
307 0.215555 0.000714717 0.0464086 0.000253999 0.0377555 4.69466e-05 0
308 0.188272 0.000684133 0.0354151 0.000215242 0.0387215 4.83142e-05 -0.2
309 0.215794 0.000709886 0.0465269 0.000251642 0.0377822 5.01007e-05 0
310 0.215534 0.000711815 0.0464286 0.000252065 0.0377242 4.94235e-05 0
311 0.243447 0.000735012 0.0592383 0.000289126 0.0367171 5.25086e-05 0.2
312 0.188343 0.000677689 0.0354197 0.00021286 0.0387265 4.69141e-05 -0.2
313 0.215757 0.000701311 0.0465039 0.000248115 0.0377637 4.92707e-05 0
314 0.215563 0.000705868 0.0464202 0.000248235 0.0377271 4.87588e-05 0
315 0.243374 0.00073138 0.059198 0.00028584 0.036666 5.21535e-05 0.2
316 0.215779 0.000698589 0.0465482 0.000246581 0.0377111 4.81281e-05 0
317 0.243634 0.000725956 0.059338 0.000283803 0.0367594 5.24528e-05 0.2
318 0.243249 0.000728971 0.0591668 0.000284036 0.0367305 5.29594e-05 0.2
319 0.272589 0.000752539 0.0742986 0.000323455 0.0356227 5.77774e-05 0.4
320 0.130035 0.000653812 0.0169595 0.000145778 0.0408805 4.66739e-05 -0.6
321 0.160315 0.000674808 0.0257407 0.000184207 0.0397791 4.49572e-05 -0.4
322 0.160055 0.000676014 0.0256463 0.000183244 0.0397131 4.59375e-05 -0.4
323 0.188201 0.000696072 0.035449 0.000218655 0.0387447 4.69227e-05 -0.2
324 0.160253 0.000662752 0.0257086 0.000180435 0.0397371 4.66584e-05 -0.4
325 0.188496 0.000687408 0.0355555 0.000216357 0.0388243 4.69027e-05 -0.2
326 0.188209 0.000688908 0.0354646 0.000216828 0.038757 4.74093e-05 -0.2
327 0.215679 0.000715108 0.0465334 0.000251807 0.0377252 4.8455e-05 0
328 0.160416 0.000661444 0.0257495 0.000179194 0.0397271 4.67849e-05 -0.4
329 0.188494 0.000685948 0.0355328 0.000214783 0.0387152 4.75334e-05 -0.2
330 0.188345 0.000685115 0.0354796 0.000214449 0.0387066 4.76729e-05 -0.2
331 0.215702 0.000711367 0.0465427 0.000249922 0.0377695 4.93475e-05 0
332 0.18843 0.000676677 0.0355369 0.000211679 0.0387295 4.61376e-05 -0.2
333 0.215842 0.000703244 0.04661 0.000247502 0.0376936 4.89413e-05 0
334 0.215694 0.000705812 0.0465467 0.000248897 0.0377152 4.90331e-05 0
335 0.243453 0.000732471 0.0592944 0.000284286 0.0367401 5.32852e-05 0.2
336 0.160007 0.000669493 0.0255677 0.000179867 0.0397259 4.58364e-05 -0.4
337 0.188265 0.000689054 0.0353904 0.000215647 0.0386894 4.75353e-05 -0.2
338 0.18798 0.00069132 0.0353103 0.000215646 0.0387078 4.69401e-05 -0.2
339 0.215435 0.000714394 0.0463537 0.000250734 0.037805 4.91581e-05 0
340 0.188222 0.000683956 0.0354011 0.000213593 0.0387157 4.77701e-05 -0.2
341 0.215805 0.000706546 0.0465435 0.000249126 0.0377175 4.92509e-05 0
342 0.215408 0.000707229 0.0463722 0.000248581 0.0377066 4.92367e-05 0
343 0.243262 0.000735462 0.0591295 0.000286035 0.0366584 5.37344e-05 0.2
344 0.188328 0.000678602 0.0354035 0.0002116 0.0387566 4.6692e-05 -0.2
345 0.215774 0.000702323 0.0465038 0.000245656 0.0377765 4.91504e-05 0
346 0.215463 0.000704211 0.0463642 0.000245408 0.0377646 4.93206e-05 0
347 0.243276 0.000730276 0.0591534 0.000282518 0.0366575 5.23785e-05 0.2
348 0.215679 0.000699139 0.0464732 0.000244024 0.037828 5.02636e-05 0
349 0.243486 0.000726764 0.0592622 0.000281545 0.0367832 5.33701e-05 0.2
350 0.243257 0.000727413 0.0591504 0.000280737 0.03672 5.3155e-05 0.2
351 0.272565 0.000751248 0.0742662 0.000320348 0.0354815 5.89968e-05 0.4
352 0.160208 0.000668451 0.0257038 0.000182458 0.0397422 4.59271e-05 -0.4
353 0.188358 0.000691463 0.0354901 0.000218375 0.0387441 4.58089e-05 -0.2
354 0.188171 0.000691159 0.035446 0.000217876 0.0387536 4.80309e-05 -0.2
355 0.215577 0.000713891 0.0464803 0.00025276 0.0377593 4.94495e-05 0
356 0.188387 0.000682721 0.0355282 0.000215733 0.0387423 4.71911e-05 -0.2
357 0.215881 0.000704628 0.0466141 0.000250586 0.0377604 4.91779e-05 0
358 0.215556 0.000711428 0.0465005 0.00025232 0.0377056 4.98886e-05 0
359 0.243277 0.000733314 0.0592136 0.000288263 0.0367541 5.51331e-05 0.2
360 0.188572 0.000674933 0.0355797 0.000212856 0.0386607 4.70436e-05 -0.2
361 0.21591 0.000701509 0.0465984 0.000248389 0.0377093 4.84466e-05 0
362 0.215562 0.00070503 0.046477 0.000248952 0.0377701 4.87177e-05 0
363 0.243243 0.000731997 0.0591859 0.000285282 0.0367045 5.39811e-05 0.2
364 0.215804 0.000698897 0.0465949 0.000246936 0.0377496 5.0016e-05 0
365 0.243563 0.000724394 0.0593638 0.000283532 0.0367151 5.49676e-05 0.2
366 0.243262 0.000729288 0.0592047 0.000284032 0.0367103 5.56355e-05 0.2
367 0.27253 0.000756071 0.074294 0.000324114 0.0354599 6.04226e-05 0.4
368 0.188175 0.000685001 0.0353636 0.000214433 0.0387434 4.70857e-05 -0.2
369 0.215659 0.00070728 0.0464524 0.000249407 0.0377755 4.94878e-05 0
370 0.215431 0.000709846 0.0463602 0.000249433 0.0377474 4.83947e-05 0
371 0.24323 0.000734928 0.0591003 0.000286421 0.0367925 5.27021e-05 0.2
372 0.215599 0.000702993 0.0464498 0.000247565 0.0377916 4.92129e-05 0
373 0.243468 0.000730132 0.0592338 0.000284794 0.0367216 5.3519e-05 0.2
374 0.243065 0.000731623 0.0590709 0.000284909 0.0367015 5.31259e-05 0.2
375 0.27245 0.000757325 0.0741976 0.000325096 0.035525 6.00468e-05 0.4
376 0.215665 0.000697918 0.0464609 0.000244824 0.0377886 5.07939e-05 0
377 0.243474 0.00072564 0.0592405 0.00028225 0.0366759 5.23915e-05 0.2
378 0.243021 0.00072596 0.0590247 0.000280668 0.036696 5.34369e-05 0.2
379 0.272383 0.000751761 0.0741614 0.000321322 0.0354662 5.93141e-05 0.4
380 0.243448 0.000722727 0.0592253 0.000280883 0.0366444 5.33681e-05 0.2
381 0.27276 0.000749441 0.0743808 0.00032182 0.0354653 5.85655e-05 0.4
382 0.272373 0.000752153 0.0741557 0.000320114 0.0355659 5.89483e-05 0.4
383 0.304664 0.000775527 0.0928103 0.00036505 0.033917 6.56866e-05 0.6
384 0.129833 0.000654012 0.0168899 0.00014587 0.0407134 4.60234e-05 -0.6
385 0.160165 0.0006773 0.0256734 0.000185062 0.0398324 4.69278e-05 -0.4
386 0.159983 0.000680409 0.0256411 0.000185608 0.0397056 4.67778e-05 -0.4
387 0.188202 0.000700161 0.0354527 0.00022098 0.0387379 4.66378e-05 -0.2
388 0.160006 0.000669344 0.0256431 0.00018271 0.03975 4.63596e-05 -0.4
389 0.188297 0.000692424 0.035494 0.0002184 0.0386974 4.70421e-05 -0.2
390 0.188119 0.00069271 0.0354408 0.000219036 0.0387046 4.66396e-05 -0.2
391 0.215602 0.000717033 0.0465145 0.000254306 0.0377756 4.97386e-05 0
392 0.160292 0.000666985 0.0257257 0.000181086 0.039646 4.50634e-05 -0.4
393 0.188472 0.000689624 0.035535 0.000216729 0.0386876 4.72718e-05 -0.2
394 0.18821 0.000688989 0.0354492 0.00021713 0.0387199 4.76719e-05 -0.2
395 0.215537 0.000713309 0.0464888 0.000252136 0.0377892 4.93084e-05 0
396 0.188397 0.000685064 0.0355293 0.000215233 0.038643 4.61643e-05 -0.2
397 0.215904 0.000706685 0.0466471 0.000249658 0.0378095 5.05164e-05 0
398 0.215464 0.000709629 0.0464737 0.000250148 0.0376888 4.82835e-05 0
399 0.243218 0.000732934 0.0591962 0.000286896 0.0367297 5.43632e-05 0.2
400 0.159953 0.000672752 0.0255511 0.000181909 0.0397047 4.66562e-05 -0.4
401 0.188223 0.00069569 0.035372 0.000217601 0.0387144 4.74672e-05 -0.2
402 0.187923 0.000694433 0.0352689 0.000217845 0.0387256 4.71315e-05 -0.2
403 0.215424 0.000717018 0.0463703 0.000253094 0.0377159 4.90328e-05 0
404 0.188095 0.000689837 0.0353601 0.000215398 0.0387652 4.75173e-05 -0.2
405 0.215666 0.00071163 0.0464749 0.000251215 0.0378046 4.89535e-05 0
406 0.215393 0.000712365 0.0463802 0.000251625 0.0378118 4.95792e-05 0
407 0.243276 0.000735965 0.0591455 0.000287939 0.0367168 5.41143e-05 0.2
408 0.188146 0.000683898 0.0353491 0.00021334 0.0387442 4.66642e-05 -0.2
409 0.215633 0.000706132 0.046432 0.000247532 0.037757 5.07293e-05 0
410 0.215414 0.000708993 0.0463681 0.000249109 0.0377669 4.88232e-05 0
411 0.243174 0.000729981 0.0591088 0.000284542 0.0367286 5.31539e-05 0.2
412 0.215622 0.00070295 0.0464714 0.000247192 0.0377062 4.9749e-05 0
413 0.24349 0.000728175 0.0592495 0.000282609 0.0367266 5.28126e-05 0.2
414 0.243114 0.000729135 0.0590748 0.000283383 0.0367242 5.30907e-05 0.2
415 0.272386 0.000751546 0.074186 0.000322011 0.0355241 6.00064e-05 0.4
416 0.160208 0.000671905 0.025717 0.000183897 0.0397501 4.54233e-05 -0.4
417 0.188427 0.000694572 0.0355114 0.000220318 0.038722 4.79218e-05 -0.2
418 0.18807 0.000695188 0.0354141 0.000220368 0.0387372 4.79467e-05 -0.2
419 0.215477 0.000717143 0.0464579 0.000255655 0.0377385 4.93007e-05 0
420 0.188285 0.000687441 0.0354962 0.000218005 0.0387022 4.67711e-05 -0.2
421 0.215736 0.000711401 0.0465803 0.000253641 0.0377765 5.01998e-05 0
422 0.215434 0.000715796 0.0464601 0.000254053 0.0377494 4.96631e-05 0
423 0.243222 0.000735372 0.0591923 0.000289913 0.0367217 5.23217e-05 0.2
424 0.188399 0.0006822 0.0355106 0.000215362 0.0387533 4.75088e-05 -0.2
425 0.215765 0.000705373 0.0465576 0.000250705 0.0378532 5.10439e-05 0
426 0.21551 0.000708426 0.0464657 0.000251514 0.0377118 4.88726e-05 0
427 0.243206 0.000732559 0.0591756 0.000287316 0.0367256 5.35925e-05 0.2
428 0.215692 0.000702077 0.0465504 0.000248494 0.0377411 4.88631e-05 0
429 0.243462 0.00072759 0.0593211 0.000285326 0.0367341 5.29393e-05 0.2
430 0.243136 0.000730481 0.0591454 0.00028593 0.036706 5.32997e-05 0.2
431 0.272363 0.000757013 0.0742468 0.000325781 0.0354867 5.96169e-05 0.4
432 0.188134 0.000689676 0.0353729 0.000216759 0.0387636 4.54207e-05 -0.2
433 0.215626 0.000712161 0.046444 0.000252673 0.0378299 4.78631e-05 0
434 0.215264 0.000712939 0.0463129 0.00025257 0.0377762 5.01792e-05 0
435 0.243021 0.000734744 0.0590129 0.000288522 0.0367538 5.24778e-05 0.2
436 0.215559 0.00070858 0.0464448 0.000250173 0.0377274 4.86656e-05 0
437 0.243445 0.000732492 0.0592263 0.000287462 0.0367022 5.33255e-05 0.2
438 0.24301 0.000736588 0.059037 0.000287964 0.0367058 5.43446e-05 0.2
439 0.27223 0.000757679 0.0740994 0.000326721 0.0355128 5.89638e-05 0.4
440 0.215557 0.00070117 0.0464244 0.000246941 0.0377492 4.88771e-05 0
441 0.243364 0.000727467 0.0591919 0.000285089 0.0366953 5.38639e-05 0.2
442 0.243019 0.000729529 0.0590117 0.000284312 0.0367129 5.36221e-05 0.2
443 0.272259 0.00075249 0.074108 0.000322884 0.0355136 6.03591e-05 0.4
444 0.243297 0.000726072 0.059179 0.000282699 0.036692 5.3371e-05 0.2
445 0.272579 0.00075082 0.0742806 0.000323218 0.0355234 5.9141e-05 0.4
446 0.272264 0.0007534 0.0741203 0.000323132 0.0355237 5.89502e-05 0.4
447 0.304416 0.000773621 0.0926552 0.0003646 0.0339323 6.71081e-05 0.6
448 0.159998 0.000672732 0.025629 0.000182165 0.039724 4.70721e-05 -0.4
449 0.18823 0.000693565 0.035431 0.00021727 0.0387302 4.74905e-05 -0.2
450 0.187965 0.000692119 0.0353737 0.000217203 0.0387377 4.83935e-05 -0.2
451 0.215373 0.000716418 0.0464128 0.000252533 0.0377353 5.03056e-05 0
452 0.188169 0.000685532 0.0354419 0.000215511 0.0387309 4.74274e-05 -0.2
453 0.215716 0.000710176 0.0465394 0.000250411 0.0378617 5.02104e-05 0
454 0.215322 0.000710909 0.0463955 0.000250849 0.0378064 5.03974e-05 0
455 0.24311 0.000736606 0.0591307 0.000287115 0.0367181 5.35431e-05 0.2
456 0.188299 0.000681361 0.0354487 0.000213059 0.0387031 4.79749e-05 -0.2
457 0.215718 0.000707146 0.0465413 0.000248585 0.0377455 4.87181e-05 0
458 0.215348 0.000706587 0.0463913 0.000248095 0.0377191 5.04463e-05 0
459 0.243064 0.000732709 0.0590829 0.000283745 0.0366844 5.34099e-05 0.2
460 0.215638 0.000700963 0.0465211 0.000246209 0.0377534 5.0159e-05 0
461 0.243385 0.000727472 0.059258 0.000283273 0.0367111 5.41035e-05 0.2
462 0.243071 0.000730532 0.0591129 0.000283502 0.0366747 5.37939e-05 0.2
463 0.272292 0.000754714 0.0741878 0.000322185 0.035448 5.99964e-05 0.4
464 0.187926 0.000686878 0.035258 0.000213831 0.0387465 4.73068e-05 -0.2
465 0.215464 0.000710146 0.0463553 0.000249202 0.0377763 4.88159e-05 0
466 0.215205 0.000712161 0.0462744 0.000249622 0.0377816 5.02812e-05 0
467 0.243033 0.000735009 0.0590177 0.000285427 0.0367051 5.36272e-05 0.2
468 0.215428 0.000707159 0.0463662 0.000248253 0.0377264 4.86197e-05 0
469 0.243333 0.00073173 0.0591471 0.000284436 0.0367103 5.36181e-05 0.2
470 0.242958 0.000731961 0.0589939 0.000284062 0.0367646 5.30601e-05 0.2
471 0.272195 0.000754232 0.0740198 0.000322159 0.0354586 5.90637e-05 0.4
472 0.215521 0.000700434 0.0463826 0.000244781 0.0376886 4.8934e-05 0
473 0.243305 0.000724408 0.0591639 0.000280056 0.0367129 5.39625e-05 0.2
474 0.242868 0.0007284 0.0589518 0.000281432 0.0367264 5.41403e-05 0.2
475 0.272141 0.000752264 0.0740072 0.000319635 0.0354989 5.84281e-05 0.4
476 0.243229 0.000722955 0.0591357 0.000279911 0.0367003 5.3086e-05 0.2
477 0.272558 0.000747603 0.0742634 0.000319374 0.0354816 5.94128e-05 0.4
478 0.272203 0.000749801 0.0740783 0.000318426 0.0354765 5.96375e-05 0.4
479 0.304375 0.000771476 0.0926125 0.00036178 0.0339768 6.67516e-05 0.6
480 0.188169 0.000686128 0.0354232 0.000216061 0.0386964 4.6639e-05 -0.2
481 0.21563 0.000708011 0.0464932 0.000251513 0.0377171 4.99122e-05 0
482 0.215265 0.000713486 0.046377 0.000251928 0.0377368 5.03067e-05 0
483 0.243057 0.000737407 0.0591044 0.00028922 0.036712 5.24008e-05 0.2
484 0.215521 0.000704441 0.0464786 0.000249854 0.0377793 4.78212e-05 0
485 0.243295 0.000731079 0.0592148 0.000287441 0.0367388 5.34947e-05 0.2
486 0.242996 0.000734527 0.0590699 0.000286531 0.0367427 5.48483e-05 0.2
487 0.272189 0.000759913 0.0741227 0.00032658 0.0354234 6.11685e-05 0.4
488 0.215618 0.000699372 0.0465055 0.000247164 0.03778 5.12126e-05 0
489 0.243314 0.000726935 0.0592125 0.000284248 0.0366737 5.41208e-05 0.2
490 0.242945 0.00072752 0.0590503 0.000282975 0.0367097 5.30684e-05 0.2
491 0.272139 0.00075469 0.0740856 0.00032319 0.0354784 5.79206e-05 0.4
492 0.243269 0.000724681 0.0592153 0.000282375 0.036671 5.42828e-05 0.2
493 0.272538 0.000749756 0.0743062 0.000322142 0.0354906 5.96291e-05 0.4
494 0.272109 0.000755258 0.074085 0.000321697 0.0354491 5.91997e-05 0.4
495 0.304133 0.000775354 0.0925237 0.000363671 0.0339461 6.74384e-05 0.6
496 0.215403 0.000706666 0.0463551 0.000248638 0.0377349 4.98571e-05 0
497 0.24318 0.00073157 0.0591028 0.000285904 0.0367332 5.34848e-05 0.2
498 0.242836 0.000732625 0.058947 0.000284825 0.036651 5.36683e-05 0.2
499 0.27209 0.000754778 0.0739955 0.000323173 0.0355444 5.94785e-05 0.4
500 0.243162 0.000730537 0.0591087 0.000285186 0.0367664 5.37383e-05 0.2
501 0.272364 0.000751659 0.0741606 0.000323751 0.0355059 5.81395e-05 0.4
502 0.272084 0.00075428 0.0740036 0.000322576 0.0355342 6.01871e-05 0.4
503 0.304193 0.000772943 0.0924993 0.000364385 0.0339175 6.81804e-05 0.6
504 0.243125 0.00072098 0.0590513 0.000279576 0.0367105 5.24498e-05 0.2
505 0.272348 0.000747227 0.0741438 0.000320195 0.0355299 5.91169e-05 0.4
506 0.271964 0.000749352 0.0739461 0.000318152 0.0354439 5.59548e-05 0.4
507 0.304143 0.00077126 0.0924712 0.000361616 0.0339442 6.72198e-05 0.6
508 0.272352 0.000746475 0.0741442 0.000318114 0.0355271 5.95597e-05 0.4
509 0.304481 0.000770335 0.0926913 0.000362982 0.0339404 6.70828e-05 0.6
510 0.30417 0.000772645 0.0924985 0.000361196 0.0339211 6.73857e-05 0.6
511 0.340635 0.000775644 0.116008 0.000400537 0.0316994 7.63666e-05 0.8
512 0.0955028 0.000625966 0.00914634 0.000103866 0.0423691 4.75212e-05 -0.8
513 0.130311 0.000663189 0.0170019 0.000151145 0.0408281 4.60463e-05 -0.6
514 0.130172 0.00066563 0.0170153 0.000150745 0.0408367 4.63015e-05 -0.6
515 0.160366 0.00068655 0.0257774 0.000189121 0.0397307 4.60068e-05 -0.4
516 0.13018 0.000651424 0.016989 0.000148672 0.040847 4.65199e-05 -0.6
517 0.160488 0.000672814 0.0258083 0.000186049 0.0397545 4.4901e-05 -0.4
518 0.160325 0.000677496 0.0257972 0.000187288 0.0396492 4.64529e-05 -0.4
519 0.188491 0.000699947 0.0356008 0.000223291 0.038807 4.67357e-05 -0.2
520 0.130336 0.000650067 0.0170095 0.00014763 0.0408749 4.54493e-05 -0.6
521 0.160634 0.000676776 0.0258204 0.000185925 0.0397138 4.49648e-05 -0.4
522 0.160457 0.000677546 0.0257862 0.000186436 0.0397339 4.7204e-05 -0.4
523 0.1886 0.000698982 0.0356089 0.00022162 0.0387278 4.75015e-05 -0.2
524 0.160562 0.000664286 0.0258142 0.000183515 0.0397228 4.59528e-05 -0.4
525 0.188697 0.000691337 0.0356472 0.000218956 0.038689 4.71017e-05 -0.2
526 0.18845 0.000692401 0.0355789 0.000220246 0.0387404 4.69788e-05 -0.2
527 0.215852 0.00071736 0.0466458 0.000255275 0.037697 5.02658e-05 0
528 0.129855 0.000655925 0.0168584 0.000147432 0.0408511 4.67725e-05 -0.6
529 0.160318 0.000678142 0.025679 0.000185886 0.0397747 4.46933e-05 -0.4
530 0.160086 0.000679588 0.0256133 0.000185754 0.0397633 4.62025e-05 -0.4
531 0.188287 0.000700593 0.03544 0.000221789 0.0387894 4.74235e-05 -0.2
532 0.160175 0.000669823 0.0256557 0.000183205 0.0396954 4.6766e-05 -0.4
533 0.18854 0.000692826 0.0355296 0.000219025 0.0387616 4.64482e-05 -0.2
534 0.18822 0.000694746 0.0354489 0.000219792 0.0388129 4.8443e-05 -0.2
535 0.215741 0.000717039 0.0465534 0.000254853 0.0377761 5.14439e-05 0
536 0.160377 0.000668905 0.025693 0.000182716 0.0397138 4.35741e-05 -0.4
537 0.188519 0.000691817 0.0355071 0.000217137 0.0387094 4.71265e-05 -0.2
538 0.188309 0.000693798 0.0354685 0.000218489 0.0386838 4.812e-05 -0.2
539 0.215759 0.000714425 0.0465502 0.000253447 0.0378255 5.02007e-05 0
540 0.188425 0.000683136 0.0355052 0.000215003 0.0387098 4.63527e-05 -0.2
541 0.215935 0.000710142 0.0466318 0.00025119 0.0377815 5.07918e-05 0
542 0.215612 0.000709992 0.046494 0.000250775 0.0377741 4.92677e-05 0
543 0.243561 0.000733785 0.0593449 0.000288325 0.0368039 5.32767e-05 0.2
544 0.130369 0.000651065 0.017041 0.000149 0.0408661 4.51762e-05 -0.6
545 0.160514 0.000676003 0.0257731 0.000187486 0.0397372 4.57931e-05 -0.4
546 0.160362 0.000679389 0.0257813 0.000187257 0.0397357 4.60615e-05 -0.4
547 0.188435 0.000701745 0.035543 0.000223885 0.0387558 4.73216e-05 -0.2
548 0.160549 0.000667007 0.0258311 0.00018464 0.0397433 4.48307e-05 -0.4
549 0.188692 0.000692146 0.0356522 0.000221224 0.0387204 4.67372e-05 -0.2
550 0.188381 0.000695929 0.0355664 0.000222129 0.0387241 4.79589e-05 -0.2
551 0.21576 0.00071933 0.0465929 0.000257789 0.0378059 4.98266e-05 0
552 0.160633 0.000664435 0.0258272 0.000183457 0.0396855 4.58853e-05 -0.4
553 0.188809 0.00068956 0.0356667 0.000220148 0.0387098 4.60561e-05 -0.2
554 0.188517 0.000690026 0.0355867 0.000219143 0.0387625 4.55837e-05 -0.2
555 0.215869 0.000715249 0.0466624 0.000255658 0.0377459 4.89237e-05 0
556 0.18865 0.000681354 0.0356272 0.000216466 0.0387677 4.75712e-05 -0.2
557 0.216062 0.000707394 0.0467487 0.000252844 0.0378028 4.90611e-05 0
558 0.215749 0.000713438 0.0466084 0.000253557 0.0378091 4.93634e-05 0
559 0.243608 0.000737083 0.0594017 0.000291085 0.0366523 5.33574e-05 0.2
560 0.160301 0.000669857 0.0256783 0.000183208 0.0396828 4.41023e-05 -0.4
561 0.188415 0.000691796 0.0354696 0.000219388 0.0387453 4.72026e-05 -0.2
562 0.188202 0.000694264 0.0354216 0.000219347 0.0387872 4.69574e-05 -0.2
563 0.215752 0.000716147 0.0465544 0.000255948 0.0377608 4.91521e-05 0
564 0.188395 0.00068603 0.0355061 0.000217279 0.0387139 4.65028e-05 -0.2
565 0.215914 0.000711065 0.0466219 0.000253571 0.0377605 4.77408e-05 0
566 0.215568 0.000715751 0.0464981 0.000254606 0.0377253 4.86557e-05 0
567 0.243436 0.000740653 0.059272 0.000292283 0.0367974 5.24725e-05 0.2
568 0.188514 0.000682477 0.0355061 0.000214975 0.0387647 4.66376e-05 -0.2
569 0.215949 0.000707564 0.0466042 0.000251834 0.0377445 4.91715e-05 0
570 0.215637 0.000708462 0.0464824 0.000250623 0.0377058 4.8356e-05 0
571 0.243363 0.000734052 0.0592279 0.00028908 0.0366514 5.29168e-05 0.2
572 0.215828 0.000702766 0.0465993 0.000248801 0.0378118 4.89723e-05 0
573 0.243779 0.000730977 0.0594383 0.000287918 0.0366744 5.23203e-05 0.2
574 0.243375 0.000732936 0.059256 0.000287255 0.0367179 5.38944e-05 0.2
575 0.272732 0.00075905 0.0744101 0.000330032 0.0355123 5.72167e-05 0.4
576 0.130219 0.000652699 0.0169791 0.000147609 0.0408807 4.59423e-05 -0.6
577 0.160406 0.000677981 0.0257497 0.000185543 0.0396884 4.51528e-05 -0.4
578 0.160242 0.00067919 0.0257238 0.000185896 0.0397546 4.68403e-05 -0.4
579 0.188441 0.000700719 0.0355451 0.000221061 0.0387389 4.60656e-05 -0.2
580 0.160413 0.000665627 0.0257874 0.000183059 0.0396414 4.63344e-05 -0.4
581 0.188535 0.000690312 0.0355753 0.000218294 0.0387382 4.63793e-05 -0.2
582 0.18826 0.000692273 0.0355121 0.000219676 0.038668 4.74718e-05 -0.2
583 0.215831 0.000717652 0.0466428 0.000254841 0.0377519 4.97538e-05 0
584 0.160507 0.000663725 0.0257896 0.0001816 0.0396839 4.66694e-05 -0.4
585 0.18861 0.000689281 0.0355925 0.000216743 0.038735 4.79038e-05 -0.2
586 0.188373 0.000691403 0.035539 0.000217689 0.0387166 4.7181e-05 -0.2
587 0.21572 0.000716405 0.04656 0.000253225 0.0377364 4.9832e-05 0
588 0.188605 0.000681008 0.0356175 0.000215386 0.0386866 4.57912e-05 -0.2
589 0.216081 0.000709239 0.0467435 0.000250691 0.0377086 5.05798e-05 0
590 0.215731 0.00071195 0.0465832 0.000251817 0.037728 4.89466e-05 0
591 0.243434 0.000735831 0.0593053 0.000288131 0.0367545 5.36729e-05 0.2
592 0.160153 0.000669881 0.025621 0.000181552 0.0397693 4.65021e-05 -0.4
593 0.188416 0.000692326 0.0354679 0.00021673 0.0387383 4.6421e-05 -0.2
594 0.188118 0.000693403 0.0353735 0.000217276 0.0387971 4.59348e-05 -0.2
595 0.215604 0.000717818 0.0464544 0.00025323 0.0377427 4.85318e-05 0
596 0.188307 0.00068491 0.0354687 0.000215393 0.0387572 4.68059e-05 -0.2
597 0.215826 0.000712251 0.0465581 0.000251595 0.0377803 4.91521e-05 0
598 0.21556 0.000713183 0.0464597 0.000251805 0.0377916 4.96433e-05 0
599 0.243416 0.000737812 0.0592394 0.00028877 0.036768 5.27016e-05 0.2
600 0.188435 0.000683185 0.0354763 0.000214036 0.0387039 4.73851e-05 -0.2
601 0.215779 0.000706885 0.0465411 0.000247828 0.0377483 4.91996e-05 0
602 0.215532 0.00070715 0.046453 0.000248858 0.0377051 4.99296e-05 0
603 0.243311 0.000733855 0.059184 0.000285983 0.0366017 5.40814e-05 0.2
604 0.215795 0.000702922 0.0465565 0.000246614 0.0377726 4.83106e-05 0
605 0.24362 0.000729521 0.0593529 0.00028439 0.0367406 5.33292e-05 0.2
606 0.243301 0.000731106 0.0591884 0.000284569 0.0367135 5.33154e-05 0.2
607 0.27262 0.000753623 0.0743281 0.000324098 0.0354912 5.8031e-05 0.4
608 0.160396 0.000669951 0.0257702 0.000184332 0.0397533 4.63315e-05 -0.4
609 0.188558 0.000691778 0.0355739 0.000219588 0.038768 4.80961e-05 -0.2
610 0.188338 0.000694244 0.0355021 0.000219469 0.0387369 4.69514e-05 -0.2
611 0.215675 0.000718048 0.0465447 0.000255529 0.0377199 4.99268e-05 0
612 0.188466 0.00068269 0.0355752 0.000217016 0.0387741 4.651e-05 -0.2
613 0.215981 0.000711161 0.0466718 0.00025406 0.0378071 4.90481e-05 0
614 0.215668 0.000715682 0.0465639 0.000253988 0.0377619 4.8597e-05 0
615 0.243495 0.000738082 0.059341 0.000291493 0.0367689 5.35664e-05 0.2
616 0.188587 0.000678806 0.0355727 0.000214512 0.0387363 4.74412e-05 -0.2
617 0.215937 0.000705563 0.0466533 0.000251134 0.0377484 4.8385e-05 0
618 0.215647 0.000707917 0.0465466 0.000250383 0.0377133 4.93719e-05 0
619 0.24341 0.000734001 0.0592909 0.00028817 0.0366497 5.29185e-05 0.2
620 0.215966 0.000701283 0.0466851 0.000248333 0.0377719 4.92299e-05 0
621 0.243661 0.000730398 0.0594032 0.000286828 0.0367061 5.32447e-05 0.2
622 0.243307 0.000731952 0.0592546 0.000286987 0.0367524 5.29955e-05 0.2
623 0.27264 0.000761231 0.0743818 0.000328816 0.0355563 5.92324e-05 0.4
624 0.188359 0.000683296 0.0354494 0.000215152 0.0387942 4.72182e-05 -0.2
625 0.215809 0.000709559 0.0465642 0.000251183 0.037832 4.90362e-05 0
626 0.215439 0.000711753 0.0463972 0.000251458 0.0377718 4.89031e-05 0
627 0.243197 0.000736325 0.0591412 0.000289172 0.036793 5.26556e-05 0.2
628 0.215706 0.000705382 0.0465209 0.000249291 0.0378194 4.90793e-05 0
629 0.243658 0.00073299 0.059368 0.000287822 0.0366926 5.14236e-05 0.2
630 0.243254 0.000735886 0.0591759 0.000288357 0.0366776 5.15359e-05 0.2
631 0.272534 0.000760646 0.0742808 0.000329713 0.0355166 5.96135e-05 0.4
632 0.215755 0.00069868 0.046512 0.000246068 0.0377691 4.76242e-05 0
633 0.243542 0.000726795 0.0592943 0.000284607 0.0367541 5.24642e-05 0.2
634 0.243134 0.000728984 0.0590958 0.000283745 0.0367261 5.20208e-05 0.2
635 0.272524 0.000754621 0.0742489 0.000324923 0.0354964 5.79441e-05 0.4
636 0.2435 0.000725491 0.0592852 0.000283414 0.0367152 5.24386e-05 0.2
637 0.272808 0.000750879 0.0744221 0.00032503 0.0354955 5.97821e-05 0.4
638 0.27243 0.000755108 0.0742133 0.000324098 0.035492 5.75886e-05 0.4
639 0.304832 0.000774966 0.0929318 0.000369236 0.033909 6.63789e-05 0.6
640 0.13006 0.000656216 0.0169605 0.000149391 0.0409072 4.63513e-05 -0.6
641 0.160317 0.000679653 0.0257362 0.000187538 0.039726 4.58364e-05 -0.4
642 0.160083 0.000683836 0.0257049 0.00018894 0.0397581 4.6695e-05 -0.4
643 0.188335 0.000705101 0.035537 0.000224197 0.0387513 4.69983e-05 -0.2
644 0.160241 0.000670831 0.0257441 0.00018497 0.0397827 4.70637e-05 -0.4
645 0.188519 0.000696443 0.0355987 0.000221012 0.0387264 4.6266e-05 -0.2
646 0.188263 0.00069943 0.0355296 0.000222485 0.0386959 4.77035e-05 -0.2
647 0.215608 0.000722173 0.046543 0.000257544 0.0377924 4.9424e-05 0
648 0.160434 0.000669467 0.0257697 0.000183796 0.0397504 4.7197e-05 -0.4
649 0.18865 0.000694563 0.0356292 0.000219467 0.0387429 4.87273e-05 -0.2
650 0.188304 0.000696989 0.0355194 0.000220864 0.0387374 4.78755e-05 -0.2
651 0.215611 0.000719585 0.0465492 0.000255476 0.037811 5.04094e-05 0
652 0.188411 0.000687943 0.0355701 0.000217551 0.038733 4.66684e-05 -0.2
653 0.21591 0.000713273 0.0466687 0.000252885 0.0377662 4.919e-05 0
654 0.215567 0.000715463 0.0465413 0.000254551 0.037758 5.08706e-05 0
655 0.243368 0.000738404 0.0592978 0.000290136 0.036717 5.34976e-05 0.2
656 0.160106 0.000674615 0.0256228 0.000184205 0.0396795 4.56221e-05 -0.4
657 0.18828 0.000697529 0.0354119 0.000220336 0.0387975 4.73795e-05 -0.2
658 0.188025 0.000697998 0.0353682 0.000219715 0.0387247 4.67543e-05 -0.2
659 0.215585 0.000722994 0.0464542 0.000256584 0.0378241 5.13016e-05 0
660 0.188223 0.000690593 0.0354338 0.000217302 0.0387591 4.6575e-05 -0.2
661 0.215707 0.00071471 0.0465281 0.000252824 0.0378019 4.97038e-05 0
662 0.215417 0.000713316 0.0464359 0.000253533 0.0377833 4.89369e-05 0
663 0.243214 0.000739797 0.0591568 0.000291433 0.0367237 5.46176e-05 0.2
664 0.188305 0.000686036 0.0354435 0.000215945 0.0387443 4.82011e-05 -0.2
665 0.215801 0.000713146 0.0465389 0.000251581 0.037801 4.79217e-05 0
666 0.215505 0.000711939 0.0464319 0.000251352 0.0377314 4.90666e-05 0
667 0.243151 0.000734181 0.0591158 0.000287776 0.0367317 5.36058e-05 0.2
668 0.215618 0.000704857 0.0464962 0.00024837 0.0377462 4.81514e-05 0
669 0.243547 0.000731321 0.0593292 0.000286388 0.0367309 5.22491e-05 0.2
670 0.243156 0.000733852 0.0591284 0.000286298 0.0367771 5.26372e-05 0.2
671 0.272465 0.000755255 0.07425 0.000326017 0.0355016 6.03739e-05 0.4
672 0.160385 0.000671044 0.0257848 0.000185942 0.0397209 4.58552e-05 -0.4
673 0.188483 0.000694296 0.0355724 0.000221322 0.0387594 4.74887e-05 -0.2
674 0.188211 0.000696771 0.0354988 0.000222076 0.0387742 4.77627e-05 -0.2
675 0.215653 0.000720671 0.0465704 0.000258278 0.0377647 4.94102e-05 0
676 0.18845 0.000688633 0.0355908 0.00021954 0.038835 4.76537e-05 -0.2
677 0.215849 0.000714943 0.046644 0.000255847 0.0378167 4.89333e-05 0
678 0.215502 0.000715995 0.0465304 0.000255393 0.0377658 4.90235e-05 0
679 0.243294 0.00074156 0.0592667 0.000293656 0.0367078 5.28741e-05 0.2
680 0.188545 0.000685368 0.0356008 0.000217659 0.0387377 4.66229e-05 -0.2
681 0.215886 0.000708893 0.0466368 0.000253658 0.0377493 5.02946e-05 0
682 0.215557 0.000712218 0.0465336 0.000253225 0.0377319 4.78279e-05 0
683 0.243191 0.000737258 0.0591905 0.000290687 0.0367285 5.22927e-05 0.2
684 0.215779 0.00070604 0.0466244 0.000251331 0.0377636 4.92438e-05 0
685 0.243587 0.00073151 0.0593973 0.000288677 0.0367571 5.37287e-05 0.2
686 0.243212 0.00073404 0.0592099 0.000288314 0.0367142 5.40143e-05 0.2
687 0.272382 0.000759979 0.0742723 0.000329225 0.0354826 5.87915e-05 0.4
688 0.188235 0.000686467 0.0354168 0.000216682 0.0386785 4.68692e-05 -0.2
689 0.2157 0.000713574 0.0465179 0.0002538 0.0377707 4.88761e-05 0
690 0.215396 0.000714991 0.0464104 0.000253487 0.0378074 4.89473e-05 0
691 0.24314 0.000737466 0.0591255 0.000291268 0.0366686 5.294e-05 0.2
692 0.215609 0.000709112 0.0464884 0.000251208 0.0377838 4.98e-05 0
693 0.243413 0.000737194 0.0592614 0.000289884 0.0367802 5.41761e-05 0.2
694 0.243001 0.000738133 0.059072 0.000289794 0.0366747 5.23863e-05 0.2
695 0.272397 0.000761968 0.0742147 0.000330742 0.0354742 5.87112e-05 0.4
696 0.215681 0.000704369 0.0464998 0.000249476 0.0377765 5.03489e-05 0
697 0.243344 0.000729975 0.0592103 0.000287105 0.0366806 5.19256e-05 0.2
698 0.243009 0.000732905 0.0590481 0.000286411 0.036701 5.28915e-05 0.2
699 0.272313 0.000756042 0.0741663 0.000328083 0.0354819 5.84685e-05 0.4
700 0.243418 0.000727975 0.0592533 0.000285016 0.0367375 5.29853e-05 0.2
701 0.272729 0.000752988 0.0744083 0.000327304 0.035499 5.93266e-05 0.4
702 0.272265 0.000754747 0.0741487 0.000325024 0.0356084 5.85555e-05 0.4
703 0.304345 0.000775482 0.0926474 0.000369621 0.033941 6.59872e-05 0.6
704 0.160115 0.00066905 0.0256796 0.000183616 0.0398097 4.56958e-05 -0.4
705 0.188392 0.000695448 0.0355208 0.000218616 0.0386863 4.78506e-05 -0.2
706 0.188166 0.000695995 0.0354784 0.000219607 0.0387555 4.79008e-05 -0.2
707 0.215491 0.000720271 0.0464821 0.00025531 0.0378246 4.96251e-05 0
708 0.188254 0.000688624 0.035505 0.000217795 0.0386876 4.82437e-05 -0.2
709 0.215754 0.000713714 0.0465995 0.00025318 0.0377701 4.97443e-05 0
710 0.215421 0.000714977 0.0464892 0.000253635 0.0377622 4.94374e-05 0
711 0.243227 0.000737987 0.059193 0.000289257 0.0366827 5.27073e-05 0.2
712 0.188416 0.000684103 0.0355253 0.000215879 0.0387486 4.72252e-05 -0.2
713 0.215709 0.000709215 0.0465632 0.000249949 0.0377603 5.06639e-05 0
714 0.215384 0.000711649 0.0464506 0.000250802 0.0377409 5.01397e-05 0
715 0.243169 0.00073768 0.0591711 0.000287708 0.0367107 5.27989e-05 0.2
716 0.215757 0.000705525 0.0465956 0.000249331 0.037734 5.03433e-05 0
717 0.243467 0.000731884 0.0593303 0.00028613 0.0366978 5.31354e-05 0.2
718 0.243094 0.000734182 0.0591473 0.000286584 0.0367367 5.28078e-05 0.2
719 0.272364 0.000755595 0.0742192 0.00032529 0.0355146 6.03322e-05 0.4
720 0.188099 0.00068804 0.0353711 0.000215554 0.0387741 4.71922e-05 -0.2
721 0.215639 0.000712384 0.0464793 0.000251204 0.037764 4.96913e-05 0
722 0.215323 0.000712809 0.0463539 0.000251115 0.0378019 5.01699e-05 0
723 0.242971 0.000736676 0.0590178 0.000288065 0.0367957 5.37531e-05 0.2
724 0.215488 0.000707051 0.046433 0.000248646 0.0377221 4.86176e-05 0
725 0.243445 0.000732256 0.0592603 0.000285947 0.0367009 5.30588e-05 0.2
726 0.243086 0.000734522 0.0590889 0.000286712 0.0367357 5.27829e-05 0.2
727 0.272267 0.000757551 0.074119 0.000327008 0.0355177 5.9123e-05 0.4
728 0.21554 0.000701789 0.0464418 0.000247154 0.0378 4.97418e-05 0
729 0.2433 0.000728318 0.0591726 0.000283803 0.0367071 5.3212e-05 0.2
730 0.242958 0.000730076 0.0590219 0.000283705 0.0367477 5.29955e-05 0.2
731 0.272289 0.000751728 0.0741454 0.000322971 0.0355821 5.93918e-05 0.4
732 0.243342 0.000726477 0.0592226 0.000282123 0.0367464 5.23838e-05 0.2
733 0.272568 0.000750078 0.0742887 0.000322552 0.0354912 5.97513e-05 0.4
734 0.272128 0.000751592 0.0740661 0.000321478 0.0355566 5.99449e-05 0.4
735 0.304525 0.000772718 0.0927476 0.00036566 0.0339115 6.7759e-05 0.6
736 0.188348 0.000685854 0.0355219 0.000217124 0.038701 4.7434e-05 -0.2
737 0.215719 0.000711087 0.0465543 0.0002529 0.0377078 4.84656e-05 0
738 0.215389 0.000713689 0.04644 0.000253132 0.0377777 4.89198e-05 0
739 0.243062 0.000736583 0.0591218 0.000289376 0.0367774 5.32855e-05 0.2
740 0.215664 0.000706784 0.0465593 0.000250836 0.0377398 4.96254e-05 0
741 0.243544 0.000735116 0.0593705 0.000289697 0.0366864 5.16879e-05 0.2
742 0.243102 0.00073703 0.0591746 0.000289478 0.0367715 5.27392e-05 0.2
743 0.272196 0.000759477 0.0741414 0.000328336 0.0354696 5.98365e-05 0.4
744 0.215643 0.000701631 0.0465127 0.00024851 0.0377776 4.92035e-05 0
745 0.243449 0.000726055 0.0593041 0.00028548 0.0367187 5.27429e-05 0.2
746 0.243031 0.000731181 0.0591105 0.000286242 0.0367484 5.35478e-05 0.2
747 0.2722 0.000755758 0.0741526 0.000325759 0.035529 5.9248e-05 0.4
748 0.243385 0.000725899 0.0592801 0.000284503 0.0367423 5.27906e-05 0.2
749 0.272471 0.000754266 0.0742971 0.000326198 0.0354785 5.98667e-05 0.4
750 0.272146 0.000757363 0.074134 0.000324578 0.0354595 5.99828e-05 0.4
751 0.304299 0.000778772 0.0926596 0.000368596 0.0339253 6.75817e-05 0.6
752 0.215557 0.000706823 0.0464557 0.000249972 0.0377765 4.99536e-05 0
753 0.243224 0.000730835 0.0591443 0.00028674 0.0367392 5.28271e-05 0.2
754 0.242815 0.000733636 0.0589625 0.00028593 0.0366989 5.33643e-05 0.2
755 0.272185 0.000757255 0.0740857 0.00032812 0.0355466 5.8453e-05 0.4
756 0.243248 0.000730058 0.0591672 0.000286013 0.0367993 5.33153e-05 0.2
757 0.272574 0.000755219 0.0743 0.000327761 0.035526 5.97999e-05 0.4
758 0.272145 0.000757095 0.0740674 0.000325829 0.0355239 5.95195e-05 0.4
759 0.304203 0.000774901 0.0925467 0.000368284 0.0339389 6.65906e-05 0.6
760 0.243117 0.000722413 0.0590811 0.000281894 0.0367197 5.16823e-05 0.2
761 0.272503 0.00074737 0.0742431 0.000322581 0.0354447 5.89811e-05 0.4
762 0.272087 0.000747998 0.0740386 0.000320914 0.035504 5.77171e-05 0.4
763 0.30417 0.000770468 0.092513 0.00036559 0.0339175 6.82048e-05 0.6
764 0.272344 0.000750536 0.0741815 0.000322035 0.0355041 5.78057e-05 0.4
765 0.304671 0.000771838 0.0928384 0.000367538 0.0338882 6.68236e-05 0.6
766 0.30427 0.000773049 0.0926019 0.000365308 0.0339296 6.75326e-05 0.6
767 0.340894 0.000779487 0.116218 0.000406918 0.0316508 7.74739e-05 0.8
768 0.130224 0.00065226 0.0169907 0.0001467 0.0409092 4.55965e-05 -0.6
769 0.160464 0.000677681 0.0257648 0.000185532 0.0397506 4.60928e-05 -0.4
770 0.160238 0.000679593 0.0257252 0.000185744 0.0396983 4.66511e-05 -0.4
771 0.188402 0.000699654 0.0355248 0.000221655 0.0387515 4.55601e-05 -0.2
772 0.160407 0.000666993 0.0257745 0.000183574 0.039721 4.50641e-05 -0.4
773 0.188476 0.000691295 0.0355618 0.000218931 0.038706 4.70742e-05 -0.2
774 0.188268 0.000691891 0.0355002 0.000219701 0.0386693 4.53198e-05 -0.2
775 0.215812 0.000715906 0.046601 0.000254832 0.0377676 4.98279e-05 0
776 0.160606 0.000666844 0.0258173 0.000182548 0.0397185 4.5632e-05 -0.4
777 0.188674 0.000689103 0.0355983 0.00021709 0.0386635 4.71557e-05 -0.2
778 0.188433 0.000692905 0.035534 0.000218074 0.0386991 4.70971e-05 -0.2
779 0.215679 0.000713784 0.0465398 0.00025303 0.037721 5.07717e-05 0
780 0.188526 0.000680849 0.0355623 0.000214935 0.0386832 4.54438e-05 -0.2
781 0.216035 0.000709225 0.0467133 0.000251138 0.037726 4.87251e-05 0
782 0.215705 0.000710238 0.0465851 0.00025144 0.0378085 5.00787e-05 0
783 0.243409 0.000734317 0.0593064 0.00028839 0.0366524 5.42953e-05 0.2
784 0.160168 0.00066997 0.0256301 0.00018217 0.0397081 4.52466e-05 -0.4
785 0.188389 0.000689917 0.0354372 0.00021725 0.0387267 4.7383e-05 -0.2
786 0.188099 0.000694632 0.0353664 0.000218434 0.0387483 4.79873e-05 -0.2
787 0.215664 0.000715172 0.0464695 0.000252818 0.0377762 4.86361e-05 0
788 0.188327 0.000685334 0.035443 0.000215603 0.0387321 4.69899e-05 -0.2
789 0.215817 0.000708605 0.046566 0.000250758 0.0377874 4.75072e-05 0
790 0.215481 0.000711718 0.0464355 0.000251288 0.0377927 4.91568e-05 0
791 0.243446 0.000736515 0.0592437 0.000288885 0.0367166 5.30374e-05 0.2
792 0.188462 0.000682657 0.0354653 0.000213821 0.0387153 4.70946e-05 -0.2
793 0.215801 0.000705707 0.0465401 0.00024835 0.0377319 4.85244e-05 0
794 0.215512 0.000707557 0.0464039 0.000248822 0.0377889 4.85995e-05 0
795 0.243368 0.000732404 0.059189 0.000285974 0.036676 5.2281e-05 0.2
796 0.215759 0.000702771 0.0465152 0.000247124 0.0377426 4.95784e-05 0
797 0.243679 0.00072914 0.0593674 0.00028382 0.0366923 5.28864e-05 0.2
798 0.243313 0.000729323 0.0591942 0.000283562 0.0367011 5.26274e-05 0.2
799 0.272664 0.000750766 0.0743297 0.000322145 0.0354286 5.74889e-05 0.4
800 0.160434 0.000670408 0.0257738 0.000184322 0.0397196 4.5665e-05 -0.4
801 0.188591 0.000692075 0.0355675 0.000219723 0.0387372 4.61336e-05 -0.2
802 0.188354 0.00069566 0.0355113 0.000219984 0.0387002 4.737e-05 -0.2
803 0.215675 0.000716487 0.0465371 0.000255687 0.037791 4.95804e-05 0
804 0.188431 0.000686755 0.0355468 0.000218593 0.038813 4.65082e-05 -0.2
805 0.21594 0.000710537 0.0466523 0.000254091 0.0377699 4.88282e-05 0
806 0.215627 0.000712286 0.0465382 0.000253803 0.037723 4.83616e-05 0
807 0.24348 0.000738073 0.0593133 0.000291945 0.0367229 5.2331e-05 0.2
808 0.188665 0.000680443 0.0356062 0.000215251 0.0387357 4.58163e-05 -0.2
809 0.21591 0.000704742 0.0466256 0.000252128 0.037744 4.93954e-05 0
810 0.215587 0.00070755 0.0465086 0.000250769 0.0377552 4.93543e-05 0
811 0.243433 0.000731563 0.0592768 0.000288394 0.0367217 5.3299e-05 0.2
812 0.215958 0.000703333 0.0466644 0.000250081 0.0377148 4.97363e-05 0
813 0.2437 0.000728116 0.0594138 0.000286644 0.0367443 5.41368e-05 0.2
814 0.24328 0.000731484 0.0592219 0.000286727 0.0367527 5.27392e-05 0.2
815 0.272624 0.000755313 0.0743748 0.000326781 0.0354502 5.90551e-05 0.4
816 0.188308 0.000686559 0.0354373 0.000216144 0.038755 4.66116e-05 -0.2
817 0.215867 0.000708277 0.0465623 0.000251571 0.0377707 4.85603e-05 0
818 0.215558 0.00071305 0.0464475 0.000252437 0.0378084 4.94128e-05 0
819 0.243234 0.00073646 0.0591321 0.000289678 0.0366507 5.27804e-05 0.2
820 0.215674 0.000705945 0.0465035 0.000249863 0.0378045 4.91787e-05 0
821 0.243646 0.000730884 0.0593463 0.000287747 0.0367704 5.3175e-05 0.2
822 0.243293 0.000734153 0.0591981 0.000287758 0.0367043 5.24441e-05 0.2
823 0.272618 0.000757858 0.0743129 0.000328344 0.0354435 5.72554e-05 0.4
824 0.215729 0.000699454 0.0465094 0.000247509 0.0377211 4.94028e-05 0
825 0.243544 0.000723964 0.0592755 0.00028465 0.0367495 5.25808e-05 0.2
826 0.243164 0.000729106 0.0590998 0.000284772 0.036716 5.42992e-05 0.2
827 0.272567 0.000753973 0.0742717 0.000324752 0.0354953 5.8593e-05 0.4
828 0.243521 0.000724671 0.0592752 0.000283153 0.0367697 5.38639e-05 0.2
829 0.272826 0.000748126 0.0744368 0.000323792 0.0354937 5.82543e-05 0.4
830 0.272444 0.000753935 0.074226 0.000323972 0.0354969 5.7994e-05 0.4
831 0.304863 0.000774221 0.0929153 0.000367465 0.0339834 6.61162e-05 0.6
832 0.160396 0.000670325 0.0257596 0.000182841 0.0397443 4.59201e-05 -0.4
833 0.188444 0.000691522 0.0355219 0.000217794 0.038762 4.56559e-05 -0.2
834 0.188197 0.000694798 0.0354517 0.000218486 0.0387795 4.69117e-05 -0.2
835 0.215595 0.000716629 0.0464872 0.000252546 0.0377151 4.92193e-05 0
836 0.188399 0.000684289 0.0355406 0.000216669 0.0388107 4.66169e-05 -0.2
837 0.215936 0.000709201 0.0466371 0.000250909 0.0377477 4.90191e-05 0
838 0.215635 0.000714707 0.0465421 0.000252844 0.0377852 5.02695e-05 0
839 0.243243 0.000737408 0.0591952 0.000288824 0.036633 5.34807e-05 0.2
840 0.188423 0.000682056 0.035507 0.000213788 0.0387224 4.73778e-05 -0.2
841 0.215899 0.00070829 0.0466109 0.000248397 0.0377354 4.96661e-05 0
842 0.215615 0.000708897 0.046512 0.000249143 0.0377939 4.96264e-05 0
843 0.243252 0.000731381 0.0591861 0.000284664 0.0367324 5.49413e-05 0.2
844 0.215824 0.000703507 0.0465959 0.000248227 0.0377367 4.93103e-05 0
845 0.243572 0.000730005 0.0593609 0.000285128 0.0366619 5.22899e-05 0.2
846 0.2432 0.00073207 0.059186 0.000284515 0.0367064 5.26545e-05 0.2
847 0.272556 0.000753525 0.07429 0.000323368 0.0354254 5.99798e-05 0.4
848 0.188246 0.000687249 0.0353965 0.000214548 0.0387722 4.57361e-05 -0.2
849 0.215616 0.000710272 0.0464547 0.000249082 0.0377842 4.86918e-05 0
850 0.215344 0.000712339 0.0463267 0.000249397 0.0377808 4.97887e-05 0
851 0.24318 0.000736294 0.0590737 0.000286282 0.0367755 5.3439e-05 0.2
852 0.215669 0.000706915 0.0464814 0.000248858 0.0378196 4.7885e-05 0
853 0.243516 0.000730572 0.059265 0.000285151 0.0366975 5.25681e-05 0.2
854 0.243158 0.000732788 0.0590912 0.000285239 0.0367052 5.28476e-05 0.2
855 0.27247 0.000757074 0.0741997 0.000324599 0.0354922 5.87438e-05 0.4
856 0.215601 0.0007006 0.046433 0.000244835 0.0378389 4.91521e-05 0
857 0.243461 0.000724367 0.0592293 0.000281104 0.0366721 5.35898e-05 0.2
858 0.243115 0.000727442 0.0590514 0.000281265 0.0366734 5.42037e-05 0.2
859 0.272386 0.000752083 0.0741639 0.000320996 0.035425 5.81435e-05 0.4
860 0.243341 0.000725279 0.0591686 0.000281031 0.0367016 5.33055e-05 0.2
861 0.272748 0.000748331 0.0743511 0.000320404 0.0354784 5.97105e-05 0.4
862 0.272372 0.000750321 0.0741518 0.000319562 0.0355475 5.84091e-05 0.4
863 0.304799 0.000771016 0.0928672 0.000362875 0.0338815 6.62327e-05 0.6
864 0.188453 0.000686606 0.035522 0.000216827 0.0386845 4.70007e-05 -0.2
865 0.215785 0.000708985 0.0465681 0.000252184 0.037779 5.09634e-05 0
866 0.215421 0.000712772 0.0464332 0.000252179 0.03776 4.87663e-05 0
867 0.243282 0.000735351 0.0591774 0.000288472 0.0367343 5.35254e-05 0.2
868 0.215778 0.000704726 0.0465988 0.000251156 0.0377025 4.87583e-05 0
869 0.243525 0.000731674 0.0593171 0.000288366 0.0367211 5.39791e-05 0.2
870 0.243149 0.000732913 0.0591314 0.00028759 0.0367086 5.36722e-05 0.2
871 0.272457 0.000759571 0.0742522 0.000327872 0.0354816 5.95941e-05 0.4
872 0.215795 0.000698454 0.0465549 0.000247408 0.0377618 4.91085e-05 0
873 0.2435 0.000722938 0.0592997 0.000284035 0.0367026 5.46349e-05 0.2
874 0.243147 0.000729191 0.0591362 0.000284247 0.0367448 5.34442e-05 0.2
875 0.272358 0.000753931 0.0742063 0.000323766 0.0355249 5.97892e-05 0.4
876 0.243412 0.000725855 0.0592551 0.000284032 0.0367674 5.24825e-05 0.2
877 0.272793 0.000752702 0.0744506 0.000325074 0.0355581 6.00447e-05 0.4
878 0.272355 0.000754781 0.0741986 0.000322978 0.0355206 5.92745e-05 0.4
879 0.304578 0.000779011 0.0928077 0.000368508 0.0339596 6.60681e-05 0.6
880 0.215532 0.000703213 0.0464149 0.000248284 0.0378005 4.96495e-05 0
881 0.243395 0.00072846 0.0591789 0.000285478 0.0366207 5.23806e-05 0.2
882 0.243037 0.000732129 0.059032 0.0002849 0.0367814 5.14895e-05 0.2
883 0.27239 0.000757187 0.0741613 0.00032581 0.0354837 5.92559e-05 0.4
884 0.243363 0.000727369 0.059202 0.000284173 0.0367381 5.11291e-05 0.2
885 0.272659 0.000754166 0.0743263 0.000326337 0.0354206 5.96052e-05 0.4
886 0.272257 0.00075886 0.0741016 0.000325677 0.0355045 5.78722e-05 0.4
887 0.304686 0.000774174 0.0927916 0.000367432 0.0339238 6.76649e-05 0.6
888 0.243286 0.000721828 0.0591453 0.000280896 0.0367579 5.30787e-05 0.2
889 0.272626 0.000745554 0.074267 0.000320478 0.0354763 5.78079e-05 0.4
890 0.272212 0.000750045 0.0740483 0.000320348 0.0354833 5.83057e-05 0.4
891 0.304619 0.000771156 0.0927597 0.000362617 0.0338595 6.66276e-05 0.6
892 0.272562 0.000748072 0.0742643 0.000319978 0.0355285 5.96108e-05 0.4
893 0.304958 0.000771077 0.0929693 0.000366002 0.0338738 6.74149e-05 0.6
894 0.304632 0.00077126 0.0927676 0.000362326 0.0339753 6.75819e-05 0.6
895 0.341495 0.00077934 0.116574 0.000406122 0.0317168 7.7762e-05 0.8
896 0.16021 0.000674063 0.0257002 0.000184201 0.0397099 4.70661e-05 -0.4
897 0.188452 0.000696825 0.0355296 0.000219527 0.0387121 4.70931e-05 -0.2
898 0.188156 0.000697999 0.0354585 0.000220947 0.0387401 4.69564e-05 -0.2
899 0.215536 0.000718139 0.0464836 0.000255151 0.0377567 4.91471e-05 0
900 0.188326 0.000689584 0.0355078 0.000217567 0.0387871 4.74287e-05 -0.2
901 0.215727 0.000715525 0.0465752 0.000253764 0.0378373 4.95598e-05 0
902 0.215444 0.000714878 0.0464745 0.000253558 0.0377909 4.94565e-05 0
903 0.24321 0.000737786 0.059202 0.000290242 0.0367176 5.30619e-05 0.2
904 0.188435 0.000684571 0.0355278 0.000215358 0.0386804 4.6122e-05 -0.2
905 0.215707 0.000709382 0.0465327 0.000250774 0.0377309 4.91387e-05 0
906 0.215429 0.000711987 0.0464468 0.000252062 0.0377847 5.05784e-05 0
907 0.243177 0.00073463 0.0591641 0.000287611 0.0366533 5.24133e-05 0.2
908 0.21574 0.000704494 0.046577 0.000249647 0.0377126 4.93475e-05 0
909 0.243504 0.000731727 0.0593379 0.000286589 0.036696 5.29998e-05 0.2
910 0.243125 0.000732605 0.0591749 0.000285969 0.0368287 5.29961e-05 0.2
911 0.272387 0.000755967 0.0742309 0.000324456 0.0355351 5.93502e-05 0.4
912 0.188139 0.000690679 0.0353757 0.000215843 0.0388137 4.75901e-05 -0.2
913 0.215626 0.000715166 0.0464342 0.000252146 0.0377178 5.03595e-05 0
914 0.215388 0.000714904 0.0463674 0.000252362 0.0377331 5.0091e-05 0
915 0.243028 0.000737707 0.0590314 0.000288376 0.036779 5.24447e-05 0.2
916 0.215505 0.000710483 0.0464302 0.000250762 0.0378782 4.97012e-05 0
917 0.24343 0.000735034 0.059253 0.000287472 0.0367666 5.25246e-05 0.2
918 0.243136 0.00073561 0.0591091 0.000287083 0.0367311 5.32593e-05 0.2
919 0.272354 0.000755471 0.074164 0.000325494 0.035563 6.0083e-05 0.4
920 0.215575 0.000705901 0.0464341 0.000247752 0.0377221 5.03128e-05 0
921 0.243327 0.000728772 0.0591696 0.000283246 0.0367493 5.28637e-05 0.2
922 0.242986 0.000728128 0.0590213 0.000283116 0.0366887 5.20231e-05 0.2
923 0.272322 0.000752266 0.0741201 0.000322509 0.0354831 5.9768e-05 0.4
924 0.243365 0.000725695 0.0592045 0.000282218 0.0368117 5.34466e-05 0.2
925 0.272565 0.000748342 0.0742722 0.000321614 0.0355371 5.93697e-05 0.4
926 0.272256 0.000751323 0.0741078 0.000320793 0.0354707 5.87485e-05 0.4
927 0.304461 0.000770278 0.0926903 0.000362604 0.0339528 6.78114e-05 0.6
928 0.188381 0.000689198 0.0355237 0.000218115 0.0387312 4.62062e-05 -0.2
929 0.215764 0.000713481 0.0465637 0.000254356 0.0377496 5.00599e-05 0
930 0.215433 0.000713805 0.0464541 0.00025312 0.0377864 4.9088e-05 0
931 0.243111 0.000737676 0.0591413 0.000290641 0.0367179 5.3353e-05 0.2
932 0.215623 0.000708835 0.0465433 0.000251809 0.0377058 4.87456e-05 0
933 0.2435 0.000734639 0.059361 0.000290046 0.0366523 5.31482e-05 0.2
934 0.2431 0.000736923 0.0591536 0.000289674 0.0366699 5.26041e-05 0.2
935 0.272277 0.000760991 0.0742065 0.000330217 0.0354964 6.00292e-05 0.4
936 0.215659 0.000701928 0.0465178 0.000248957 0.0377555 4.9218e-05 0
937 0.24334 0.00072866 0.0592494 0.000287513 0.0366583 5.38032e-05 0.2
938 0.243015 0.000729622 0.0590911 0.000285862 0.0367602 5.22818e-05 0.2
939 0.272219 0.000755008 0.0741508 0.00032524 0.0354588 5.7636e-05 0.4
940 0.243381 0.000727556 0.059277 0.000285047 0.0367918 5.21826e-05 0.2
941 0.272542 0.000752225 0.0743182 0.000325854 0.0354945 5.82952e-05 0.4
942 0.272173 0.000755512 0.0741449 0.00032451 0.0354987 5.76641e-05 0.4
943 0.30433 0.000776321 0.0926941 0.000367513 0.0339103 6.74684e-05 0.6
944 0.215527 0.000709159 0.0464265 0.000250258 0.0378075 4.82823e-05 0
945 0.243302 0.000731075 0.059153 0.000287536 0.0367305 5.19012e-05 0.2
946 0.242867 0.0007367 0.058969 0.000288338 0.0367044 5.32901e-05 0.2
947 0.272162 0.000759163 0.074055 0.000327473 0.035468 5.90653e-05 0.4
948 0.243259 0.000732122 0.0591806 0.000286595 0.0367877 5.35463e-05 0.2
949 0.272552 0.000754525 0.0742791 0.000326844 0.0354995 5.80378e-05 0.4
950 0.272132 0.000757335 0.0740597 0.000325778 0.0355441 5.96423e-05 0.4
951 0.304213 0.000772423 0.0925496 0.00036638 0.0338907 6.77259e-05 0.6
952 0.24319 0.000725924 0.059108 0.000282975 0.0367101 5.31047e-05 0.2
953 0.272484 0.00074786 0.074219 0.000322862 0.0354664 5.8819e-05 0.4
954 0.272118 0.000751094 0.0740153 0.000321028 0.03548 5.86289e-05 0.4
955 0.304265 0.000771289 0.0925446 0.000364441 0.0339782 6.81909e-05 0.6
956 0.272422 0.000750317 0.0742 0.000321939 0.0354885 5.72188e-05 0.4
957 0.304638 0.000770823 0.0927862 0.000365361 0.0339107 6.62077e-05 0.6
958 0.304347 0.000773324 0.0926105 0.000363179 0.0340249 6.74194e-05 0.6
959 0.340946 0.000773533 0.116242 0.000401675 0.0317514 7.6811e-05 0.8
960 0.18822 0.000688571 0.0354594 0.000216559 0.0387699 4.68761e-05 -0.2
961 0.215554 0.000713637 0.0464679 0.000251392 0.0376739 4.994e-05 0
962 0.215253 0.000713252 0.0463771 0.000251408 0.0377626 4.98679e-05 0
963 0.243038 0.000737197 0.0590877 0.000287768 0.0366828 5.37386e-05 0.2
964 0.215608 0.000709126 0.0465258 0.000250642 0.0377774 4.99997e-05 0
965 0.243353 0.000732137 0.0592323 0.000286537 0.0367414 5.33176e-05 0.2
966 0.243007 0.000736383 0.0590831 0.000287032 0.0366977 5.37825e-05 0.2
967 0.272186 0.000758457 0.0741114 0.000325981 0.0354519 5.96936e-05 0.4
968 0.215577 0.000703091 0.0464792 0.000247359 0.0377601 4.95599e-05 0
969 0.2433 0.00072902 0.0591876 0.000283919 0.036741 5.50492e-05 0.2
970 0.242976 0.000728688 0.0590648 0.0002832 0.0368122 5.45765e-05 0.2
971 0.272102 0.00075418 0.0740636 0.000322363 0.0355074 5.99279e-05 0.4
972 0.243226 0.000726749 0.0591769 0.000282617 0.0367147 5.37448e-05 0.2
973 0.272486 0.000750919 0.0742718 0.000322075 0.0354699 5.96943e-05 0.4
974 0.272125 0.000754535 0.0740977 0.000322011 0.0354921 5.93725e-05 0.4
975 0.304278 0.000774167 0.0926336 0.000363126 0.033871 6.78126e-05 0.6
976 0.215379 0.000709264 0.0463522 0.000248589 0.0377353 4.99939e-05 0
977 0.243179 0.000732013 0.0591046 0.000285185 0.0366628 5.27992e-05 0.2
978 0.242828 0.000732953 0.0589392 0.000284898 0.0367023 5.39108e-05 0.2
979 0.27214 0.000755859 0.0740046 0.000323645 0.0354243 5.88503e-05 0.4
980 0.243197 0.00073 0.0591085 0.00028351 0.0367549 5.23648e-05 0.2
981 0.272411 0.000752278 0.0741929 0.000323342 0.0355402 5.73096e-05 0.4
982 0.271999 0.000754986 0.0739603 0.000323001 0.0355245 5.94812e-05 0.4
983 0.304266 0.000772709 0.0925581 0.0003636 0.0339042 6.84033e-05 0.6
984 0.243179 0.000724646 0.0590845 0.000280405 0.0367389 5.2827e-05 0.2
985 0.272388 0.000746063 0.0741575 0.000318912 0.0354295 5.91639e-05 0.4
986 0.271982 0.000749999 0.0739294 0.000318231 0.0355289 5.91995e-05 0.4
987 0.304282 0.000769301 0.092543 0.00035963 0.033911 6.52651e-05 0.6
988 0.272386 0.000745134 0.0741587 0.000318195 0.0355285 5.86964e-05 0.4
989 0.304599 0.000765671 0.0927694 0.000361042 0.033888 6.71506e-05 0.6
990 0.304316 0.000768666 0.0925673 0.000359368 0.0339283 6.88422e-05 0.6
991 0.340959 0.000771873 0.11622 0.00039983 0.0317181 7.72428e-05 0.8
992 0.215477 0.000707707 0.0464634 0.000251001 0.0377053 5.04218e-05 0
993 0.243267 0.000730457 0.0591666 0.000287386 0.0367067 5.38247e-05 0.2
994 0.242901 0.000734081 0.0590303 0.000286349 0.036699 5.40015e-05 0.2
995 0.272075 0.000757845 0.0740495 0.000326752 0.0354831 5.97969e-05 0.4
996 0.243256 0.00072941 0.0592025 0.000285989 0.0367316 5.38872e-05 0.2
997 0.272419 0.000754093 0.0742377 0.000326075 0.0354768 5.98494e-05 0.4
998 0.27205 0.000758574 0.0740733 0.000325727 0.0355114 5.80429e-05 0.4
999 0.304096 0.000776486 0.0925135 0.000368385 0.0339536 6.86143e-05 0.6
1000 0.243207 0.000722234 0.0591532 0.000282193 0.0367304 5.3462e-05 0.2
1001 0.27234 0.000750155 0.0741852 0.000322408 0.0354845 5.97544e-05 0.4
1002 0.271976 0.000752205 0.0739825 0.000321219 0.0355715 5.8884e-05 0.4
1003 0.304107 0.000774732 0.0924935 0.000363416 0.0339027 6.88708e-05 0.6
1004 0.272369 0.000751007 0.0742284 0.000322433 0.0355178 5.90492e-05 0.4
1005 0.304424 0.00077164 0.0927023 0.00036535 0.033942 6.62464e-05 0.6
1006 0.30408 0.000775937 0.0925003 0.000363687 0.0339139 6.59819e-05 0.6
1007 0.340677 0.000781968 0.116095 0.000405904 0.0316928 7.67491e-05 0.8
1008 0.243032 0.000728022 0.0590334 0.000284545 0.0367191 5.22122e-05 0.2
1009 0.272333 0.000749807 0.0741318 0.000324064 0.0355424 5.99478e-05 0.4
1010 0.271986 0.000754018 0.0739556 0.000323087 0.0355111 5.83157e-05 0.4
1011 0.304094 0.000774941 0.0924183 0.000364766 0.0339463 6.83665e-05 0.6
1012 0.272245 0.000751965 0.0741154 0.000324099 0.0355447 5.75228e-05 0.4
1013 0.304382 0.000771171 0.092619 0.000366951 0.0339467 6.78066e-05 0.6
1014 0.304088 0.000771705 0.0924606 0.000362829 0.0339393 6.79976e-05 0.6
1015 0.340744 0.000774771 0.116083 0.000403475 0.0316626 7.65702e-05 0.8
1016 0.272235 0.000744555 0.0740818 0.000318657 0.0354716 5.88715e-05 0.4
1017 0.304327 0.000766117 0.0925731 0.000362612 0.0338367 6.59508e-05 0.6
1018 0.304017 0.000767755 0.092379 0.00035899 0.0339385 6.54602e-05 0.6
1019 0.340705 0.000773651 0.116027 0.000399756 0.0316855 7.65269e-05 0.8
1020 0.304556 0.000767237 0.092736 0.000361959 0.0339477 6.70862e-05 0.6
1021 0.341073 0.000775088 0.116304 0.000405232 0.0317315 7.86255e-05 0.8
1022 0.340808 0.000776032 0.116124 0.000400732 0.0316936 7.66218e-05 0.8
1023 0.382374 0.000741705 0.146184 0.000424544 0.0283635 8.53839e-05 1
