#sample=10000
0 0.325103 0.000432716 0.105683 0.000200067 0.0820373 0.000138119 -1
1 0.186069 0.000451198 0.0346385 0.000123453 0.0583517 6.3807e-05 -0.8
2 0.186227 0.000450392 0.034687 0.000123275 0.0582972 6.38538e-05 -0.8
3 0.140556 0.00038915 0.019752 8.29356e-05 0.0527029 5.25471e-05 -0.6
4 0.186531 0.000451956 0.0347914 0.000123231 0.0583401 6.43324e-05 -0.8
5 0.140724 0.000389404 0.0197876 8.27763e-05 0.0527338 5.26793e-05 -0.6
6 0.140824 0.00038928 0.0198171 8.2981e-05 0.0527798 5.20688e-05 -0.6
7 0.117589 0.00036128 0.0137683 6.56163e-05 0.0491416 4.80169e-05 -0.4
8 0.18599 0.000451886 0.0345819 0.000123074 0.0582878 6.36956e-05 -0.8
9 0.140653 0.000390106 0.0197498 8.28141e-05 0.0527283 5.26154e-05 -0.6
10 0.140558 0.00038864 0.019737 8.25923e-05 0.0527287 5.23592e-05 -0.6
11 0.117581 0.00036185 0.0137575 6.55164e-05 0.0491623 4.77474e-05 -0.4
12 0.140752 0.000388176 0.0197827 8.24029e-05 0.0527448 5.2629e-05 -0.6
13 0.117618 0.00036107 0.013771 6.56724e-05 0.049189 4.83298e-05 -0.4
14 0.117542 0.000360864 0.0137677 6.54977e-05 0.0491624 4.79743e-05 -0.4
15 0.109358 0.000374207 0.0118658 6.40223e-05 0.0463332 4.58772e-05 -0.2
16 0.186268 0.000452922 0.0346984 0.000123811 0.0583575 6.4262e-05 -0.8
17 0.140708 0.000390315 0.0197826 8.27541e-05 0.0526975 5.23353e-05 -0.6
18 0.140843 0.000389502 0.0198115 8.26629e-05 0.0527414 5.24603e-05 -0.6
19 0.117511 0.000361258 0.0137364 6.52701e-05 0.0491992 4.8077e-05 -0.4
20 0.141027 0.000390671 0.0198611 8.27696e-05 0.0527588 5.30704e-05 -0.6
21 0.117692 0.000360656 0.0137872 6.54216e-05 0.0491813 4.87839e-05 -0.4
22 0.117715 0.000362965 0.013796 6.58871e-05 0.0491815 4.83487e-05 -0.4
23 0.109279 0.000375844 0.0118411 6.42662e-05 0.0463735 4.60956e-05 -0.2
24 0.140744 0.000389152 0.0197771 8.23319e-05 0.0527495 5.27087e-05 -0.6
25 0.117656 0.000360605 0.0137582 6.51429e-05 0.0491675 4.84903e-05 -0.4
26 0.117546 0.000362009 0.0137576 6.55626e-05 0.049161 4.79705e-05 -0.4
27 0.109195 0.000375764 0.011811 6.40542e-05 0.04635 4.62057e-05 -0.2
28 0.117761 0.00036052 0.0138006 6.54291e-05 0.049172 4.82344e-05 -0.4
29 0.109351 0.000375568 0.0118579 6.46172e-05 0.0463714 4.59073e-05 -0.2
30 0.109306 0.000376011 0.0118363 6.43942e-05 0.0463575 4.66253e-05 -0.2
31 0.11342 0.000426731 0.0127232 7.70983e-05 0.0437909 4.52705e-05 0
32 0.186114 0.000449434 0.0346947 0.000123177 0.0583235 6.3689e-05 -0.8
33 0.140474 0.000388341 0.0197367 8.24039e-05 0.0527197 5.29838e-05 -0.6
34 0.140592 0.00038813 0.0197765 8.28688e-05 0.0527664 5.2215e-05 -0.6
35 0.117344 0.00035988 0.0137191 6.53199e-05 0.0491162 4.80272e-05 -0.4
36 0.140775 0.00038815 0.0198313 8.26723e-05 0.0527914 5.26813e-05 -0.6
37 0.117525 0.000359471 0.013777 6.56679e-05 0.0492283 4.85363e-05 -0.4
38 0.117535 0.000361 0.01378 6.58841e-05 0.0491822 4.83346e-05 -0.4
39 0.10919 0.000373492 0.0118347 6.40911e-05 0.0462971 4.61934e-05 -0.2
40 0.140572 0.000388178 0.0197451 8.20793e-05 0.0527024 5.20775e-05 -0.6
41 0.117445 0.000360451 0.0137137 6.52454e-05 0.0491721 4.78022e-05 -0.4
42 0.117368 0.000359675 0.0137187 6.52327e-05 0.0491383 4.76551e-05 -0.4
43 0.109215 0.000372752 0.0118219 6.37424e-05 0.0462981 4.57931e-05 -0.2
44 0.117512 0.000360032 0.0137647 6.53525e-05 0.0491904 4.82197e-05 -0.4
45 0.109298 0.000371494 0.0118484 6.38227e-05 0.0463757 4.60901e-05 -0.2
46 0.109264 0.000373157 0.0118512 6.4377e-05 0.0463316 4.61741e-05 -0.2
47 0.113309 0.000424754 0.0127132 7.68005e-05 0.0438139 4.51647e-05 0
48 0.140739 0.000390287 0.019798 8.26231e-05 0.0527178 5.28549e-05 -0.6
49 0.117486 0.000360575 0.013729 6.51821e-05 0.0491397 4.85589e-05 -0.4
50 0.117475 0.000360471 0.0137577 6.53005e-05 0.0492069 4.82562e-05 -0.4
51 0.109092 0.000372274 0.0117962 6.35163e-05 0.0463816 4.61116e-05 -0.2
52 0.117608 0.000360917 0.0137903 6.58036e-05 0.0491507 4.87185e-05 -0.4
53 0.109141 0.000373166 0.0118255 6.42492e-05 0.0463373 4.63462e-05 -0.2
54 0.109113 0.000374379 0.0118153 6.42915e-05 0.0463323 4.59551e-05 -0.2
55 0.113223 0.000425149 0.0126905 7.65157e-05 0.0438652 4.5481e-05 0
56 0.117591 0.000359354 0.01376 6.48398e-05 0.0491475 4.81789e-05 -0.4
57 0.10915 0.000372828 0.0118008 6.37495e-05 0.0463249 4.61255e-05 -0.2
58 0.109082 0.000372461 0.0118048 6.38844e-05 0.0463445 4.58848e-05 -0.2
59 0.113262 0.000424906 0.0126932 7.64657e-05 0.0438085 4.51135e-05 0
60 0.10933 0.000373577 0.0118646 6.44113e-05 0.0464043 4.58239e-05 -0.2
61 0.113359 0.000426384 0.0127206 7.73232e-05 0.0438453 4.52611e-05 0
62 0.113278 0.000425677 0.0127218 7.71347e-05 0.0438676 4.51278e-05 0
63 0.128812 0.000497934 0.0164788 0.00010357 0.0414512 4.54333e-05 0.2
64 0.186269 0.000450553 0.0347326 0.000123961 0.0583274 6.40289e-05 -0.8
65 0.140737 0.000389657 0.0197875 8.27321e-05 0.052775 5.28643e-05 -0.6
66 0.140729 0.000390616 0.0197889 8.31226e-05 0.0527574 5.21868e-05 -0.6
67 0.117581 0.00036115 0.0137507 6.5272e-05 0.0491389 4.85984e-05 -0.4
68 0.140959 0.000390682 0.0198579 8.30381e-05 0.0527818 5.26591e-05 -0.6
69 0.117691 0.00036092 0.0137866 6.54259e-05 0.0491185 4.83586e-05 -0.4
70 0.11772 0.000362151 0.0137993 6.58392e-05 0.0491967 4.83633e-05 -0.4
71 0.109376 0.000374615 0.0118749 6.41756e-05 0.0463384 4.59693e-05 -0.2
72 0.140663 0.000389437 0.0197533 8.22819e-05 0.0527682 5.26836e-05 -0.6
73 0.117696 0.000360984 0.013755 6.53405e-05 0.0491871 4.85296e-05 -0.4
74 0.117548 0.000362251 0.0137488 6.55483e-05 0.0491449 4.78466e-05 -0.4
75 0.109313 0.000373758 0.0118419 6.3713e-05 0.0463689 4.6397e-05 -0.2
76 0.117724 0.000361651 0.0137902 6.54273e-05 0.0491588 4.80791e-05 -0.4
77 0.109389 0.000373588 0.0118553 6.42102e-05 0.0463461 4.63999e-05 -0.2
78 0.109315 0.000374858 0.0118559 6.45459e-05 0.0463324 4.6138e-05 -0.2
79 0.113551 0.000424801 0.0127807 7.70464e-05 0.0438218 4.54437e-05 0
80 0.140935 0.00039086 0.0198279 8.24822e-05 0.052775 5.313e-05 -0.6
81 0.117628 0.000360885 0.0137531 6.49282e-05 0.0491579 4.82233e-05 -0.4
82 0.117713 0.000361955 0.0137882 6.51454e-05 0.0491828 4.85022e-05 -0.4
83 0.109213 0.000374436 0.011819 6.37656e-05 0.0463361 4.62471e-05 -0.2
84 0.117833 0.000361392 0.0138119 6.54461e-05 0.0492162 4.86598e-05 -0.4
85 0.109316 0.000374725 0.0118635 6.44288e-05 0.0463449 4.65198e-05 -0.2
86 0.109288 0.000375158 0.0118413 6.43376e-05 0.0463469 4.6285e-05 -0.2
87 0.113365 0.00042568 0.0127222 7.68251e-05 0.0438594 4.44922e-05 0
88 0.117727 0.000360299 0.013775 6.49282e-05 0.0491238 4.80262e-05 -0.4
89 0.109325 0.000373738 0.0118348 6.38866e-05 0.0464003 4.63797e-05 -0.2
90 0.109218 0.000374145 0.0118171 6.40447e-05 0.0463323 4.62433e-05 -0.2
91 0.113325 0.00042478 0.0127247 7.69036e-05 0.0438536 4.49457e-05 0
92 0.109416 0.000374616 0.0118793 6.45861e-05 0.0463789 4.6348e-05 -0.2
93 0.113464 0.000426077 0.012766 7.75893e-05 0.0438284 4.5414e-05 0
94 0.113469 0.00042514 0.0127549 7.73556e-05 0.043848 4.53468e-05 0
95 0.129005 0.000498204 0.0165569 0.000104173 0.0414727 4.52985e-05 0.2
96 0.140729 0.000390911 0.0197994 8.29718e-05 0.0527461 5.27638e-05 -0.6
97 0.117509 0.00036094 0.0137393 6.54986e-05 0.049169 4.84836e-05 -0.4
98 0.117496 0.00036113 0.0137566 6.55198e-05 0.0491693 4.84342e-05 -0.4
99 0.109263 0.000371767 0.0118556 6.3857e-05 0.0463398 4.60725e-05 -0.2
100 0.117678 0.000361506 0.0138111 6.58345e-05 0.0491956 4.78842e-05 -0.4
101 0.109256 0.000371929 0.0118539 6.41539e-05 0.046353 4.64127e-05 -0.2
102 0.109352 0.000372601 0.0118919 6.44462e-05 0.0463415 4.6291e-05 -0.2
103 0.113332 0.000423543 0.0127236 7.64809e-05 0.0438369 4.51136e-05 0
104 0.117501 0.000361583 0.0137396 6.53738e-05 0.0491566 4.8331e-05 -0.4
105 0.10932 0.000371304 0.0118382 6.3686e-05 0.0463597 4.61871e-05 -0.2
106 0.109303 0.000371843 0.0118677 6.40252e-05 0.0463537 4.61037e-05 -0.2
107 0.113437 0.000422244 0.0127562 7.63166e-05 0.0438275 4.52776e-05 0
108 0.109398 0.000373005 0.0118814 6.44748e-05 0.0463619 4.64235e-05 -0.2
109 0.113552 0.000423548 0.0127736 7.70799e-05 0.0438595 4.50956e-05 0
110 0.113411 0.000423578 0.0127448 7.72016e-05 0.0438757 4.5183e-05 0
111 0.12894 0.00049616 0.0165432 0.000103541 0.0414268 4.50201e-05 0.2
112 0.117583 0.000360637 0.0137622 6.50011e-05 0.0491503 4.87334e-05 -0.4
113 0.109205 0.000371119 0.011833 6.37513e-05 0.0463173 4.60594e-05 -0.2
114 0.109152 0.00037186 0.011826 6.36378e-05 0.0462716 4.59435e-05 -0.2
115 0.113253 0.000422375 0.0127138 7.64002e-05 0.0438608 4.53518e-05 0
116 0.109283 0.000373056 0.0118681 6.43523e-05 0.0463434 4.67002e-05 -0.2
117 0.113329 0.000423834 0.012751 7.72592e-05 0.0438366 4.55682e-05 0
118 0.113353 0.000423723 0.012739 7.6806e-05 0.0438473 4.57749e-05 0
119 0.128845 0.000496399 0.0164985 0.000103325 0.0414553 4.51321e-05 0.2
120 0.109332 0.000371629 0.0118624 6.40444e-05 0.0463299 4.61446e-05 -0.2
121 0.113372 0.000422659 0.0127551 7.69901e-05 0.0438218 4.53571e-05 0
122 0.113393 0.000422875 0.0127535 7.69522e-05 0.0438193 4.58419e-05 0
123 0.128964 0.000494882 0.0165451 0.000103401 0.0414358 4.53135e-05 0.2
124 0.113572 0.000424238 0.0128006 7.77466e-05 0.043822 4.55286e-05 0
125 0.129026 0.000497574 0.016569 0.000104381 0.04145 4.53138e-05 0.2
126 0.128959 0.000497337 0.016546 0.000104368 0.0414732 4.54214e-05 0.2
127 0.15518 0.000575493 0.0240223 0.000143925 0.039003 4.69518e-05 0.4
128 0.186455 0.000455662 0.0348358 0.000125754 0.0583534 6.49397e-05 -0.8
129 0.140562 0.00039133 0.0197611 8.3628e-05 0.0527507 5.28083e-05 -0.6
130 0.140707 0.000392743 0.0198236 8.42664e-05 0.0527442 5.23423e-05 -0.6
131 0.117441 0.000362038 0.0137298 6.56828e-05 0.0491463 4.84766e-05 -0.4
132 0.1409 0.000391272 0.01984 8.33003e-05 0.0528136 5.25173e-05 -0.6
133 0.117593 0.000362345 0.0137679 6.58853e-05 0.0491955 4.852e-05 -0.4
134 0.117663 0.000362516 0.0137986 6.60409e-05 0.0491943 4.81637e-05 -0.4
135 0.109313 0.000374231 0.0118465 6.38425e-05 0.0463685 4.63505e-05 -0.2
136 0.140598 0.000390398 0.0197626 8.33676e-05 0.0527557 5.24248e-05 -0.6
137 0.117545 0.000362422 0.0137356 6.57374e-05 0.0491275 4.79271e-05 -0.4
138 0.117478 0.000361306 0.013751 6.55477e-05 0.0492034 4.8255e-05 -0.4
139 0.109307 0.000373984 0.0118268 6.34959e-05 0.0463527 4.63394e-05 -0.2
140 0.117691 0.000361986 0.0137923 6.55204e-05 0.049242 4.8203e-05 -0.4
141 0.109379 0.000374332 0.011862 6.40293e-05 0.046353 4.61939e-05 -0.2
142 0.109294 0.000374773 0.0118517 6.4293e-05 0.0463937 4.62395e-05 -0.2
143 0.113443 0.00042384 0.0127324 7.65521e-05 0.0438525 4.52811e-05 0
144 0.140751 0.000392131 0.0197917 8.32685e-05 0.0527445 5.27224e-05 -0.6
145 0.117493 0.000361723 0.0137301 6.53018e-05 0.0491985 4.86587e-05 -0.4
146 0.117567 0.000362375 0.0137595 6.53224e-05 0.0491676 4.81563e-05 -0.4
147 0.109103 0.000373203 0.0117754 6.32466e-05 0.046326 4.56493e-05 -0.2
148 0.117712 0.000363512 0.013787 6.58501e-05 0.0491555 4.84218e-05 -0.4
149 0.109323 0.00037604 0.0118396 6.42517e-05 0.0463647 4.61081e-05 -0.2
150 0.109233 0.000376179 0.0118199 6.41777e-05 0.0462723 4.59736e-05 -0.2
151 0.113376 0.000424063 0.0127181 7.63581e-05 0.0438776 4.50648e-05 0
152 0.117614 0.000361565 0.0137638 6.54066e-05 0.0491777 4.8618e-05 -0.4
153 0.109198 0.000374986 0.0118033 6.38158e-05 0.0463153 4.60404e-05 -0.2
154 0.109245 0.000373788 0.011821 6.38999e-05 0.0463305 4.60521e-05 -0.2
155 0.113288 0.000422949 0.0126956 7.62244e-05 0.0438441 4.55874e-05 0
156 0.109392 0.000375237 0.0118606 6.43759e-05 0.0463729 4.61468e-05 -0.2
157 0.113417 0.00042655 0.0127342 7.73752e-05 0.0438594 4.56094e-05 0
158 0.113428 0.000424351 0.0127474 7.7063e-05 0.0438507 4.51947e-05 0
159 0.128959 0.000497206 0.0165306 0.000103964 0.0414893 4.5617e-05 0.2
160 0.140703 0.000392566 0.0198156 8.36769e-05 0.0526882 5.23517e-05 -0.6
161 0.117408 0.000361349 0.0137235 6.58881e-05 0.0491542 4.83558e-05 -0.4
162 0.117383 0.000362061 0.0137405 6.58793e-05 0.0491957 4.81633e-05 -0.4
163 0.109151 0.000371572 0.0118055 6.32857e-05 0.0463417 4.58811e-05 -0.2
164 0.117542 0.000363127 0.0137726 6.60648e-05 0.0492125 4.88424e-05 -0.4
165 0.10917 0.000373051 0.011819 6.40646e-05 0.0463551 4.62918e-05 -0.2
166 0.10923 0.000374977 0.0118469 6.44809e-05 0.0463425 4.65577e-05 -0.2
167 0.113309 0.00042277 0.0127029 7.62905e-05 0.0438851 4.50254e-05 0
168 0.117465 0.000361481 0.0137381 6.55199e-05 0.049166 4.81993e-05 -0.4
169 0.10922 0.000372567 0.0118191 6.35432e-05 0.0463572 4.62047e-05 -0.2
170 0.109122 0.000372604 0.0118151 6.36268e-05 0.0463448 4.66023e-05 -0.2
171 0.113328 0.000421788 0.0127066 7.59995e-05 0.0438503 4.52157e-05 0
172 0.109305 0.000373547 0.0118541 6.41072e-05 0.0463762 4.61305e-05 -0.2
173 0.113427 0.000423039 0.0127227 7.66405e-05 0.0438504 4.51094e-05 0
174 0.113306 0.000423292 0.0127166 7.68686e-05 0.0438634 4.49165e-05 0
175 0.128837 0.00049483 0.0164833 0.00010308 0.0414859 4.54309e-05 0.2
176 0.117453 0.0003621 0.0137344 6.53089e-05 0.0491766 4.86955e-05 -0.4
177 0.109051 0.000371902 0.0117752 6.33806e-05 0.0463218 4.68149e-05 -0.2
178 0.109156 0.000372263 0.0118146 6.35762e-05 0.0463427 4.54514e-05 -0.2
179 0.113202 0.000420641 0.0126708 7.57023e-05 0.0438836 4.52254e-05 0
180 0.109187 0.000374892 0.0118311 6.41568e-05 0.0463932 4.63254e-05 -0.2
181 0.113325 0.000424331 0.012716 7.68326e-05 0.0438775 4.52778e-05 0
182 0.113243 0.000424379 0.0126853 7.65881e-05 0.0438577 4.54294e-05 0
183 0.128791 0.000495843 0.0164707 0.000103164 0.041514 4.54064e-05 0.2
184 0.109139 0.00037293 0.011814 6.38113e-05 0.0463345 4.64984e-05 -0.2
185 0.11324 0.000423881 0.0127033 7.67683e-05 0.0438334 4.47515e-05 0
186 0.113252 0.000422484 0.0127062 7.64922e-05 0.0438622 4.47712e-05 0
187 0.128755 0.0004945 0.0164781 0.000103326 0.0414489 4.57932e-05 0.2
188 0.113367 0.000424942 0.0127397 7.73807e-05 0.0438448 4.52151e-05 0
189 0.128906 0.000497266 0.0165162 0.000104146 0.0414718 4.57206e-05 0.2
190 0.128797 0.000496838 0.0164971 0.000104043 0.0414752 4.55744e-05 0.2
191 0.155163 0.000574511 0.0240379 0.000144217 0.039031 4.70076e-05 0.4
192 0.140778 0.000392747 0.0198101 8.34586e-05 0.0527212 5.24652e-05 -0.6
193 0.117576 0.000362121 0.0137526 6.53946e-05 0.0492477 4.82348e-05 -0.4
194 0.117607 0.000362324 0.0137776 6.54051e-05 0.0491863 4.82798e-05 -0.4
195 0.109347 0.000373279 0.0118405 6.3446e-05 0.0463209 4.57412e-05 -0.2
196 0.117811 0.000363259 0.0138177 6.57171e-05 0.0491861 4.81148e-05 -0.4
197 0.109404 0.000375206 0.0118596 6.41856e-05 0.04636 4.60406e-05 -0.2
198 0.10942 0.000375242 0.0118554 6.42864e-05 0.0463768 4.65408e-05 -0.2
199 0.113532 0.000423404 0.0127472 7.64156e-05 0.0438811 4.56519e-05 0
200 0.117531 0.000363434 0.0137358 6.54667e-05 0.0491888 4.81906e-05 -0.4
201 0.109396 0.000373888 0.0118433 6.38456e-05 0.0463505 4.63368e-05 -0.2
202 0.109416 0.000373577 0.0118616 6.39198e-05 0.0463108 4.59435e-05 -0.2
203 0.113537 0.00042271 0.0127547 7.65172e-05 0.0438535 4.51918e-05 0
204 0.10946 0.000374761 0.0118838 6.44367e-05 0.0464121 4.61428e-05 -0.2
205 0.113627 0.000424003 0.0127901 7.72229e-05 0.0438499 4.50337e-05 0
206 0.113587 0.000424804 0.0127737 7.7292e-05 0.0438508 4.52939e-05 0
207 0.129007 0.000495369 0.0165459 0.000103346 0.0415016 4.56805e-05 0.2
208 0.117638 0.000363525 0.0137624 6.52409e-05 0.0491504 4.82342e-05 -0.4
209 0.109295 0.000373943 0.0118141 6.34567e-05 0.0463386 4.61031e-05 -0.2
210 0.109297 0.000374339 0.0118235 6.38011e-05 0.046357 4.66014e-05 -0.2
211 0.113377 0.000421613 0.0127238 7.59672e-05 0.0437993 4.53077e-05 0
212 0.109415 0.000375474 0.0118786 6.42514e-05 0.0463674 4.66126e-05 -0.2
213 0.113521 0.000425543 0.0127693 7.7116e-05 0.0438462 4.56904e-05 0
214 0.113453 0.000424053 0.0127315 7.66667e-05 0.0438402 4.51668e-05 0
215 0.128869 0.000495378 0.0164994 0.000103186 0.0414683 4.54126e-05 0.2
216 0.109345 0.000374124 0.0118476 6.40249e-05 0.0463501 4.59465e-05 -0.2
217 0.113461 0.000423944 0.012754 7.69085e-05 0.0438568 4.54023e-05 0
218 0.113509 0.000423741 0.0127608 7.70628e-05 0.0438674 4.54237e-05 0
219 0.128905 0.000494519 0.0165328 0.000103439 0.041461 4.58785e-05 0.2
220 0.113588 0.000424946 0.0127998 7.77148e-05 0.0439064 4.56138e-05 0
221 0.128997 0.000496758 0.0165529 0.000104055 0.041468 4.53844e-05 0.2
222 0.129054 0.000497188 0.0165695 0.000103889 0.0414396 4.56476e-05 0.2
223 0.155264 0.000573411 0.0240576 0.000143327 0.0390318 4.63039e-05 0.4
224 0.117565 0.000362394 0.0137672 6.57065e-05 0.0492218 4.88724e-05 -0.4
225 0.109253 0.000371338 0.0118335 6.37064e-05 0.0463661 4.61795e-05 -0.2
226 0.109346 0.00037234 0.0118773 6.38342e-05 0.0463908 4.60347e-05 -0.2
227 0.113373 0.000419735 0.0127164 7.57548e-05 0.0438137 4.50146e-05 0
228 0.109331 0.000373555 0.0118722 6.41245e-05 0.0463868 4.64106e-05 -0.2
229 0.113389 0.000422021 0.0127307 7.66364e-05 0.0438134 4.52664e-05 0
230 0.113465 0.000422045 0.0127563 7.67615e-05 0.0438391 4.50643e-05 0
231 0.128822 0.000494146 0.0164722 0.000102997 0.0414548 4.55931e-05 0.2
232 0.109343 0.000372813 0.0118628 6.40839e-05 0.0464052 4.66299e-05 -0.2
233 0.113505 0.000421314 0.0127625 7.64648e-05 0.0438219 4.52497e-05 0
234 0.113465 0.000421657 0.01276 7.67763e-05 0.0438411 4.50452e-05 0
235 0.128845 0.000493031 0.016496 0.000103092 0.0414767 4.57833e-05 0.2
236 0.113548 0.000422559 0.0127801 7.71714e-05 0.0438253 4.53637e-05 0
237 0.128993 0.000494915 0.0165382 0.000103686 0.0414603 4.55562e-05 0.2
238 0.128894 0.000494346 0.0165053 0.000103384 0.0414653 4.4963e-05 0.2
239 0.155135 0.000573395 0.0240302 0.000143125 0.0390328 4.69974e-05 0.4
240 0.109284 0.000372119 0.0118551 6.37308e-05 0.0463257 4.65252e-05 -0.2
241 0.113339 0.000420104 0.0127331 7.62938e-05 0.0438447 4.50678e-05 0
242 0.113338 0.000420348 0.0127239 7.61741e-05 0.0438766 4.55545e-05 0
243 0.128774 0.000491991 0.0164898 0.000102872 0.0414277 4.50259e-05 0.2
244 0.113488 0.000423928 0.012777 7.71596e-05 0.0438595 4.56884e-05 0
245 0.128918 0.000495135 0.0165234 0.000103906 0.0415159 4.54022e-05 0.2
246 0.128855 0.000495382 0.0164975 0.000103747 0.0414993 4.59073e-05 0.2
247 0.155158 0.000573063 0.0240031 0.000143069 0.0390266 4.69542e-05 0.4
248 0.113442 0.000421607 0.0127767 7.70704e-05 0.0438849 4.53489e-05 0
249 0.12898 0.00049409 0.0165599 0.00010392 0.0414943 4.52854e-05 0.2
250 0.128822 0.000494051 0.0165178 0.000103519 0.0414357 4.47468e-05 0.2
251 0.155137 0.000571221 0.0240386 0.000143415 0.0390359 4.66573e-05 0.4
252 0.129057 0.000496709 0.0165833 0.000104596 0.0414881 4.53154e-05 0.2
253 0.155325 0.000574841 0.0240834 0.000144316 0.0390214 4.65921e-05 0.4
254 0.155213 0.000574852 0.0240386 0.000143951 0.0390178 4.67681e-05 0.4
255 0.191466 0.000639863 0.0366449 0.000193667 0.0364071 4.84754e-05 0.6
256 0.185737 0.000447501 0.0345054 0.000121536 0.0582222 6.25766e-05 -0.8
257 0.14032 0.000388382 0.0196889 8.24577e-05 0.0526944 5.25673e-05 -0.6
258 0.14045 0.000386933 0.0197414 8.23569e-05 0.0526933 5.15188e-05 -0.6
259 0.117326 0.0003599 0.0137169 6.56286e-05 0.0491395 4.79235e-05 -0.4
260 0.140574 0.00038629 0.0197582 8.1892e-05 0.0527099 5.2389e-05 -0.6
261 0.117488 0.00035816 0.0137667 6.54451e-05 0.0491594 4.83281e-05 -0.4
262 0.117498 0.000360042 0.0137772 6.56972e-05 0.0491751 4.782e-05 -0.4
263 0.109261 0.000373519 0.0118599 6.43309e-05 0.0463194 4.5749e-05 -0.2
264 0.140394 0.000387536 0.0197092 8.22439e-05 0.0527235 5.17865e-05 -0.6
265 0.117454 0.000360074 0.013717 6.53678e-05 0.0491189 4.78507e-05 -0.4
266 0.117352 0.000360889 0.0137308 6.55813e-05 0.0491247 4.813e-05 -0.4
267 0.10926 0.000374295 0.0118444 6.42648e-05 0.0463721 4.6339e-05 -0.2
268 0.117455 0.000360109 0.0137644 6.53811e-05 0.0491494 4.83521e-05 -0.4
269 0.109356 0.000373618 0.011881 6.46066e-05 0.0463484 4.60274e-05 -0.2
270 0.109276 0.000374938 0.0118818 6.47271e-05 0.0463178 4.60751e-05 -0.2
271 0.113399 0.000425841 0.012757 7.73415e-05 0.0438521 4.49676e-05 0
272 0.140586 0.000386988 0.0197556 8.17217e-05 0.0527548 5.32017e-05 -0.6
273 0.117431 0.000358897 0.013725 6.49828e-05 0.0491789 4.82592e-05 -0.4
274 0.117457 0.000361037 0.0137559 6.55165e-05 0.0491857 4.80601e-05 -0.4
275 0.109168 0.000373457 0.0118205 6.40971e-05 0.0463171 4.65432e-05 -0.2
276 0.117627 0.000360012 0.0137949 6.52642e-05 0.0491468 4.80078e-05 -0.4
277 0.109298 0.000374579 0.0118638 6.46791e-05 0.0463567 4.61356e-05 -0.2
278 0.109237 0.000375697 0.0118626 6.4595e-05 0.046362 4.58581e-05 -0.2
279 0.113309 0.000425725 0.012721 7.72786e-05 0.0438707 4.52993e-05 0
280 0.117516 0.000360631 0.0137549 6.53444e-05 0.0491828 4.88839e-05 -0.4
281 0.10914 0.000375112 0.0118103 6.4415e-05 0.0463509 4.64928e-05 -0.2
282 0.109145 0.000375776 0.0118338 6.45636e-05 0.0463026 4.60792e-05 -0.2
283 0.113326 0.000425664 0.0127262 7.754e-05 0.0438555 4.55177e-05 0
284 0.109284 0.000375456 0.0118776 6.501e-05 0.0463371 4.61883e-05 -0.2
285 0.113391 0.000427786 0.0127557 7.83038e-05 0.04383 4.52553e-05 0
286 0.113287 0.000426917 0.0127412 7.78894e-05 0.0438492 4.52923e-05 0
287 0.128837 0.00049855 0.0165038 0.000104173 0.041496 4.56986e-05 0.2
288 0.14037 0.000386425 0.0197203 8.20645e-05 0.0527233 5.21932e-05 -0.6
289 0.117232 0.000358449 0.013685 6.52752e-05 0.0491365 4.83012e-05 -0.4
290 0.117229 0.000359474 0.0137178 6.56417e-05 0.0491672 4.78652e-05 -0.4
291 0.109059 0.000372259 0.0118154 6.40018e-05 0.0463946 4.62058e-05 -0.2
292 0.117425 0.000358744 0.0137638 6.54729e-05 0.0491529 4.82152e-05 -0.4
293 0.109137 0.000371764 0.0118347 6.41984e-05 0.0463128 4.62062e-05 -0.2
294 0.109128 0.000373232 0.0118538 6.44044e-05 0.0463517 4.61329e-05 -0.2
295 0.113202 0.000424579 0.0127152 7.68525e-05 0.0438437 4.49172e-05 0
296 0.117303 0.000358884 0.013705 6.49345e-05 0.0491365 4.82209e-05 -0.4
297 0.109111 0.000372514 0.0118051 6.38581e-05 0.046354 4.65206e-05 -0.2
298 0.109091 0.000373812 0.0118308 6.4213e-05 0.046378 4.58677e-05 -0.2
299 0.113262 0.000423795 0.0127177 7.67423e-05 0.0438332 4.5163e-05 0
300 0.109277 0.000373632 0.0118792 6.47065e-05 0.0463512 4.66102e-05 -0.2
301 0.113297 0.000424894 0.0127343 7.73077e-05 0.0438671 4.4985e-05 0
302 0.11327 0.000425567 0.0127358 7.7549e-05 0.0438942 4.57436e-05 0
303 0.128756 0.000497747 0.0164771 0.000103487 0.0414608 4.50233e-05 0.2
304 0.117466 0.00035932 0.0137516 6.49802e-05 0.0491525 4.83331e-05 -0.4
305 0.108946 0.000372223 0.011774 6.38868e-05 0.0463124 4.6266e-05 -0.2
306 0.108969 0.00037335 0.0117987 6.39291e-05 0.0463222 4.58177e-05 -0.2
307 0.113253 0.000422676 0.0127192 7.67966e-05 0.0438372 4.48601e-05 0
308 0.109146 0.000374283 0.0118556 6.44188e-05 0.0463221 4.62903e-05 -0.2
309 0.113173 0.000425987 0.0127142 7.75728e-05 0.0438528 4.55594e-05 0
310 0.113239 0.000426403 0.0127266 7.73917e-05 0.0438178 4.50571e-05 0
311 0.128698 0.000498178 0.0164635 0.000103904 0.0414187 4.58748e-05 0.2
312 0.109086 0.000373474 0.0118115 6.41824e-05 0.0463394 4.58368e-05 -0.2
313 0.113233 0.000425621 0.0127177 7.73934e-05 0.0437998 4.53155e-05 0
314 0.113197 0.00042515 0.0127232 7.74531e-05 0.0438413 4.53433e-05 0
315 0.128774 0.000496197 0.0164876 0.000103603 0.0414531 4.55881e-05 0.2
316 0.113276 0.000426896 0.0127391 7.82353e-05 0.043811 4.51454e-05 0
317 0.128842 0.000499443 0.0165068 0.000104632 0.041476 4.52966e-05 0.2
318 0.128759 0.000498868 0.0164821 0.000104369 0.0414639 4.54807e-05 0.2
319 0.155147 0.000575978 0.0239997 0.000143885 0.0390178 4.61971e-05 0.4
320 0.140559 0.000387791 0.019747 8.2438e-05 0.0526884 5.23063e-05 -0.6
321 0.11748 0.000359281 0.013728 6.52962e-05 0.0491484 4.83674e-05 -0.4
322 0.117438 0.000360193 0.0137492 6.56402e-05 0.0491479 4.80991e-05 -0.4
323 0.109278 0.000371777 0.0118596 6.39617e-05 0.046322 4.60585e-05 -0.2
324 0.117617 0.000360309 0.0137848 6.54165e-05 0.0491905 4.87387e-05 -0.4
325 0.109286 0.000373384 0.0118631 6.44867e-05 0.0463679 4.61793e-05 -0.2
326 0.109335 0.000373096 0.0118817 6.45166e-05 0.0463432 4.61566e-05 -0.2
327 0.113404 0.000424645 0.0127641 7.71781e-05 0.0438199 4.50692e-05 0
328 0.117481 0.000361025 0.0137349 6.53021e-05 0.0491918 4.81836e-05 -0.4
329 0.109285 0.000373504 0.0118423 6.41903e-05 0.0463584 4.64837e-05 -0.2
330 0.109225 0.000374467 0.0118525 6.44188e-05 0.04633 4.65039e-05 -0.2
331 0.113601 0.000424788 0.0128263 7.75983e-05 0.0438189 4.55525e-05 0
332 0.109307 0.000374294 0.0118809 6.46951e-05 0.0463702 4.62023e-05 -0.2
333 0.11356 0.00042568 0.012813 7.79159e-05 0.0438796 4.53682e-05 0
334 0.113431 0.000425067 0.0127787 7.77186e-05 0.043801 4.52975e-05 0
335 0.128916 0.000497668 0.0165299 0.000103963 0.0414986 4.54724e-05 0.2
336 0.117685 0.000359848 0.0137898 6.49079e-05 0.0492251 4.83321e-05 -0.4
337 0.10927 0.000372678 0.0118534 6.40951e-05 0.0463784 4.64232e-05 -0.2
338 0.109219 0.000374281 0.011844 6.41475e-05 0.0462918 4.56774e-05 -0.2
339 0.113402 0.000423456 0.0127607 7.7114e-05 0.0438406 4.54147e-05 0
340 0.109401 0.000373855 0.0119036 6.45302e-05 0.0463903 4.61322e-05 -0.2
341 0.113412 0.000426279 0.0127843 7.79233e-05 0.0438891 4.53532e-05 0
342 0.113399 0.000426466 0.0127547 7.76971e-05 0.0438726 4.5451e-05 0
343 0.128783 0.000496583 0.0164995 0.000103745 0.0414579 4.54893e-05 0.2
344 0.10921 0.000373914 0.011852 6.43934e-05 0.0463035 4.64656e-05 -0.2
345 0.113364 0.000425068 0.0127848 7.7913e-05 0.0438221 4.51136e-05 0
346 0.11332 0.000424195 0.0127733 7.78369e-05 0.0438524 4.48458e-05 0
347 0.128972 0.000496485 0.0165667 0.00010412 0.0414645 4.50774e-05 0.2
348 0.11346 0.000426379 0.0128124 7.85279e-05 0.0438757 4.53978e-05 0
349 0.128926 0.000498298 0.0165582 0.000104858 0.0414556 4.52183e-05 0.2
350 0.12891 0.000498512 0.0165539 0.000104526 0.0415155 4.54456e-05 0.2
351 0.155081 0.000574436 0.0240019 0.000143673 0.0390083 4.6596e-05 0.4
352 0.117414 0.000360296 0.0137294 6.55342e-05 0.0491321 4.79234e-05 -0.4
353 0.10915 0.000370288 0.0118304 6.38216e-05 0.0463238 4.61322e-05 -0.2
354 0.109164 0.000371988 0.0118564 6.40353e-05 0.0463102 4.57189e-05 -0.2
355 0.113345 0.000421244 0.0127588 7.64846e-05 0.0438754 4.55001e-05 0
356 0.109341 0.000373237 0.0119113 6.4593e-05 0.0462972 4.55098e-05 -0.2
357 0.11327 0.000423544 0.0127513 7.70902e-05 0.0438295 4.58753e-05 0
358 0.113273 0.000423904 0.0127468 7.71387e-05 0.0438481 4.57278e-05 0
359 0.128766 0.000497 0.0164945 0.000103641 0.0414091 4.49806e-05 0.2
360 0.109229 0.000372858 0.0118578 6.4346e-05 0.0463407 4.62302e-05 -0.2
361 0.113406 0.000423692 0.0127706 7.72822e-05 0.0438854 4.57065e-05 0
362 0.113387 0.000423719 0.0127757 7.74327e-05 0.0438001 4.5211e-05 0
363 0.128838 0.0004958 0.0165062 0.000103769 0.0414725 4.5275e-05 0.2
364 0.113464 0.00042411 0.0127895 7.78256e-05 0.0438321 4.55471e-05 0
365 0.128898 0.000497169 0.0165334 0.000104516 0.0414375 4.51042e-05 0.2
366 0.128751 0.000497889 0.0164857 0.000104002 0.0413984 4.48391e-05 0.2
367 0.155081 0.00057564 0.0239992 0.000143476 0.0390344 4.60363e-05 0.4
368 0.109172 0.000371956 0.0118493 6.37636e-05 0.0463627 4.58681e-05 -0.2
369 0.113348 0.000421593 0.0127744 7.71836e-05 0.0438521 4.5449e-05 0
370 0.113259 0.000422817 0.0127395 7.70146e-05 0.043782 4.51616e-05 0
371 0.128775 0.000494678 0.016493 0.000103601 0.0414617 4.5178e-05 0.2
372 0.113448 0.000425017 0.0128024 7.76581e-05 0.0438274 4.51736e-05 0
373 0.128806 0.000497509 0.0165129 0.000104364 0.0414836 4.52637e-05 0.2
374 0.128759 0.00049791 0.0164803 0.000104401 0.0414662 4.52515e-05 0.2
375 0.155072 0.000575257 0.0239669 0.000143732 0.0390364 4.64559e-05 0.4
376 0.113311 0.000424524 0.0127727 7.78609e-05 0.0438501 4.53801e-05 0
377 0.128926 0.000496676 0.0165664 0.000104609 0.0415158 4.52902e-05 0.2
378 0.128853 0.000496472 0.0165315 0.000104352 0.0414706 4.46664e-05 0.2
379 0.155066 0.000572809 0.0239974 0.000143395 0.0389887 4.66408e-05 0.4
380 0.128875 0.000498606 0.0165383 0.000105308 0.0414838 4.5397e-05 0.2
381 0.155192 0.000575978 0.0240173 0.000144093 0.0390209 4.6581e-05 0.4
382 0.155087 0.000575906 0.0239877 0.000143873 0.0390108 4.64543e-05 0.4
383 0.191363 0.000640148 0.0365579 0.00019305 0.0364475 4.85629e-05 0.6
384 0.140398 0.00038891 0.0197279 8.30312e-05 0.0527355 5.28115e-05 -0.6
385 0.117298 0.000360101 0.0136958 6.56093e-05 0.0491737 4.82924e-05 -0.4
386 0.11741 0.000361158 0.0137494 6.5798e-05 0.0492069 4.83106e-05 -0.4
387 0.109277 0.000371653 0.0118439 6.37325e-05 0.0463718 4.57938e-05 -0.2
388 0.117563 0.000360527 0.013779 6.57187e-05 0.0491823 4.78554e-05 -0.4
389 0.109335 0.000373945 0.0118581 6.42324e-05 0.0463316 4.61941e-05 -0.2
390 0.10927 0.000374698 0.011861 6.46147e-05 0.0463826 4.63854e-05 -0.2
391 0.113434 0.00042306 0.0127463 7.63737e-05 0.0438467 4.48173e-05 0
392 0.117426 0.000360803 0.0137358 6.54894e-05 0.0491882 4.8372e-05 -0.4
393 0.109233 0.000372986 0.0118307 6.37679e-05 0.0463451 4.6519e-05 -0.2
394 0.109198 0.000373924 0.011842 6.39185e-05 0.0463346 4.62295e-05 -0.2
395 0.113451 0.000422662 0.0127449 7.64714e-05 0.0438905 4.50721e-05 0
396 0.109304 0.000375831 0.0118703 6.45757e-05 0.0463569 4.6199e-05 -0.2
397 0.113454 0.000425623 0.0127585 7.73975e-05 0.0438264 4.56669e-05 0
398 0.113432 0.000425522 0.0127606 7.7445e-05 0.0438555 4.53549e-05 0
399 0.128859 0.000496358 0.0164989 0.000103112 0.0414984 4.53895e-05 0.2
400 0.117474 0.000361466 0.013747 6.54292e-05 0.0491827 4.81615e-05 -0.4
401 0.109072 0.000373383 0.0117806 6.37687e-05 0.0463481 4.61809e-05 -0.2
402 0.109217 0.000374135 0.0118316 6.40204e-05 0.046371 4.66171e-05 -0.2
403 0.113344 0.00042111 0.0127187 7.63209e-05 0.0438675 4.54284e-05 0
404 0.109293 0.00037575 0.01186 6.45065e-05 0.0463459 4.60374e-05 -0.2
405 0.113405 0.000425639 0.0127454 7.73028e-05 0.0438159 4.50266e-05 0
406 0.1134 0.000425341 0.0127417 7.72336e-05 0.0438201 4.52121e-05 0
407 0.128814 0.00049526 0.0164856 0.000103301 0.0414932 4.51616e-05 0.2
408 0.109153 0.000375333 0.011831 6.45038e-05 0.046414 4.62559e-05 -0.2
409 0.113335 0.000425507 0.0127339 7.72805e-05 0.043811 4.52666e-05 0
410 0.113237 0.000424188 0.012728 7.72119e-05 0.0438485 4.50391e-05 0
411 0.128763 0.000495053 0.0164826 0.000103596 0.0414461 4.52171e-05 0.2
412 0.113429 0.000426564 0.0127745 7.82675e-05 0.0438502 4.47903e-05 0
413 0.128955 0.000497555 0.0165404 0.000104412 0.0414636 4.55022e-05 0.2
414 0.128931 0.000497602 0.0165351 0.000104205 0.0414888 4.51255e-05 0.2
415 0.155122 0.000573005 0.0239945 0.000143432 0.0390436 4.66708e-05 0.4
416 0.117265 0.000360842 0.0137103 6.55937e-05 0.0491971 4.82653e-05 -0.4
417 0.109029 0.000371242 0.01179 6.3709e-05 0.0463059 4.60338e-05 -0.2
418 0.109096 0.000372585 0.0118236 6.38909e-05 0.0463718 4.59888e-05 -0.2
419 0.113264 0.000419938 0.0127037 7.57929e-05 0.0437811 4.52602e-05 0
420 0.109157 0.000374239 0.0118439 6.42138e-05 0.0463613 4.56709e-05 -0.2
421 0.113211 0.00042341 0.0126984 7.65553e-05 0.0438096 4.47736e-05 0
422 0.113235 0.000423251 0.0127093 7.66526e-05 0.0438524 4.5694e-05 0
423 0.128811 0.000495751 0.0164752 0.000103078 0.0415058 4.57256e-05 0.2
424 0.109062 0.000373512 0.0118129 6.396e-05 0.046307 4.62848e-05 -0.2
425 0.113289 0.000423764 0.0127222 7.67731e-05 0.0438171 4.49973e-05 0
426 0.113233 0.000422885 0.0127143 7.66088e-05 0.0438273 4.46107e-05 0
427 0.128778 0.00049365 0.016485 0.000102934 0.0414685 4.52338e-05 0.2
428 0.113366 0.000424747 0.012743 7.75988e-05 0.0438314 4.49517e-05 0
429 0.128861 0.000496146 0.016507 0.000103628 0.0414971 4.51133e-05 0.2
430 0.128798 0.000496461 0.0164809 0.000103705 0.0415019 4.57378e-05 0.2
431 0.155092 0.000572982 0.0239907 0.000142763 0.0390627 4.67332e-05 0.4
432 0.109061 0.000373729 0.0118167 6.3821e-05 0.0463359 4.63096e-05 -0.2
433 0.11319 0.000421589 0.0127041 7.63738e-05 0.0438917 4.53161e-05 0
434 0.113197 0.000422533 0.0126977 7.64047e-05 0.0438545 4.52399e-05 0
435 0.128743 0.000493695 0.0164705 0.000103261 0.0414737 4.54576e-05 0.2
436 0.113289 0.000424877 0.0127397 7.72389e-05 0.0438798 4.53204e-05 0
437 0.128904 0.000495311 0.0165176 0.000103663 0.0414721 4.50007e-05 0.2
438 0.128774 0.00049659 0.0164619 0.000103989 0.0414634 4.60082e-05 0.2
439 0.155069 0.00057255 0.0239758 0.000143277 0.0390171 4.63834e-05 0.4
440 0.113182 0.000425081 0.0127183 7.73794e-05 0.0438346 4.53158e-05 0
441 0.128892 0.000495892 0.0165416 0.000104167 0.0414564 4.54408e-05 0.2
442 0.128758 0.000495471 0.0165064 0.000104099 0.0415051 4.50469e-05 0.2
443 0.155082 0.000570594 0.0240183 0.000143247 0.0389971 4.63924e-05 0.4
444 0.12895 0.000497661 0.0165358 0.000104667 0.0414567 4.54132e-05 0.2
445 0.155222 0.000574851 0.0240308 0.000144091 0.0390587 4.62579e-05 0.4
446 0.155149 0.000574225 0.0240115 0.000144049 0.0390727 4.6873e-05 0.4
447 0.191389 0.000637737 0.0366054 0.000193137 0.0364273 4.84903e-05 0.6
448 0.117505 0.000362036 0.0137459 6.56406e-05 0.0491424 4.84713e-05 -0.4
449 0.109239 0.000372785 0.0118303 6.38218e-05 0.0463267 4.62202e-05 -0.2
450 0.109323 0.000372815 0.0118532 6.40284e-05 0.0463553 4.58489e-05 -0.2
451 0.113436 0.000422352 0.0127505 7.64638e-05 0.0438871 4.56552e-05 0
452 0.109366 0.000375766 0.0118752 6.45294e-05 0.0463775 4.62381e-05 -0.2
453 0.113452 0.000425209 0.0127794 7.72402e-05 0.0438244 4.48813e-05 0
454 0.113387 0.000425243 0.0127437 7.73198e-05 0.0439012 4.57892e-05 0
455 0.128866 0.000495336 0.0165061 0.000102982 0.0414912 4.5777e-05 0.2
456 0.109269 0.000374159 0.0118475 6.4189e-05 0.0463307 4.63102e-05 -0.2
457 0.113509 0.000424403 0.0127992 7.72806e-05 0.0438345 4.55734e-05 0
458 0.113435 0.000424701 0.0127649 7.74338e-05 0.0438995 4.49003e-05 0
459 0.128964 0.000493566 0.0165501 0.000103065 0.0414502 4.49615e-05 0.2
460 0.113495 0.000425714 0.0127948 7.81031e-05 0.0439002 4.49917e-05 0
461 0.128964 0.000496166 0.0165477 0.000104034 0.0414855 4.54274e-05 0.2
462 0.128934 0.000496967 0.0165377 0.000103865 0.0414477 4.56665e-05 0.2
463 0.155009 0.000572355 0.0239829 0.000142528 0.0390801 4.63932e-05 0.4
464 0.109268 0.000373848 0.011853 6.39204e-05 0.0463398 4.60147e-05 -0.2
465 0.113303 0.000422936 0.0127598 7.71096e-05 0.0438286 4.54842e-05 0
466 0.113286 0.000423352 0.0127199 7.71429e-05 0.0438963 4.47657e-05 0
467 0.128799 0.000492431 0.0164987 0.000102886 0.0414831 4.54923e-05 0.2
468 0.113358 0.000425746 0.0127591 7.77608e-05 0.0438599 4.54791e-05 0
469 0.128895 0.000496098 0.0165287 0.000103978 0.0414907 4.55515e-05 0.2
470 0.128899 0.000496874 0.016512 0.000103824 0.0414463 4.55132e-05 0.2
471 0.155059 0.000571293 0.0239929 0.00014276 0.0390211 4.65091e-05 0.4
472 0.113375 0.000424995 0.0127834 7.77452e-05 0.0438196 4.54037e-05 0
473 0.128926 0.000495194 0.0165605 0.000104156 0.0414893 4.57967e-05 0.2
474 0.128876 0.000495613 0.0165557 0.000103965 0.0414604 4.50401e-05 0.2
475 0.155211 0.000569408 0.0240475 0.000142805 0.0390522 4.63634e-05 0.4
476 0.128942 0.000497757 0.0165582 0.00010496 0.0414914 4.52537e-05 0.2
477 0.155207 0.000572132 0.024028 0.000143369 0.0390262 4.65975e-05 0.4
478 0.155107 0.000573088 0.0240138 0.000143462 0.0390444 4.63861e-05 0.4
479 0.191268 0.000636225 0.0365422 0.000192383 0.0364506 4.8672e-05 0.6
480 0.109168 0.000372703 0.0118411 6.39039e-05 0.0463518 4.61992e-05 -0.2
481 0.113351 0.000421287 0.0127515 7.65493e-05 0.0438712 4.50834e-05 0
482 0.113346 0.000421575 0.0127506 7.67593e-05 0.0438839 4.50035e-05 0
483 0.12874 0.000492434 0.0164836 0.000102624 0.0415066 4.53804e-05 0.2
484 0.113395 0.000423772 0.0127734 7.73827e-05 0.0438898 4.53937e-05 0
485 0.128878 0.000494312 0.0165138 0.000103415 0.0414661 4.51899e-05 0.2
486 0.128851 0.000494965 0.0164796 0.000103259 0.0414719 4.56651e-05 0.2
487 0.155028 0.000572342 0.0239804 0.000142598 0.0390221 4.62956e-05 0.4
488 0.113415 0.000423417 0.012787 7.74249e-05 0.0438719 4.5061e-05 0
489 0.128902 0.000493431 0.0165301 0.000103475 0.0414595 4.49063e-05 0.2
490 0.128836 0.000495475 0.0165178 0.000103664 0.0414732 4.52622e-05 0.2
491 0.155072 0.000570978 0.0240048 0.000142697 0.0390418 4.63007e-05 0.4
492 0.128945 0.000495749 0.0165283 0.00010444 0.0414508 4.53072e-05 0.2
493 0.1552 0.000572149 0.0240473 0.000143261 0.0390908 4.62332e-05 0.4
494 0.154987 0.000573102 0.0239612 0.000142859 0.0390731 4.63272e-05 0.4
495 0.19127 0.000638037 0.0365855 0.000192454 0.0364312 4.83655e-05 0.6
496 0.113337 0.00042236 0.0127738 7.72091e-05 0.0438424 4.5523e-05 0
497 0.128802 0.000493616 0.0165067 0.000103805 0.0414586 4.54989e-05 0.2
498 0.128798 0.000494729 0.016496 0.000103802 0.0414991 4.51395e-05 0.2
499 0.155121 0.000570076 0.0240137 0.000143017 0.0390515 4.62623e-05 0.4
500 0.128942 0.000496447 0.0165385 0.000104614 0.0415053 4.54637e-05 0.2
501 0.155231 0.000572174 0.0240424 0.000143294 0.0390146 4.64943e-05 0.4
502 0.155084 0.000574302 0.0239853 0.00014348 0.0390462 4.67785e-05 0.4
503 0.191349 0.000636203 0.0365712 0.000192017 0.0364308 4.85067e-05 0.6
504 0.128917 0.000495922 0.0165747 0.000104647 0.0414991 4.53539e-05 0.2
505 0.155152 0.000571226 0.024045 0.000143706 0.0390592 4.62569e-05 0.4
506 0.155154 0.000570983 0.0240441 0.000143411 0.0390446 4.68646e-05 0.4
507 0.191349 0.00063342 0.0365979 0.000192269 0.0364571 4.84891e-05 0.6
508 0.155218 0.000574401 0.0240361 0.00014415 0.0390526 4.63618e-05 0.4
509 0.191478 0.00063828 0.0366254 0.000192776 0.0363481 4.83441e-05 0.6
510 0.191391 0.000638223 0.0365854 0.000192854 0.0364239 4.89099e-05 0.6
511 0.235661 0.000674625 0.0554916 0.00024494 0.0335735 5.10619e-05 0.8
512 0.186345 0.000453423 0.034735 0.000124847 0.0583408 6.39487e-05 -0.8
513 0.140751 0.00039111 0.0198039 8.33786e-05 0.052781 5.26493e-05 -0.6
514 0.140856 0.000389994 0.0198269 8.32493e-05 0.0527423 5.27871e-05 -0.6
515 0.117635 0.000361143 0.0137942 6.55094e-05 0.0491574 4.84612e-05 -0.4
516 0.140981 0.000389819 0.0198708 8.29455e-05 0.0527906 5.24933e-05 -0.6
517 0.117564 0.000361038 0.0137872 6.57067e-05 0.0491581 4.80154e-05 -0.4
518 0.117665 0.000361621 0.0138088 6.5885e-05 0.0492044 4.83679e-05 -0.4
519 0.109239 0.000374068 0.0118515 6.42583e-05 0.0463425 4.60458e-05 -0.2
520 0.140734 0.000387873 0.0197772 8.22824e-05 0.0527066 5.26681e-05 -0.6
521 0.117514 0.000359926 0.0137459 6.51428e-05 0.0491986 4.84097e-05 -0.4
522 0.117524 0.000360093 0.0137538 6.52795e-05 0.0491553 4.75545e-05 -0.4
523 0.109205 0.000372738 0.0118323 6.37959e-05 0.0463596 4.62439e-05 -0.2
524 0.117554 0.000360208 0.0137718 6.53242e-05 0.0492226 4.82404e-05 -0.4
525 0.109243 0.000372609 0.0118511 6.41117e-05 0.0463384 4.60796e-05 -0.2
526 0.109256 0.000372806 0.0118601 6.41804e-05 0.046367 4.61095e-05 -0.2
527 0.113379 0.000423428 0.012723 7.68302e-05 0.0438672 4.48191e-05 0
528 0.140979 0.000390106 0.0198531 8.26759e-05 0.0527686 5.23095e-05 -0.6
529 0.117617 0.000361069 0.0137695 6.53119e-05 0.0492368 4.86957e-05 -0.4
530 0.117733 0.00036099 0.0138025 6.53479e-05 0.0492066 4.84505e-05 -0.4
531 0.109256 0.000373216 0.011843 6.37043e-05 0.0463883 4.56661e-05 -0.2
532 0.11777 0.000360968 0.0138237 6.55096e-05 0.0492258 4.85076e-05 -0.4
533 0.109271 0.000374968 0.0118626 6.48357e-05 0.0463461 4.61668e-05 -0.2
534 0.109241 0.000374796 0.0118366 6.43904e-05 0.0464178 4.61958e-05 -0.2
535 0.113255 0.000425748 0.0126906 7.71722e-05 0.0438765 4.50855e-05 0
536 0.117666 0.000359636 0.0137728 6.51792e-05 0.0491498 4.81621e-05 -0.4
537 0.109083 0.000374268 0.0117952 6.44116e-05 0.0463583 4.60044e-05 -0.2
538 0.109083 0.00037346 0.011803 6.38623e-05 0.04638 4.59123e-05 -0.2
539 0.113231 0.000423738 0.0126911 7.70224e-05 0.0438432 4.54949e-05 0
540 0.109261 0.000374346 0.0118527 6.4631e-05 0.0463296 4.55969e-05 -0.2
541 0.11338 0.000426747 0.0127257 7.79337e-05 0.0438737 4.46899e-05 0
542 0.113329 0.000425001 0.0127204 7.74178e-05 0.0439251 4.52901e-05 0
543 0.128897 0.000497722 0.016497 0.000104302 0.041458 4.50363e-05 0.2
544 0.140841 0.000390889 0.0198443 8.32913e-05 0.0527512 5.26051e-05 -0.6
545 0.117441 0.000360255 0.0137524 6.56094e-05 0.0491356 4.79155e-05 -0.4
546 0.117578 0.000360455 0.0137929 6.57002e-05 0.0491516 4.80509e-05 -0.4
547 0.109153 0.000370424 0.0118347 6.36157e-05 0.046374 4.63059e-05 -0.2
548 0.117601 0.000360711 0.0138075 6.59108e-05 0.0492638 4.84708e-05 -0.4
549 0.109085 0.000371515 0.0118223 6.42505e-05 0.04641 4.55748e-05 -0.2
550 0.109184 0.000372885 0.0118522 6.42707e-05 0.0463677 4.64314e-05 -0.2
551 0.113141 0.000422046 0.0126711 7.64592e-05 0.0438697 4.51549e-05 0
552 0.117411 0.000359204 0.0137311 6.50771e-05 0.049152 4.78095e-05 -0.4
553 0.10907 0.000370769 0.0117989 6.35158e-05 0.0463924 4.64118e-05 -0.2
554 0.109075 0.000371425 0.0118228 6.3718e-05 0.0463449 4.60189e-05 -0.2
555 0.113189 0.000421229 0.0126881 7.6286e-05 0.0438171 4.4315e-05 0
556 0.109128 0.00037212 0.0118338 6.39729e-05 0.0463558 4.63396e-05 -0.2
557 0.113304 0.000422028 0.012712 7.67156e-05 0.0438745 4.53878e-05 0
558 0.113221 0.000421842 0.0127097 7.67465e-05 0.0438809 4.49344e-05 0
559 0.128714 0.000494957 0.0164457 0.000103162 0.0414791 4.5419e-05 0.2
560 0.117644 0.000361507 0.0137827 6.55092e-05 0.0491823 4.87773e-05 -0.4
561 0.109095 0.000371412 0.0118138 6.39468e-05 0.0463586 4.64379e-05 -0.2
562 0.109079 0.000371973 0.011806 6.36982e-05 0.0463329 4.68636e-05 -0.2
563 0.113045 0.000421293 0.0126551 7.6313e-05 0.043895 4.51016e-05 0
564 0.109183 0.000373418 0.0118514 6.43971e-05 0.0463527 4.626e-05 -0.2
565 0.113257 0.000423982 0.012711 7.75269e-05 0.0439143 4.5668e-05 0
566 0.113115 0.00042373 0.0126866 7.70991e-05 0.0438671 4.55491e-05 0
567 0.128581 0.000495912 0.0164214 0.000103689 0.0414593 4.57142e-05 0.2
568 0.109086 0.000372688 0.0118156 6.40936e-05 0.0463501 4.62011e-05 -0.2
569 0.113165 0.000423467 0.0126963 7.72755e-05 0.0438536 4.52335e-05 0
570 0.113058 0.000421819 0.0126823 7.6863e-05 0.0438567 4.49701e-05 0
571 0.128608 0.000494019 0.0164384 0.000103413 0.0414146 4.50167e-05 0.2
572 0.113242 0.000424426 0.0127151 7.73676e-05 0.0438319 4.51217e-05 0
573 0.128842 0.000497694 0.0164792 0.000104421 0.0415341 4.57181e-05 0.2
574 0.128751 0.000496442 0.0164739 0.000104308 0.0414599 4.53632e-05 0.2
575 0.155036 0.000574562 0.0239472 0.000144005 0.0390376 4.65743e-05 0.4
576 0.140941 0.000391141 0.0198532 8.35764e-05 0.0527276 5.31141e-05 -0.6
577 0.117651 0.000360772 0.0137847 6.51801e-05 0.0491978 4.79098e-05 -0.4
578 0.117743 0.00036204 0.0138087 6.5694e-05 0.0491963 4.81027e-05 -0.4
579 0.109394 0.000372687 0.011875 6.38491e-05 0.0463712 4.59934e-05 -0.2
580 0.117773 0.000361716 0.0138201 6.57086e-05 0.0492051 4.85576e-05 -0.4
581 0.109266 0.000373678 0.0118591 6.42742e-05 0.0464003 4.59322e-05 -0.2
582 0.109438 0.000373651 0.0118986 6.45896e-05 0.046327 4.59268e-05 -0.2
583 0.113349 0.000423799 0.0127228 7.68619e-05 0.0438386 4.52317e-05 0
584 0.117537 0.000361347 0.0137292 6.53099e-05 0.0491979 4.79006e-05 -0.4
585 0.109324 0.000373394 0.0118388 6.39502e-05 0.0463015 4.55065e-05 -0.2
586 0.109315 0.000373845 0.0118639 6.41806e-05 0.0463504 4.58551e-05 -0.2
587 0.113395 0.000422502 0.0127301 7.67555e-05 0.0438771 4.53134e-05 0
588 0.1094 0.000373522 0.0118853 6.44222e-05 0.0463557 4.6206e-05 -0.2
589 0.113506 0.000424501 0.012761 7.7371e-05 0.0438665 4.51936e-05 0
590 0.113531 0.000423042 0.0127795 7.72314e-05 0.0439217 4.52477e-05 0
591 0.128886 0.000496412 0.0165061 0.000103708 0.0414836 4.52892e-05 0.2
592 0.117828 0.000361345 0.0138126 6.50488e-05 0.0491783 4.83605e-05 -0.4
593 0.109278 0.000373336 0.0118435 6.38191e-05 0.0463624 4.64334e-05 -0.2
594 0.109302 0.00037263 0.0118503 6.3585e-05 0.0463991 4.64572e-05 -0.2
595 0.113275 0.000422411 0.0127078 7.64765e-05 0.0438139 4.51696e-05 0
596 0.109381 0.00037458 0.0118835 6.43008e-05 0.0463836 4.63482e-05 -0.2
597 0.113405 0.000425645 0.0127427 7.74227e-05 0.0438724 4.54639e-05 0
598 0.113372 0.000424772 0.0127365 7.72058e-05 0.0438221 4.52453e-05 0
599 0.128761 0.000495652 0.0164663 0.000103643 0.0414453 4.5401e-05 0.2
600 0.109344 0.000373513 0.0118576 6.4043e-05 0.0463148 4.60709e-05 -0.2
601 0.113416 0.00042369 0.0127719 7.74738e-05 0.0439094 4.53561e-05 0
602 0.113447 0.000422215 0.0127716 7.70795e-05 0.0438831 4.52578e-05 0
603 0.128819 0.000494429 0.0164881 0.000103801 0.0414426 4.53876e-05 0.2
604 0.113487 0.000425657 0.0127886 7.79083e-05 0.04386 4.48357e-05 0
605 0.128986 0.000498303 0.0165307 0.000104907 0.0414683 4.55429e-05 0.2
606 0.128899 0.000496814 0.0165041 0.000104246 0.0414266 4.52372e-05 0.2
607 0.155098 0.000574571 0.0239684 0.000144007 0.0389822 4.64759e-05 0.4
608 0.117683 0.000361349 0.0137965 6.56792e-05 0.0492262 4.82451e-05 -0.4
609 0.109218 0.000369957 0.0118469 6.37909e-05 0.0463631 4.6254e-05 -0.2
610 0.109324 0.000370505 0.0118907 6.37073e-05 0.0463916 4.61472e-05 -0.2
611 0.113252 0.000420076 0.0127196 7.62517e-05 0.0438887 4.56052e-05 0
612 0.109242 0.000372211 0.0118607 6.40911e-05 0.0463694 4.68325e-05 -0.2
613 0.113294 0.000421817 0.0127238 7.68289e-05 0.0438304 4.54028e-05 0
614 0.113371 0.000421788 0.0127347 7.6919e-05 0.0437924 4.52595e-05 0
615 0.128748 0.000493547 0.0164702 0.000103119 0.0415238 4.52401e-05 0.2
616 0.109179 0.000371557 0.0118337 6.38625e-05 0.0463706 4.60037e-05 -0.2
617 0.113332 0.000420862 0.012734 7.66485e-05 0.0438532 4.52442e-05 0
618 0.113308 0.000420326 0.0127346 7.67423e-05 0.0438251 4.50443e-05 0
619 0.128825 0.000493694 0.0164839 0.00010333 0.0414821 4.55895e-05 0.2
620 0.113453 0.000422069 0.0127662 7.71689e-05 0.0438721 4.5175e-05 0
621 0.128974 0.000494454 0.0165283 0.000103977 0.0414585 4.58331e-05 0.2
622 0.128851 0.00049511 0.0164932 0.000103929 0.0414711 4.51957e-05 0.2
623 0.155096 0.000573594 0.0239753 0.000143584 0.0390255 4.66128e-05 0.4
624 0.109255 0.000370826 0.0118609 6.37328e-05 0.0463564 4.60762e-05 -0.2
625 0.113246 0.000420075 0.0127283 7.67934e-05 0.0438393 4.54963e-05 0
626 0.113301 0.000420295 0.0127408 7.65935e-05 0.0438686 4.54135e-05 0
627 0.128738 0.000493512 0.016467 0.000103427 0.0414689 4.5256e-05 0.2
628 0.113459 0.000423359 0.0127825 7.74799e-05 0.0438474 4.5938e-05 0
629 0.128869 0.000495754 0.0165012 0.000104253 0.0414904 4.55868e-05 0.2
630 0.128846 0.000495796 0.0164797 0.000103965 0.0414387 4.52584e-05 0.2
631 0.155122 0.000574275 0.0239722 0.000143785 0.0390487 4.6718e-05 0.4
632 0.113313 0.000422185 0.0127535 7.73735e-05 0.0438515 4.50364e-05 0
633 0.129031 0.0004938 0.0165553 0.000104005 0.0414105 4.52404e-05 0.2
634 0.128852 0.000494517 0.0165288 0.000104307 0.0414389 4.52075e-05 0.2
635 0.155118 0.000572515 0.0240056 0.000144048 0.0390385 4.64124e-05 0.4
636 0.129038 0.000496578 0.0165608 0.000104961 0.0414727 4.53923e-05 0.2
637 0.155289 0.000575128 0.0240126 0.000144236 0.0390544 4.65874e-05 0.4
638 0.155116 0.000575058 0.0239732 0.000144353 0.0390202 4.63509e-05 0.4
639 0.191392 0.00064094 0.0365675 0.000193988 0.0364534 4.89444e-05 0.6
640 0.140846 0.000393536 0.0198383 8.39899e-05 0.0527466 5.24743e-05 -0.6
641 0.11752 0.000361575 0.0137715 6.5535e-05 0.0491809 4.83912e-05 -0.4
642 0.117676 0.000361828 0.0138143 6.5694e-05 0.0492157 4.80114e-05 -0.4
643 0.109243 0.000372349 0.0118341 6.34592e-05 0.0462884 4.60985e-05 -0.2
644 0.117733 0.000363307 0.0138263 6.59219e-05 0.049228 4.84295e-05 -0.4
645 0.109214 0.0003739 0.0118404 6.40365e-05 0.046303 4.64292e-05 -0.2
646 0.109262 0.000374104 0.0118586 6.42975e-05 0.046394 4.60467e-05 -0.2
647 0.113309 0.000422622 0.0126928 7.63372e-05 0.0438691 4.5144e-05 0
648 0.117568 0.00036139 0.0137679 6.53383e-05 0.0491787 4.79543e-05 -0.4
649 0.109176 0.000373643 0.0118218 6.37542e-05 0.046374 4.62112e-05 -0.2
650 0.109234 0.000372674 0.011842 6.35392e-05 0.0464194 4.57547e-05 -0.2
651 0.113269 0.000420936 0.0126825 7.60851e-05 0.0438788 4.5742e-05 0
652 0.109263 0.000374195 0.0118667 6.41046e-05 0.046359 4.61301e-05 -0.2
653 0.113466 0.000424208 0.0127444 7.69386e-05 0.0438603 4.5452e-05 0
654 0.113311 0.000422963 0.0127175 7.69112e-05 0.043891 4.50474e-05 0
655 0.128867 0.000494717 0.0164828 0.000103312 0.0414949 4.51636e-05 0.2
656 0.11767 0.000361843 0.0137931 6.52775e-05 0.0491777 4.78913e-05 -0.4
657 0.10918 0.000373423 0.0118091 6.3765e-05 0.0463942 4.58762e-05 -0.2
658 0.109212 0.000373663 0.0118176 6.36086e-05 0.0463744 4.63665e-05 -0.2
659 0.113197 0.00042077 0.0126755 7.60252e-05 0.0438869 4.50899e-05 0
660 0.10927 0.000374836 0.0118495 6.43013e-05 0.046372 4.62835e-05 -0.2
661 0.113357 0.00042539 0.0127279 7.72669e-05 0.043868 4.52574e-05 0
662 0.1133 0.000424059 0.0127118 7.68844e-05 0.043879 4.54871e-05 0
663 0.128797 0.000495463 0.0164783 0.000103449 0.0415034 4.51535e-05 0.2
664 0.10915 0.000374463 0.0118208 6.39635e-05 0.0463634 4.65214e-05 -0.2
665 0.113216 0.000424022 0.0126854 7.71498e-05 0.04384 4.50722e-05 0
666 0.113212 0.000421867 0.01269 7.66374e-05 0.0438571 4.50121e-05 0
667 0.128676 0.000493142 0.0164466 0.000103738 0.041518 4.48528e-05 0.2
668 0.113333 0.000426035 0.0127396 7.79483e-05 0.0438804 4.5263e-05 0
669 0.128893 0.000496659 0.0164924 0.000104338 0.0414553 4.53442e-05 0.2
670 0.128857 0.000496778 0.0164968 0.000104303 0.0414771 4.53237e-05 0.2
671 0.155035 0.000573359 0.0239736 0.000143751 0.0390382 4.69103e-05 0.4
672 0.117522 0.00036172 0.0137733 6.57025e-05 0.0492104 4.85153e-05 -0.4
673 0.109011 0.000371079 0.0117902 6.36432e-05 0.046376 4.59357e-05 -0.2
674 0.109186 0.000371162 0.0118523 6.36421e-05 0.0463401 4.60374e-05 -0.2
675 0.113182 0.000419249 0.0126715 7.57203e-05 0.0438547 4.54923e-05 0
676 0.109165 0.000373578 0.0118481 6.40035e-05 0.0464037 4.59467e-05 -0.2
677 0.113274 0.000421484 0.0127039 7.63653e-05 0.0438543 4.53275e-05 0
678 0.113208 0.000420977 0.0127022 7.63964e-05 0.0439056 4.5291e-05 0
679 0.128679 0.000492665 0.0164311 0.000102904 0.0414867 4.51835e-05 0.2
680 0.109145 0.000372261 0.0118373 6.36199e-05 0.0464145 4.6353e-05 -0.2
681 0.113266 0.000421412 0.0126975 7.64438e-05 0.0438731 4.49644e-05 0
682 0.113142 0.00042009 0.0126905 7.62115e-05 0.0438528 4.53388e-05 0
683 0.128696 0.000492109 0.0164407 0.000102813 0.0414542 4.56539e-05 0.2
684 0.113323 0.000422231 0.0127354 7.69904e-05 0.043897 4.54841e-05 0
685 0.128863 0.000494278 0.0164857 0.000103617 0.0414894 4.54092e-05 0.2
686 0.128718 0.000493852 0.0164377 0.000103416 0.0414553 4.46916e-05 0.2
687 0.154959 0.000571739 0.0239297 0.000143041 0.0390501 4.61009e-05 0.4
688 0.109133 0.000372593 0.0118192 6.37064e-05 0.0463328 4.61747e-05 -0.2
689 0.113105 0.000420656 0.0126747 7.6427e-05 0.0438759 4.49612e-05 0
690 0.113138 0.000420838 0.0126786 7.62265e-05 0.0438634 4.54324e-05 0
691 0.128559 0.000490999 0.0164249 0.000102806 0.041476 4.54012e-05 0.2
692 0.113281 0.000423397 0.012725 7.69629e-05 0.0438985 4.58841e-05 0
693 0.128805 0.000494737 0.0164753 0.000103528 0.0414699 4.58469e-05 0.2
694 0.128696 0.000495275 0.0164497 0.000103711 0.0415019 4.52471e-05 0.2
695 0.155093 0.000572244 0.0239796 0.000143438 0.038998 4.66443e-05 0.4
696 0.113141 0.000422945 0.012687 7.70426e-05 0.04383 4.50008e-05 0
697 0.12877 0.000493274 0.016483 0.000103888 0.0414376 4.53696e-05 0.2
698 0.128646 0.000493458 0.0164543 0.000103877 0.0414799 4.54606e-05 0.2
699 0.155033 0.00056968 0.023989 0.000143607 0.0390773 4.64479e-05 0.4
700 0.128805 0.000496199 0.0164834 0.000104543 0.0414306 4.52558e-05 0.2
701 0.155152 0.000573215 0.0239945 0.000143975 0.0390347 4.67338e-05 0.4
702 0.155052 0.000573885 0.0239748 0.000144378 0.0390449 4.65056e-05 0.4
703 0.191307 0.000638123 0.0365707 0.00019341 0.0364632 4.84617e-05 0.6
704 0.11771 0.00036288 0.0137978 6.55285e-05 0.049196 4.82513e-05 -0.4
705 0.109247 0.000372798 0.0118297 6.3628e-05 0.0463833 4.61684e-05 -0.2
706 0.109416 0.000373073 0.0118738 6.36497e-05 0.0463435 4.59277e-05 -0.2
707 0.113329 0.000421562 0.012711 7.61568e-05 0.0438829 4.4795e-05 0
708 0.109385 0.000374505 0.0118828 6.4159e-05 0.0463836 4.58142e-05 -0.2
709 0.113431 0.000424142 0.0127426 7.69536e-05 0.0438975 4.57436e-05 0
710 0.113489 0.000423419 0.012741 7.68705e-05 0.0439249 4.5431e-05 0
711 0.128848 0.000495128 0.0164823 0.000103059 0.0414599 4.52761e-05 0.2
712 0.109321 0.000373921 0.0118486 6.38953e-05 0.0463999 4.61424e-05 -0.2
713 0.113418 0.000422027 0.0127382 7.67885e-05 0.0438771 4.53075e-05 0
714 0.11338 0.000421984 0.0127365 7.68209e-05 0.0438667 4.53541e-05 0
715 0.128764 0.000492335 0.0164645 0.000102916 0.0415113 4.50166e-05 0.2
716 0.113491 0.000424303 0.0127646 7.756e-05 0.0438925 4.5548e-05 0
717 0.129007 0.000495573 0.0165295 0.000104042 0.041496 4.50891e-05 0.2
718 0.128829 0.000494473 0.0164726 0.000103326 0.041484 4.48849e-05 0.2
719 0.155097 0.000573261 0.023992 0.000143136 0.0390235 4.62681e-05 0.4
720 0.109218 0.000373501 0.0118286 6.36379e-05 0.0463554 4.64035e-05 -0.2
721 0.113298 0.000422288 0.012724 7.66729e-05 0.0438251 4.54089e-05 0
722 0.113307 0.000422122 0.0127107 7.65582e-05 0.0438777 4.50058e-05 0
723 0.1287 0.00049225 0.0164518 0.00010304 0.0415187 4.54035e-05 0.2
724 0.113391 0.000424829 0.0127513 7.71661e-05 0.0438742 4.54536e-05 0
725 0.128898 0.000496432 0.0165006 0.000104016 0.0414965 4.59512e-05 0.2
726 0.128852 0.000496374 0.0164815 0.000103739 0.0415182 4.5253e-05 0.2
727 0.15497 0.000572182 0.0239384 0.000143003 0.0390306 4.63477e-05 0.4
728 0.113324 0.00042354 0.0127441 7.73313e-05 0.0438409 4.48482e-05 0
729 0.128868 0.000493863 0.0165273 0.000104066 0.0415198 4.55295e-05 0.2
730 0.128792 0.000494001 0.0165039 0.000103877 0.0414973 4.51728e-05 0.2
731 0.155115 0.000570958 0.024011 0.00014364 0.0390415 4.63503e-05 0.4
732 0.128987 0.000496966 0.0165451 0.000104729 0.041463 4.54611e-05 0.2
733 0.155212 0.000573875 0.024015 0.000144219 0.0390524 4.68498e-05 0.4
734 0.155109 0.000574378 0.0239912 0.00014404 0.0390851 4.60978e-05 0.4
735 0.191202 0.000638615 0.0365075 0.000193121 0.0364561 4.8732e-05 0.6
736 0.109221 0.000371774 0.0118518 6.3833e-05 0.0463366 4.60311e-05 -0.2
737 0.113239 0.000419771 0.0127081 7.63053e-05 0.0438614 4.53733e-05 0
738 0.113332 0.000419359 0.0127244 7.6252e-05 0.043862 4.53382e-05 0
739 0.128644 0.000490963 0.016426 0.000102585 0.0414488 4.53546e-05 0.2
740 0.113361 0.00042111 0.0127467 7.68597e-05 0.0439225 4.55096e-05 0
741 0.128879 0.000492813 0.0165001 0.000103541 0.0414597 4.5316e-05 0.2
742 0.128796 0.000493246 0.0164457 0.000102983 0.0414629 4.53065e-05 0.2
743 0.155113 0.000570404 0.0239905 0.000142349 0.0390469 4.67166e-05 0.4
744 0.11337 0.000421485 0.0127525 7.69756e-05 0.0438425 4.53046e-05 0
745 0.128857 0.000492499 0.016498 0.000103509 0.0414931 4.53872e-05 0.2
746 0.128796 0.000492073 0.0164851 0.00010339 0.0414843 4.50562e-05 0.2
747 0.155053 0.000569916 0.0239868 0.00014303 0.0390728 4.64383e-05 0.4
748 0.128947 0.000492556 0.0165238 0.000104008 0.0414335 4.50476e-05 0.2
749 0.155181 0.000571208 0.024016 0.000143408 0.0389933 4.62294e-05 0.4
750 0.15513 0.000572648 0.0240002 0.00014358 0.0390804 4.66852e-05 0.4
751 0.191297 0.000639872 0.0365685 0.000193182 0.0364419 4.8357e-05 0.6
752 0.113259 0.000420504 0.0127402 7.68141e-05 0.0438396 4.53093e-05 0
753 0.12886 0.000492614 0.0165035 0.000103665 0.0414695 4.52525e-05 0.2
754 0.128689 0.000492892 0.0164472 0.000103326 0.0414662 4.53499e-05 0.2
755 0.155021 0.000568565 0.0239635 0.000142814 0.0390278 4.64371e-05 0.4
756 0.12897 0.000494397 0.0165185 0.000104102 0.0414891 4.54901e-05 0.2
757 0.155221 0.000571974 0.0240074 0.000143599 0.0390541 4.63464e-05 0.4
758 0.155085 0.000572775 0.0239532 0.000143525 0.0390382 4.66963e-05 0.4
759 0.191364 0.000638663 0.036561 0.000192887 0.0364313 4.85233e-05 0.6
760 0.128882 0.00049375 0.0165405 0.000104627 0.0414588 4.50548e-05 0.2
761 0.155311 0.000571723 0.024081 0.000144499 0.0390628 4.62165e-05 0.4
762 0.155091 0.000572374 0.024007 0.000144127 0.0389965 4.6424e-05 0.4
763 0.191376 0.000635831 0.0366161 0.000193612 0.0364274 4.80205e-05 0.6
764 0.155306 0.00057322 0.0240458 0.000144612 0.0390635 4.64544e-05 0.4
765 0.191533 0.000640399 0.0366503 0.000193767 0.036469 4.82347e-05 0.6
766 0.191337 0.000641088 0.0365428 0.000193919 0.036476 4.90353e-05 0.6
767 0.235531 0.00067651 0.0554177 0.00024513 0.0335255 5.06975e-05 0.8
768 0.140626 0.000386581 0.0197861 8.23828e-05 0.0527567 5.19938e-05 -0.6
769 0.117423 0.000359374 0.0137502 6.53278e-05 0.0492101 4.83911e-05 -0.4
770 0.11742 0.000360116 0.0137539 6.54637e-05 0.0491438 4.74085e-05 -0.4
771 0.109128 0.000371865 0.0118359 6.4142e-05 0.0463342 4.58934e-05 -0.2
772 0.117497 0.000358908 0.0137787 6.54642e-05 0.0492009 4.81316e-05 -0.4
773 0.109171 0.000373335 0.0118529 6.43178e-05 0.0463464 4.64378e-05 -0.2
774 0.109219 0.00037431 0.0118661 6.47295e-05 0.046342 4.57692e-05 -0.2
775 0.113326 0.000423794 0.0127313 7.71471e-05 0.0438555 4.54246e-05 0
776 0.11734 0.000358964 0.0137219 6.51593e-05 0.0491603 4.75831e-05 -0.4
777 0.109075 0.000372981 0.0118061 6.40423e-05 0.0463035 4.60982e-05 -0.2
778 0.109102 0.000373711 0.0118327 6.4325e-05 0.0463787 4.59794e-05 -0.2
779 0.113363 0.00042368 0.0127494 7.74708e-05 0.0438452 4.51419e-05 0
780 0.109157 0.00037355 0.0118596 6.44936e-05 0.0463596 4.57641e-05 -0.2
781 0.113355 0.000425186 0.0127566 7.78091e-05 0.0438396 4.52655e-05 0
782 0.113353 0.000424261 0.0127689 7.76379e-05 0.0438374 4.45348e-05 0
783 0.128757 0.000496981 0.0164695 0.000104128 0.0414766 4.50814e-05 0.2
784 0.117596 0.000359418 0.0137719 6.51491e-05 0.0491667 4.80884e-05 -0.4
785 0.109066 0.000372671 0.0117994 6.41954e-05 0.0463501 4.62493e-05 -0.2
786 0.109106 0.000373139 0.0118144 6.4026e-05 0.0463506 4.62466e-05 -0.2
787 0.1133 0.000422277 0.0127209 7.68826e-05 0.0438566 4.52374e-05 0
788 0.109224 0.000374485 0.011876 6.48358e-05 0.0464017 4.59947e-05 -0.2
789 0.113274 0.000425793 0.0127305 7.7802e-05 0.0438785 4.48704e-05 0
790 0.113239 0.00042619 0.0127155 7.7652e-05 0.0438745 4.5005e-05 0
791 0.128708 0.000497156 0.0164575 0.000104196 0.0414757 4.57282e-05 0.2
792 0.109026 0.000374954 0.0118025 6.44394e-05 0.0463103 4.63797e-05 -0.2
793 0.113255 0.000424774 0.0127323 7.79249e-05 0.0438496 4.57573e-05 0
794 0.113211 0.000423865 0.0127234 7.74847e-05 0.0438546 4.50071e-05 0
795 0.128676 0.000495724 0.0164714 0.000104294 0.0414133 4.4889e-05 0.2
796 0.113309 0.000426579 0.0127639 7.84191e-05 0.0438834 4.53414e-05 0
797 0.128812 0.000498902 0.0164925 0.000105115 0.0414861 4.52274e-05 0.2
798 0.128773 0.000498615 0.0164821 0.000104712 0.0414298 4.51192e-05 0.2
799 0.155069 0.000574677 0.0239593 0.000143984 0.0390067 4.66119e-05 0.4
800 0.117348 0.000359309 0.0137317 6.54956e-05 0.0491712 4.85031e-05 -0.4
801 0.108863 0.000371027 0.0117665 6.37329e-05 0.0463061 4.62562e-05 -0.2
802 0.109049 0.000371456 0.0118253 6.38175e-05 0.0462982 4.56689e-05 -0.2
803 0.113225 0.000421378 0.0127238 7.66119e-05 0.043817 4.47727e-05 0
804 0.109043 0.000372822 0.0118411 6.43399e-05 0.0463927 4.61144e-05 -0.2
805 0.113138 0.000422738 0.0127035 7.70037e-05 0.0438642 4.56609e-05 0
806 0.113232 0.000423164 0.0127281 7.70551e-05 0.0438621 4.49987e-05 0
807 0.12868 0.000496185 0.0164545 0.000103561 0.0414362 4.50762e-05 0.2
808 0.108914 0.000373253 0.0117865 6.40659e-05 0.0463142 4.56749e-05 -0.2
809 0.113216 0.00042291 0.012726 7.71048e-05 0.0438252 4.52617e-05 0
810 0.113138 0.000423031 0.0127219 7.71271e-05 0.0438584 4.51499e-05 0
811 0.12872 0.000494795 0.0164642 0.000103306 0.0414564 4.51207e-05 0.2
812 0.113227 0.000423646 0.0127171 7.74805e-05 0.0438649 4.48917e-05 0
813 0.128857 0.000496965 0.0165102 0.000104448 0.0414988 4.55881e-05 0.2
814 0.128653 0.000496623 0.0164296 0.000103678 0.0415017 4.51581e-05 0.2
815 0.155042 0.000574429 0.0239602 0.000143496 0.0389721 4.62814e-05 0.4
816 0.109007 0.000373273 0.0118016 6.40906e-05 0.0463563 4.60932e-05 -0.2
817 0.113224 0.000421617 0.0127243 7.72543e-05 0.0438439 4.5558e-05 0
818 0.113092 0.000422002 0.0126898 7.6742e-05 0.0438641 4.50692e-05 0
819 0.128686 0.000494479 0.0164757 0.000103926 0.0414508 4.52884e-05 0.2
820 0.113186 0.000425307 0.0127273 7.79309e-05 0.043852 4.52087e-05 0
821 0.128853 0.000497696 0.0165151 0.000104386 0.0414585 4.53611e-05 0.2
822 0.128754 0.000497279 0.0164595 0.000104346 0.0414081 4.51397e-05 0.2
823 0.155028 0.00057449 0.0239418 0.000143631 0.0390579 4.68172e-05 0.4
824 0.113144 0.000424161 0.0127218 7.77458e-05 0.0437875 4.50672e-05 0
825 0.12886 0.000495793 0.0165357 0.000104861 0.0414543 4.49726e-05 0.2
826 0.128762 0.000495808 0.0165096 0.000104546 0.041441 4.53147e-05 0.2
827 0.155134 0.000572862 0.0240057 0.0001441 0.0390231 4.63618e-05 0.4
828 0.128839 0.000497995 0.016513 0.000105224 0.0414944 4.51852e-05 0.2
829 0.1552 0.000574778 0.0240012 0.000144215 0.0390115 4.64865e-05 0.4
830 0.155103 0.000576272 0.0239746 0.000144363 0.0390508 4.62248e-05 0.4
831 0.191283 0.000639615 0.0365333 0.000193462 0.0364426 4.89168e-05 0.6
832 0.117531 0.00035998 0.0137638 6.54573e-05 0.0491739 4.78162e-05 -0.4
833 0.109214 0.000371719 0.0118508 6.40551e-05 0.0463077 4.62066e-05 -0.2
834 0.109219 0.000372086 0.0118514 6.4104e-05 0.0463586 4.56157e-05 -0.2
835 0.113403 0.000422204 0.012758 7.6734e-05 0.0438289 4.51904e-05 0
836 0.109249 0.000373533 0.0118756 6.45003e-05 0.0463245 4.62458e-05 -0.2
837 0.113372 0.000424301 0.0127567 7.76086e-05 0.0438643 4.53644e-05 0
838 0.113382 0.000424942 0.0127634 7.74628e-05 0.0438591 4.53051e-05 0
839 0.128711 0.000495836 0.0164716 0.00010375 0.0414611 4.55835e-05 0.2
840 0.10912 0.000373737 0.0118209 6.42542e-05 0.0463476 4.57465e-05 -0.2
841 0.11338 0.000423674 0.0127807 7.76296e-05 0.043883 4.51595e-05 0
842 0.113361 0.000422553 0.0127643 7.73131e-05 0.0438652 4.49905e-05 0
843 0.128851 0.000495621 0.016522 0.000103897 0.0415171 4.53329e-05 0.2
844 0.11332 0.000424597 0.0127679 7.80154e-05 0.0438785 4.4914e-05 0
845 0.128906 0.000496793 0.0165401 0.000104741 0.0414754 4.53913e-05 0.2
846 0.128827 0.000497137 0.0165137 0.000104297 0.0414755 4.46696e-05 0.2
847 0.155037 0.000573952 0.0239702 0.000143538 0.0390525 4.67426e-05 0.4
848 0.109231 0.000373153 0.0118526 6.40714e-05 0.0463639 4.5913e-05 -0.2
849 0.113304 0.000422974 0.0127706 7.7535e-05 0.0438041 4.47861e-05 0
850 0.113271 0.000424093 0.0127407 7.743e-05 0.0438128 4.51473e-05 0
851 0.128739 0.000493589 0.0164888 0.000103815 0.0414407 4.51746e-05 0.2
852 0.113396 0.000426044 0.0127823 7.82412e-05 0.0438443 4.53381e-05 0
853 0.128796 0.000497363 0.0164947 0.000104841 0.0414714 4.56631e-05 0.2
854 0.128733 0.000498558 0.0164717 0.000104478 0.0414657 4.5736e-05 0.2
855 0.155005 0.000573544 0.0239438 0.000143902 0.0390866 4.66108e-05 0.4
856 0.113261 0.000425707 0.012773 7.81659e-05 0.0438816 4.52187e-05 0
857 0.12886 0.000496175 0.0165446 0.000104831 0.0414212 4.50673e-05 0.2
858 0.128852 0.000495511 0.0165371 0.000104533 0.0414472 4.538e-05 0.2
859 0.155072 0.000572179 0.0239884 0.000143907 0.0390569 4.63097e-05 0.4
860 0.128946 0.000498477 0.0165432 0.000105386 0.0414515 4.58571e-05 0.2
861 0.155042 0.000574502 0.0239643 0.000144599 0.0390754 4.64805e-05 0.4
862 0.155114 0.000575378 0.023981 0.000144444 0.039003 4.63691e-05 0.4
863 0.191185 0.000638913 0.0364699 0.000193382 0.0364452 4.85251e-05 0.6
864 0.109157 0.000371927 0.0118472 6.40755e-05 0.0463307 4.62203e-05 -0.2
865 0.113323 0.000421234 0.0127628 7.71151e-05 0.0438219 4.51864e-05 0
866 0.113352 0.00042157 0.0127746 7.69789e-05 0.0438088 4.48786e-05 0
867 0.128757 0.00049354 0.0164974 0.000103365 0.041466 4.55925e-05 0.2
868 0.113252 0.000423042 0.0127428 7.72635e-05 0.0438492 4.5107e-05 0
869 0.128774 0.000495747 0.0164981 0.000104076 0.0415123 4.55786e-05 0.2
870 0.128737 0.000496239 0.0164661 0.000103772 0.0414211 4.54228e-05 0.2
871 0.154974 0.000574017 0.0239291 0.000143207 0.0390431 4.66077e-05 0.4
872 0.113286 0.000422487 0.012758 7.72885e-05 0.043886 4.54784e-05 0
873 0.128953 0.000494818 0.0165792 0.000104765 0.0414872 4.52416e-05 0.2
874 0.128822 0.000494921 0.0165123 0.000104121 0.0414543 4.54707e-05 0.2
875 0.155007 0.000572291 0.0239553 0.000143532 0.0390528 4.64586e-05 0.4
876 0.128902 0.000494827 0.0165357 0.000104606 0.0415055 4.49962e-05 0.2
877 0.155124 0.000574253 0.0239955 0.000143922 0.0390116 4.6433e-05 0.4
878 0.155067 0.000575191 0.0239537 0.000143868 0.0390365 4.58265e-05 0.4
879 0.191146 0.000639406 0.0364751 0.000192939 0.036451 4.83514e-05 0.6
880 0.113311 0.000422327 0.0127738 7.72494e-05 0.0438679 4.52771e-05 0
881 0.128854 0.000493835 0.0165443 0.000104297 0.0414712 4.56884e-05 0.2
882 0.128744 0.000494992 0.0164883 0.000104262 0.0414632 4.52984e-05 0.2
883 0.155048 0.000571925 0.0239583 0.000143552 0.0390733 4.63624e-05 0.4
884 0.128898 0.000497667 0.0165112 0.000104852 0.0414358 4.53897e-05 0.2
885 0.155194 0.000574242 0.0239951 0.000144312 0.0389755 4.63956e-05 0.4
886 0.155032 0.000574837 0.0239149 0.000143686 0.0390725 4.59043e-05 0.4
887 0.191216 0.000638917 0.036466 0.000193024 0.03645 4.85145e-05 0.6
888 0.128947 0.000495518 0.0165706 0.00010502 0.0414796 4.54407e-05 0.2
889 0.155268 0.000572227 0.0240591 0.000144464 0.0390491 4.61612e-05 0.4
890 0.155034 0.00057404 0.0239766 0.000144229 0.0390446 4.67308e-05 0.4
891 0.191283 0.00063672 0.0365395 0.000193289 0.0364265 4.85448e-05 0.6
892 0.155183 0.000576171 0.0239852 0.000145083 0.0390291 4.65761e-05 0.4
893 0.191443 0.000639573 0.0365862 0.000193626 0.036417 4.80615e-05 0.6
894 0.191316 0.000640236 0.0365073 0.00019324 0.036475 4.85202e-05 0.6
895 0.235528 0.000675076 0.0553985 0.000244817 0.0335294 5.08691e-05 0.8
896 0.117456 0.000360203 0.0137599 6.5439e-05 0.0491919 4.80773e-05 -0.4
897 0.109117 0.000372319 0.0118188 6.38407e-05 0.046344 4.62797e-05 -0.2
898 0.109155 0.000372237 0.0118345 6.39646e-05 0.0463256 4.60584e-05 -0.2
899 0.113314 0.000420474 0.012712 7.62024e-05 0.0437943 4.46726e-05 0
900 0.109206 0.000373775 0.01187 6.43468e-05 0.0463587 4.61426e-05 -0.2
901 0.113318 0.000424042 0.0127293 7.70941e-05 0.0438537 4.52561e-05 0
902 0.113259 0.000424067 0.0127113 7.69369e-05 0.0438682 4.50205e-05 0
903 0.128744 0.00049498 0.0164511 0.000102882 0.0414821 4.51807e-05 0.2
904 0.108984 0.000373579 0.0117954 6.36692e-05 0.0463477 4.5939e-05 -0.2
905 0.113313 0.000424079 0.012732 7.72802e-05 0.0438877 4.5653e-05 0
906 0.113242 0.000422602 0.0127123 7.67426e-05 0.043825 4.51522e-05 0
907 0.128795 0.000492857 0.0164785 0.000103059 0.0414621 4.5137e-05 0.2
908 0.113359 0.000424656 0.0127606 7.77101e-05 0.0438571 4.48645e-05 0
909 0.128877 0.000495281 0.0165028 0.000103819 0.0415052 4.52135e-05 0.2
910 0.128799 0.000495281 0.0164817 0.000103514 0.0414775 4.51502e-05 0.2
911 0.155065 0.000571355 0.023979 0.000142871 0.0390845 4.63014e-05 0.4
912 0.109068 0.000373739 0.0117995 6.39177e-05 0.0463722 4.622e-05 -0.2
913 0.113163 0.000422952 0.012708 7.69879e-05 0.0438398 4.49464e-05 0
914 0.113216 0.000422033 0.0126971 7.66133e-05 0.0438794 4.53523e-05 0
915 0.128643 0.000492037 0.0164509 0.000103282 0.0415281 4.50168e-05 0.2
916 0.113284 0.000426224 0.0127381 7.78914e-05 0.0438496 4.51928e-05 0
917 0.128801 0.000495968 0.0164836 0.00010397 0.0414806 4.50651e-05 0.2
918 0.12877 0.000496666 0.0164789 0.000104137 0.0414952 4.54783e-05 0.2
919 0.154943 0.000572164 0.0239298 0.000143171 0.0390388 4.67795e-05 0.4
920 0.113171 0.000424894 0.0127173 7.78411e-05 0.0438656 4.49331e-05 0
921 0.128789 0.000494446 0.0165 0.000104392 0.0415071 4.4952e-05 0.2
922 0.12876 0.000494344 0.0165069 0.000104252 0.0414631 4.54846e-05 0.2
923 0.155073 0.000569722 0.023987 0.000143311 0.0390454 4.63803e-05 0.4
924 0.128826 0.000497374 0.0165048 0.000105086 0.0414509 4.51629e-05 0.2
925 0.155143 0.000573174 0.0239839 0.000143998 0.0390851 4.69145e-05 0.4
926 0.155136 0.000574052 0.0239926 0.000144211 0.0390608 4.63922e-05 0.4
927 0.191123 0.000637188 0.0364975 0.000192986 0.036438 4.86905e-05 0.6
928 0.108965 0.000372552 0.0117982 6.3862e-05 0.0463835 4.60007e-05 -0.2
929 0.113056 0.000421442 0.0126749 7.64478e-05 0.0437846 4.5024e-05 0
930 0.113242 0.000421425 0.0127192 7.63758e-05 0.0438001 4.49606e-05 0
931 0.128657 0.000492678 0.0164419 0.000102634 0.0414736 4.54305e-05 0.2
932 0.113187 0.000423466 0.0127003 7.68595e-05 0.0438676 4.49221e-05 0
933 0.128796 0.000494391 0.0164832 0.000103294 0.0414818 4.55068e-05 0.2
934 0.128661 0.000495123 0.0164392 0.00010313 0.0414817 4.52923e-05 0.2
935 0.154978 0.000571339 0.0239541 0.000142571 0.0390368 4.63488e-05 0.4
936 0.113179 0.000424074 0.0127118 7.7162e-05 0.0438804 4.49151e-05 0
937 0.128824 0.000493557 0.0165012 0.000103762 0.0415216 4.50934e-05 0.2
938 0.128677 0.000494325 0.0164555 0.000103696 0.0414574 4.49644e-05 0.2
939 0.154982 0.000570436 0.0239641 0.000143039 0.03905 4.63781e-05 0.4
940 0.128837 0.000494902 0.0164856 0.000104178 0.0414848 4.49656e-05 0.2
941 0.155086 0.000571218 0.0239957 0.000143213 0.0390918 4.65748e-05 0.4
942 0.155098 0.000572203 0.0239944 0.000143108 0.0390817 4.64236e-05 0.4
943 0.191127 0.000637168 0.0365125 0.000192361 0.0364782 4.85481e-05 0.6
944 0.113121 0.00042266 0.0127026 7.71527e-05 0.0438814 4.52956e-05 0
945 0.128843 0.000492476 0.0165212 0.000103785 0.0414494 4.49959e-05 0.2
946 0.128697 0.000493465 0.0164661 0.000103713 0.0414868 4.52551e-05 0.2
947 0.154943 0.000569846 0.0239417 0.000143369 0.0390399 4.60389e-05 0.4
948 0.128893 0.000496812 0.016516 0.000104681 0.0414827 4.57669e-05 0.2
949 0.155276 0.000572642 0.0240434 0.000143699 0.0390923 4.67517e-05 0.4
950 0.155066 0.000574002 0.0239575 0.000143908 0.0391075 4.59693e-05 0.4
951 0.191253 0.000637144 0.0365443 0.000193038 0.0364383 4.8455e-05 0.6
952 0.128764 0.000495762 0.0165159 0.000104865 0.0415365 4.54492e-05 0.2
953 0.15524 0.00057018 0.024063 0.00014419 0.0390487 4.65031e-05 0.4
954 0.155014 0.000571628 0.0239856 0.00014428 0.0390644 4.65199e-05 0.4
955 0.191221 0.000634742 0.0365466 0.000193428 0.0364886 4.86178e-05 0.6
956 0.155268 0.000573958 0.0240154 0.000144435 0.0390404 4.63179e-05 0.4
957 0.19129 0.000637181 0.0365572 0.000192735 0.0364148 4.85273e-05 0.6
958 0.191304 0.000639344 0.0365443 0.000193206 0.0364346 4.88686e-05 0.6
959 0.235551 0.000673124 0.0554426 0.000244306 0.0335481 5.14369e-05 0.8
960 0.109199 0.000372864 0.0118355 6.38443e-05 0.0463485 4.62868e-05 -0.2
961 0.113343 0.000423001 0.0127431 7.68852e-05 0.0438446 4.49953e-05 0
962 0.113289 0.000423383 0.0127195 7.69418e-05 0.0438454 4.52062e-05 0
963 0.128716 0.000492554 0.0164596 0.000102946 0.0414501 4.53055e-05 0.2
964 0.113339 0.00042521 0.0127531 7.76142e-05 0.0438169 4.52296e-05 0
965 0.128883 0.000496238 0.0165114 0.000104003 0.0414756 4.50988e-05 0.2
966 0.128721 0.000496757 0.0164634 0.000103627 0.041504 4.53092e-05 0.2
967 0.154974 0.000571415 0.0239481 0.000142382 0.0390683 4.67807e-05 0.4
968 0.113257 0.000424353 0.0127365 7.75765e-05 0.0438801 4.51817e-05 0
969 0.128877 0.000494102 0.0165169 0.000103871 0.0414532 4.55463e-05 0.2
970 0.128832 0.000494642 0.0165313 0.000103711 0.0414899 4.52114e-05 0.2
971 0.154943 0.000569481 0.0239517 0.000142565 0.0390499 4.6685e-05 0.4
972 0.128842 0.000496091 0.0165156 0.000104672 0.0414977 4.53393e-05 0.2
973 0.155105 0.000570765 0.0240071 0.000142886 0.0390934 4.63842e-05 0.4
974 0.154965 0.000572619 0.0239492 0.000142959 0.0390442 4.63516e-05 0.4
975 0.191066 0.000636171 0.036499 0.000191967 0.0364749 4.84554e-05 0.6
976 0.113219 0.000424406 0.0127332 7.74955e-05 0.0438555 4.53595e-05 0
977 0.128835 0.00049348 0.0165345 0.000104165 0.0415237 4.55831e-05 0.2
978 0.12868 0.00049398 0.016476 0.000103628 0.0414634 4.5474e-05 0.2
979 0.154942 0.000569202 0.0239331 0.000142944 0.0390663 4.63709e-05 0.4
980 0.12885 0.000497171 0.0165079 0.000104698 0.0414845 4.52587e-05 0.2
981 0.155087 0.000571723 0.0239919 0.000143883 0.0390507 4.65604e-05 0.4
982 0.154993 0.000573114 0.0239228 0.000143224 0.0390418 4.61867e-05 0.4
983 0.19104 0.000635041 0.0364249 0.000192022 0.0365153 4.83749e-05 0.6
984 0.128801 0.000496116 0.0165404 0.000104872 0.041491 4.50746e-05 0.2
985 0.155189 0.000570021 0.0240529 0.000144082 0.0390259 4.68648e-05 0.4
986 0.155048 0.000571339 0.0240102 0.000143997 0.0390524 4.64272e-05 0.4
987 0.191098 0.000633887 0.0364909 0.000192892 0.0364347 4.83579e-05 0.6
988 0.155091 0.000573503 0.0239906 0.000144263 0.0390914 4.65933e-05 0.4
989 0.191242 0.000636834 0.0365322 0.000192715 0.03645 4.81141e-05 0.6
990 0.191117 0.000637817 0.0364508 0.000192877 0.0365095 4.83922e-05 0.6
991 0.235276 0.000673112 0.055267 0.000244243 0.0335652 5.06109e-05 0.8
992 0.113228 0.0004218 0.012737 7.71609e-05 0.0438814 4.51178e-05 0
993 0.128896 0.000492363 0.0165337 0.000103579 0.041457 4.52987e-05 0.2
994 0.128705 0.000493944 0.0164746 0.00010349 0.0415092 4.56133e-05 0.2
995 0.154979 0.00056927 0.0239656 0.000142539 0.0390772 4.62711e-05 0.4
996 0.128891 0.000493972 0.0165164 0.000104151 0.0414763 4.52983e-05 0.2
997 0.155107 0.000570587 0.0239953 0.00014269 0.0390865 4.621e-05 0.4
998 0.155003 0.000572917 0.0239429 0.000142824 0.0391047 4.66714e-05 0.4
999 0.191066 0.00063695 0.0364661 0.000191982 0.0364537 4.84073e-05 0.6
1000 0.128858 0.000493915 0.0165397 0.000104562 0.0414524 4.50717e-05 0.2
1001 0.155191 0.000569799 0.024041 0.000143647 0.0390925 4.66221e-05 0.4
1002 0.154979 0.000571083 0.0239583 0.000143118 0.0390808 4.66201e-05 0.4
1003 0.191139 0.000634709 0.0365293 0.000192588 0.0364424 4.83601e-05 0.6
1004 0.155069 0.000571479 0.0239648 0.00014357 0.0390493 4.61276e-05 0.4
1005 0.191335 0.000637601 0.0365779 0.000192479 0.036471 4.83648e-05 0.6
1006 0.191211 0.000638973 0.0365224 0.000192587 0.0364373 4.83136e-05 0.6
1007 0.235364 0.000673621 0.0553833 0.000244015 0.0335489 5.0788e-05 0.8
1008 0.128875 0.000493878 0.0165288 0.000104434 0.0414583 4.51105e-05 0.2
1009 0.155314 0.000568584 0.0240669 0.000143565 0.0390646 4.61066e-05 0.4
1010 0.154997 0.000571795 0.0239462 0.000143534 0.0390869 4.62171e-05 0.4
1011 0.191156 0.000634335 0.0365149 0.000192918 0.036459 4.8552e-05 0.6
1012 0.155183 0.000573738 0.0239759 0.000144173 0.0390667 4.61953e-05 0.4
1013 0.191324 0.000637538 0.0365677 0.000192944 0.0364395 4.85514e-05 0.6
1014 0.191268 0.000638414 0.0365041 0.000192929 0.0365022 4.85469e-05 0.6
1015 0.235343 0.000673182 0.0553403 0.000244174 0.033599 5.08191e-05 0.8
1016 0.155205 0.000571467 0.024034 0.00014457 0.0390376 4.60763e-05 0.4
1017 0.191346 0.000635115 0.0366181 0.00019361 0.0363987 4.81483e-05 0.6
1018 0.191142 0.000636432 0.0365066 0.000193402 0.0364812 4.86059e-05 0.6
1019 0.23541 0.000670558 0.0554042 0.000244745 0.033514 5.05628e-05 0.8
1020 0.191493 0.000639677 0.0365961 0.000193408 0.0364833 4.85905e-05 0.6
1021 0.23567 0.00067458 0.0554786 0.000244387 0.0335244 5.07126e-05 0.8
1022 0.235486 0.000674532 0.0553585 0.000244084 0.0335654 5.09295e-05 0.8
1023 0.283913 0.000670863 0.0805634 0.000285843 0.0302881 5.27499e-05 1
