#sample=90
0 0.00056779 4.91906e-05 1 0
1 0.000571516 4.88246e-05 1 0
2 0.000594773 4.9519e-05 1 0
3 0.000593449 4.94877e-05 1 0
4 0.000678712 5.61368e-05 1 0
5 0.000676799 5.6114e-05 1 0
6 0.000684384 5.82104e-05 1 0
7 0.000694962 5.81505e-05 1 0
8 0.000728896 5.70402e-05 1 0
9 0.000872828 0.000128239 1 0
10 0.000927405 0.000129898 1 0
11 0.00106433 0.000168072 1 0
12 0.00115304 0.000123372 1 0
13 0.00118715 0.000136731 1 0
14 0.00140201 0.000212394 1 0
15 0.00156604 0.000224632 1 0
16 0.00158857 0.000159519 1 0
17 0.00169386 0.000173055 1 0
18 0.00195447 0.000185192 1 0
19 0.00199872 0.000165427 1 0
20 0.00306188 0.000982408 1 0
21 0.00557078 0.00275464 1 0
22 0.00778611 0.00330645 1 0
23 0.00503895 0.00238549 1 0
24 0.00575255 0.00198793 1 0
25 0.010086 0.00392605 1 0
26 0.0101615 0.00397893 1 0
27 0.00694043 0.00220881 1 0
28 0.00679332 0.00246937 1 0
29 0.00623784 0.00159183 1 0
30 0.00546648 0.00136326 1 0
31 0.00823634 0.00241404 1 0
32 0.0113422 0.0041008 1 0
33 0.0157636 0.0047633 1 0
34 0.00763957 0.00157973 1 0
35 0.0117533 0.00295779 1 0
36 0.00870413 0.00215178 1 0
37 0.00887641 0.00202163 1 0
38 0.0142233 0.00380105 1 0
39 0.0181244 0.00480386 1 0
40 0.00966654 0.00211002 1 0
41 0.0110483 0.00301327 1 0
42 0.0153624 0.00469609 1 0
43 0.0129656 0.00340939 1 0
44 0.0159462 0.00447725 1 0
45 0.012096 0.00267175 1 0
46 0.0230385 0.00567388 1 0
47 0.0250788 0.00614775 1 0
48 0.0208279 0.00520808 1 0
49 0.0132107 0.00245123 1 0
50 0.0180985 0.00574845 0.988889 0.0111111
51 0.0142891 0.00427212 1 0
52 0.028942 0.00661711 0.988889 0.0111111
53 0.0161696 0.00445931 1 0
54 0.0173339 0.00401987 1 0
55 0.0110973 0.00200447 1 0
56 0.0216649 0.00550817 0.988889 0.0111111
57 0.0152889 0.00334027 1 0
58 0.0167446 0.00400003 1 0
59 0.0261836 0.00594581 1 0
60 0.032405 0.00724182 0.988889 0.0111111
61 0.0242905 0.00592329 0.988889 0.0111111
62 0.0286829 0.00715728 0.988889 0.0111111
63 0.0257948 0.0060269 1 0
64 0.025587 0.00531568 1 0
65 0.0251988 0.00473482 1 0
66 0.0209376 0.00546525 0.988889 0.0111111
67 0.0266576 0.00602615 0.988889 0.0111111
68 0.0411248 0.00804938 0.988889 0.0111111
69 0.0320573 0.00596496 1 0
70 0.02996 0.00506989 1 0
71 0.0340268 0.00647905 0.988889 0.0111111
72 0.0401041 0.00825269 0.988889 0.0111111
73 0.0288354 0.00643981 0.988889 0.0111111
74 0.0348333 0.00670048 1 0
75 0.0311836 0.00745383 0.977778 0.015625
76 0.0332338 0.00717101 0.988889 0.0111111
77 0.0283255 0.00609426 1 0
78 0.0227867 0.00488196 1 0
79 0.0397953 0.00771532 0.988889 0.0111111
80 0.0246376 0.00481079 0.988889 0.0111111
81 0.0369619 0.00872001 0.977778 0.015625
82 0.0262841 0.0058567 0.988889 0.0111111
83 0.0362692 0.00740362 0.988889 0.0111111
84 0.0406861 0.00887985 0.988889 0.0111111
85 0.0423377 0.00850415 0.977778 0.015625
86 0.0436769 0.00799377 0.988889 0.0111111
87 0.0480682 0.00927164 0.977778 0.015625
88 0.0412531 0.00771475 0.988889 0.0111111
89 0.047864 0.00965019 0.966667 0.0190275
90 0.0427375 0.00830957 0.977778 0.015625
91 0.0553931 0.0101968 0.955556 0.0218445
92 0.0645532 0.0116306 0.955556 0.0218445
93 0.0644215 0.0114696 0.955556 0.0218445
94 0.0490952 0.00930636 0.966667 0.0190275
95 0.0554069 0.00977606 0.977778 0.015625
96 0.0530657 0.0102114 0.966667 0.0190275
97 0.0617833 0.010791 0.955556 0.0218445
98 0.0771621 0.0126744 0.955556 0.0218445
99 0.0905782 0.0133788 0.944444 0.0242805
100 0.108032 0.0157566 0.866667 0.036033
101 0.122364 0.0172711 0.866667 0.036033
102 0.13899 0.0196369 0.8 0.0423999
103 0.159008 0.0216426 0.8 0.0423999
104 0.164875 0.0218474 0.766667 0.0448329
105 0.177162 0.0226187 0.722222 0.0474776
106 0.184333 0.0237494 0.7 0.0485752
107 0.196311 0.0242953 0.677778 0.0495366
108 0.2036 0.0250947 0.666667 0.0499688
109 0.209782 0.0259958 0.677778 0.0495366
110 0.215186 0.026379 0.633333 0.0510807
111 0.219381 0.0271453 0.655556 0.0503697
112 0.227675 0.0281131 0.633333 0.0510807
113 0.234021 0.0282666 0.622222 0.0513921
114 0.242445 0.0292349 0.622222 0.0513921
115 0.248584 0.0301072 0.6 0.0519291
116 0.252646 0.0303475 0.6 0.0519291
117 0.259022 0.030607 0.588889 0.0521556
118 0.263498 0.0314578 0.588889 0.0521556
119 0.27188 0.0316894 0.588889 0.0521556
120 0.275671 0.0322092 0.6 0.0519291
121 0.271454 0.0318113 0.6 0.0519291
122 0.276625 0.0319364 0.577778 0.0523547
123 0.278632 0.0322702 0.577778 0.0523547
124 0.280441 0.0327791 0.588889 0.0521556
125 0.286714 0.033542 0.588889 0.0521556
126 0.285594 0.0332697 0.588889 0.0521556
127 0.289803 0.0335417 0.588889 0.0521556
128 0.296134 0.0336041 0.577778 0.0523547
129 0.300157 0.0337965 0.566667 0.0525267
130 0.305747 0.0345673 0.555556 0.0526717
131 0.305779 0.0345744 0.566667 0.0525267
132 0.308163 0.0346817 0.555556 0.0526717
133 0.308605 0.034661 0.566667 0.0525267
134 0.31123 0.0351613 0.566667 0.0525267
135 0.309496 0.0353122 0.577778 0.0523547
136 0.315495 0.0356531 0.566667 0.0525267
137 0.316493 0.0357563 0.577778 0.0523547
138 0.322453 0.0362695 0.566667 0.0525267
139 0.324729 0.0365101 0.566667 0.0525267
140 0.325925 0.0365953 0.566667 0.0525267
141 0.325603 0.0365524 0.566667 0.0525267
142 0.326725 0.0366467 0.577778 0.0523547
143 0.327655 0.0368307 0.577778 0.0523547
144 0.330207 0.0369566 0.577778 0.0523547
145 0.334276 0.0370226 0.555556 0.0526717
146 0.337183 0.0372285 0.544444 0.0527901
147 0.339297 0.0374599 0.566667 0.0525267
148 0.341859 0.0375355 0.533333 0.052882
149 0.34301 0.037676 0.544444 0.0527901
150 0.344669 0.0377487 0.544444 0.0527901
151 0.345661 0.0377986 0.544444 0.0527901
152 0.347036 0.0378127 0.544444 0.0527901
153 0.349155 0.0379518 0.544444 0.0527901
154 0.353533 0.0382171 0.533333 0.052882
155 0.356253 0.0380665 0.533333 0.052882
156 0.359774 0.0382269 0.522222 0.0529475
157 0.36034 0.0382475 0.533333 0.052882
158 0.362831 0.0385053 0.522222 0.0529475
159 0.361931 0.0385355 0.544444 0.0527901
160 0.362923 0.0387182 0.544444 0.0527901
161 0.364457 0.0388724 0.544444 0.0527901
162 0.366817 0.0392092 0.544444 0.0527901
163 0.367672 0.0390516 0.533333 0.052882
164 0.368884 0.0391021 0.533333 0.052882
165 0.368158 0.0391082 0.533333 0.052882
166 0.373312 0.0393378 0.533333 0.052882
167 0.37538 0.0395395 0.533333 0.052882
168 0.376384 0.0395886 0.533333 0.052882
169 0.378512 0.0397024 0.533333 0.052882
170 0.379171 0.0397324 0.533333 0.052882
171 0.380037 0.039735 0.522222 0.0529475
172 0.380112 0.0396815 0.522222 0.0529475
173 0.380815 0.0396149 0.522222 0.0529475
174 0.382716 0.0397201 0.522222 0.0529475
175 0.380357 0.0396691 0.522222 0.0529475
176 0.37967 0.0394836 0.522222 0.0529475
177 0.381903 0.0395599 0.522222 0.0529475
178 0.382698 0.0395831 0.522222 0.0529475
179 0.383959 0.0396359 0.522222 0.0529475
180 0.384851 0.0397991 0.522222 0.0529475
181 0.385716 0.0398758 0.522222 0.0529475
182 0.385564 0.03996 0.533333 0.052882
183 0.388321 0.0400247 0.522222 0.0529475
184 0.390148 0.0401125 0.522222 0.0529475
185 0.389529 0.0401091 0.522222 0.0529475
186 0.389944 0.0401387 0.522222 0.0529475
187 0.391783 0.0402206 0.522222 0.0529475
188 0.394319 0.0403838 0.522222 0.0529475
189 0.394849 0.0403486 0.522222 0.0529475
190 0.395026 0.040427 0.522222 0.0529475
191 0.396899 0.040505 0.522222 0.0529475
192 0.397982 0.0407038 0.522222 0.0529475
193 0.398234 0.0406635 0.522222 0.0529475
194 0.399824 0.0408039 0.522222 0.0529475
195 0.401438 0.0409599 0.522222 0.0529475
196 0.400518 0.040915 0.522222 0.0529475
197 0.400866 0.0409188 0.522222 0.0529475
198 0.401876 0.0410554 0.522222 0.0529475
199 0.402813 0.0411422 0.522222 0.0529475
200 0.402555 0.0411404 0.522222 0.0529475
201 0.401558 0.0411816 0.522222 0.0529475
202 0.401743 0.0411265 0.522222 0.0529475
203 0.402559 0.0411342 0.522222 0.0529475
204 0.404242 0.04116 0.522222 0.0529475
205 0.403497 0.0411093 0.522222 0.0529475
206 0.404203 0.0411232 0.522222 0.0529475
207 0.405689 0.0411955 0.522222 0.0529475
208 0.407099 0.0413244 0.522222 0.0529475
209 0.407884 0.0413039 0.522222 0.0529475
210 0.409972 0.0415476 0.522222 0.0529475
211 0.410706 0.0415135 0.522222 0.0529475
212 0.411746 0.0415682 0.522222 0.0529475
213 0.411011 0.0414607 0.522222 0.0529475
214 0.411563 0.0414768 0.522222 0.0529475
215 0.414198 0.0416902 0.522222 0.0529475
216 0.413232 0.0417072 0.522222 0.0529475
217 0.415315 0.0417914 0.522222 0.0529475
218 0.416964 0.0419152 0.522222 0.0529475
219 0.418439 0.041952 0.522222 0.0529475
220 0.419506 0.0421201 0.522222 0.0529475
221 0.420528 0.0422031 0.522222 0.0529475
222 0.420712 0.0422477 0.522222 0.0529475
223 0.422835 0.0423781 0.522222 0.0529475
224 0.424278 0.0425408 0.522222 0.0529475
225 0.423854 0.0424975 0.522222 0.0529475
226 0.422741 0.0424151 0.522222 0.0529475
227 0.42325 0.0423911 0.522222 0.0529475
228 0.424502 0.0424743 0.522222 0.0529475
229 0.424738 0.0425063 0.522222 0.0529475
230 0.42559 0.0426222 0.522222 0.0529475
231 0.425423 0.0425776 0.522222 0.0529475
232 0.425511 0.0426571 0.522222 0.0529475
233 0.426542 0.0428152 0.522222 0.0529475
234 0.427604 0.0428546 0.522222 0.0529475
235 0.427506 0.0427303 0.522222 0.0529475
236 0.428545 0.0428016 0.522222 0.0529475
237 0.428758 0.0428281 0.522222 0.0529475
238 0.427868 0.0427344 0.522222 0.0529475
239 0.42788 0.0427381 0.522222 0.0529475
240 0.429011 0.0428053 0.522222 0.0529475
241 0.428414 0.0427528 0.522222 0.0529475
242 0.430352 0.0429086 0.522222 0.0529475
243 0.430464 0.0428644 0.522222 0.0529475
244 0.430278 0.0428439 0.522222 0.0529475
245 0.432218 0.0429712 0.522222 0.0529475
246 0.432873 0.0430035 0.522222 0.0529475
247 0.43506 0.043101 0.522222 0.0529475
248 0.435286 0.0431043 0.522222 0.0529475
249 0.435235 0.04308 0.522222 0.0529475
250 0.436359 0.0431706 0.522222 0.0529475
251 0.437051 0.0431987 0.522222 0.0529475
252 0.436876 0.0432662 0.522222 0.0529475
253 0.43735 0.0433052 0.522222 0.0529475
254 0.438441 0.0433484 0.522222 0.0529475
255 0.440204 0.0434589 0.522222 0.0529475
256 0.44013 0.0434244 0.522222 0.0529475
257 0.439398 0.0433963 0.522222 0.0529475
258 0.440177 0.0434227 0.522222 0.0529475
259 0.438504 0.043248 0.522222 0.0529475
260 0.439341 0.043425 0.522222 0.0529475
261 0.43849 0.0433449 0.522222 0.0529475
262 0.438793 0.0433477 0.522222 0.0529475
263 0.438606 0.0432071 0.522222 0.0529475
264 0.43971 0.0434353 0.522222 0.0529475
265 0.439464 0.0434366 0.522222 0.0529475
266 0.440273 0.0435196 0.522222 0.0529475
267 0.4409 0.0435805 0.522222 0.0529475
268 0.442211 0.0437465 0.522222 0.0529475
269 0.442472 0.0437191 0.522222 0.0529475
270 0.443579 0.0439055 0.522222 0.0529475
271 0.444681 0.0439572 0.522222 0.0529475
272 0.445444 0.0439518 0.522222 0.0529475
273 0.445552 0.043994 0.522222 0.0529475
274 0.445284 0.0440075 0.522222 0.0529475
275 0.445397 0.0440255 0.522222 0.0529475
276 0.446036 0.0440977 0.522222 0.0529475
277 0.447233 0.0441555 0.522222 0.0529475
278 0.447464 0.04422 0.522222 0.0529475
279 0.447273 0.0442402 0.522222 0.0529475
280 0.446785 0.0442379 0.522222 0.0529475
281 0.447264 0.0443061 0.522222 0.0529475
282 0.44709 0.0443181 0.522222 0.0529475
283 0.447025 0.0442587 0.522222 0.0529475
284 0.447832 0.0444084 0.522222 0.0529475
285 0.448109 0.044408 0.522222 0.0529475
286 0.448447 0.0444381 0.522222 0.0529475
287 0.448805 0.0443577 0.522222 0.0529475
288 0.449201 0.0444695 0.522222 0.0529475
289 0.449783 0.0444839 0.522222 0.0529475
290 0.449601 0.0444872 0.522222 0.0529475
291 0.451288 0.0444199 0.522222 0.0529475
292 0.4503 0.0444509 0.522222 0.0529475
293 0.450947 0.044531 0.522222 0.0529475
294 0.451803 0.0445285 0.522222 0.0529475
295 0.451321 0.0444736 0.522222 0.0529475
296 0.45299 0.0445112 0.522222 0.0529475
297 0.453298 0.0444888 0.522222 0.0529475
298 0.453784 0.0445046 0.522222 0.0529475
299 0.4545 0.0445235 0.522222 0.0529475
300 0.454195 0.0444834 0.522222 0.0529475
301 0.454802 0.0445979 0.522222 0.0529475
302 0.455685 0.0446436 0.522222 0.0529475
303 0.4557 0.0445294 0.522222 0.0529475
304 0.455856 0.0444955 0.522222 0.0529475
305 0.456143 0.0445077 0.522222 0.0529475
306 0.456595 0.0445177 0.522222 0.0529475
307 0.457083 0.0444282 0.522222 0.0529475
308 0.457336 0.0445271 0.522222 0.0529475
309 0.456431 0.0444265 0.522222 0.0529475
310 0.457479 0.0445888 0.522222 0.0529475
311 0.457171 0.0444849 0.522222 0.0529475
312 0.45726 0.0444778 0.522222 0.0529475
313 0.458331 0.0445646 0.522222 0.0529475
314 0.458669 0.0445975 0.522222 0.0529475
315 0.458745 0.0445826 0.522222 0.0529475
316 0.459039 0.0446607 0.522222 0.0529475
317 0.458962 0.0445687 0.522222 0.0529475
318 0.460197 0.0446482 0.522222 0.0529475
319 0.460187 0.0446369 0.522222 0.0529475
320 0.460385 0.0446847 0.522222 0.0529475
321 0.459887 0.0447222 0.522222 0.0529475
322 0.460631 0.0448428 0.522222 0.0529475
323 0.460764 0.0448149 0.522222 0.0529475
324 0.460161 0.0447428 0.522222 0.0529475
325 0.4601 0.0447611 0.522222 0.0529475
326 0.460416 0.0448125 0.522222 0.0529475
327 0.460563 0.0447141 0.522222 0.0529475
328 0.461111 0.0448422 0.522222 0.0529475
329 0.460424 0.044744 0.522222 0.0529475
330 0.460178 0.0447964 0.522222 0.0529475
331 0.460156 0.0447803 0.522222 0.0529475
332 0.460844 0.0447569 0.522222 0.0529475
333 0.460465 0.0447059 0.522222 0.0529475
334 0.460864 0.044753 0.522222 0.0529475
335 0.461074 0.0447408 0.522222 0.0529475
336 0.461445 0.0447936 0.522222 0.0529475
337 0.461975 0.0448309 0.522222 0.0529475
338 0.462175 0.0448919 0.522222 0.0529475
339 0.462362 0.04491 0.522222 0.0529475
340 0.462639 0.0449294 0.522222 0.0529475
341 0.461893 0.0449207 0.522222 0.0529475
342 0.462356 0.0450308 0.522222 0.0529475
343 0.462371 0.0450052 0.522222 0.0529475
344 0.46311 0.0451356 0.522222 0.0529475
345 0.461875 0.0450546 0.522222 0.0529475
346 0.4624 0.0451758 0.522222 0.0529475
347 0.462302 0.0450755 0.522222 0.0529475
348 0.462377 0.0451938 0.522222 0.0529475
349 0.461485 0.0451246 0.522222 0.0529475
350 0.462478 0.0452137 0.522222 0.0529475
351 0.462259 0.045143 0.522222 0.0529475
352 0.462376 0.0451383 0.522222 0.0529475
353 0.462794 0.0451261 0.522222 0.0529475
354 0.463966 0.045132 0.522222 0.0529475
355 0.464522 0.0450699 0.522222 0.0529475
356 0.465041 0.0451444 0.522222 0.0529475
357 0.464923 0.0450514 0.522222 0.0529475
358 0.465406 0.0451219 0.522222 0.0529475
359 0.465332 0.0451079 0.522222 0.0529475
360 0.466163 0.045087 0.522222 0.0529475
361 0.466353 0.0451735 0.522222 0.0529475
362 0.467141 0.0451628 0.522222 0.0529475
363 0.467785 0.0451495 0.522222 0.0529475
364 0.468164 0.0451945 0.522222 0.0529475
365 0.468096 0.0452393 0.522222 0.0529475
366 0.467641 0.0452564 0.522222 0.0529475
367 0.466713 0.0451631 0.522222 0.0529475
368 0.467233 0.0452362 0.522222 0.0529475
369 0.466077 0.0452273 0.522222 0.0529475
370 0.467151 0.045299 0.522222 0.0529475
371 0.466773 0.0452505 0.522222 0.0529475
372 0.466151 0.0452079 0.522222 0.0529475
373 0.466844 0.0452382 0.522222 0.0529475
374 0.466801 0.045302 0.522222 0.0529475
375 0.46688 0.0452794 0.522222 0.0529475
376 0.466528 0.0452982 0.522222 0.0529475
377 0.466715 0.0452678 0.522222 0.0529475
378 0.46647 0.0452673 0.522222 0.0529475
379 0.466317 0.045148 0.522222 0.0529475
380 0.466355 0.0452184 0.522222 0.0529475
381 0.466007 0.0452115 0.522222 0.0529475
382 0.464951 0.045312 0.522222 0.0529475
383 0.46545 0.0453125 0.522222 0.0529475
384 0.465554 0.0453514 0.522222 0.0529475
385 0.464797 0.0452649 0.522222 0.0529475
386 0.464576 0.0452727 0.522222 0.0529475
387 0.464866 0.0452209 0.522222 0.0529475
388 0.465142 0.0452511 0.522222 0.0529475
389 0.465654 0.0452941 0.522222 0.0529475
390 0.465793 0.0452992 0.522222 0.0529475
391 0.465937 0.0453431 0.522222 0.0529475
392 0.467126 0.0454263 0.522222 0.0529475
393 0.46761 0.0454953 0.522222 0.0529475
394 0.466584 0.0454765 0.522222 0.0529475
395 0.466127 0.0453241 0.522222 0.0529475
396 0.466224 0.0455014 0.522222 0.0529475
397 0.466991 0.0454905 0.522222 0.0529475
398 0.46648 0.0455098 0.522222 0.0529475
399 0.46701 0.0455839 0.522222 0.0529475
400 0.466927 0.0455977 0.522222 0.0529475
401 0.466248 0.0456151 0.522222 0.0529475
402 0.466796 0.0456054 0.522222 0.0529475
403 0.4672 0.0455599 0.522222 0.0529475
404 0.467145 0.0456743 0.522222 0.0529475
405 0.466992 0.0456513 0.522222 0.0529475
406 0.468072 0.0457806 0.522222 0.0529475
407 0.468085 0.0457479 0.522222 0.0529475
408 0.468396 0.0457866 0.522222 0.0529475
409 0.46827 0.0458266 0.522222 0.0529475
410 0.468195 0.0458856 0.522222 0.0529475
411 0.46855 0.0458424 0.522222 0.0529475
412 0.468008 0.0457882 0.522222 0.0529475
413 0.46831 0.0458562 0.522222 0.0529475
414 0.469326 0.0457881 0.522222 0.0529475
415 0.46949 0.0458063 0.522222 0.0529475
416 0.470366 0.0458191 0.522222 0.0529475
417 0.470099 0.0457739 0.522222 0.0529475
418 0.47063 0.0457519 0.522222 0.0529475
419 0.471398 0.0458074 0.522222 0.0529475
420 0.470498 0.0458284 0.522222 0.0529475
421 0.471032 0.045797 0.522222 0.0529475
422 0.470427 0.0457952 0.522222 0.0529475
423 0.470687 0.0457616 0.522222 0.0529475
424 0.470831 0.0458062 0.522222 0.0529475
425 0.470438 0.0457462 0.522222 0.0529475
426 0.471246 0.0458247 0.522222 0.0529475
427 0.470231 0.0457905 0.522222 0.0529475
428 0.470419 0.0458286 0.522222 0.0529475
429 0.470844 0.0458438 0.522222 0.0529475
430 0.469946 0.0457934 0.522222 0.0529475
431 0.469992 0.0457641 0.522222 0.0529475
432 0.470558 0.0457806 0.522222 0.0529475
433 0.470178 0.0457854 0.522222 0.0529475
434 0.469806 0.0458007 0.522222 0.0529475
435 0.469889 0.0458269 0.522222 0.0529475
436 0.470072 0.0459005 0.522222 0.0529475
437 0.469719 0.0457777 0.522222 0.0529475
438 0.470124 0.0458052 0.522222 0.0529475
439 0.470232 0.0458426 0.522222 0.0529475
440 0.47008 0.0458519 0.522222 0.0529475
441 0.47057 0.0458091 0.522222 0.0529475
442 0.470343 0.0458055 0.522222 0.0529475
443 0.471073 0.0457961 0.522222 0.0529475
444 0.470264 0.0457755 0.522222 0.0529475
445 0.47177 0.0457336 0.522222 0.0529475
446 0.472086 0.0456856 0.522222 0.0529475
447 0.472344 0.0456816 0.522222 0.0529475
448 0.472023 0.0457222 0.522222 0.0529475
449 0.472282 0.0457232 0.522222 0.0529475
450 0.472111 0.0457139 0.522222 0.0529475
451 0.471726 0.045812 0.522222 0.0529475
452 0.470629 0.0457097 0.522222 0.0529475
453 0.471608 0.045722 0.522222 0.0529475
454 0.471151 0.0456878 0.522222 0.0529475
455 0.470608 0.0456196 0.522222 0.0529475
456 0.470532 0.0456513 0.522222 0.0529475
457 0.471343 0.0456046 0.522222 0.0529475
458 0.471278 0.0455685 0.522222 0.0529475
459 0.472183 0.0456242 0.522222 0.0529475
460 0.472911 0.0456063 0.522222 0.0529475
461 0.473511 0.0456201 0.522222 0.0529475
462 0.474102 0.0457308 0.522222 0.0529475
463 0.47408 0.0457119 0.522222 0.0529475
464 0.474506 0.0458195 0.522222 0.0529475
465 0.474565 0.0457812 0.522222 0.0529475
466 0.474653 0.0458161 0.522222 0.0529475
467 0.474581 0.045828 0.522222 0.0529475
468 0.474967 0.0459107 0.522222 0.0529475
469 0.474696 0.0459227 0.522222 0.0529475
470 0.475283 0.0459766 0.522222 0.0529475
471 0.475221 0.0459806 0.522222 0.0529475
472 0.476051 0.046062 0.522222 0.0529475
473 0.475971 0.0460302 0.522222 0.0529475
474 0.476494 0.0460337 0.522222 0.0529475
475 0.475851 0.0460277 0.522222 0.0529475
476 0.477163 0.046078 0.522222 0.0529475
477 0.477015 0.0460019 0.522222 0.0529475
478 0.477289 0.0460021 0.522222 0.0529475
479 0.477634 0.045956 0.522222 0.0529475
480 0.477868 0.0459506 0.522222 0.0529475
481 0.476913 0.0459196 0.522222 0.0529475
482 0.47797 0.0458997 0.522222 0.0529475
483 0.477449 0.0458627 0.522222 0.0529475
484 0.478139 0.0459279 0.522222 0.0529475
485 0.478684 0.0458063 0.522222 0.0529475
486 0.47865 0.0459011 0.522222 0.0529475
487 0.479008 0.0458774 0.522222 0.0529475
488 0.478966 0.0458733 0.522222 0.0529475
489 0.479328 0.0458356 0.522222 0.0529475
490 0.479845 0.0458948 0.522222 0.0529475
491 0.480355 0.0458291 0.522222 0.0529475
492 0.480361 0.0458838 0.522222 0.0529475
493 0.480547 0.0458878 0.522222 0.0529475
494 0.481421 0.0459138 0.522222 0.0529475
495 0.481628 0.0458231 0.522222 0.0529475
496 0.481889 0.0458452 0.522222 0.0529475
497 0.482486 0.0458565 0.522222 0.0529475
498 0.481722 0.0458834 0.522222 0.0529475
499 0.480822 0.0458908 0.522222 0.0529475
500 0.481063 0.0459238 0.522222 0.0529475
501 0.480394 0.0458007 0.522222 0.0529475
502 0.480669 0.0459292 0.522222 0.0529475
503 0.480746 0.045966 0.522222 0.0529475
504 0.480656 0.0460371 0.522222 0.0529475
505 0.481267 0.0459824 0.522222 0.0529475
506 0.480766 0.0460174 0.522222 0.0529475
507 0.480881 0.0460004 0.522222 0.0529475
508 0.480033 0.0461001 0.522222 0.0529475
509 0.480515 0.0460611 0.522222 0.0529475
510 0.479804 0.0460776 0.522222 0.0529475
511 0.480181 0.0460158 0.522222 0.0529475
512 0.480305 0.0460177 0.522222 0.0529475
513 0.480603 0.0459065 0.522222 0.0529475
514 0.480518 0.0459439 0.522222 0.0529475
515 0.480846 0.0458738 0.522222 0.0529475
516 0.480533 0.045888 0.522222 0.0529475
517 0.48087 0.0458204 0.522222 0.0529475
518 0.480736 0.0458271 0.522222 0.0529475
519 0.480713 0.0458184 0.522222 0.0529475
520 0.480144 0.045818 0.522222 0.0529475
521 0.480154 0.045843 0.522222 0.0529475
522 0.480826 0.0458124 0.522222 0.0529475
523 0.480532 0.0458042 0.522222 0.0529475
524 0.480373 0.0458648 0.522222 0.0529475
525 0.480232 0.0457533 0.522222 0.0529475
526 0.479703 0.0457288 0.522222 0.0529475
527 0.479725 0.0457031 0.522222 0.0529475
528 0.479993 0.0457375 0.522222 0.0529475
529 0.480128 0.0456203 0.522222 0.0529475
530 0.48043 0.0456332 0.522222 0.0529475
531 0.480132 0.0455766 0.522222 0.0529475
532 0.479668 0.0455907 0.522222 0.0529475
533 0.479376 0.045501 0.522222 0.0529475
534 0.478909 0.0455041 0.522222 0.0529475
535 0.479098 0.0455443 0.522222 0.0529475
536 0.478613 0.0455747 0.522222 0.0529475
537 0.477836 0.0454688 0.522222 0.0529475
538 0.478188 0.0454849 0.522222 0.0529475
539 0.477584 0.0454036 0.522222 0.0529475
540 0.477327 0.0453747 0.522222 0.0529475
541 0.47686 0.0453095 0.522222 0.0529475
542 0.476194 0.0452427 0.522222 0.0529475
543 0.476893 0.0452694 0.522222 0.0529475
544 0.476087 0.0453554 0.522222 0.0529475
545 0.476417 0.0452254 0.522222 0.0529475
546 0.476363 0.0451958 0.522222 0.0529475
547 0.474892 0.045139 0.522222 0.0529475
548 0.474252 0.0452454 0.522222 0.0529475
549 0.473996 0.0450811 0.522222 0.0529475
550 0.473655 0.0451499 0.522222 0.0529475
551 0.473838 0.0451281 0.522222 0.0529475
552 0.473722 0.0451546 0.522222 0.0529475
553 0.473876 0.0451021 0.522222 0.0529475
554 0.474111 0.0451876 0.522222 0.0529475
555 0.47327 0.0452996 0.522222 0.0529475
556 0.474499 0.0454156 0.522222 0.0529475
557 0.473677 0.0453492 0.522222 0.0529475
558 0.473797 0.0452748 0.522222 0.0529475
559 0.475051 0.0452291 0.522222 0.0529475
560 0.476218 0.0453165 0.522222 0.0529475
561 0.476399 0.0452728 0.522222 0.0529475
562 0.475365 0.0453863 0.522222 0.0529475
563 0.475881 0.0454207 0.522222 0.0529475
564 0.475676 0.0454709 0.522222 0.0529475
565 0.476279 0.0455076 0.522222 0.0529475
566 0.476461 0.0455134 0.522222 0.0529475
567 0.47567 0.0454786 0.522222 0.0529475
568 0.475989 0.0455732 0.522222 0.0529475
569 0.476522 0.0454767 0.522222 0.0529475
570 0.476106 0.0455204 0.522222 0.0529475
571 0.475009 0.0454303 0.522222 0.0529475
572 0.475347 0.0455489 0.522222 0.0529475
573 0.475828 0.0454558 0.522222 0.0529475
574 0.476572 0.0455496 0.522222 0.0529475
575 0.476202 0.0455045 0.522222 0.0529475
576 0.476626 0.0455764 0.522222 0.0529475
577 0.475995 0.0453961 0.522222 0.0529475
578 0.475914 0.0454479 0.522222 0.0529475
579 0.476381 0.045439 0.522222 0.0529475
580 0.475667 0.0454667 0.522222 0.0529475
581 0.475827 0.045425 0.522222 0.0529475
582 0.47553 0.0454786 0.522222 0.0529475
583 0.475927 0.0454614 0.522222 0.0529475
584 0.475989 0.0454698 0.522222 0.0529475
585 0.475885 0.0454428 0.522222 0.0529475
586 0.476667 0.0454712 0.522222 0.0529475
587 0.476974 0.0454496 0.522222 0.0529475
588 0.47699 0.045508 0.522222 0.0529475
589 0.476239 0.045438 0.522222 0.0529475
590 0.478048 0.0454453 0.522222 0.0529475
591 0.477027 0.0454189 0.522222 0.0529475
592 0.477371 0.0454741 0.522222 0.0529475
593 0.476667 0.0455103 0.522222 0.0529475
594 0.476715 0.0455472 0.522222 0.0529475
595 0.47758 0.0455238 0.522222 0.0529475
596 0.477232 0.0455723 0.522222 0.0529475
597 0.477289 0.0455062 0.522222 0.0529475
598 0.476805 0.0455537 0.522222 0.0529475
599 0.477297 0.0455589 0.522222 0.0529475
600 0.477075 0.0455341 0.522222 0.0529475
601 0.477212 0.0454501 0.522222 0.0529475
602 0.477876 0.0455198 0.522222 0.0529475
603 0.477298 0.0455986 0.522222 0.0529475
604 0.477893 0.0455815 0.522222 0.0529475
605 0.477908 0.0455756 0.522222 0.0529475
606 0.478336 0.0456214 0.522222 0.0529475
607 0.478209 0.0456661 0.522222 0.0529475
608 0.477712 0.0456193 0.522222 0.0529475
609 0.477939 0.0456012 0.522222 0.0529475
610 0.47696 0.0455456 0.522222 0.0529475
611 0.477487 0.0455738 0.522222 0.0529475
612 0.477416 0.0455518 0.522222 0.0529475
613 0.477336 0.0455277 0.522222 0.0529475
614 0.477327 0.0455569 0.522222 0.0529475
615 0.477232 0.0455466 0.522222 0.0529475
616 0.477231 0.0455648 0.522222 0.0529475
617 0.477395 0.0455592 0.522222 0.0529475
618 0.477823 0.0454951 0.522222 0.0529475
619 0.478565 0.0455375 0.522222 0.0529475
620 0.477603 0.0455191 0.522222 0.0529475
621 0.47675 0.0454737 0.522222 0.0529475
622 0.476903 0.0456084 0.522222 0.0529475
623 0.477288 0.0455526 0.522222 0.0529475
624 0.477761 0.0455744 0.522222 0.0529475
625 0.477958 0.0456091 0.522222 0.0529475
626 0.47775 0.0456201 0.522222 0.0529475
627 0.477877 0.0456155 0.522222 0.0529475
628 0.477198 0.0455707 0.522222 0.0529475
629 0.478035 0.0455759 0.522222 0.0529475
630 0.477363 0.0455332 0.522222 0.0529475
631 0.476932 0.0455321 0.522222 0.0529475
632 0.477445 0.0455528 0.522222 0.0529475
633 0.477191 0.0454698 0.522222 0.0529475
634 0.477145 0.045625 0.522222 0.0529475
635 0.47746 0.045592 0.522222 0.0529475
636 0.477246 0.0457253 0.522222 0.0529475
637 0.476549 0.0456806 0.522222 0.0529475
638 0.475913 0.0456948 0.522222 0.0529475
639 0.475911 0.0456135 0.522222 0.0529475
640 0.476743 0.0456226 0.522222 0.0529475
641 0.477327 0.045597 0.522222 0.0529475
642 0.477231 0.0457009 0.522222 0.0529475
643 0.477445 0.0457313 0.522222 0.0529475
644 0.476733 0.0456871 0.522222 0.0529475
645 0.476345 0.0457481 0.522222 0.0529475
646 0.476363 0.0457375 0.522222 0.0529475
647 0.476095 0.0456967 0.522222 0.0529475
648 0.476369 0.0457947 0.522222 0.0529475
649 0.47582 0.045725 0.522222 0.0529475
650 0.475311 0.0457379 0.522222 0.0529475
651 0.474883 0.0457349 0.522222 0.0529475
652 0.475832 0.0458103 0.522222 0.0529475
653 0.476191 0.0457674 0.522222 0.0529475
654 0.47603 0.0457635 0.522222 0.0529475
655 0.475714 0.0457877 0.522222 0.0529475
656 0.475753 0.0457092 0.522222 0.0529475
657 0.476622 0.0456597 0.522222 0.0529475
658 0.476603 0.0456516 0.522222 0.0529475
659 0.47662 0.0456301 0.522222 0.0529475
660 0.47574 0.0456237 0.522222 0.0529475
661 0.475979 0.0456892 0.522222 0.0529475
662 0.476978 0.0457071 0.522222 0.0529475
663 0.477307 0.0456465 0.522222 0.0529475
664 0.47681 0.045683 0.522222 0.0529475
665 0.475877 0.0456849 0.522222 0.0529475
666 0.476192 0.0456873 0.522222 0.0529475
667 0.477147 0.04565 0.522222 0.0529475
668 0.477428 0.0456243 0.522222 0.0529475
669 0.47745 0.045606 0.522222 0.0529475
670 0.477257 0.045642 0.522222 0.0529475
671 0.478004 0.0456097 0.522222 0.0529475
672 0.479027 0.0457188 0.522222 0.0529475
673 0.479007 0.0457147 0.522222 0.0529475
674 0.47907 0.0457469 0.522222 0.0529475
675 0.47929 0.0457032 0.522222 0.0529475
676 0.479244 0.0457705 0.522222 0.0529475
677 0.479127 0.0457441 0.522222 0.0529475
678 0.479038 0.04571 0.522222 0.0529475
679 0.479045 0.0457235 0.522222 0.0529475
680 0.479376 0.045741 0.522222 0.0529475
681 0.479915 0.0456483 0.522222 0.0529475
682 0.479965 0.0457367 0.522222 0.0529475
683 0.479948 0.0457047 0.522222 0.0529475
684 0.480232 0.0457233 0.522222 0.0529475
685 0.480739 0.0457036 0.522222 0.0529475
686 0.480992 0.0456452 0.522222 0.0529475
687 0.482005 0.0455844 0.522222 0.0529475
688 0.481126 0.0456695 0.522222 0.0529475
689 0.481092 0.0457108 0.522222 0.0529475
690 0.481218 0.0457957 0.522222 0.0529475
691 0.481977 0.0457192 0.522222 0.0529475
692 0.481915 0.0457319 0.522222 0.0529475
693 0.482178 0.0456635 0.522222 0.0529475
694 0.481259 0.045748 0.522222 0.0529475
695 0.482333 0.0457386 0.511111 0.0529868
696 0.480952 0.0458112 0.522222 0.0529475
697 0.479857 0.0458067 0.522222 0.0529475
698 0.480438 0.0458089 0.522222 0.0529475
699 0.481323 0.0457986 0.522222 0.0529475
700 0.48055 0.0458706 0.522222 0.0529475
701 0.48074 0.0458069 0.522222 0.0529475
702 0.480494 0.0458209 0.522222 0.0529475
703 0.480685 0.0458152 0.522222 0.0529475
704 0.47969 0.0457694 0.522222 0.0529475
705 0.479325 0.045746 0.522222 0.0529475
706 0.479581 0.0457455 0.522222 0.0529475
707 0.479369 0.0457675 0.522222 0.0529475
708 0.479959 0.0457987 0.522222 0.0529475
709 0.479619 0.0457342 0.522222 0.0529475
710 0.479622 0.0457022 0.522222 0.0529475
711 0.479496 0.0457402 0.522222 0.0529475
712 0.479719 0.0456843 0.522222 0.0529475
713 0.480131 0.0457192 0.522222 0.0529475
714 0.480751 0.0457686 0.522222 0.0529475
715 0.480971 0.0457457 0.522222 0.0529475
716 0.481197 0.0457786 0.522222 0.0529475
717 0.480888 0.045784 0.522222 0.0529475
718 0.481131 0.0457529 0.522222 0.0529475
719 0.481675 0.0456935 0.522222 0.0529475
720 0.481794 0.0457229 0.522222 0.0529475
721 0.482428 0.0456821 0.522222 0.0529475
722 0.482172 0.0458132 0.522222 0.0529475
723 0.481567 0.045764 0.522222 0.0529475
724 0.481076 0.0457747 0.522222 0.0529475
725 0.481081 0.0457962 0.522222 0.0529475
726 0.480297 0.0458409 0.522222 0.0529475
727 0.48088 0.0457456 0.522222 0.0529475
728 0.480764 0.0458438 0.522222 0.0529475
729 0.481478 0.0457389 0.522222 0.0529475
730 0.481361 0.0457047 0.522222 0.0529475
731 0.480702 0.0456666 0.522222 0.0529475
732 0.481189 0.0457987 0.522222 0.0529475
733 0.480959 0.0457631 0.522222 0.0529475
734 0.480728 0.0458271 0.522222 0.0529475
735 0.481205 0.0456755 0.522222 0.0529475
736 0.480823 0.0456517 0.522222 0.0529475
737 0.480571 0.0456322 0.522222 0.0529475
738 0.480439 0.045637 0.522222 0.0529475
739 0.480962 0.045598 0.522222 0.0529475
740 0.48153 0.0457182 0.522222 0.0529475
741 0.480428 0.0457021 0.522222 0.0529475
742 0.480521 0.0457241 0.522222 0.0529475
743 0.481215 0.0456606 0.522222 0.0529475
744 0.481496 0.0456437 0.522222 0.0529475
745 0.481288 0.045757 0.522222 0.0529475
746 0.482005 0.0456531 0.522222 0.0529475
747 0.483018 0.0456876 0.522222 0.0529475
748 0.483631 0.045705 0.522222 0.0529475
749 0.483385 0.0456878 0.522222 0.0529475
750 0.48334 0.0457152 0.522222 0.0529475
751 0.483155 0.0457465 0.522222 0.0529475
752 0.483374 0.0457287 0.522222 0.0529475
753 0.483664 0.0456536 0.522222 0.0529475
754 0.484071 0.0456142 0.522222 0.0529475
755 0.483215 0.0455069 0.522222 0.0529475
756 0.482467 0.0455205 0.522222 0.0529475
757 0.482824 0.0454852 0.522222 0.0529475
758 0.483021 0.0455799 0.522222 0.0529475
759 0.482899 0.0454978 0.522222 0.0529475
760 0.483725 0.0455322 0.511111 0.0529868
761 0.483195 0.0455112 0.522222 0.0529475
762 0.482245 0.0455689 0.522222 0.0529475
763 0.481881 0.0455505 0.522222 0.0529475
764 0.482011 0.0455597 0.522222 0.0529475
765 0.48175 0.0456142 0.522222 0.0529475
766 0.481604 0.045595 0.522222 0.0529475
767 0.481536 0.0455668 0.522222 0.0529475
768 0.480644 0.0455811 0.522222 0.0529475
769 0.48208 0.0455287 0.522222 0.0529475
770 0.482673 0.0455279 0.522222 0.0529475
771 0.483553 0.0454846 0.522222 0.0529475
772 0.482994 0.0455063 0.522222 0.0529475
773 0.483111 0.0454968 0.522222 0.0529475
774 0.483787 0.0454668 0.522222 0.0529475
775 0.484357 0.0454068 0.522222 0.0529475
776 0.485255 0.0454449 0.522222 0.0529475
777 0.485114 0.0454023 0.522222 0.0529475
778 0.48357 0.0454989 0.522222 0.0529475
779 0.482728 0.0454624 0.522222 0.0529475
780 0.4822 0.0454488 0.522222 0.0529475
781 0.481423 0.045402 0.522222 0.0529475
782 0.481738 0.0454502 0.522222 0.0529475
783 0.482817 0.0455203 0.522222 0.0529475
784 0.482613 0.0454912 0.522222 0.0529475
785 0.483264 0.0454798 0.522222 0.0529475
786 0.483465 0.0454466 0.522222 0.0529475
787 0.483265 0.04542 0.522222 0.0529475
788 0.482246 0.0454864 0.522222 0.0529475
789 0.483404 0.0454567 0.522222 0.0529475
790 0.483127 0.0454578 0.522222 0.0529475
791 0.48242 0.0454657 0.522222 0.0529475
792 0.482463 0.0455246 0.522222 0.0529475
793 0.482631 0.0454735 0.522222 0.0529475
794 0.482054 0.0455476 0.522222 0.0529475
795 0.481953 0.045398 0.522222 0.0529475
796 0.481543 0.0454931 0.522222 0.0529475
797 0.481598 0.0455311 0.522222 0.0529475
798 0.482042 0.0455316 0.522222 0.0529475
799 0.481629 0.0455231 0.522222 0.0529475
800 0.481885 0.0455332 0.522222 0.0529475
801 0.481581 0.0455556 0.522222 0.0529475
802 0.482368 0.0456097 0.522222 0.0529475
803 0.482594 0.0455068 0.522222 0.0529475
804 0.484246 0.0453947 0.522222 0.0529475
805 0.484162 0.0454154 0.522222 0.0529475
806 0.483736 0.0453253 0.522222 0.0529475
807 0.483043 0.0452965 0.522222 0.0529475
808 0.483764 0.0453189 0.522222 0.0529475
809 0.483357 0.0452338 0.522222 0.0529475
810 0.483601 0.0452899 0.522222 0.0529475
811 0.483001 0.0452828 0.522222 0.0529475
812 0.483544 0.0452794 0.522222 0.0529475
813 0.483864 0.0452677 0.522222 0.0529475
814 0.484026 0.0453427 0.522222 0.0529475
815 0.483233 0.04535 0.522222 0.0529475
816 0.483382 0.0453867 0.522222 0.0529475
817 0.484481 0.0453096 0.522222 0.0529475
818 0.483792 0.0453761 0.522222 0.0529475
819 0.483701 0.0453119 0.522222 0.0529475
820 0.482666 0.0453365 0.522222 0.0529475
821 0.48234 0.045297 0.522222 0.0529475
822 0.482298 0.0453649 0.522222 0.0529475
823 0.48218 0.0453427 0.522222 0.0529475
824 0.48246 0.0453668 0.522222 0.0529475
825 0.482192 0.0453478 0.522222 0.0529475
826 0.482094 0.0453674 0.522222 0.0529475
827 0.481777 0.0453717 0.522222 0.0529475
828 0.481276 0.0453861 0.522222 0.0529475
829 0.481152 0.0453752 0.522222 0.0529475
830 0.48117 0.0454543 0.522222 0.0529475
831 0.479563 0.045419 0.522222 0.0529475
832 0.479457 0.0453831 0.522222 0.0529475
833 0.479063 0.0454602 0.522222 0.0529475
834 0.479267 0.0454653 0.522222 0.0529475
835 0.478502 0.045455 0.522222 0.0529475
836 0.479127 0.0454705 0.522222 0.0529475
837 0.479634 0.0454829 0.522222 0.0529475
838 0.479276 0.0455007 0.522222 0.0529475
839 0.479746 0.0454474 0.522222 0.0529475
840 0.479801 0.0454567 0.522222 0.0529475
841 0.47976 0.045495 0.522222 0.0529475
842 0.480303 0.0455789 0.522222 0.0529475
843 0.479861 0.0455769 0.522222 0.0529475
844 0.479574 0.0456209 0.522222 0.0529475
845 0.479576 0.0456229 0.522222 0.0529475
846 0.479254 0.0455589 0.522222 0.0529475
847 0.479763 0.0455051 0.522222 0.0529475
848 0.479497 0.0455378 0.522222 0.0529475
849 0.47876 0.0454867 0.522222 0.0529475
850 0.478327 0.0454836 0.522222 0.0529475
851 0.478079 0.0454427 0.522222 0.0529475
852 0.47786 0.0455092 0.522222 0.0529475
853 0.477118 0.04546 0.522222 0.0529475
854 0.477742 0.0454557 0.522222 0.0529475
855 0.477506 0.0454077 0.522222 0.0529475
856 0.478482 0.0454011 0.522222 0.0529475
857 0.478512 0.0454121 0.522222 0.0529475
858 0.47943 0.0454726 0.522222 0.0529475
859 0.478773 0.0454116 0.522222 0.0529475
860 0.479295 0.045434 0.522222 0.0529475
861 0.478376 0.0454405 0.522222 0.0529475
862 0.477967 0.0454574 0.522222 0.0529475
863 0.478345 0.0454407 0.522222 0.0529475
864 0.478424 0.0454629 0.522222 0.0529475
865 0.478982 0.0454205 0.522222 0.0529475
866 0.479542 0.0454035 0.522222 0.0529475
867 0.479451 0.0454296 0.522222 0.0529475
868 0.479871 0.0454109 0.522222 0.0529475
869 0.479345 0.0453604 0.522222 0.0529475
870 0.48012 0.0453921 0.522222 0.0529475
871 0.480326 0.0454185 0.522222 0.0529475
872 0.480275 0.0454314 0.522222 0.0529475
873 0.480657 0.0454285 0.522222 0.0529475
874 0.479846 0.0454577 0.522222 0.0529475
875 0.480351 0.0454546 0.522222 0.0529475
876 0.479994 0.0455287 0.522222 0.0529475
877 0.479776 0.0455621 0.522222 0.0529475
878 0.480604 0.0455656 0.522222 0.0529475
879 0.479524 0.0455399 0.522222 0.0529475
880 0.479573 0.0456076 0.522222 0.0529475
881 0.478975 0.04555 0.522222 0.0529475
882 0.478669 0.0455341 0.522222 0.0529475
883 0.477911 0.0454804 0.522222 0.0529475
884 0.476873 0.0454852 0.522222 0.0529475
885 0.477227 0.0455912 0.522222 0.0529475
886 0.477428 0.0456055 0.522222 0.0529475
887 0.477992 0.0455852 0.522222 0.0529475
888 0.477023 0.0456401 0.522222 0.0529475
889 0.477137 0.0456215 0.522222 0.0529475
890 0.477053 0.045614 0.522222 0.0529475
891 0.477188 0.0456241 0.522222 0.0529475
892 0.478299 0.0456925 0.522222 0.0529475
893 0.477545 0.0456264 0.522222 0.0529475
894 0.478245 0.0457169 0.522222 0.0529475
895 0.478709 0.0457136 0.522222 0.0529475
896 0.478748 0.0457587 0.522222 0.0529475
897 0.479295 0.0456989 0.522222 0.0529475
898 0.479196 0.0457211 0.522222 0.0529475
899 0.477685 0.0457596 0.522222 0.0529475
900 0.477792 0.0458136 0.522222 0.0529475
901 0.477591 0.045694 0.522222 0.0529475
902 0.478097 0.0457066 0.522222 0.0529475
903 0.478934 0.0457047 0.522222 0.0529475
904 0.478513 0.0457414 0.522222 0.0529475
905 0.477607 0.0456922 0.522222 0.0529475
906 0.478087 0.0457683 0.522222 0.0529475
907 0.478534 0.0456981 0.522222 0.0529475
908 0.478947 0.0457673 0.522222 0.0529475
909 0.478096 0.0457648 0.522222 0.0529475
910 0.478522 0.0457646 0.522222 0.0529475
911 0.478691 0.0457231 0.522222 0.0529475
912 0.478272 0.0457123 0.522222 0.0529475
913 0.4787 0.0456477 0.522222 0.0529475
914 0.479056 0.0456279 0.522222 0.0529475
915 0.477773 0.0456133 0.522222 0.0529475
916 0.47687 0.0457227 0.522222 0.0529475
917 0.476793 0.0456369 0.522222 0.0529475
918 0.476561 0.0456175 0.522222 0.0529475
919 0.4763 0.0455664 0.522222 0.0529475
920 0.475532 0.0454803 0.522222 0.0529475
921 0.475553 0.0455026 0.522222 0.0529475
922 0.47511 0.0455845 0.522222 0.0529475
923 0.475286 0.0456242 0.522222 0.0529475
924 0.475504 0.0457347 0.522222 0.0529475
925 0.475573 0.0457542 0.522222 0.0529475
926 0.475665 0.0457813 0.522222 0.0529475
927 0.476081 0.045777 0.522222 0.0529475
928 0.476109 0.0457084 0.522222 0.0529475
929 0.475781 0.0455891 0.522222 0.0529475
930 0.476342 0.0455777 0.522222 0.0529475
931 0.476244 0.0455265 0.522222 0.0529475
932 0.477652 0.0455723 0.522222 0.0529475
933 0.476252 0.0454436 0.522222 0.0529475
934 0.4753 0.0454305 0.522222 0.0529475
935 0.475277 0.0453328 0.522222 0.0529475
936 0.475362 0.0453185 0.522222 0.0529475
937 0.475261 0.0452493 0.522222 0.0529475
938 0.475074 0.0452476 0.522222 0.0529475
939 0.476224 0.0452598 0.522222 0.0529475
940 0.47707 0.0452497 0.522222 0.0529475
941 0.475908 0.0451593 0.522222 0.0529475
942 0.474761 0.0451602 0.522222 0.0529475
943 0.474787 0.045174 0.522222 0.0529475
944 0.474429 0.0450698 0.522222 0.0529475
945 0.475717 0.0451046 0.522222 0.0529475
946 0.47679 0.0452531 0.522222 0.0529475
947 0.476648 0.0452336 0.522222 0.0529475
948 0.476603 0.0453652 0.522222 0.0529475
949 0.475511 0.045318 0.522222 0.0529475
950 0.476049 0.0453972 0.522222 0.0529475
951 0.477014 0.0453709 0.522222 0.0529475
952 0.476908 0.0453604 0.522222 0.0529475
953 0.476722 0.0452734 0.522222 0.0529475
954 0.477154 0.0452957 0.522222 0.0529475
955 0.477252 0.0453272 0.522222 0.0529475
956 0.476556 0.0453497 0.522222 0.0529475
957 0.47614 0.0452524 0.522222 0.0529475
958 0.476061 0.0453299 0.522222 0.0529475
959 0.476866 0.0453952 0.522222 0.0529475
960 0.476613 0.0453562 0.522222 0.0529475
961 0.476695 0.0453058 0.522222 0.0529475
962 0.476884 0.0452922 0.522222 0.0529475
963 0.477878 0.0453911 0.522222 0.0529475
964 0.477341 0.04539 0.522222 0.0529475
965 0.476819 0.0453336 0.522222 0.0529475
966 0.477613 0.0453567 0.522222 0.0529475
967 0.478408 0.0452996 0.522222 0.0529475
968 0.477789 0.0452638 0.522222 0.0529475
969 0.479031 0.0452722 0.522222 0.0529475
970 0.479398 0.0452133 0.522222 0.0529475
971 0.479782 0.0452784 0.522222 0.0529475
972 0.479043 0.0452803 0.522222 0.0529475
973 0.480019 0.0452408 0.522222 0.0529475
974 0.480152 0.0452511 0.522222 0.0529475
975 0.479938 0.0453149 0.522222 0.0529475
976 0.479766 0.0453452 0.522222 0.0529475
977 0.479295 0.0452972 0.522222 0.0529475
978 0.479337 0.0452653 0.522222 0.0529475
979 0.479301 0.0453133 0.522222 0.0529475
980 0.478857 0.045311 0.522222 0.0529475
981 0.478937 0.0453201 0.522222 0.0529475
982 0.47959 0.0453102 0.522222 0.0529475
983 0.480472 0.0452918 0.522222 0.0529475
984 0.479978 0.0453509 0.522222 0.0529475
985 0.479748 0.0452154 0.522222 0.0529475
986 0.479154 0.0452343 0.522222 0.0529475
987 0.479015 0.0452854 0.522222 0.0529475
988 0.478895 0.0452965 0.522222 0.0529475
989 0.478338 0.0452097 0.522222 0.0529475
990 0.47879 0.0451657 0.522222 0.0529475
991 0.478751 0.0452412 0.522222 0.0529475
992 0.477914 0.0452894 0.522222 0.0529475
993 0.478592 0.0452809 0.522222 0.0529475
994 0.478709 0.0453494 0.522222 0.0529475
995 0.47869 0.045281 0.522222 0.0529475
996 0.478855 0.0453302 0.522222 0.0529475
997 0.478968 0.0452767 0.522222 0.0529475
998 0.480017 0.0453097 0.522222 0.0529475
999 0.479805 0.0453688 0.522222 0.0529475
