#sample=424
0 0.00105224 1.91969e-05 1 0
1 0.0010816 1.97248e-05 1 0
2 0.00116715 2.01893e-05 1 0
3 0.00122406 2.15288e-05 1 0
4 0.00132203 2.52045e-05 1 0
5 0.0014321 2.84327e-05 1 0
6 0.00162729 3.56633e-05 1 0
7 0.00186095 4.92264e-05 1 0
8 0.00205636 5.65222e-05 1 0
9 0.00232991 6.99841e-05 1 0
10 0.00262773 8.33086e-05 1 0
11 0.00299367 0.000100918 1 0
12 0.00334005 0.00011571 1 0
13 0.00366605 0.000129768 1 0
14 0.00405364 0.000150353 1 0
15 0.00438806 0.000163119 1 0
16 0.00467054 0.000175679 1 0
17 0.00514573 0.000200502 1 0
18 0.00546539 0.000214675 1 0
19 0.00586274 0.000232054 1 0
20 0.00629348 0.000252115 1 0
21 0.00665623 0.000266045 1 0
22 0.00699795 0.000283707 1 0
23 0.00736797 0.000298196 1 0
24 0.00782117 0.00032297 1 0
25 0.0081591 0.000337821 1 0
26 0.00853194 0.000356518 1 0
27 0.0089545 0.000376603 1 0
28 0.00944926 0.000398881 1 0
29 0.00983284 0.000417817 1 0
30 0.0101393 0.000428446 1 0
31 0.0105001 0.000447817 1 0
32 0.0109162 0.000467436 1 0
33 0.011346 0.000485478 1 0
34 0.0118567 0.000507859 1 0
35 0.0122337 0.000524238 1 0
36 0.0128241 0.000551736 1 0
37 0.0132401 0.000567815 1 0
38 0.0136569 0.000587285 1 0
39 0.0140211 0.000604039 1 0
40 0.014527 0.000624061 1 0
41 0.015059 0.00066279 1 0
42 0.0153502 0.000655238 1 0
43 0.015855 0.000672483 1 0
44 0.0166004 0.000715146 1 0
45 0.0169462 0.00071182 1 0
46 0.0175828 0.000755332 1 0
47 0.0180301 0.000768304 1 0
48 0.0184333 0.000781821 1 0
49 0.0191351 0.00080051 1 0
50 0.0198202 0.000820645 1 0
51 0.0201688 0.000825008 1 0
52 0.0205768 0.000841877 1 0
53 0.0211179 0.000859106 1 0
54 0.0217337 0.000862001 1 0
55 0.0224773 0.000886773 1 0
56 0.0229473 0.000914517 1 0
57 0.0240625 0.000974105 1 0
58 0.0247457 0.000996892 1 0
59 0.0253107 0.00100745 1 0
60 0.0255502 0.000995033 1 0
61 0.0257924 0.000984561 1 0
62 0.0268549 0.00102893 1 0
63 0.0278338 0.00108003 1 0
64 0.0285369 0.00107026 1 0
65 0.0291722 0.00110772 1 0
66 0.0296834 0.00110096 1 0
67 0.0310529 0.00114378 1 0
68 0.0321257 0.00115637 1 0
69 0.0321036 0.00116171 1 0
70 0.0336406 0.00120963 1 0
71 0.0345277 0.00122025 1 0
72 0.0356093 0.00126384 1 0
73 0.0367392 0.00127407 1 0
74 0.0362825 0.00126723 1 0
75 0.0378863 0.00133036 1 0
76 0.0388845 0.00138261 1 0
77 0.0391475 0.0013069 1 0
78 0.0417191 0.00141807 1 0
79 0.0419614 0.00138205 1 0
80 0.0440223 0.00144363 1 0
81 0.0458899 0.00152348 1 0
82 0.0455271 0.00145216 1 0
83 0.0478137 0.0014845 1 0
84 0.0495296 0.00154113 1 0
85 0.0491925 0.00149638 1 0
86 0.0509445 0.00153111 1 0
87 0.051087 0.00145187 1 0
88 0.0529505 0.00161455 1 0
89 0.0532536 0.00152624 1 0
90 0.0548932 0.00162503 1 0
91 0.054099 0.00152942 1 0
92 0.0554886 0.0015684 1 0
93 0.0563712 0.00156432 1 0
94 0.057518 0.00161591 1 0
95 0.0584044 0.00166206 1 0
96 0.0605893 0.00165951 1 0
97 0.0605978 0.00165339 1 0
98 0.0607197 0.00159554 1 0
99 0.0624545 0.00172368 1 0
100 0.0617594 0.00168881 1 0
101 0.0628513 0.00170061 1 0
102 0.0642825 0.00174622 1 0
103 0.0648106 0.0017411 1 0
104 0.0665236 0.00178267 1 0
105 0.0651388 0.00169655 1 0
106 0.0681527 0.00178709 1 0
107 0.0685551 0.00169254 1 0
108 0.0687347 0.00178477 1 0
109 0.0681124 0.00179243 1 0
110 0.0689487 0.00185994 1 0
111 0.0699029 0.00183866 1 0
112 0.0710997 0.00187526 1 0
113 0.0723013 0.00193894 1 0
114 0.072068 0.001791 1 0
115 0.0741252 0.00186998 1 0
116 0.0752211 0.00186336 1 0
117 0.0743504 0.00186502 1 0
118 0.0747647 0.00183719 1 0
119 0.0759763 0.00191996 1 0
120 0.0754802 0.00185872 1 0
121 0.0754256 0.0018676 1 0
122 0.0768357 0.00188571 1 0
123 0.0772867 0.0019903 1 0
124 0.07951 0.00192755 1 0
125 0.0801414 0.00198597 1 0
126 0.0804105 0.00205145 1 0
127 0.0798564 0.00199583 1 0
128 0.0809473 0.00199024 1 0
129 0.0813516 0.00204371 1 0
130 0.0837166 0.00216685 1 0
131 0.0835604 0.0020902 1 0
132 0.0844362 0.0021576 1 0
133 0.0840575 0.00214329 1 0
134 0.0849846 0.00214148 1 0
135 0.0861917 0.00212678 1 0
136 0.0862762 0.00219388 1 0
137 0.0881847 0.00214903 1 0
138 0.0903229 0.0022121 1 0
139 0.0888231 0.00220153 1 0
140 0.0885612 0.00218588 1 0
141 0.0895293 0.00219515 1 0
142 0.0917239 0.00217576 1 0
143 0.0938869 0.00222438 1 0
144 0.0920644 0.00218674 1 0
145 0.0922255 0.00213653 1 0
146 0.0941053 0.00226384 1 0
147 0.0920507 0.00226898 1 0
148 0.0959505 0.00232678 1 0
149 0.0948648 0.00232447 1 0
150 0.0950158 0.00228864 1 0
151 0.0959274 0.00226 1 0
152 0.0983834 0.00231028 1 0
153 0.0976063 0.00225339 1 0
154 0.0965773 0.00235936 1 0
155 0.0961149 0.00239009 1 0
156 0.096914 0.00240729 1 0
157 0.0997536 0.00247139 1 0
158 0.0997446 0.00244095 1 0
159 0.100472 0.00244944 1 0
160 0.09798 0.00245092 1 0
161 0.100229 0.002468 1 0
162 0.101069 0.00253006 1 0
163 0.1025 0.00252814 1 0
164 0.10271 0.00256059 1 0
165 0.104688 0.00251635 1 0
166 0.105375 0.0024863 1 0
167 0.10707 0.00253128 1 0
168 0.107946 0.00255018 1 0
169 0.106893 0.00255382 1 0
170 0.106766 0.00251881 1 0
171 0.107558 0.00255807 1 0
172 0.108591 0.00262587 1 0
173 0.107404 0.00251852 1 0
174 0.109139 0.00259999 1 0
175 0.110297 0.00267205 1 0
176 0.11023 0.00261698 1 0
177 0.11125 0.00258975 1 0
178 0.11354 0.00266404 1 0
179 0.11314 0.00257948 1 0
180 0.113712 0.00255506 1 0
181 0.114645 0.00259548 1 0
182 0.115305 0.00266629 1 0
183 0.118291 0.00261887 1 0
184 0.116899 0.00268296 1 0
185 0.11736 0.00260453 1 0
186 0.116656 0.00268266 1 0
187 0.116625 0.00275438 1 0
188 0.118142 0.00271515 1 0
189 0.119552 0.00280491 0.997642 0.00235849
190 0.117239 0.00264931 1 0
191 0.117561 0.00266749 1 0
192 0.117346 0.00278461 1 0
193 0.119356 0.0027334 1 0
194 0.120146 0.00269819 1 0
195 0.122826 0.00279035 1 0
196 0.118931 0.00279946 1 0
197 0.123008 0.00278432 1 0
198 0.122865 0.00292966 1 0
199 0.124195 0.00292364 0.997642 0.00235849
200 0.123712 0.0030268 0.997642 0.00235849
201 0.124237 0.00300924 1 0
202 0.126485 0.0028588 1 0
203 0.125047 0.00286517 1 0
204 0.127041 0.00297086 0.997642 0.00235849
205 0.126619 0.00302635 0.995283 0.00333146
206 0.128454 0.00305306 0.997642 0.00235849
207 0.12981 0.00313156 0.997642 0.00235849
208 0.127318 0.0031126 0.997642 0.00235849
209 0.130797 0.00301322 0.997642 0.00235849
210 0.131741 0.00312129 0.997642 0.00235849
211 0.132187 0.00314913 0.997642 0.00235849
212 0.133553 0.00309824 0.997642 0.00235849
213 0.13581 0.0030999 0.997642 0.00235849
214 0.133007 0.00315532 0.995283 0.00333146
215 0.132178 0.00315021 0.995283 0.00333146
216 0.133088 0.00325233 0.995283 0.00333146
217 0.134839 0.00314588 0.995283 0.00333146
218 0.13627 0.00321089 0.995283 0.00333146
219 0.135889 0.00321494 0.995283 0.00333146
220 0.137329 0.00324735 0.992925 0.00407536
221 0.138078 0.00327347 0.990566 0.00470022
222 0.138628 0.00320421 0.997642 0.00235849
223 0.138799 0.00325054 0.995283 0.00333146
224 0.139282 0.00322188 0.992925 0.00407536
225 0.140637 0.00324779 0.988208 0.00524875
226 0.141405 0.00329586 0.990566 0.00470022
227 0.141776 0.00324115 0.995283 0.00333146
228 0.143757 0.0033115 0.988208 0.00524875
229 0.14378 0.00339364 0.988208 0.00524875
230 0.145811 0.00327886 0.988208 0.00524875
231 0.146756 0.00327362 0.988208 0.00524875
232 0.147998 0.00337763 0.988208 0.00524875
233 0.149399 0.00338469 0.990566 0.00470022
234 0.149947 0.00337487 0.983491 0.00619557
235 0.150073 0.00336367 0.990566 0.00470022
236 0.15011 0.00339752 0.990566 0.00470022
237 0.151867 0.00332392 0.992925 0.00407536
238 0.153695 0.00342721 0.992925 0.00407536
239 0.152947 0.00356645 0.990566 0.00470022
240 0.152552 0.00341055 0.992925 0.00407536
241 0.155894 0.00346498 0.995283 0.00333146
242 0.156621 0.0035824 0.992925 0.00407536
243 0.15678 0.00361705 0.983491 0.00619557
244 0.158444 0.00353852 0.985849 0.00574285
245 0.160843 0.00361678 0.983491 0.00619557
246 0.15982 0.00369936 0.981132 0.00661539
247 0.16238 0.00375977 0.974057 0.00772921
248 0.163272 0.00371262 0.974057 0.00772921
249 0.164029 0.00370776 0.976415 0.00737843
250 0.166074 0.00376494 0.974057 0.00772921
251 0.165915 0.00370084 0.974057 0.00772921
252 0.165914 0.00381687 0.966981 0.008688
253 0.166196 0.00377838 0.971698 0.00806312
254 0.165089 0.00374072 0.971698 0.00806312
255 0.166607 0.00375426 0.96934 0.00838217
256 0.168425 0.00381797 0.96934 0.00838217
257 0.169172 0.00390939 0.974057 0.00772921
258 0.171402 0.00386898 0.962264 0.00926518
259 0.170114 0.0039151 0.964623 0.00898196
260 0.1706 0.00400149 0.955189 0.0100593
261 0.172653 0.00394768 0.966981 0.008688
262 0.173282 0.00400879 0.95283 0.0103079
263 0.172586 0.0040812 0.957547 0.0098031
264 0.174727 0.00403963 0.957547 0.0098031
265 0.175131 0.00415325 0.959906 0.00953862
266 0.174726 0.0042506 0.941038 0.011453
267 0.174748 0.00417869 0.950472 0.0105494
268 0.177861 0.00416141 0.950472 0.0105494
269 0.177908 0.00435847 0.936321 0.0118725
270 0.180272 0.0043731 0.948113 0.0107842
271 0.18174 0.00437246 0.941038 0.011453
272 0.183044 0.00443022 0.936321 0.0118725
273 0.185483 0.00429391 0.938679 0.0116652
274 0.185464 0.00437395 0.945755 0.0110129
275 0.185406 0.00447581 0.936321 0.0118725
276 0.186738 0.00441508 0.938679 0.0116652
277 0.189179 0.00443355 0.936321 0.0118725
278 0.188242 0.00451179 0.924528 0.0128435
279 0.188913 0.00455198 0.929245 0.0124673
280 0.187973 0.00457547 0.931604 0.0122733
281 0.189578 0.00456173 0.924528 0.0128435
282 0.190679 0.0046285 0.924528 0.0128435
283 0.192557 0.00463455 0.92217 0.0130259
284 0.194798 0.00461616 0.919811 0.0132049
285 0.1949 0.00467133 0.924528 0.0128435
286 0.197261 0.00480822 0.912736 0.0137221
287 0.199085 0.00489831 0.900943 0.0145251
288 0.198759 0.00479769 0.903302 0.01437
289 0.202091 0.00471001 0.903302 0.01437
290 0.20194 0.00487722 0.893868 0.0149758
291 0.204306 0.00487054 0.891509 0.0151213
292 0.205627 0.00494633 0.886792 0.0154056
293 0.207197 0.0050044 0.879717 0.0158162
294 0.208818 0.00517392 0.889151 0.0152645
295 0.208501 0.00514011 0.875 0.0160801
296 0.211559 0.00524713 0.872642 0.0162092
297 0.213616 0.00528702 0.867925 0.016462
298 0.214289 0.00530418 0.867925 0.016462
299 0.216215 0.00530196 0.865566 0.0165857
300 0.218813 0.0053357 0.865566 0.0165857
301 0.219777 0.00548013 0.853774 0.0171796
302 0.222464 0.00543643 0.863208 0.0167078
303 0.224368 0.00548839 0.849057 0.0174062
304 0.227462 0.00558277 0.841981 0.0177352
305 0.229261 0.00567214 0.839623 0.017842
306 0.229476 0.00556878 0.846698 0.0175173
307 0.231344 0.00573819 0.839623 0.017842
308 0.234462 0.00579998 0.82783 0.018356
309 0.236311 0.00580235 0.813679 0.0189316
310 0.238584 0.00586912 0.813679 0.0189316
311 0.239969 0.00590335 0.816038 0.0188386
312 0.242685 0.00582884 0.820755 0.0186492
313 0.244188 0.00599708 0.804245 0.0192921
314 0.244518 0.0060219 0.804245 0.0192921
315 0.244939 0.00603037 0.808962 0.0191141
316 0.250466 0.00607529 0.790094 0.0198007
317 0.251826 0.00609549 0.787736 0.0198819
318 0.253812 0.00617056 0.792453 0.0197185
319 0.253692 0.00617177 0.783019 0.0200413
320 0.256374 0.00624749 0.785377 0.0199621
321 0.258338 0.00632676 0.778302 0.0201969
322 0.25865 0.00646764 0.778302 0.0201969
323 0.260473 0.00648947 0.778302 0.0201969
324 0.260827 0.00655226 0.768868 0.0204968
325 0.26187 0.00661876 0.768868 0.0204968
326 0.266023 0.00665088 0.757075 0.0208514
327 0.266365 0.00670757 0.757075 0.0208514
328 0.268513 0.00679474 0.75 0.0210538
329 0.271796 0.00680315 0.752358 0.0209872
330 0.273783 0.00684327 0.728774 0.0216168
331 0.276345 0.0068225 0.733491 0.0214973
332 0.27841 0.00693911 0.735849 0.0214363
333 0.28044 0.00697086 0.735849 0.0214363
334 0.28182 0.00708049 0.716981 0.0219024
335 0.28198 0.00718852 0.716981 0.0219024
336 0.284883 0.00723398 0.712264 0.0220114
337 0.285841 0.00718484 0.712264 0.0220114
338 0.288859 0.00722516 0.712264 0.0220114
339 0.291326 0.00734141 0.698113 0.0223211
340 0.293949 0.00733522 0.679245 0.022695
341 0.296754 0.00734585 0.679245 0.022695
342 0.299118 0.00745525 0.674528 0.0227817
343 0.299664 0.00750191 0.67217 0.0228241
344 0.302229 0.0075391 0.658019 0.0230648
345 0.303257 0.00760561 0.65566 0.0231027
346 0.305825 0.0076798 0.653302 0.02314
347 0.308127 0.00768237 0.650943 0.0231766
348 0.310057 0.00774687 0.643868 0.0232827
349 0.312439 0.00786236 0.634434 0.0234156
350 0.313969 0.0078263 0.634434 0.0234156
351 0.318047 0.00791582 0.627358 0.023509
352 0.31961 0.00794868 0.615566 0.0236526
353 0.32334 0.00801373 0.615566 0.0236526
354 0.326185 0.00805106 0.610849 0.0237059
355 0.327255 0.00817385 0.615566 0.0236526
356 0.329028 0.00820435 0.596698 0.0238519
357 0.332574 0.00830742 0.59434 0.0238742
358 0.334201 0.00834977 0.591981 0.0238959
359 0.336004 0.00837484 0.591981 0.0238959
360 0.337091 0.00843083 0.599057 0.023829
361 0.340541 0.00849293 0.584906 0.0239578
362 0.342077 0.00850778 0.57783 0.0240145
363 0.344841 0.00859102 0.580189 0.0239961
364 0.346309 0.0086365 0.570755 0.0240662
365 0.346679 0.00867488 0.570755 0.0240662
366 0.349434 0.00871611 0.566038 0.0240979
367 0.350453 0.00877567 0.561321 0.0241273
368 0.352735 0.00887238 0.549528 0.0241913
369 0.355405 0.0089402 0.549528 0.0241913
370 0.358263 0.0090503 0.540094 0.0242325
371 0.359088 0.00906455 0.542453 0.024223
372 0.360039 0.00909523 0.540094 0.0242325
373 0.362088 0.00906432 0.525943 0.0242781
374 0.364247 0.00907976 0.53066 0.0242651
375 0.366438 0.00912851 0.53066 0.0242651
376 0.367669 0.00914131 0.535377 0.0242499
377 0.36898 0.00921132 0.525943 0.0242781
378 0.371472 0.00927977 0.525943 0.0242781
379 0.373464 0.0093724 0.523585 0.0242838
380 0.375909 0.00937791 0.523585 0.0242838
381 0.377705 0.00941702 0.525943 0.0242781
382 0.379077 0.00942898 0.518868 0.0242935
383 0.381146 0.0095299 0.518868 0.0242935
384 0.382034 0.00958549 0.511792 0.0243041
385 0.383351 0.0096381 0.516509 0.0242976
386 0.384981 0.0096379 0.521226 0.0242889
387 0.386607 0.00965837 0.518868 0.0242935
388 0.388096 0.00971764 0.518868 0.0242935
389 0.389139 0.00977995 0.525943 0.0242781
390 0.390537 0.00981865 0.516509 0.0242976
391 0.392574 0.00982651 0.514151 0.0243011
392 0.394211 0.00988384 0.5 0.0243108
393 0.396105 0.00993237 0.502358 0.0243106
394 0.396554 0.00994512 0.504717 0.0243098
395 0.397684 0.0100061 0.495283 0.0243098
396 0.398537 0.0100307 0.502358 0.0243106
397 0.399686 0.0100528 0.5 0.0243108
398 0.401617 0.0100801 0.5 0.0243108
399 0.403389 0.0100963 0.492925 0.0243084
400 0.40523 0.0101187 0.502358 0.0243106
401 0.407951 0.0101609 0.490566 0.0243065
402 0.40887 0.0101685 0.490566 0.0243065
403 0.410014 0.0101999 0.492925 0.0243084
404 0.410976 0.0102675 0.488208 0.0243041
405 0.411246 0.0102795 0.490566 0.0243065
406 0.411401 0.0102968 0.492925 0.0243084
407 0.41372 0.0103443 0.488208 0.0243041
408 0.415139 0.0104023 0.485849 0.0243011
409 0.415862 0.0104487 0.488208 0.0243041
410 0.417598 0.01045 0.481132 0.0242935
411 0.417632 0.0104503 0.485849 0.0243011
412 0.418666 0.0104836 0.474057 0.0242781
413 0.41963 0.0105401 0.474057 0.0242781
414 0.420984 0.010587 0.483491 0.0242976
415 0.422251 0.0106455 0.481132 0.0242935
416 0.42307 0.0106517 0.481132 0.0242935
417 0.424329 0.0106625 0.476415 0.0242838
418 0.425023 0.0106568 0.471698 0.0242719
419 0.426127 0.0106955 0.474057 0.0242781
420 0.427232 0.0107374 0.474057 0.0242781
421 0.427833 0.0107447 0.46934 0.0242651
422 0.430147 0.0107795 0.466981 0.0242578
423 0.430551 0.0108078 0.464623 0.0242499
424 0.431357 0.010805 0.462264 0.0242415
425 0.431739 0.0108546 0.46934 0.0242651
426 0.432595 0.0108857 0.466981 0.0242578
427 0.43339 0.0108635 0.455189 0.024213
428 0.433255 0.0109072 0.464623 0.0242499
429 0.434323 0.010916 0.462264 0.0242415
430 0.435929 0.0109458 0.46934 0.0242651
431 0.436878 0.0109466 0.459906 0.0242325
432 0.437595 0.0109992 0.464623 0.0242499
433 0.438751 0.0110348 0.464623 0.0242499
434 0.439689 0.011066 0.471698 0.0242719
435 0.441024 0.0111016 0.464623 0.0242499
436 0.441217 0.0111021 0.464623 0.0242499
437 0.441685 0.0111123 0.462264 0.0242415
438 0.442911 0.0111448 0.462264 0.0242415
439 0.443023 0.0111572 0.462264 0.0242415
440 0.443428 0.0111832 0.462264 0.0242415
441 0.443822 0.0112 0.466981 0.0242578
442 0.445088 0.0112348 0.466981 0.0242578
443 0.444915 0.0112089 0.466981 0.0242578
444 0.446184 0.0112144 0.466981 0.0242578
445 0.446794 0.0112347 0.464623 0.0242499
446 0.447293 0.0112226 0.462264 0.0242415
447 0.447841 0.0112327 0.462264 0.0242415
448 0.44815 0.0112556 0.462264 0.0242415
449 0.448409 0.0112683 0.459906 0.0242325
450 0.449302 0.0113026 0.464623 0.0242499
451 0.449677 0.0113069 0.462264 0.0242415
452 0.450371 0.011329 0.459906 0.0242325
453 0.451625 0.0113653 0.455189 0.024213
454 0.452092 0.0114179 0.464623 0.0242499
455 0.452418 0.0114175 0.455189 0.024213
456 0.45377 0.0114262 0.45283 0.0242024
457 0.453894 0.0114383 0.457547 0.024223
458 0.454718 0.01142 0.459906 0.0242325
459 0.455137 0.011419 0.462264 0.0242415
460 0.454795 0.0114356 0.459906 0.0242325
461 0.455046 0.0114343 0.450472 0.0241913
462 0.454403 0.0114301 0.459906 0.0242325
463 0.455792 0.0114391 0.457547 0.024223
464 0.455773 0.0114391 0.459906 0.0242325
465 0.45647 0.0114631 0.455189 0.024213
466 0.456925 0.0114967 0.455189 0.024213
467 0.457659 0.0114947 0.455189 0.024213
468 0.458387 0.011486 0.457547 0.024223
469 0.459185 0.0114956 0.455189 0.024213
470 0.459544 0.0115232 0.45283 0.0242024
471 0.460127 0.0115381 0.45283 0.0242024
472 0.460848 0.0115839 0.455189 0.024213
473 0.460583 0.0116037 0.459906 0.0242325
474 0.461139 0.0116014 0.457547 0.024223
475 0.46178 0.0116119 0.457547 0.024223
476 0.461977 0.0116386 0.459906 0.0242325
477 0.462728 0.0116432 0.455189 0.024213
478 0.463784 0.0116492 0.450472 0.0241913
479 0.463998 0.0116452 0.455189 0.024213
480 0.464061 0.0116398 0.455189 0.024213
481 0.463722 0.0116238 0.455189 0.024213
482 0.464508 0.0116299 0.462264 0.0242415
483 0.466532 0.0116494 0.455189 0.024213
484 0.466563 0.0116631 0.457547 0.024223
485 0.466933 0.0116649 0.459906 0.0242325
486 0.467871 0.0116802 0.455189 0.024213
487 0.468035 0.0117149 0.466981 0.0242578
488 0.469067 0.0117176 0.457547 0.024223
489 0.469663 0.0117331 0.455189 0.024213
490 0.470278 0.011749 0.455189 0.024213
491 0.470054 0.0117699 0.457547 0.024223
492 0.469661 0.0117843 0.45283 0.0242024
493 0.470294 0.0117986 0.450472 0.0241913
494 0.47093 0.0117932 0.445755 0.0241673
495 0.471398 0.0117895 0.445755 0.0241673
496 0.471303 0.0117801 0.443396 0.0241545
497 0.471898 0.0118017 0.450472 0.0241913
498 0.4725 0.0118238 0.443396 0.0241545
499 0.472832 0.0118333 0.443396 0.0241545
500 0.473452 0.0118374 0.445755 0.0241673
501 0.473564 0.0118735 0.445755 0.0241673
502 0.474266 0.0118821 0.445755 0.0241673
503 0.475435 0.0118907 0.441038 0.0241412
504 0.475712 0.0118947 0.441038 0.0241412
505 0.47667 0.0118974 0.448113 0.0241796
506 0.476538 0.0119056 0.445755 0.0241673
507 0.477539 0.0118947 0.441038 0.0241412
508 0.477725 0.0119164 0.445755 0.0241673
509 0.477295 0.0118982 0.445755 0.0241673
510 0.4778 0.0119062 0.441038 0.0241412
511 0.47915 0.0119337 0.441038 0.0241412
512 0.478722 0.0119168 0.438679 0.0241273
513 0.478432 0.0119245 0.438679 0.0241273
514 0.478126 0.0119316 0.438679 0.0241273
515 0.478289 0.0119378 0.441038 0.0241412
516 0.477975 0.0119644 0.438679 0.0241273
517 0.477758 0.0119829 0.438679 0.0241273
518 0.478211 0.0119815 0.443396 0.0241545
519 0.478696 0.0119776 0.431604 0.0240823
520 0.479119 0.0119892 0.436321 0.0241129
521 0.479442 0.0119734 0.443396 0.0241545
522 0.479082 0.0119665 0.443396 0.0241545
523 0.48001 0.0119613 0.436321 0.0241129
524 0.480261 0.0119705 0.436321 0.0241129
525 0.48049 0.0119692 0.441038 0.0241412
526 0.481187 0.0119981 0.436321 0.0241129
527 0.481894 0.0120256 0.429245 0.0240662
528 0.482309 0.0120362 0.429245 0.0240662
529 0.482409 0.0120509 0.436321 0.0241129
530 0.482134 0.0120831 0.441038 0.0241412
531 0.482405 0.0120856 0.441038 0.0241412
532 0.483045 0.0120981 0.433962 0.0240979
533 0.483453 0.0121232 0.426887 0.0240495
534 0.483392 0.0121425 0.433962 0.0240979
535 0.482506 0.0121461 0.438679 0.0241273
536 0.483485 0.0121461 0.433962 0.0240979
537 0.483393 0.0121308 0.438679 0.0241273
538 0.483267 0.0121372 0.436321 0.0241129
539 0.483765 0.012155 0.438679 0.0241273
540 0.48377 0.012139 0.438679 0.0241273
541 0.48412 0.0121539 0.441038 0.0241412
542 0.484642 0.0121682 0.436321 0.0241129
543 0.484803 0.0121736 0.436321 0.0241129
544 0.48477 0.0121723 0.436321 0.0241129
545 0.484141 0.0121709 0.443396 0.0241545
546 0.484676 0.0121941 0.436321 0.0241129
547 0.484802 0.0122232 0.445755 0.0241673
548 0.485306 0.0122374 0.443396 0.0241545
549 0.48472 0.0122215 0.443396 0.0241545
550 0.484678 0.0122079 0.441038 0.0241412
551 0.484266 0.0121936 0.443396 0.0241545
552 0.4846 0.0122109 0.445755 0.0241673
553 0.485086 0.0121921 0.441038 0.0241412
554 0.484848 0.0121958 0.445755 0.0241673
555 0.484389 0.012184 0.441038 0.0241412
556 0.484322 0.0121967 0.441038 0.0241412
557 0.484152 0.0122176 0.441038 0.0241412
558 0.484939 0.0122069 0.443396 0.0241545
559 0.484981 0.0122232 0.445755 0.0241673
560 0.484939 0.0122325 0.443396 0.0241545
561 0.485348 0.0122536 0.436321 0.0241129
562 0.485247 0.0122226 0.438679 0.0241273
563 0.484635 0.01223 0.441038 0.0241412
564 0.484549 0.0122404 0.441038 0.0241412
565 0.484688 0.0122632 0.436321 0.0241129
566 0.484889 0.0122653 0.438679 0.0241273
567 0.485026 0.0122692 0.431604 0.0240823
568 0.484658 0.0122605 0.438679 0.0241273
569 0.485193 0.0122718 0.443396 0.0241545
570 0.485578 0.0122666 0.438679 0.0241273
571 0.485386 0.0122725 0.441038 0.0241412
572 0.484936 0.0122672 0.443396 0.0241545
573 0.485174 0.0122796 0.441038 0.0241412
574 0.485284 0.0122665 0.441038 0.0241412
575 0.485269 0.012253 0.436321 0.0241129
576 0.486039 0.0122736 0.441038 0.0241412
577 0.485942 0.0122719 0.443396 0.0241545
578 0.486388 0.0122526 0.441038 0.0241412
579 0.48656 0.0122696 0.436321 0.0241129
580 0.486523 0.0122781 0.436321 0.0241129
581 0.486696 0.0122685 0.438679 0.0241273
582 0.486007 0.0122846 0.436321 0.0241129
583 0.486097 0.0122925 0.438679 0.0241273
584 0.486078 0.0122687 0.436321 0.0241129
585 0.485898 0.0122648 0.433962 0.0240979
586 0.485448 0.0122633 0.429245 0.0240662
587 0.485235 0.0122546 0.433962 0.0240979
588 0.485237 0.0122524 0.433962 0.0240979
589 0.485523 0.0122749 0.436321 0.0241129
590 0.485762 0.0122711 0.436321 0.0241129
591 0.486122 0.0122942 0.436321 0.0241129
592 0.485551 0.0122783 0.436321 0.0241129
593 0.485622 0.0122771 0.436321 0.0241129
594 0.486169 0.0122782 0.438679 0.0241273
595 0.485907 0.0123028 0.436321 0.0241129
596 0.485599 0.0123079 0.433962 0.0240979
597 0.485627 0.0123098 0.436321 0.0241129
598 0.486146 0.0123273 0.441038 0.0241412
599 0.486545 0.0123327 0.438679 0.0241273
600 0.486923 0.0123435 0.438679 0.0241273
601 0.486609 0.012344 0.433962 0.0240979
602 0.486297 0.0123293 0.438679 0.0241273
603 0.486886 0.0123238 0.443396 0.0241545
604 0.487249 0.0123351 0.438679 0.0241273
605 0.487585 0.0123426 0.441038 0.0241412
606 0.487799 0.0123372 0.438679 0.0241273
607 0.488047 0.0123386 0.431604 0.0240823
608 0.488133 0.0123149 0.42217 0.0240145
609 0.488327 0.0122961 0.429245 0.0240662
610 0.488581 0.0122986 0.429245 0.0240662
611 0.488397 0.0122974 0.433962 0.0240979
612 0.488536 0.012315 0.436321 0.0241129
613 0.489123 0.0123159 0.433962 0.0240979
614 0.488895 0.0123138 0.429245 0.0240662
615 0.488737 0.012318 0.426887 0.0240495
616 0.489536 0.012296 0.424528 0.0240323
617 0.489239 0.0122764 0.419811 0.0239961
618 0.489246 0.0122844 0.424528 0.0240323
619 0.489829 0.0122934 0.424528 0.0240323
620 0.490146 0.0123303 0.426887 0.0240495
621 0.490269 0.012292 0.424528 0.0240323
622 0.490202 0.0123013 0.419811 0.0239961
623 0.489911 0.0123032 0.419811 0.0239961
624 0.489497 0.0122986 0.419811 0.0239961
625 0.489916 0.0122938 0.424528 0.0240323
626 0.489901 0.0123067 0.424528 0.0240323
627 0.490044 0.0123161 0.424528 0.0240323
628 0.489969 0.0123186 0.42217 0.0240145
629 0.489696 0.012313 0.429245 0.0240662
630 0.489302 0.0123219 0.424528 0.0240323
631 0.489733 0.0123198 0.424528 0.0240323
632 0.490144 0.0123129 0.42217 0.0240145
633 0.489851 0.0123083 0.42217 0.0240145
634 0.489709 0.0123141 0.42217 0.0240145
635 0.489405 0.0123014 0.424528 0.0240323
636 0.489304 0.0123024 0.424528 0.0240323
637 0.489452 0.0122934 0.42217 0.0240145
638 0.490194 0.0122876 0.417453 0.0239772
639 0.490437 0.0122852 0.426887 0.0240495
640 0.490678 0.0122802 0.429245 0.0240662
641 0.490598 0.0122688 0.431604 0.0240823
642 0.489916 0.0122681 0.424528 0.0240323
643 0.489819 0.0122538 0.419811 0.0239961
644 0.489088 0.0122697 0.417453 0.0239772
645 0.488943 0.0123004 0.426887 0.0240495
646 0.489364 0.0122917 0.431604 0.0240823
647 0.490484 0.0123065 0.426887 0.0240495
648 0.490075 0.0122983 0.429245 0.0240662
649 0.490049 0.0123202 0.429245 0.0240662
650 0.490315 0.0123501 0.436321 0.0241129
651 0.490181 0.0123538 0.433962 0.0240979
652 0.49074 0.0123659 0.433962 0.0240979
653 0.49025 0.0123574 0.436321 0.0241129
654 0.49103 0.0123557 0.433962 0.0240979
655 0.490761 0.0123567 0.436321 0.0241129
656 0.490524 0.0123713 0.431604 0.0240823
657 0.490541 0.0124043 0.436321 0.0241129
658 0.49098 0.0124055 0.438679 0.0241273
659 0.490891 0.0124208 0.445755 0.0241673
660 0.491535 0.0124307 0.441038 0.0241412
661 0.491466 0.0124162 0.443396 0.0241545
662 0.491216 0.0124148 0.441038 0.0241412
663 0.490717 0.0124363 0.438679 0.0241273
664 0.491437 0.0124131 0.443396 0.0241545
665 0.491292 0.0124306 0.438679 0.0241273
666 0.491209 0.0124458 0.438679 0.0241273
667 0.491113 0.0124487 0.438679 0.0241273
668 0.491622 0.0124436 0.436321 0.0241129
669 0.491985 0.0124304 0.433962 0.0240979
670 0.491944 0.012434 0.426887 0.0240495
671 0.492681 0.0124242 0.426887 0.0240495
672 0.492682 0.012437 0.429245 0.0240662
673 0.492193 0.0124139 0.436321 0.0241129
674 0.49256 0.0124083 0.426887 0.0240495
675 0.492089 0.0124036 0.431604 0.0240823
676 0.491277 0.0124169 0.438679 0.0241273
677 0.49145 0.0124146 0.436321 0.0241129
678 0.491565 0.0124127 0.424528 0.0240323
679 0.492077 0.0124339 0.426887 0.0240495
680 0.49213 0.0124124 0.431604 0.0240823
681 0.49122 0.0124093 0.436321 0.0241129
682 0.491147 0.0124254 0.436321 0.0241129
683 0.491069 0.0124101 0.436321 0.0241129
684 0.491781 0.0124053 0.436321 0.0241129
685 0.491536 0.0123904 0.438679 0.0241273
686 0.491878 0.0124229 0.436321 0.0241129
687 0.491667 0.0124006 0.433962 0.0240979
688 0.491669 0.012424 0.431604 0.0240823
689 0.491648 0.0124236 0.431604 0.0240823
690 0.49154 0.0124358 0.433962 0.0240979
691 0.49186 0.0124445 0.441038 0.0241412
692 0.492256 0.0124359 0.438679 0.0241273
693 0.491505 0.0124438 0.438679 0.0241273
694 0.49133 0.0124445 0.438679 0.0241273
695 0.491804 0.012453 0.433962 0.0240979
696 0.492544 0.012449 0.431604 0.0240823
697 0.492748 0.0124478 0.431604 0.0240823
698 0.492603 0.0124715 0.433962 0.0240979
699 0.491766 0.0124759 0.438679 0.0241273
700 0.491779 0.0124724 0.438679 0.0241273
701 0.491957 0.0124807 0.436321 0.0241129
702 0.491984 0.0124931 0.438679 0.0241273
703 0.492037 0.0124714 0.431604 0.0240823
704 0.491742 0.0124909 0.436321 0.0241129
705 0.491912 0.0124924 0.436321 0.0241129
706 0.491275 0.0124839 0.426887 0.0240495
707 0.491522 0.0124978 0.426887 0.0240495
708 0.491814 0.0124821 0.429245 0.0240662
709 0.492043 0.0124684 0.424528 0.0240323
710 0.492018 0.0124436 0.424528 0.0240323
711 0.491999 0.0124303 0.426887 0.0240495
712 0.492374 0.0124336 0.426887 0.0240495
713 0.492097 0.012436 0.42217 0.0240145
714 0.492085 0.0124422 0.426887 0.0240495
715 0.492028 0.0124404 0.431604 0.0240823
716 0.492475 0.012422 0.424528 0.0240323
717 0.492654 0.0124304 0.424528 0.0240323
718 0.492266 0.0124259 0.424528 0.0240323
719 0.492873 0.0124375 0.426887 0.0240495
720 0.493721 0.0124171 0.424528 0.0240323
721 0.493972 0.0124378 0.42217 0.0240145
722 0.493907 0.0124533 0.424528 0.0240323
723 0.493651 0.0124412 0.42217 0.0240145
724 0.493401 0.0124506 0.424528 0.0240323
725 0.493665 0.0124405 0.424528 0.0240323
726 0.49352 0.0124568 0.419811 0.0239961
727 0.493869 0.0124532 0.419811 0.0239961
728 0.494632 0.0124588 0.415094 0.0239578
729 0.495103 0.0124409 0.419811 0.0239961
730 0.495518 0.0124736 0.424528 0.0240323
731 0.495611 0.0124639 0.419811 0.0239961
732 0.495638 0.0124582 0.42217 0.0240145
733 0.495802 0.0124491 0.419811 0.0239961
734 0.495742 0.0124338 0.419811 0.0239961
735 0.496479 0.0124715 0.419811 0.0239961
736 0.49637 0.0124659 0.417453 0.0239772
737 0.496512 0.0124588 0.42217 0.0240145
738 0.496142 0.0124183 0.417453 0.0239772
739 0.496489 0.0124213 0.42217 0.0240145
740 0.496598 0.0124185 0.417453 0.0239772
741 0.496437 0.0124143 0.415094 0.0239578
742 0.496429 0.012415 0.410377 0.0239171
743 0.495954 0.0123933 0.415094 0.0239578
744 0.496517 0.0123831 0.415094 0.0239578
745 0.496492 0.0123912 0.40566 0.0238742
746 0.496213 0.0123888 0.417453 0.0239772
747 0.495709 0.0123977 0.412736 0.0239377
748 0.495161 0.0124167 0.415094 0.0239578
749 0.495612 0.0124049 0.415094 0.0239578
750 0.49562 0.0124145 0.412736 0.0239377
751 0.495365 0.0124275 0.415094 0.0239578
752 0.495787 0.0124074 0.415094 0.0239578
753 0.495665 0.0124101 0.415094 0.0239578
754 0.495945 0.0124135 0.415094 0.0239578
755 0.496507 0.0124072 0.419811 0.0239961
756 0.49602 0.012408 0.419811 0.0239961
757 0.495905 0.0123939 0.419811 0.0239961
758 0.496375 0.0123932 0.417453 0.0239772
759 0.496459 0.012391 0.415094 0.0239578
760 0.496399 0.0124016 0.412736 0.0239377
761 0.496549 0.0124289 0.412736 0.0239377
762 0.496729 0.0124415 0.417453 0.0239772
763 0.497271 0.0124507 0.412736 0.0239377
764 0.496344 0.0124494 0.419811 0.0239961
765 0.496223 0.012443 0.412736 0.0239377
766 0.496899 0.0124344 0.42217 0.0240145
767 0.496121 0.0124414 0.417453 0.0239772
768 0.496725 0.0124349 0.415094 0.0239578
769 0.496913 0.0124537 0.42217 0.0240145
770 0.497426 0.0124516 0.417453 0.0239772
771 0.497532 0.0124341 0.417453 0.0239772
772 0.497121 0.0124297 0.412736 0.0239377
773 0.497609 0.0124382 0.415094 0.0239578
774 0.497388 0.0124537 0.417453 0.0239772
775 0.496741 0.0124564 0.417453 0.0239772
776 0.4971 0.0124736 0.42217 0.0240145
777 0.497034 0.012481 0.417453 0.0239772
778 0.496694 0.0124674 0.417453 0.0239772
779 0.496368 0.0124762 0.415094 0.0239578
780 0.49678 0.0124808 0.419811 0.0239961
781 0.497159 0.0124548 0.417453 0.0239772
782 0.496835 0.0124513 0.42217 0.0240145
783 0.496539 0.0124404 0.417453 0.0239772
784 0.496549 0.0124446 0.426887 0.0240495
785 0.49666 0.0124541 0.424528 0.0240323
786 0.496388 0.0124483 0.431604 0.0240823
787 0.496319 0.0124564 0.431604 0.0240823
788 0.496449 0.0124584 0.429245 0.0240662
789 0.497229 0.012449 0.431604 0.0240823
790 0.497486 0.0124465 0.426887 0.0240495
791 0.497251 0.0124573 0.431604 0.0240823
792 0.497485 0.0124414 0.426887 0.0240495
793 0.497798 0.0124174 0.424528 0.0240323
794 0.497649 0.0124349 0.429245 0.0240662
795 0.498022 0.0124391 0.426887 0.0240495
796 0.498349 0.0124345 0.429245 0.0240662
797 0.498439 0.0124392 0.424528 0.0240323
798 0.498868 0.0124401 0.417453 0.0239772
799 0.498553 0.0124479 0.424528 0.0240323
800 0.498521 0.0124284 0.42217 0.0240145
801 0.499095 0.0124336 0.424528 0.0240323
802 0.498883 0.0124209 0.42217 0.0240145
803 0.498712 0.0124167 0.424528 0.0240323
804 0.498254 0.0124159 0.429245 0.0240662
805 0.49768 0.0124317 0.426887 0.0240495
806 0.498326 0.0124306 0.429245 0.0240662
807 0.498267 0.0124219 0.426887 0.0240495
808 0.498049 0.0124053 0.429245 0.0240662
809 0.49788 0.0123972 0.431604 0.0240823
810 0.498008 0.0124081 0.429245 0.0240662
811 0.497256 0.0124157 0.429245 0.0240662
812 0.497997 0.0123775 0.426887 0.0240495
813 0.497623 0.0123765 0.429245 0.0240662
814 0.49807 0.0123859 0.42217 0.0240145
815 0.49808 0.0123749 0.424528 0.0240323
816 0.498247 0.0123868 0.42217 0.0240145
817 0.497807 0.0123639 0.424528 0.0240323
818 0.497721 0.0123664 0.419811 0.0239961
819 0.497731 0.0123701 0.42217 0.0240145
820 0.498329 0.0123909 0.42217 0.0240145
821 0.497999 0.0123992 0.417453 0.0239772
822 0.498055 0.0123979 0.417453 0.0239772
823 0.497887 0.0123838 0.42217 0.0240145
824 0.498235 0.0123796 0.415094 0.0239578
825 0.498242 0.0123877 0.42217 0.0240145
826 0.497846 0.012389 0.417453 0.0239772
827 0.497635 0.0123939 0.42217 0.0240145
828 0.498157 0.0123985 0.42217 0.0240145
829 0.4983 0.0124172 0.417453 0.0239772
830 0.498739 0.0123996 0.42217 0.0240145
831 0.498997 0.0124115 0.419811 0.0239961
832 0.498213 0.0124301 0.42217 0.0240145
833 0.497788 0.0124363 0.429245 0.0240662
834 0.49746 0.0124259 0.429245 0.0240662
835 0.497885 0.0124244 0.424528 0.0240323
836 0.498016 0.0124037 0.415094 0.0239578
837 0.497922 0.0124185 0.417453 0.0239772
838 0.49828 0.0124114 0.424528 0.0240323
839 0.498038 0.0124161 0.424528 0.0240323
840 0.497966 0.0124184 0.42217 0.0240145
841 0.497532 0.0124233 0.426887 0.0240495
842 0.497466 0.0124334 0.419811 0.0239961
843 0.497556 0.0124266 0.417453 0.0239772
844 0.497704 0.0124246 0.417453 0.0239772
845 0.497456 0.0124085 0.419811 0.0239961
846 0.498156 0.0123934 0.419811 0.0239961
847 0.497573 0.0123958 0.419811 0.0239961
848 0.498092 0.0124188 0.417453 0.0239772
849 0.498346 0.0124385 0.419811 0.0239961
850 0.498164 0.0124551 0.419811 0.0239961
851 0.498329 0.012472 0.424528 0.0240323
852 0.498356 0.0124592 0.417453 0.0239772
853 0.498429 0.0124888 0.42217 0.0240145
854 0.498467 0.012485 0.417453 0.0239772
855 0.498111 0.0124762 0.417453 0.0239772
856 0.497793 0.0124839 0.417453 0.0239772
857 0.497706 0.0124706 0.415094 0.0239578
858 0.497687 0.0124784 0.42217 0.0240145
859 0.49796 0.0124607 0.426887 0.0240495
860 0.497601 0.0124686 0.426887 0.0240495
861 0.49712 0.0124479 0.424528 0.0240323
862 0.496787 0.0124385 0.426887 0.0240495
863 0.497272 0.0124479 0.429245 0.0240662
864 0.497227 0.0124555 0.424528 0.0240323
865 0.497098 0.0124712 0.424528 0.0240323
866 0.497521 0.0124753 0.426887 0.0240495
867 0.497386 0.012484 0.426887 0.0240495
868 0.497389 0.0124872 0.426887 0.0240495
869 0.497022 0.0125013 0.431604 0.0240823
870 0.497804 0.0125053 0.426887 0.0240495
871 0.497822 0.0125127 0.426887 0.0240495
872 0.497891 0.0124973 0.42217 0.0240145
873 0.497633 0.0124918 0.426887 0.0240495
874 0.497724 0.0125001 0.426887 0.0240495
875 0.497737 0.0125041 0.424528 0.0240323
876 0.497048 0.0125034 0.42217 0.0240145
877 0.496733 0.0124962 0.42217 0.0240145
878 0.497201 0.0125006 0.417453 0.0239772
879 0.497375 0.012497 0.42217 0.0240145
880 0.497063 0.0125048 0.429245 0.0240662
881 0.496206 0.0125053 0.426887 0.0240495
882 0.495546 0.0124964 0.426887 0.0240495
883 0.495171 0.0125188 0.433962 0.0240979
884 0.495778 0.0125322 0.436321 0.0241129
885 0.495485 0.012525 0.436321 0.0241129
886 0.496086 0.012521 0.436321 0.0241129
887 0.495501 0.0125138 0.431604 0.0240823
888 0.495487 0.0125238 0.429245 0.0240662
889 0.495283 0.0125288 0.429245 0.0240662
890 0.495657 0.0125134 0.429245 0.0240662
891 0.495624 0.0125122 0.431604 0.0240823
892 0.49595 0.0124949 0.426887 0.0240495
893 0.496777 0.0124783 0.419811 0.0239961
894 0.496854 0.012465 0.419811 0.0239961
895 0.496646 0.0124802 0.419811 0.0239961
896 0.497106 0.0124646 0.419811 0.0239961
897 0.497887 0.0124664 0.419811 0.0239961
898 0.498111 0.0124639 0.419811 0.0239961
899 0.499286 0.0124473 0.42217 0.0240145
900 0.499705 0.0124407 0.419811 0.0239961
901 0.49995 0.0124518 0.426887 0.0240495
902 0.4996 0.0124298 0.424528 0.0240323
903 0.499249 0.0124477 0.424528 0.0240323
904 0.499517 0.0124473 0.419811 0.0239961
905 0.499711 0.0124352 0.417453 0.0239772
906 0.500162 0.0124289 0.419811 0.0239961
907 0.500336 0.0124435 0.42217 0.0240145
908 0.49976 0.0124343 0.419811 0.0239961
909 0.500206 0.0124164 0.42217 0.0240145
910 0.499698 0.0123978 0.417453 0.0239772
911 0.499864 0.0123895 0.426887 0.0240495
912 0.499767 0.0123989 0.419811 0.0239961
913 0.500215 0.0124079 0.415094 0.0239578
914 0.500662 0.01242 0.417453 0.0239772
915 0.500779 0.0124416 0.415094 0.0239578
916 0.500556 0.0124458 0.419811 0.0239961
917 0.50035 0.0124599 0.419811 0.0239961
918 0.499937 0.0124755 0.42217 0.0240145
919 0.500779 0.0124663 0.419811 0.0239961
920 0.500433 0.0124711 0.424528 0.0240323
921 0.500074 0.0124644 0.419811 0.0239961
922 0.500372 0.0124419 0.42217 0.0240145
923 0.500042 0.0124445 0.424528 0.0240323
924 0.49933 0.0124302 0.417453 0.0239772
925 0.499464 0.0124429 0.417453 0.0239772
926 0.499302 0.0124427 0.426887 0.0240495
927 0.498908 0.0124509 0.429245 0.0240662
928 0.498834 0.0124619 0.429245 0.0240662
929 0.499079 0.0124873 0.431604 0.0240823
930 0.498833 0.0124856 0.429245 0.0240662
931 0.498929 0.0124897 0.424528 0.0240323
932 0.499193 0.0124692 0.426887 0.0240495
933 0.49943 0.0124811 0.429245 0.0240662
934 0.499284 0.0124641 0.429245 0.0240662
935 0.499612 0.0124915 0.426887 0.0240495
936 0.499351 0.0124595 0.424528 0.0240323
937 0.499612 0.0124682 0.426887 0.0240495
938 0.499355 0.0124696 0.419811 0.0239961
939 0.499761 0.0124523 0.412736 0.0239377
940 0.499892 0.0124495 0.412736 0.0239377
941 0.499498 0.0124595 0.419811 0.0239961
942 0.499257 0.0124639 0.419811 0.0239961
943 0.499279 0.0124537 0.412736 0.0239377
944 0.49982 0.0124631 0.417453 0.0239772
945 0.500479 0.0124489 0.412736 0.0239377
946 0.500558 0.0124537 0.417453 0.0239772
947 0.500064 0.0124518 0.417453 0.0239772
948 0.500963 0.0124478 0.419811 0.0239961
949 0.500735 0.0124442 0.426887 0.0240495
950 0.500312 0.0124626 0.42217 0.0240145
951 0.500591 0.0124751 0.426887 0.0240495
952 0.500462 0.0124855 0.42217 0.0240145
953 0.500234 0.0124896 0.429245 0.0240662
954 0.50071 0.0124923 0.431604 0.0240823
955 0.501889 0.0124742 0.431604 0.0240823
956 0.5017 0.0124721 0.424528 0.0240323
957 0.501434 0.0124667 0.417453 0.0239772
958 0.500981 0.012483 0.415094 0.0239578
959 0.500872 0.0125003 0.419811 0.0239961
960 0.50109 0.012527 0.424528 0.0240323
961 0.501334 0.0124936 0.424528 0.0240323
962 0.500614 0.0125008 0.426887 0.0240495
963 0.500583 0.0125226 0.426887 0.0240495
964 0.499506 0.0125102 0.426887 0.0240495
965 0.499173 0.0125044 0.424528 0.0240323
966 0.499721 0.0125152 0.42217 0.0240145
967 0.499261 0.0125272 0.424528 0.0240323
968 0.498865 0.0125398 0.424528 0.0240323
969 0.499459 0.0125543 0.426887 0.0240495
970 0.499817 0.0125573 0.42217 0.0240145
971 0.499478 0.0125525 0.424528 0.0240323
972 0.499242 0.0125503 0.42217 0.0240145
973 0.499469 0.0125349 0.426887 0.0240495
974 0.499607 0.0125466 0.424528 0.0240323
975 0.499722 0.0125252 0.426887 0.0240495
976 0.499445 0.0125346 0.42217 0.0240145
977 0.498555 0.0125503 0.417453 0.0239772
978 0.498993 0.0125412 0.412736 0.0239377
979 0.498866 0.0125248 0.410377 0.0239171
980 0.499241 0.0125215 0.40566 0.0238742
981 0.498513 0.0125177 0.40566 0.0238742
982 0.497977 0.0125359 0.408019 0.0238959
983 0.497795 0.0125158 0.408019 0.0238959
984 0.497644 0.0124954 0.408019 0.0238959
985 0.496763 0.0124918 0.417453 0.0239772
986 0.497569 0.0125074 0.412736 0.0239377
987 0.497048 0.0125151 0.415094 0.0239578
988 0.497164 0.0125226 0.419811 0.0239961
989 0.497023 0.0125227 0.412736 0.0239377
990 0.496261 0.01249 0.415094 0.0239578
991 0.495852 0.0124684 0.417453 0.0239772
992 0.495848 0.0124951 0.419811 0.0239961
993 0.495426 0.0124963 0.424528 0.0240323
994 0.495028 0.0124885 0.424528 0.0240323
995 0.495326 0.0124612 0.417453 0.0239772
996 0.495757 0.0124677 0.415094 0.0239578
997 0.495471 0.0124982 0.424528 0.0240323
998 0.495855 0.0125118 0.426887 0.0240495
999 0.496217 0.0124788 0.419811 0.0239961
1000 0.496453 0.0124878 0.419811 0.0239961
1001 0.496925 0.0124802 0.42217 0.0240145
1002 0.496868 0.0124969 0.419811 0.0239961
1003 0.497169 0.0124971 0.419811 0.0239961
1004 0.496395 0.0124914 0.42217 0.0240145
1005 0.496126 0.012461 0.415094 0.0239578
1006 0.496437 0.0124689 0.415094 0.0239578
1007 0.496283 0.0124759 0.412736 0.0239377
1008 0.496004 0.0124768 0.410377 0.0239171
1009 0.495678 0.0124757 0.417453 0.0239772
1010 0.496045 0.0124586 0.415094 0.0239578
1011 0.495635 0.0124744 0.412736 0.0239377
1012 0.495616 0.0124446 0.412736 0.0239377
1013 0.495672 0.0124626 0.415094 0.0239578
1014 0.496104 0.012481 0.417453 0.0239772
1015 0.495936 0.0124615 0.410377 0.0239171
1016 0.495744 0.012464 0.410377 0.0239171
1017 0.495048 0.0124348 0.408019 0.0238959
1018 0.494445 0.0124427 0.42217 0.0240145
1019 0.495024 0.0124398 0.415094 0.0239578
1020 0.495544 0.012453 0.419811 0.0239961
1021 0.496151 0.0124565 0.415094 0.0239578
1022 0.495642 0.012443 0.417453 0.0239772
1023 0.496485 0.0124424 0.42217 0.0240145
1024 0.496453 0.0124455 0.419811 0.0239961
1025 0.496295 0.012461 0.42217 0.0240145
1026 0.496319 0.0124688 0.424528 0.0240323
1027 0.4965 0.0124581 0.415094 0.0239578
1028 0.49659 0.0124838 0.426887 0.0240495
1029 0.495728 0.0124714 0.419811 0.0239961
1030 0.495948 0.0124498 0.42217 0.0240145
1031 0.496027 0.0124613 0.424528 0.0240323
1032 0.496408 0.0124553 0.424528 0.0240323
1033 0.496041 0.0124478 0.424528 0.0240323
1034 0.495946 0.0124607 0.424528 0.0240323
1035 0.495873 0.0124556 0.419811 0.0239961
1036 0.495725 0.0124377 0.417453 0.0239772
1037 0.495791 0.0124598 0.42217 0.0240145
1038 0.496131 0.0124446 0.424528 0.0240323
1039 0.496282 0.0124571 0.42217 0.0240145
1040 0.496624 0.0124527 0.415094 0.0239578
1041 0.496661 0.012464 0.415094 0.0239578
1042 0.496823 0.0124451 0.417453 0.0239772
1043 0.496325 0.0124382 0.419811 0.0239961
1044 0.496537 0.0124172 0.42217 0.0240145
1045 0.496286 0.0124519 0.42217 0.0240145
1046 0.496111 0.0124105 0.424528 0.0240323
1047 0.496659 0.0124442 0.42217 0.0240145
1048 0.496083 0.0124565 0.42217 0.0240145
1049 0.495599 0.0124497 0.426887 0.0240495
1050 0.495554 0.0124412 0.42217 0.0240145
1051 0.495464 0.0124568 0.42217 0.0240145
1052 0.495399 0.0124468 0.429245 0.0240662
1053 0.495637 0.0124299 0.419811 0.0239961
1054 0.495249 0.0124279 0.419811 0.0239961
1055 0.495504 0.0124084 0.426887 0.0240495
1056 0.495274 0.0124002 0.426887 0.0240495
1057 0.49526 0.0124078 0.424528 0.0240323
1058 0.495149 0.0124065 0.42217 0.0240145
1059 0.494871 0.012408 0.42217 0.0240145
1060 0.495191 0.012382 0.419811 0.0239961
1061 0.495399 0.012401 0.419811 0.0239961
1062 0.495553 0.0123972 0.426887 0.0240495
1063 0.495831 0.0124125 0.424528 0.0240323
1064 0.496177 0.0124151 0.424528 0.0240323
1065 0.495985 0.0124158 0.429245 0.0240662
1066 0.496946 0.0123836 0.42217 0.0240145
1067 0.496745 0.0123925 0.419811 0.0239961
1068 0.49747 0.0123861 0.410377 0.0239171
1069 0.497344 0.012373 0.419811 0.0239961
1070 0.497535 0.0123725 0.42217 0.0240145
1071 0.497508 0.0123599 0.419811 0.0239961
1072 0.497271 0.0123528 0.426887 0.0240495
1073 0.497537 0.0123919 0.424528 0.0240323
1074 0.497809 0.0123749 0.424528 0.0240323
1075 0.497331 0.0123692 0.419811 0.0239961
1076 0.497565 0.0123772 0.426887 0.0240495
1077 0.498099 0.0123895 0.417453 0.0239772
1078 0.498281 0.0123882 0.429245 0.0240662
1079 0.498233 0.0124093 0.419811 0.0239961
1080 0.49847 0.0124236 0.429245 0.0240662
1081 0.497836 0.012402 0.426887 0.0240495
1082 0.497982 0.0124053 0.426887 0.0240495
1083 0.498069 0.0124024 0.433962 0.0240979
1084 0.498046 0.012379 0.429245 0.0240662
1085 0.497597 0.0124085 0.426887 0.0240495
1086 0.497336 0.0124131 0.429245 0.0240662
1087 0.497604 0.0123955 0.426887 0.0240495
1088 0.497796 0.0124256 0.42217 0.0240145
1089 0.498358 0.0124324 0.419811 0.0239961
1090 0.498107 0.0124382 0.415094 0.0239578
1091 0.498424 0.0124013 0.415094 0.0239578
1092 0.498158 0.0124024 0.42217 0.0240145
1093 0.498333 0.0124063 0.417453 0.0239772
1094 0.498532 0.0124187 0.42217 0.0240145
1095 0.497516 0.012427 0.42217 0.0240145
1096 0.497655 0.0124236 0.42217 0.0240145
1097 0.498072 0.012443 0.419811 0.0239961
1098 0.497918 0.0124447 0.424528 0.0240323
1099 0.498036 0.0124505 0.42217 0.0240145
1100 0.497936 0.0124591 0.419811 0.0239961
1101 0.497979 0.012455 0.42217 0.0240145
1102 0.497718 0.0124359 0.42217 0.0240145
1103 0.498003 0.0124233 0.415094 0.0239578
1104 0.498254 0.0124151 0.42217 0.0240145
1105 0.498461 0.0123977 0.415094 0.0239578
1106 0.49852 0.0124051 0.426887 0.0240495
1107 0.498438 0.012417 0.431604 0.0240823
1108 0.498297 0.0124388 0.431604 0.0240823
1109 0.497964 0.0124062 0.429245 0.0240662
1110 0.497943 0.0123956 0.429245 0.0240662
1111 0.497453 0.0123867 0.429245 0.0240662
1112 0.497885 0.012392 0.426887 0.0240495
1113 0.498015 0.0124212 0.433962 0.0240979
1114 0.498492 0.0124108 0.426887 0.0240495
1115 0.498696 0.0124127 0.424528 0.0240323
1116 0.498484 0.0124116 0.424528 0.0240323
1117 0.498893 0.0124172 0.431604 0.0240823
1118 0.498972 0.0123965 0.42217 0.0240145
1119 0.498801 0.0123899 0.419811 0.0239961
1120 0.498599 0.0123986 0.42217 0.0240145
1121 0.498362 0.0124098 0.419811 0.0239961
1122 0.498343 0.0123858 0.419811 0.0239961
1123 0.498553 0.0123789 0.424528 0.0240323
1124 0.498293 0.0123756 0.42217 0.0240145
1125 0.49843 0.0123667 0.42217 0.0240145
1126 0.498707 0.0123906 0.424528 0.0240323
1127 0.498525 0.0123775 0.42217 0.0240145
1128 0.498571 0.0123733 0.42217 0.0240145
1129 0.49867 0.0123898 0.424528 0.0240323
1130 0.49819 0.012372 0.417453 0.0239772
1131 0.497715 0.012372 0.419811 0.0239961
1132 0.497752 0.0123959 0.417453 0.0239772
1133 0.498155 0.0123818 0.417453 0.0239772
1134 0.498171 0.0123862 0.424528 0.0240323
1135 0.498076 0.0123902 0.429245 0.0240662
1136 0.497943 0.0123954 0.431604 0.0240823
1137 0.497768 0.0124061 0.436321 0.0241129
1138 0.498056 0.0124033 0.433962 0.0240979
1139 0.498234 0.0124262 0.426887 0.0240495
1140 0.497948 0.0124441 0.431604 0.0240823
1141 0.498088 0.012454 0.433962 0.0240979
1142 0.497555 0.012444 0.433962 0.0240979
1143 0.498194 0.0124259 0.433962 0.0240979
1144 0.498452 0.0124309 0.433962 0.0240979
1145 0.498396 0.0124274 0.429245 0.0240662
1146 0.498263 0.0123959 0.431604 0.0240823
1147 0.498191 0.0124077 0.436321 0.0241129
1148 0.498119 0.012407 0.436321 0.0241129
1149 0.497415 0.0123942 0.436321 0.0241129
1150 0.497266 0.0123908 0.429245 0.0240662
1151 0.497348 0.012416 0.426887 0.0240495
1152 0.497572 0.0124268 0.429245 0.0240662
1153 0.497201 0.012448 0.436321 0.0241129
1154 0.497089 0.0124479 0.433962 0.0240979
1155 0.496725 0.0124455 0.426887 0.0240495
1156 0.495999 0.0124231 0.429245 0.0240662
1157 0.495784 0.0124097 0.438679 0.0241273
1158 0.496256 0.0124389 0.436321 0.0241129
1159 0.496338 0.0124564 0.433962 0.0240979
1160 0.496297 0.012462 0.429245 0.0240662
1161 0.496088 0.012459 0.429245 0.0240662
1162 0.495978 0.0124536 0.431604 0.0240823
1163 0.496105 0.0124412 0.42217 0.0240145
1164 0.496228 0.01244 0.417453 0.0239772
1165 0.495861 0.0124397 0.424528 0.0240323
1166 0.495885 0.0124475 0.429245 0.0240662
1167 0.496052 0.0124581 0.429245 0.0240662
1168 0.495653 0.0124806 0.429245 0.0240662
1169 0.495394 0.0124671 0.433962 0.0240979
1170 0.494916 0.012479 0.436321 0.0241129
1171 0.495188 0.0124664 0.433962 0.0240979
1172 0.494526 0.0124832 0.431604 0.0240823
1173 0.495102 0.0124891 0.431604 0.0240823
1174 0.495213 0.0124782 0.433962 0.0240979
1175 0.4945 0.012468 0.443396 0.0241545
1176 0.494398 0.0124753 0.433962 0.0240979
1177 0.493973 0.0124766 0.433962 0.0240979
1178 0.493565 0.0125012 0.429245 0.0240662
1179 0.493588 0.0125097 0.431604 0.0240823
1180 0.493942 0.0125039 0.438679 0.0241273
1181 0.49449 0.0125031 0.433962 0.0240979
1182 0.495167 0.0125132 0.431604 0.0240823
1183 0.494918 0.0125237 0.433962 0.0240979
1184 0.494564 0.0124973 0.438679 0.0241273
1185 0.494232 0.0125053 0.443396 0.0241545
1186 0.494671 0.012498 0.436321 0.0241129
1187 0.494344 0.0124917 0.438679 0.0241273
1188 0.494543 0.0124688 0.436321 0.0241129
1189 0.494159 0.0124822 0.438679 0.0241273
1190 0.49414 0.0124863 0.441038 0.0241412
1191 0.49377 0.0124876 0.450472 0.0241913
1192 0.494029 0.0125014 0.443396 0.0241545
1193 0.493473 0.0125153 0.438679 0.0241273
1194 0.493079 0.012501 0.445755 0.0241673
1195 0.492892 0.0124952 0.441038 0.0241412
1196 0.492878 0.012498 0.445755 0.0241673
1197 0.49325 0.0124927 0.443396 0.0241545
1198 0.493218 0.0124951 0.438679 0.0241273
1199 0.492992 0.0124713 0.450472 0.0241913
1200 0.493026 0.0124652 0.443396 0.0241545
1201 0.492869 0.0124669 0.445755 0.0241673
1202 0.4931 0.0124354 0.441038 0.0241412
1203 0.493423 0.0124284 0.436321 0.0241129
1204 0.493114 0.0124015 0.433962 0.0240979
1205 0.493405 0.0124298 0.438679 0.0241273
1206 0.492692 0.0124244 0.443396 0.0241545
1207 0.492891 0.0124386 0.441038 0.0241412
1208 0.493116 0.0124377 0.441038 0.0241412
1209 0.494387 0.012409 0.436321 0.0241129
1210 0.494115 0.0124216 0.438679 0.0241273
1211 0.493839 0.0124274 0.443396 0.0241545
1212 0.494008 0.0124124 0.433962 0.0240979
1213 0.494241 0.0123783 0.431604 0.0240823
1214 0.494172 0.0124008 0.431604 0.0240823
1215 0.494528 0.0124361 0.431604 0.0240823
1216 0.494119 0.0124282 0.436321 0.0241129
1217 0.493863 0.0124381 0.443396 0.0241545
1218 0.494321 0.0124089 0.441038 0.0241412
1219 0.494001 0.0124153 0.438679 0.0241273
1220 0.493724 0.0123954 0.441038 0.0241412
1221 0.49345 0.0123942 0.441038 0.0241412
1222 0.493674 0.0123732 0.438679 0.0241273
1223 0.493712 0.0123858 0.429245 0.0240662
1224 0.49351 0.0123986 0.431604 0.0240823
1225 0.493265 0.0123912 0.424528 0.0240323
1226 0.493018 0.0123896 0.429245 0.0240662
1227 0.493274 0.012385 0.431604 0.0240823
1228 0.493918 0.0123742 0.429245 0.0240662
1229 0.493722 0.0123518 0.424528 0.0240323
1230 0.493681 0.0123437 0.426887 0.0240495
1231 0.493534 0.0123637 0.424528 0.0240323
1232 0.493239 0.0123597 0.431604 0.0240823
1233 0.493457 0.0123611 0.424528 0.0240323
1234 0.493288 0.012399 0.424528 0.0240323
1235 0.492915 0.0124007 0.424528 0.0240323
1236 0.493393 0.0124055 0.424528 0.0240323
1237 0.493669 0.0124114 0.419811 0.0239961
1238 0.493563 0.012442 0.417453 0.0239772
1239 0.493069 0.0124378 0.42217 0.0240145
1240 0.492864 0.0124282 0.426887 0.0240495
1241 0.492709 0.0124255 0.424528 0.0240323
1242 0.492536 0.012435 0.424528 0.0240323
1243 0.493002 0.0124653 0.426887 0.0240495
1244 0.492862 0.0124657 0.429245 0.0240662
1245 0.493276 0.01246 0.426887 0.0240495
1246 0.49341 0.0124397 0.42217 0.0240145
1247 0.493386 0.0124296 0.424528 0.0240323
1248 0.493066 0.0124543 0.42217 0.0240145
1249 0.492984 0.0124434 0.426887 0.0240495
1250 0.492617 0.0124232 0.424528 0.0240323
1251 0.492826 0.012416 0.424528 0.0240323
1252 0.492507 0.0124422 0.426887 0.0240495
1253 0.493348 0.0124239 0.429245 0.0240662
1254 0.493259 0.0124337 0.424528 0.0240323
1255 0.493068 0.0124468 0.429245 0.0240662
1256 0.493192 0.0124446 0.429245 0.0240662
1257 0.492865 0.0124586 0.426887 0.0240495
1258 0.492534 0.0124632 0.433962 0.0240979
1259 0.492965 0.0124569 0.429245 0.0240662
1260 0.493252 0.0124624 0.419811 0.0239961
1261 0.493083 0.0124488 0.426887 0.0240495
1262 0.49286 0.0124712 0.436321 0.0241129
1263 0.492889 0.0124722 0.436321 0.0241129
1264 0.492253 0.0124712 0.431604 0.0240823
1265 0.492304 0.0124809 0.438679 0.0241273
1266 0.492632 0.0124616 0.431604 0.0240823
1267 0.492563 0.0124433 0.429245 0.0240662
1268 0.49255 0.0124442 0.431604 0.0240823
1269 0.492704 0.0124139 0.429245 0.0240662
1270 0.492525 0.0124056 0.436321 0.0241129
1271 0.492239 0.0124043 0.433962 0.0240979
1272 0.492873 0.0123946 0.426887 0.0240495
1273 0.492268 0.0123828 0.436321 0.0241129
1274 0.492212 0.0124175 0.438679 0.0241273
1275 0.492627 0.0123973 0.431604 0.0240823
1276 0.493328 0.012394 0.433962 0.0240979
1277 0.49365 0.0124114 0.433962 0.0240979
1278 0.493935 0.0123961 0.433962 0.0240979
1279 0.494246 0.0124024 0.433962 0.0240979
1280 0.494003 0.0123955 0.436321 0.0241129
1281 0.493927 0.0124068 0.436321 0.0241129
1282 0.493938 0.0123973 0.429245 0.0240662
1283 0.493759 0.0123994 0.429245 0.0240662
1284 0.493689 0.0123854 0.429245 0.0240662
1285 0.494798 0.0123913 0.429245 0.0240662
1286 0.494077 0.0123884 0.426887 0.0240495
1287 0.493727 0.0124119 0.431604 0.0240823
1288 0.493739 0.0123828 0.429245 0.0240662
1289 0.494082 0.0123765 0.42217 0.0240145
1290 0.493954 0.0123698 0.424528 0.0240323
1291 0.494408 0.012378 0.431604 0.0240823
1292 0.494004 0.012409 0.431604 0.0240823
1293 0.494401 0.0124047 0.436321 0.0241129
1294 0.495243 0.0123988 0.429245 0.0240662
1295 0.495093 0.0124124 0.426887 0.0240495
1296 0.494898 0.0124172 0.419811 0.0239961
1297 0.495082 0.0124239 0.433962 0.0240979
1298 0.495226 0.0124292 0.429245 0.0240662
1299 0.495557 0.012437 0.429245 0.0240662
1300 0.494945 0.0124334 0.426887 0.0240495
1301 0.494715 0.0124463 0.426887 0.0240495
1302 0.494841 0.0124634 0.42217 0.0240145
1303 0.495129 0.012467 0.433962 0.0240979
1304 0.495366 0.0124709 0.419811 0.0239961
1305 0.494715 0.0124793 0.426887 0.0240495
1306 0.494435 0.0124719 0.441038 0.0241412
1307 0.494657 0.0124851 0.436321 0.0241129
1308 0.494736 0.012461 0.431604 0.0240823
1309 0.494938 0.0124576 0.433962 0.0240979
1310 0.49476 0.0124562 0.431604 0.0240823
1311 0.49433 0.0124478 0.431604 0.0240823
1312 0.494494 0.0124331 0.429245 0.0240662
1313 0.494756 0.0124282 0.424528 0.0240323
1314 0.494601 0.0124209 0.426887 0.0240495
1315 0.495299 0.0124231 0.429245 0.0240662
1316 0.495454 0.0124383 0.433962 0.0240979
1317 0.495748 0.0124233 0.429245 0.0240662
1318 0.495436 0.0124158 0.433962 0.0240979
1319 0.495547 0.012426 0.426887 0.0240495
1320 0.495704 0.0124247 0.433962 0.0240979
1321 0.495398 0.0124221 0.431604 0.0240823
1322 0.495397 0.012418 0.429245 0.0240662
1323 0.495092 0.012417 0.424528 0.0240323
1324 0.495191 0.012413 0.429245 0.0240662
1325 0.49526 0.0124618 0.429245 0.0240662
1326 0.49568 0.0124359 0.431604 0.0240823
1327 0.496032 0.0124275 0.433962 0.0240979
1328 0.496566 0.0124179 0.429245 0.0240662
1329 0.496539 0.0124424 0.438679 0.0241273
1330 0.496493 0.0124441 0.429245 0.0240662
1331 0.496233 0.0124377 0.433962 0.0240979
1332 0.496022 0.0124275 0.436321 0.0241129
1333 0.495921 0.0124251 0.436321 0.0241129
1334 0.49601 0.0124095 0.438679 0.0241273
1335 0.495262 0.0124191 0.436321 0.0241129
1336 0.495135 0.0124001 0.433962 0.0240979
1337 0.495529 0.0124045 0.431604 0.0240823
1338 0.495371 0.0124436 0.426887 0.0240495
1339 0.494658 0.0124305 0.426887 0.0240495
1340 0.494803 0.0124363 0.426887 0.0240495
1341 0.494965 0.0124148 0.429245 0.0240662
1342 0.494953 0.012427 0.426887 0.0240495
1343 0.494743 0.0124192 0.42217 0.0240145
1344 0.494589 0.0123961 0.426887 0.0240495
1345 0.494421 0.0124057 0.431604 0.0240823
1346 0.494564 0.0124093 0.429245 0.0240662
1347 0.494159 0.0124055 0.433962 0.0240979
1348 0.49448 0.0123992 0.431604 0.0240823
1349 0.495018 0.0124168 0.431604 0.0240823
1350 0.495144 0.012407 0.426887 0.0240495
1351 0.495316 0.0124048 0.424528 0.0240323
1352 0.495151 0.0124083 0.42217 0.0240145
1353 0.494581 0.0124002 0.42217 0.0240145
1354 0.494591 0.0123916 0.42217 0.0240145
1355 0.494185 0.0123957 0.42217 0.0240145
1356 0.49439 0.0124173 0.426887 0.0240495
1357 0.49449 0.0123901 0.426887 0.0240495
1358 0.495158 0.0123798 0.424528 0.0240323
1359 0.494808 0.0123912 0.429245 0.0240662
1360 0.494476 0.0123865 0.431604 0.0240823
1361 0.494771 0.0123967 0.433962 0.0240979
1362 0.494581 0.0123837 0.433962 0.0240979
1363 0.494532 0.0123892 0.431604 0.0240823
1364 0.494828 0.0123875 0.426887 0.0240495
1365 0.49454 0.0123629 0.436321 0.0241129
1366 0.494607 0.0123751 0.438679 0.0241273
1367 0.494003 0.0123787 0.436321 0.0241129
1368 0.494028 0.0123949 0.429245 0.0240662
1369 0.494082 0.0123811 0.433962 0.0240979
1370 0.49358 0.0123865 0.438679 0.0241273
1371 0.493683 0.0123712 0.438679 0.0241273
1372 0.493562 0.0123633 0.431604 0.0240823
1373 0.493954 0.0123529 0.429245 0.0240662
1374 0.494774 0.0123699 0.429245 0.0240662
1375 0.494358 0.0123615 0.429245 0.0240662
1376 0.494713 0.012371 0.429245 0.0240662
1377 0.494613 0.0123805 0.426887 0.0240495
1378 0.494471 0.0123623 0.426887 0.0240495
1379 0.493585 0.0123688 0.429245 0.0240662
1380 0.494183 0.0123815 0.426887 0.0240495
1381 0.493626 0.0123684 0.424528 0.0240323
1382 0.494091 0.0123813 0.42217 0.0240145
1383 0.494067 0.0123627 0.42217 0.0240145
1384 0.494603 0.012362 0.426887 0.0240495
1385 0.49505 0.0123429 0.424528 0.0240323
1386 0.49449 0.0123277 0.42217 0.0240145
1387 0.494244 0.0123422 0.424528 0.0240323
1388 0.494245 0.0123474 0.424528 0.0240323
1389 0.494263 0.0123607 0.429245 0.0240662
1390 0.494108 0.012355 0.424528 0.0240323
1391 0.493539 0.012363 0.424528 0.0240323
1392 0.494004 0.0123522 0.42217 0.0240145
1393 0.493703 0.0123418 0.424528 0.0240323
1394 0.494367 0.0123443 0.424528 0.0240323
1395 0.493968 0.0123598 0.426887 0.0240495
1396 0.493702 0.0123573 0.429245 0.0240662
1397 0.492711 0.0123482 0.431604 0.0240823
1398 0.493396 0.0123422 0.431604 0.0240823
1399 0.49371 0.0123551 0.431604 0.0240823
1400 0.493061 0.0123513 0.433962 0.0240979
1401 0.493383 0.012381 0.429245 0.0240662
1402 0.493278 0.0123858 0.431604 0.0240823
1403 0.49361 0.0123899 0.431604 0.0240823
1404 0.492921 0.0124131 0.431604 0.0240823
1405 0.492381 0.0124033 0.433962 0.0240979
1406 0.492768 0.012407 0.433962 0.0240979
1407 0.492474 0.0124091 0.429245 0.0240662
1408 0.49239 0.012413 0.429245 0.0240662
1409 0.492948 0.0123775 0.431604 0.0240823
1410 0.493496 0.012383 0.429245 0.0240662
1411 0.493478 0.0123748 0.429245 0.0240662
1412 0.494059 0.0123957 0.419811 0.0239961
1413 0.494159 0.0123895 0.424528 0.0240323
1414 0.494165 0.0123833 0.419811 0.0239961
1415 0.494545 0.0123888 0.424528 0.0240323
1416 0.494082 0.0123783 0.429245 0.0240662
1417 0.493573 0.0123906 0.433962 0.0240979
1418 0.493563 0.0123798 0.431604 0.0240823
1419 0.493608 0.0123867 0.429245 0.0240662
1420 0.493543 0.0123993 0.426887 0.0240495
1421 0.493567 0.0123997 0.426887 0.0240495
1422 0.493624 0.0123812 0.426887 0.0240495
1423 0.493308 0.0123956 0.426887 0.0240495
1424 0.493901 0.0124025 0.424528 0.0240323
1425 0.494088 0.0124202 0.424528 0.0240323
1426 0.494234 0.0124321 0.424528 0.0240323
1427 0.493944 0.0124369 0.426887 0.0240495
1428 0.494264 0.0124198 0.419811 0.0239961
1429 0.494161 0.0124198 0.426887 0.0240495
1430 0.493971 0.0124197 0.419811 0.0239961
1431 0.494231 0.0124224 0.419811 0.0239961
1432 0.493676 0.0124107 0.42217 0.0240145
1433 0.493745 0.0124092 0.419811 0.0239961
1434 0.494002 0.0124299 0.412736 0.0239377
1435 0.494421 0.0124377 0.415094 0.0239578
1436 0.494545 0.0124426 0.415094 0.0239578
1437 0.494322 0.0124721 0.419811 0.0239961
1438 0.493598 0.0124292 0.42217 0.0240145
1439 0.493756 0.0124282 0.42217 0.0240145
1440 0.494535 0.0124261 0.419811 0.0239961
1441 0.493762 0.0124373 0.417453 0.0239772
1442 0.493482 0.0124435 0.42217 0.0240145
1443 0.49392 0.0124407 0.419811 0.0239961
1444 0.494025 0.0124512 0.431604 0.0240823
1445 0.493943 0.0124614 0.42217 0.0240145
1446 0.493313 0.012467 0.424528 0.0240323
1447 0.49278 0.0124807 0.424528 0.0240323
1448 0.492637 0.0124826 0.424528 0.0240323
1449 0.492896 0.0124904 0.426887 0.0240495
1450 0.492475 0.012468 0.429245 0.0240662
1451 0.492303 0.0124833 0.429245 0.0240662
1452 0.492786 0.0124865 0.431604 0.0240823
1453 0.492226 0.0124981 0.433962 0.0240979
1454 0.491681 0.012492 0.436321 0.0241129
1455 0.491769 0.0125176 0.438679 0.0241273
1456 0.492657 0.0125036 0.429245 0.0240662
1457 0.49304 0.0125226 0.431604 0.0240823
1458 0.493133 0.0125137 0.429245 0.0240662
1459 0.493016 0.012518 0.431604 0.0240823
1460 0.493305 0.0124949 0.429245 0.0240662
1461 0.493689 0.0124775 0.426887 0.0240495
1462 0.493921 0.0124471 0.431604 0.0240823
1463 0.494178 0.0124352 0.438679 0.0241273
1464 0.494949 0.0124363 0.433962 0.0240979
1465 0.495024 0.0124243 0.429245 0.0240662
1466 0.494764 0.0124186 0.433962 0.0240979
1467 0.495089 0.0124326 0.426887 0.0240495
1468 0.494847 0.0124169 0.429245 0.0240662
1469 0.495585 0.0124203 0.426887 0.0240495
1470 0.495625 0.0124129 0.426887 0.0240495
1471 0.494996 0.0124116 0.424528 0.0240323
1472 0.495165 0.0124154 0.426887 0.0240495
1473 0.49451 0.0123956 0.426887 0.0240495
1474 0.494826 0.0124029 0.426887 0.0240495
1475 0.494797 0.0124229 0.433962 0.0240979
1476 0.494907 0.0124277 0.431604 0.0240823
1477 0.494837 0.0124215 0.436321 0.0241129
1478 0.494693 0.0124124 0.436321 0.0241129
1479 0.494546 0.0124326 0.438679 0.0241273
1480 0.494405 0.0124642 0.443396 0.0241545
1481 0.494494 0.0124629 0.438679 0.0241273
1482 0.494753 0.0124755 0.436321 0.0241129
1483 0.494445 0.0124573 0.433962 0.0240979
1484 0.494107 0.0124776 0.433962 0.0240979
1485 0.49457 0.0124749 0.436321 0.0241129
1486 0.49443 0.0124604 0.443396 0.0241545
1487 0.494328 0.0124509 0.443396 0.0241545
1488 0.494312 0.0124328 0.436321 0.0241129
1489 0.494555 0.0124415 0.436321 0.0241129
1490 0.494668 0.0124462 0.438679 0.0241273
1491 0.494744 0.012465 0.438679 0.0241273
1492 0.49528 0.0124436 0.438679 0.0241273
1493 0.494254 0.0124284 0.436321 0.0241129
1494 0.494625 0.0124279 0.436321 0.0241129
1495 0.494166 0.0124393 0.433962 0.0240979
1496 0.494315 0.0124348 0.431604 0.0240823
1497 0.494149 0.0124229 0.429245 0.0240662
1498 0.494215 0.0124129 0.429245 0.0240662
1499 0.494669 0.0124283 0.436321 0.0241129
1500 0.494305 0.0124275 0.426887 0.0240495
1501 0.494725 0.0124287 0.431604 0.0240823
1502 0.494804 0.0124356 0.431604 0.0240823
1503 0.494615 0.0124431 0.426887 0.0240495
1504 0.494978 0.0124201 0.424528 0.0240323
1505 0.495102 0.0124318 0.426887 0.0240495
1506 0.495101 0.0124469 0.42217 0.0240145
1507 0.495591 0.0124805 0.424528 0.0240323
1508 0.495874 0.0124741 0.426887 0.0240495
1509 0.496371 0.0124951 0.431604 0.0240823
1510 0.496348 0.0125216 0.429245 0.0240662
1511 0.497113 0.0125182 0.426887 0.0240495
1512 0.496783 0.0125086 0.42217 0.0240145
1513 0.497262 0.0125159 0.426887 0.0240495
1514 0.497203 0.0124858 0.426887 0.0240495
1515 0.497506 0.0124947 0.429245 0.0240662
1516 0.49764 0.0124955 0.42217 0.0240145
1517 0.497708 0.0124914 0.429245 0.0240662
1518 0.497909 0.0124851 0.436321 0.0241129
1519 0.497652 0.0124877 0.426887 0.0240495
1520 0.497767 0.012512 0.431604 0.0240823
1521 0.498025 0.012508 0.433962 0.0240979
1522 0.49829 0.0124895 0.424528 0.0240323
1523 0.498394 0.0124706 0.42217 0.0240145
1524 0.498321 0.012486 0.424528 0.0240323
1525 0.498023 0.0124751 0.426887 0.0240495
1526 0.498231 0.0124694 0.42217 0.0240145
1527 0.49845 0.0124734 0.42217 0.0240145
1528 0.499038 0.0124814 0.426887 0.0240495
1529 0.498758 0.0124657 0.424528 0.0240323
1530 0.498509 0.0124612 0.42217 0.0240145
1531 0.498189 0.0124627 0.429245 0.0240662
1532 0.498409 0.0124561 0.426887 0.0240495
1533 0.49787 0.0124444 0.419811 0.0239961
1534 0.498179 0.0124537 0.426887 0.0240495
1535 0.498509 0.0124628 0.426887 0.0240495
1536 0.498118 0.0124495 0.42217 0.0240145
1537 0.497899 0.0124434 0.431604 0.0240823
1538 0.49762 0.0124319 0.429245 0.0240662
1539 0.497271 0.0124355 0.436321 0.0241129
1540 0.496907 0.0124204 0.438679 0.0241273
1541 0.497673 0.0124179 0.433962 0.0240979
1542 0.498087 0.0123986 0.431604 0.0240823
1543 0.497957 0.0124007 0.42217 0.0240145
1544 0.497595 0.0124072 0.42217 0.0240145
1545 0.497576 0.0124159 0.42217 0.0240145
1546 0.497454 0.0124417 0.42217 0.0240145
1547 0.497683 0.0124347 0.424528 0.0240323
1548 0.497433 0.0124339 0.426887 0.0240495
1549 0.497568 0.0124321 0.426887 0.0240495
1550 0.497677 0.0124511 0.424528 0.0240323
1551 0.497366 0.012444 0.426887 0.0240495
1552 0.497374 0.0124256 0.426887 0.0240495
1553 0.49719 0.0124103 0.426887 0.0240495
1554 0.49728 0.0123945 0.426887 0.0240495
1555 0.496884 0.0124037 0.426887 0.0240495
1556 0.496557 0.0123803 0.424528 0.0240323
1557 0.496566 0.0123711 0.419811 0.0239961
1558 0.496585 0.0124001 0.429245 0.0240662
1559 0.497114 0.0124062 0.419811 0.0239961
1560 0.497295 0.0123964 0.424528 0.0240323
1561 0.497099 0.0124152 0.424528 0.0240323
1562 0.496944 0.0124102 0.429245 0.0240662
1563 0.496946 0.0124181 0.424528 0.0240323
1564 0.49663 0.0123995 0.426887 0.0240495
1565 0.496355 0.0123996 0.424528 0.0240323
1566 0.496306 0.0123912 0.42217 0.0240145
1567 0.496418 0.0124158 0.424528 0.0240323
1568 0.496499 0.0124115 0.424528 0.0240323
1569 0.496265 0.0124283 0.429245 0.0240662
1570 0.496855 0.0124255 0.419811 0.0239961
1571 0.496944 0.0124127 0.429245 0.0240662
1572 0.497061 0.0124291 0.436321 0.0241129
1573 0.496406 0.0124144 0.431604 0.0240823
1574 0.496505 0.0124271 0.429245 0.0240662
1575 0.496506 0.0124246 0.42217 0.0240145
1576 0.496557 0.0124248 0.424528 0.0240323
1577 0.496985 0.01242 0.424528 0.0240323
1578 0.496734 0.0124179 0.426887 0.0240495
1579 0.497202 0.0124329 0.426887 0.0240495
1580 0.496837 0.0124472 0.417453 0.0239772
1581 0.496969 0.0124121 0.424528 0.0240323
1582 0.496819 0.0124065 0.42217 0.0240145
1583 0.495981 0.0124211 0.429245 0.0240662
1584 0.495898 0.0124089 0.426887 0.0240495
1585 0.495572 0.0124021 0.426887 0.0240495
1586 0.495649 0.012389 0.426887 0.0240495
1587 0.496396 0.0124074 0.419811 0.0239961
1588 0.495837 0.0124065 0.42217 0.0240145
1589 0.49646 0.0124089 0.431604 0.0240823
1590 0.496559 0.0124334 0.424528 0.0240323
1591 0.496425 0.01244 0.426887 0.0240495
1592 0.496775 0.0124201 0.42217 0.0240145
1593 0.497454 0.0124245 0.424528 0.0240323
1594 0.497618 0.0124114 0.42217 0.0240145
1595 0.49759 0.0123905 0.419811 0.0239961
1596 0.49765 0.0124108 0.42217 0.0240145
1597 0.49767 0.0124322 0.424528 0.0240323
1598 0.498206 0.0124245 0.424528 0.0240323
1599 0.497621 0.0124184 0.429245 0.0240662
1600 0.498397 0.0124193 0.415094 0.0239578
1601 0.498166 0.0124336 0.42217 0.0240145
1602 0.497903 0.0124422 0.42217 0.0240145
1603 0.497117 0.0124303 0.424528 0.0240323
1604 0.497211 0.0124336 0.419811 0.0239961
1605 0.496876 0.0124325 0.412736 0.0239377
1606 0.497368 0.0124426 0.417453 0.0239772
1607 0.497611 0.0124524 0.419811 0.0239961
1608 0.497285 0.012453 0.419811 0.0239961
1609 0.497209 0.0124521 0.419811 0.0239961
1610 0.497879 0.0124278 0.419811 0.0239961
1611 0.49807 0.0124126 0.417453 0.0239772
1612 0.498389 0.0123883 0.424528 0.0240323
1613 0.498019 0.0124037 0.419811 0.0239961
1614 0.498165 0.012414 0.417453 0.0239772
1615 0.497976 0.0124003 0.417453 0.0239772
1616 0.498415 0.0124143 0.412736 0.0239377
1617 0.497673 0.0124115 0.412736 0.0239377
1618 0.497737 0.0123793 0.412736 0.0239377
1619 0.498095 0.0123573 0.415094 0.0239578
1620 0.497881 0.0123896 0.419811 0.0239961
1621 0.497601 0.012374 0.419811 0.0239961
1622 0.498112 0.0123898 0.412736 0.0239377
1623 0.498144 0.012386 0.415094 0.0239578
1624 0.498066 0.0123793 0.42217 0.0240145
1625 0.498371 0.0123781 0.419811 0.0239961
1626 0.497871 0.0123631 0.412736 0.0239377
1627 0.498028 0.012371 0.410377 0.0239171
1628 0.497489 0.0123736 0.408019 0.0238959
1629 0.498127 0.012403 0.408019 0.0238959
1630 0.497976 0.0123964 0.412736 0.0239377
1631 0.497761 0.0123835 0.42217 0.0240145
1632 0.497591 0.0123738 0.412736 0.0239377
1633 0.49766 0.0123869 0.424528 0.0240323
1634 0.498069 0.0123837 0.417453 0.0239772
1635 0.497522 0.0123848 0.424528 0.0240323
1636 0.497597 0.0123921 0.410377 0.0239171
1637 0.497757 0.0124215 0.419811 0.0239961
1638 0.497764 0.0124205 0.412736 0.0239377
1639 0.497968 0.0124346 0.415094 0.0239578
1640 0.498054 0.0124486 0.417453 0.0239772
1641 0.497841 0.0124447 0.412736 0.0239377
1642 0.497143 0.0124203 0.410377 0.0239171
1643 0.49725 0.0124135 0.415094 0.0239578
1644 0.497209 0.0124127 0.42217 0.0240145
1645 0.496866 0.0123956 0.417453 0.0239772
1646 0.496725 0.012391 0.412736 0.0239377
1647 0.495994 0.0123575 0.412736 0.0239377
1648 0.496586 0.0123489 0.412736 0.0239377
1649 0.49629 0.0123271 0.415094 0.0239578
1650 0.49658 0.0123277 0.419811 0.0239961
1651 0.496478 0.0123568 0.419811 0.0239961
1652 0.496778 0.0123478 0.419811 0.0239961
1653 0.4971 0.0123383 0.42217 0.0240145
1654 0.497166 0.0123394 0.412736 0.0239377
1655 0.497438 0.0123439 0.417453 0.0239772
1656 0.497019 0.0123596 0.426887 0.0240495
1657 0.496775 0.0123668 0.419811 0.0239961
1658 0.496878 0.0123637 0.419811 0.0239961
1659 0.497545 0.0123761 0.42217 0.0240145
1660 0.497354 0.0123935 0.424528 0.0240323
1661 0.497601 0.0123907 0.426887 0.0240495
1662 0.497376 0.012364 0.426887 0.0240495
1663 0.498456 0.0123659 0.42217 0.0240145
1664 0.498293 0.0123572 0.424528 0.0240323
1665 0.497919 0.0123764 0.424528 0.0240323
1666 0.498148 0.0123482 0.424528 0.0240323
1667 0.49821 0.0123533 0.419811 0.0239961
1668 0.498591 0.0123426 0.417453 0.0239772
1669 0.498404 0.0123486 0.415094 0.0239578
1670 0.498423 0.0123484 0.412736 0.0239377
1671 0.498671 0.0123446 0.415094 0.0239578
1672 0.499017 0.0123301 0.408019 0.0238959
1673 0.498879 0.0123354 0.410377 0.0239171
1674 0.498942 0.0123301 0.408019 0.0238959
1675 0.498693 0.0123189 0.412736 0.0239377
1676 0.498872 0.0123317 0.415094 0.0239578
1677 0.498388 0.0123237 0.417453 0.0239772
1678 0.497662 0.0123293 0.419811 0.0239961
1679 0.498169 0.0123333 0.424528 0.0240323
1680 0.498987 0.0123364 0.410377 0.0239171
1681 0.499061 0.0123573 0.412736 0.0239377
1682 0.499563 0.0123498 0.410377 0.0239171
1683 0.499285 0.0123433 0.415094 0.0239578
1684 0.499522 0.0123221 0.408019 0.0238959
1685 0.49892 0.0123342 0.40566 0.0238742
1686 0.499181 0.0123271 0.403302 0.0238519
1687 0.499352 0.0123382 0.403302 0.0238519
1688 0.499491 0.0123262 0.403302 0.0238519
1689 0.498947 0.0123371 0.403302 0.0238519
1690 0.498811 0.0123431 0.40566 0.0238742
1691 0.49884 0.0123312 0.40566 0.0238742
1692 0.499178 0.0123303 0.410377 0.0239171
1693 0.499275 0.0123191 0.40566 0.0238742
1694 0.498809 0.0123041 0.408019 0.0238959
1695 0.498687 0.0123003 0.400943 0.023829
1696 0.498146 0.0123118 0.40566 0.0238742
1697 0.498852 0.0123089 0.40566 0.0238742
1698 0.498654 0.0122882 0.403302 0.0238519
1699 0.49782 0.0122967 0.412736 0.0239377
1700 0.498356 0.012287 0.408019 0.0238959
1701 0.497758 0.0123079 0.412736 0.0239377
1702 0.497689 0.0123178 0.408019 0.0238959
1703 0.498024 0.0123022 0.408019 0.0238959
1704 0.498607 0.0122867 0.410377 0.0239171
1705 0.498414 0.012295 0.412736 0.0239377
1706 0.498059 0.0123244 0.415094 0.0239578
1707 0.498729 0.0123171 0.419811 0.0239961
1708 0.498688 0.0123041 0.415094 0.0239578
1709 0.498739 0.0123026 0.412736 0.0239377
1710 0.498181 0.0123032 0.419811 0.0239961
1711 0.498774 0.0122863 0.419811 0.0239961
1712 0.49884 0.0122848 0.431604 0.0240823
1713 0.498773 0.0122879 0.42217 0.0240145
1714 0.498463 0.0122688 0.419811 0.0239961
1715 0.499145 0.0122428 0.424528 0.0240323
1716 0.498835 0.0122451 0.415094 0.0239578
1717 0.499376 0.0122599 0.419811 0.0239961
1718 0.499433 0.0122717 0.419811 0.0239961
1719 0.499495 0.012261 0.424528 0.0240323
1720 0.498737 0.0122672 0.419811 0.0239961
1721 0.499154 0.012272 0.419811 0.0239961
1722 0.498918 0.0122854 0.417453 0.0239772
1723 0.498868 0.0123066 0.417453 0.0239772
1724 0.498767 0.0122913 0.415094 0.0239578
1725 0.498916 0.012292 0.419811 0.0239961
1726 0.49976 0.0123137 0.415094 0.0239578
1727 0.4993 0.0123308 0.419811 0.0239961
1728 0.499219 0.0123126 0.417453 0.0239772
1729 0.499167 0.0123082 0.42217 0.0240145
1730 0.499106 0.0123258 0.417453 0.0239772
1731 0.499722 0.0123248 0.412736 0.0239377
1732 0.499799 0.0123595 0.410377 0.0239171
1733 0.499217 0.0123471 0.410377 0.0239171
1734 0.498404 0.0123321 0.40566 0.0238742
1735 0.499118 0.0123082 0.40566 0.0238742
1736 0.499466 0.0123179 0.403302 0.0238519
1737 0.499483 0.0123156 0.40566 0.0238742
1738 0.499181 0.0123324 0.408019 0.0238959
1739 0.499643 0.0123283 0.410377 0.0239171
1740 0.499624 0.0123066 0.410377 0.0239171
1741 0.499635 0.0122965 0.408019 0.0238959
1742 0.500013 0.0123209 0.400943 0.023829
1743 0.500079 0.0122973 0.408019 0.0238959
1744 0.50021 0.0123015 0.403302 0.0238519
1745 0.500732 0.0122823 0.403302 0.0238519
1746 0.500507 0.0122993 0.403302 0.0238519
1747 0.500719 0.0122851 0.403302 0.0238519
1748 0.500734 0.012288 0.412736 0.0239377
1749 0.500327 0.0122795 0.412736 0.0239377
1750 0.500242 0.0122815 0.408019 0.0238959
1751 0.499619 0.01227 0.412736 0.0239377
1752 0.499697 0.0122692 0.417453 0.0239772
1753 0.499715 0.0122672 0.417453 0.0239772
1754 0.499845 0.0122696 0.417453 0.0239772
1755 0.499637 0.0122765 0.412736 0.0239377
1756 0.498919 0.0122893 0.419811 0.0239961
1757 0.498758 0.0123069 0.415094 0.0239578
1758 0.497978 0.0122996 0.412736 0.0239377
1759 0.49815 0.0122647 0.408019 0.0238959
1760 0.497999 0.012276 0.417453 0.0239772
1761 0.498403 0.0122758 0.415094 0.0239578
1762 0.498705 0.0122966 0.412736 0.0239377
1763 0.497959 0.0122821 0.410377 0.0239171
1764 0.49771 0.0122994 0.412736 0.0239377
1765 0.497488 0.0122949 0.415094 0.0239578
1766 0.497292 0.0122834 0.410377 0.0239171
1767 0.497253 0.0122975 0.412736 0.0239377
1768 0.497177 0.0122879 0.415094 0.0239578
1769 0.497097 0.0122979 0.419811 0.0239961
1770 0.497 0.0123139 0.417453 0.0239772
1771 0.497616 0.0123171 0.412736 0.0239377
1772 0.497221 0.0123158 0.412736 0.0239377
1773 0.497204 0.0123289 0.415094 0.0239578
1774 0.496956 0.0123283 0.412736 0.0239377
1775 0.497136 0.012311 0.410377 0.0239171
1776 0.497554 0.0123119 0.417453 0.0239772
1777 0.497382 0.012342 0.408019 0.0238959
1778 0.496962 0.012329 0.412736 0.0239377
1779 0.496612 0.0123191 0.419811 0.0239961
1780 0.496469 0.0123299 0.417453 0.0239772
1781 0.496376 0.0123115 0.412736 0.0239377
1782 0.495965 0.0123039 0.412736 0.0239377
1783 0.496013 0.0123207 0.419811 0.0239961
1784 0.49628 0.0123167 0.42217 0.0240145
1785 0.496439 0.0123118 0.417453 0.0239772
1786 0.496429 0.0123142 0.408019 0.0238959
1787 0.49657 0.0122936 0.410377 0.0239171
1788 0.496329 0.0122746 0.410377 0.0239171
1789 0.496486 0.0122545 0.412736 0.0239377
1790 0.497526 0.0122732 0.403302 0.0238519
1791 0.497571 0.012281 0.410377 0.0239171
1792 0.497907 0.0122768 0.410377 0.0239171
1793 0.497517 0.0122507 0.417453 0.0239772
1794 0.497768 0.0122526 0.412736 0.0239377
1795 0.497388 0.0122434 0.412736 0.0239377
1796 0.497782 0.0122305 0.410377 0.0239171
1797 0.497452 0.012236 0.408019 0.0238959
1798 0.497036 0.0122247 0.412736 0.0239377
1799 0.497164 0.0122382 0.408019 0.0238959
1800 0.497825 0.012227 0.408019 0.0238959
1801 0.497673 0.0122359 0.408019 0.0238959
1802 0.497386 0.0122154 0.408019 0.0238959
1803 0.496555 0.012226 0.412736 0.0239377
1804 0.496987 0.0122276 0.410377 0.0239171
1805 0.497146 0.0122369 0.408019 0.0238959
1806 0.497308 0.0122197 0.412736 0.0239377
1807 0.496766 0.0122203 0.415094 0.0239578
1808 0.496398 0.0122378 0.415094 0.0239578
1809 0.496246 0.0122542 0.415094 0.0239578
1810 0.496474 0.0122666 0.415094 0.0239578
1811 0.496183 0.0122778 0.412736 0.0239377
1812 0.496861 0.0122681 0.417453 0.0239772
1813 0.497067 0.0122658 0.412736 0.0239377
1814 0.497039 0.0122552 0.408019 0.0238959
1815 0.497302 0.012273 0.410377 0.0239171
1816 0.49743 0.0122716 0.410377 0.0239171
1817 0.496769 0.0122418 0.408019 0.0238959
1818 0.496637 0.0122355 0.412736 0.0239377
1819 0.496979 0.0122538 0.412736 0.0239377
1820 0.496692 0.01226 0.412736 0.0239377
1821 0.496318 0.0122823 0.408019 0.0238959
1822 0.495863 0.012303 0.410377 0.0239171
1823 0.495944 0.0122828 0.412736 0.0239377
1824 0.496087 0.0122833 0.417453 0.0239772
1825 0.495684 0.0122814 0.415094 0.0239578
1826 0.495822 0.0122894 0.412736 0.0239377
1827 0.496164 0.0122735 0.415094 0.0239578
1828 0.496284 0.0122821 0.412736 0.0239377
1829 0.496572 0.0122882 0.410377 0.0239171
1830 0.497094 0.0122809 0.412736 0.0239377
1831 0.497382 0.0122777 0.410377 0.0239171
1832 0.496874 0.0122702 0.417453 0.0239772
1833 0.497093 0.0122936 0.42217 0.0240145
1834 0.497123 0.0122712 0.415094 0.0239578
1835 0.49704 0.012285 0.415094 0.0239578
1836 0.497356 0.0122819 0.419811 0.0239961
1837 0.496826 0.0122615 0.419811 0.0239961
1838 0.497373 0.0122656 0.419811 0.0239961
1839 0.497549 0.0122483 0.415094 0.0239578
1840 0.497975 0.0122497 0.415094 0.0239578
1841 0.497497 0.0122493 0.42217 0.0240145
1842 0.49669 0.0122354 0.424528 0.0240323
1843 0.496689 0.0122506 0.417453 0.0239772
1844 0.496141 0.0122463 0.42217 0.0240145
1845 0.496381 0.012265 0.426887 0.0240495
1846 0.495797 0.0122669 0.419811 0.0239961
1847 0.495683 0.012281 0.431604 0.0240823
1848 0.496388 0.0122961 0.426887 0.0240495
1849 0.496297 0.0122984 0.426887 0.0240495
1850 0.496589 0.0122889 0.433962 0.0240979
1851 0.4966 0.0123084 0.426887 0.0240495
1852 0.496392 0.0122937 0.424528 0.0240323
1853 0.496508 0.0122876 0.42217 0.0240145
1854 0.496265 0.0122904 0.417453 0.0239772
1855 0.496076 0.0122641 0.42217 0.0240145
1856 0.495776 0.0122614 0.424528 0.0240323
1857 0.495867 0.0122543 0.42217 0.0240145
1858 0.495924 0.0122727 0.424528 0.0240323
1859 0.495681 0.0122617 0.419811 0.0239961
1860 0.496116 0.0122586 0.424528 0.0240323
1861 0.496115 0.0122635 0.415094 0.0239578
1862 0.496118 0.0123092 0.415094 0.0239578
1863 0.49579 0.0123077 0.419811 0.0239961
1864 0.496035 0.0123139 0.424528 0.0240323
1865 0.49562 0.012293 0.419811 0.0239961
1866 0.496176 0.0122662 0.415094 0.0239578
1867 0.49618 0.0122832 0.415094 0.0239578
1868 0.496336 0.0122865 0.417453 0.0239772
1869 0.496344 0.012278 0.415094 0.0239578
1870 0.496451 0.0122679 0.412736 0.0239377
1871 0.496224 0.0122649 0.410377 0.0239171
1872 0.49681 0.0122726 0.415094 0.0239578
1873 0.496576 0.0122905 0.412736 0.0239377
1874 0.496326 0.0123111 0.417453 0.0239772
1875 0.49644 0.0123345 0.419811 0.0239961
1876 0.496084 0.0123285 0.412736 0.0239377
1877 0.496136 0.0123342 0.412736 0.0239377
1878 0.496327 0.0123113 0.408019 0.0238959
1879 0.496697 0.0123111 0.417453 0.0239772
1880 0.49682 0.012312 0.417453 0.0239772
1881 0.496909 0.012324 0.410377 0.0239171
1882 0.497 0.0123278 0.410377 0.0239171
1883 0.497869 0.0123263 0.417453 0.0239772
1884 0.497635 0.0123003 0.415094 0.0239578
1885 0.497853 0.0123062 0.415094 0.0239578
1886 0.497839 0.0122973 0.408019 0.0238959
1887 0.498193 0.0123015 0.412736 0.0239377
1888 0.497287 0.0122948 0.40566 0.0238742
1889 0.49661 0.0122858 0.40566 0.0238742
1890 0.497103 0.0123157 0.410377 0.0239171
1891 0.496935 0.0123072 0.410377 0.0239171
1892 0.497517 0.0122884 0.417453 0.0239772
1893 0.497478 0.0122964 0.419811 0.0239961
1894 0.497656 0.0122955 0.42217 0.0240145
1895 0.497448 0.01232 0.424528 0.0240323
1896 0.497453 0.0123132 0.412736 0.0239377
1897 0.497614 0.0123264 0.417453 0.0239772
1898 0.497644 0.0123301 0.410377 0.0239171
1899 0.4976 0.012334 0.417453 0.0239772
1900 0.497204 0.0123598 0.417453 0.0239772
1901 0.49686 0.0123738 0.417453 0.0239772
1902 0.496833 0.0123638 0.412736 0.0239377
1903 0.497201 0.0123528 0.419811 0.0239961
1904 0.497071 0.0123612 0.417453 0.0239772
1905 0.497156 0.0123612 0.42217 0.0240145
1906 0.496705 0.0123653 0.419811 0.0239961
1907 0.496726 0.0123761 0.42217 0.0240145
1908 0.496871 0.0123667 0.42217 0.0240145
1909 0.497243 0.0123884 0.419811 0.0239961
1910 0.497175 0.0123893 0.42217 0.0240145
1911 0.496622 0.0124038 0.426887 0.0240495
1912 0.496141 0.012402 0.429245 0.0240662
1913 0.496143 0.0124193 0.426887 0.0240495
1914 0.49614 0.0124094 0.42217 0.0240145
1915 0.496874 0.0124191 0.429245 0.0240662
1916 0.496903 0.0124278 0.431604 0.0240823
1917 0.49706 0.0123999 0.438679 0.0241273
1918 0.496733 0.0124054 0.438679 0.0241273
1919 0.496592 0.0123967 0.433962 0.0240979
1920 0.49688 0.012388 0.433962 0.0240979
1921 0.496837 0.0123657 0.438679 0.0241273
1922 0.496901 0.0123495 0.438679 0.0241273
1923 0.496957 0.0123502 0.433962 0.0240979
1924 0.497073 0.0123583 0.438679 0.0241273
1925 0.498049 0.0123519 0.431604 0.0240823
1926 0.497827 0.0123419 0.417453 0.0239772
1927 0.497835 0.0123407 0.419811 0.0239961
1928 0.497712 0.0123475 0.424528 0.0240323
1929 0.498061 0.0123501 0.42217 0.0240145
1930 0.497947 0.0123488 0.424528 0.0240323
1931 0.497543 0.0123348 0.419811 0.0239961
1932 0.497689 0.0123213 0.424528 0.0240323
1933 0.497146 0.0123303 0.429245 0.0240662
1934 0.497486 0.0122979 0.431604 0.0240823
1935 0.4966 0.0122834 0.426887 0.0240495
1936 0.496802 0.0122759 0.431604 0.0240823
1937 0.496767 0.0122633 0.42217 0.0240145
1938 0.496761 0.012276 0.426887 0.0240495
1939 0.496678 0.0122944 0.429245 0.0240662
1940 0.496242 0.0122912 0.424528 0.0240323
1941 0.496868 0.012276 0.426887 0.0240495
1942 0.497147 0.0122802 0.426887 0.0240495
1943 0.496964 0.0122843 0.42217 0.0240145
1944 0.497418 0.0122779 0.417453 0.0239772
1945 0.497362 0.0122987 0.419811 0.0239961
1946 0.497161 0.012305 0.429245 0.0240662
1947 0.497342 0.0123125 0.426887 0.0240495
1948 0.497607 0.0123296 0.419811 0.0239961
1949 0.497537 0.0123258 0.42217 0.0240145
1950 0.497236 0.0122926 0.42217 0.0240145
1951 0.497202 0.012314 0.424528 0.0240323
1952 0.496871 0.0123338 0.426887 0.0240495
1953 0.496803 0.0123018 0.426887 0.0240495
1954 0.496463 0.0123173 0.42217 0.0240145
1955 0.496144 0.0123451 0.426887 0.0240495
1956 0.496039 0.0123391 0.429245 0.0240662
1957 0.495738 0.0123314 0.429245 0.0240662
1958 0.495514 0.0123344 0.429245 0.0240662
1959 0.495838 0.0123286 0.431604 0.0240823
1960 0.495159 0.0123582 0.431604 0.0240823
1961 0.495318 0.0123966 0.436321 0.0241129
1962 0.494832 0.0123983 0.436321 0.0241129
1963 0.495365 0.0123816 0.438679 0.0241273
1964 0.495147 0.0123845 0.429245 0.0240662
1965 0.495221 0.0123888 0.424528 0.0240323
1966 0.495072 0.0123714 0.424528 0.0240323
1967 0.495128 0.0123696 0.424528 0.0240323
1968 0.495042 0.0123479 0.42217 0.0240145
1969 0.49504 0.0123658 0.424528 0.0240323
1970 0.495065 0.0123978 0.424528 0.0240323
1971 0.4954 0.0123876 0.429245 0.0240662
1972 0.495387 0.0123793 0.429245 0.0240662
1973 0.495197 0.012389 0.431604 0.0240823
1974 0.495854 0.0124005 0.429245 0.0240662
1975 0.496128 0.0124068 0.431604 0.0240823
1976 0.496383 0.0123948 0.429245 0.0240662
1977 0.496134 0.0124092 0.436321 0.0241129
1978 0.49629 0.0124043 0.436321 0.0241129
1979 0.496584 0.0123726 0.433962 0.0240979
1980 0.496216 0.0123694 0.433962 0.0240979
1981 0.495999 0.0123499 0.429245 0.0240662
1982 0.495924 0.0123682 0.431604 0.0240823
1983 0.495621 0.0123432 0.438679 0.0241273
1984 0.495931 0.0123705 0.433962 0.0240979
1985 0.49593 0.0123685 0.431604 0.0240823
1986 0.495758 0.012393 0.438679 0.0241273
1987 0.4959 0.0124127 0.436321 0.0241129
1988 0.496545 0.0124135 0.426887 0.0240495
1989 0.49727 0.0124059 0.431604 0.0240823
1990 0.497153 0.0124083 0.436321 0.0241129
1991 0.49699 0.0124038 0.429245 0.0240662
1992 0.49745 0.0123977 0.429245 0.0240662
1993 0.497044 0.0123698 0.426887 0.0240495
1994 0.496884 0.0123854 0.429245 0.0240662
1995 0.497186 0.0123711 0.426887 0.0240495
1996 0.497666 0.0123642 0.424528 0.0240323
1997 0.49767 0.0123407 0.429245 0.0240662
1998 0.497426 0.0123453 0.433962 0.0240979
1999 0.497103 0.0123528 0.426887 0.0240495
