#sample=4952
0 0.00103015 6.55819e-06 1 0
1 0.00115589 2.05372e-05 1 0
2 0.00128187 2.65772e-05 1 0
3 0.00153852 3.85385e-05 1 0
4 0.00186826 4.84242e-05 1 0
5 0.00207242 5.21815e-05 1 0
6 0.00235004 5.92441e-05 1 0
7 0.00263911 6.69938e-05 1 0
8 0.00297572 7.32426e-05 1 0
9 0.00333373 8.04159e-05 1 0
10 0.00376045 9.01701e-05 1 0
11 0.00416461 9.71138e-05 1 0
12 0.004533 0.000105813 1 0
13 0.00498432 0.000114659 1 0
14 0.00527018 0.000116638 1 0
15 0.0057101 0.000125273 1 0
16 0.00629047 0.000136089 1 0
17 0.0064183 0.000136481 1 0
18 0.00674981 0.000142067 1 0
19 0.00722209 0.000148272 1 0
20 0.00781936 0.000171731 0.999798 0.000201939
21 0.00817043 0.000165727 1 0
22 0.00850414 0.000170146 1 0
23 0.00876481 0.000176055 1 0
24 0.00926066 0.000182203 1 0
25 0.00951902 0.000188573 1 0
26 0.00998987 0.000228798 0.999798 0.000201939
27 0.010252 0.000196903 1 0
28 0.0105984 0.000202685 1 0
29 0.0106847 0.000204813 1 0
30 0.0111052 0.000210757 1 0
31 0.0114061 0.000217605 1 0
32 0.0117815 0.000222027 1 0
33 0.0119272 0.000220927 1 0
34 0.0123708 0.000227525 1 0
35 0.0129114 0.000298208 0.999798 0.000201939
36 0.0129867 0.000235903 1 0
37 0.0135551 0.000245577 1 0
38 0.0137089 0.000248634 1 0
39 0.0136809 0.000250049 1 0
40 0.0137733 0.000246264 1 0
41 0.0143217 0.000256467 1 0
42 0.0146098 0.000259465 1 0
43 0.0149029 0.000275369 0.999798 0.000201939
44 0.0151777 0.000271527 1 0
45 0.0155974 0.000276806 1 0
46 0.0153642 0.000269177 1 0
47 0.0159666 0.00033169 0.999798 0.000201939
48 0.0159319 0.000279389 1 0
49 0.0163524 0.000285688 1 0
50 0.0165702 0.000293842 1 0
51 0.0166947 0.000291568 1 0
52 0.0169507 0.000296072 1 0
53 0.0172916 0.000302485 1 0
54 0.017415 0.000306786 0.999798 0.000201939
55 0.0175171 0.000306714 1 0
56 0.0178391 0.000309086 1 0
57 0.0181289 0.000311851 1 0
58 0.0183069 0.000313516 1 0
59 0.0183807 0.000314601 1 0
60 0.0186788 0.000317532 1 0
61 0.0192769 0.000365904 0.999798 0.000201939
62 0.0192882 0.000370526 0.999798 0.000201939
63 0.0191977 0.00032909 0.999798 0.000201939
64 0.0195391 0.000326877 1 0
65 0.0194585 0.000324387 1 0
66 0.0203311 0.000351705 0.999798 0.000201939
67 0.020513 0.000356589 0.999596 0.000285555
68 0.0204956 0.000342364 1 0
69 0.0207794 0.000342735 1 0
70 0.0208089 0.000341753 1 0
71 0.0210016 0.000342921 1 0
72 0.0212962 0.000348011 1 0
73 0.0219011 0.000357355 1 0
74 0.021879 0.000353907 1 0
75 0.0220891 0.000361749 1 0
76 0.0220408 0.000356485 1 0
77 0.0223743 0.00036532 0.999798 0.000201939
78 0.0225873 0.000368763 1 0
79 0.0226342 0.000362247 1 0
80 0.0229939 0.000376925 1 0
81 0.0229752 0.000369777 1 0
82 0.0237411 0.000386858 1 0
83 0.0237144 0.000377903 1 0
84 0.024084 0.000386859 1 0
85 0.0242664 0.00038613 1 0
86 0.0247519 0.000433601 0.999798 0.000201939
87 0.0245999 0.000405042 0.999798 0.000201939
88 0.0247272 0.000394035 1 0
89 0.0250098 0.000394639 1 0
90 0.0249782 0.000389604 1 0
91 0.025871 0.00040623 1 0
92 0.0263949 0.000424785 0.999798 0.000201939
93 0.0265343 0.000427193 0.999596 0.000285555
94 0.0265363 0.000420591 1 0
95 0.026494 0.000413824 1 0
96 0.026935 0.000420165 1 0
97 0.027022 0.000416804 1 0
98 0.0272395 0.000433874 0.999798 0.000201939
99 0.027139 0.000416637 1 0
100 0.0274191 0.000429298 0.999798 0.000201939
101 0.0274497 0.00042188 0.999798 0.000201939
102 0.0279823 0.000434829 0.999798 0.000201939
103 0.0276389 0.000428951 1 0
104 0.028012 0.000438521 0.999798 0.000201939
105 0.0286452 0.000462188 0.999596 0.000285555
106 0.0287175 0.000466423 0.999596 0.000285555
107 0.028328 0.000434345 1 0
108 0.0284186 0.000437485 0.999798 0.000201939
109 0.0288851 0.000442286 1 0
110 0.0288055 0.000442461 1 0
111 0.0286432 0.000438003 1 0
112 0.0287367 0.00045056 0.999798 0.000201939
113 0.0288469 0.000446229 1 0
114 0.0289231 0.000450651 0.999798 0.000201939
115 0.029673 0.000477096 0.999798 0.000201939
116 0.0293976 0.000463309 0.999798 0.000201939
117 0.029896 0.000457158 1 0
118 0.0300122 0.000457084 1 0
119 0.0301352 0.000460225 1 0
120 0.0310029 0.000471472 1 0
121 0.0304554 0.000455816 1 0
122 0.0299614 0.000453682 1 0
123 0.0304127 0.000465459 1 0
124 0.0300145 0.000452493 1 0
125 0.0304944 0.000463306 1 0
126 0.0308637 0.000467223 1 0
127 0.0301152 0.000456526 1 0
128 0.0306003 0.000459468 1 0
129 0.0306665 0.00046778 0.999798 0.000201939
130 0.0304154 0.000455678 0.999798 0.000201939
131 0.0306767 0.000468892 0.999798 0.000201939
132 0.031118 0.000478522 0.999798 0.000201939
133 0.030964 0.000464498 1 0
134 0.0310773 0.000476467 1 0
135 0.0311899 0.00046738 1 0
136 0.0309955 0.000467186 1 0
137 0.0309879 0.000464495 1 0
138 0.0313757 0.000475337 0.999798 0.000201939
139 0.0318551 0.000487743 1 0
140 0.0317748 0.000480801 0.999798 0.000201939
141 0.0325644 0.000490543 0.999798 0.000201939
142 0.0320739 0.000479167 1 0
143 0.0321891 0.000482037 1 0
144 0.032372 0.00048717 0.999798 0.000201939
145 0.0324923 0.000488962 1 0
146 0.0333396 0.000515567 0.999394 0.000349697
147 0.0325445 0.00048664 1 0
148 0.0325813 0.000491417 1 0
149 0.0327629 0.000496276 1 0
150 0.0326352 0.000503419 0.999394 0.000349697
151 0.0330736 0.000504857 0.999798 0.000201939
152 0.0329528 0.000490239 1 0
153 0.0332809 0.00050343 0.999596 0.000285555
154 0.0336965 0.000510808 0.999596 0.000285555
155 0.0337739 0.000504194 1 0
156 0.033288 0.00049527 1 0
157 0.0340493 0.000511836 1 0
158 0.0344477 0.000511975 0.999798 0.000201939
159 0.0341497 0.000518688 0.999394 0.000349697
160 0.0339883 0.000509661 1 0
161 0.0347307 0.000522645 1 0
162 0.034972 0.000526341 0.999596 0.000285555
163 0.0350483 0.000519254 1 0
164 0.0354129 0.000531098 1 0
165 0.0346275 0.000519808 1 0
166 0.0350614 0.0005211 1 0
167 0.0359147 0.000536045 1 0
168 0.0349865 0.00051966 1 0
169 0.0356898 0.000525419 1 0
170 0.0355534 0.000529524 1 0
171 0.0353643 0.0005309 0.999596 0.000285555
172 0.0355738 0.000531194 1 0
173 0.0356929 0.000543578 0.999596 0.000285555
174 0.036079 0.00054218 0.999798 0.000201939
175 0.0363544 0.000541098 1 0
176 0.0357836 0.000525842 1 0
177 0.0357902 0.000530573 1 0
178 0.0363923 0.000532831 0.999798 0.000201939
179 0.0370781 0.000556508 0.999596 0.000285555
180 0.03692 0.000545054 1 0
181 0.037387 0.000553965 1 0
182 0.0375428 0.000565642 0.999596 0.000285555
183 0.0370475 0.000555088 0.999798 0.000201939
184 0.0376486 0.000554211 0.999798 0.000201939
185 0.0377538 0.000566708 0.999394 0.000349697
186 0.0379712 0.00055756 1 0
187 0.0380306 0.000558378 1 0
188 0.0386243 0.000566028 0.999798 0.000201939
189 0.0387919 0.000571957 1 0
190 0.0382582 0.000560548 1 0
191 0.0386911 0.000566292 1 0
192 0.038585 0.000561975 1 0
193 0.0387541 0.000570866 1 0
194 0.0386482 0.000572613 0.999596 0.000285555
195 0.0388824 0.000573973 1 0
196 0.0388878 0.000571174 1 0
197 0.0389566 0.000576221 1 0
198 0.038799 0.000571924 1 0
199 0.0392066 0.000579512 0.999798 0.000201939
200 0.0396518 0.00058344 1 0
201 0.0396957 0.000587165 1 0
202 0.0403001 0.000593825 1 0
203 0.0403227 0.000588501 1 0
204 0.0404961 0.000595715 1 0
205 0.0412739 0.000617985 0.999798 0.000201939
206 0.0406182 0.000593778 1 0
207 0.0410636 0.000603391 0.999798 0.000201939
208 0.0406027 0.00059148 1 0
209 0.0421004 0.000621511 0.999798 0.000201939
210 0.0415954 0.000608479 1 0
211 0.0419951 0.000618476 0.999798 0.000201939
212 0.0422037 0.000628635 0.999192 0.000403755
213 0.0418684 0.000615134 0.999596 0.000285555
214 0.0417704 0.000609513 1 0
215 0.0419189 0.000631267 0.999798 0.000201939
216 0.0424577 0.000624183 0.999798 0.000201939
217 0.0425128 0.000632929 0.999596 0.000285555
218 0.042289 0.000627222 0.999798 0.000201939
219 0.0424939 0.000632053 0.999798 0.000201939
220 0.0427337 0.000631213 0.999798 0.000201939
221 0.0433466 0.000643132 0.999798 0.000201939
222 0.0433928 0.000644255 0.999798 0.000201939
223 0.04447 0.000654227 1 0
224 0.0438826 0.000644047 1 0
225 0.043909 0.000635888 1 0
226 0.0444317 0.00064684 1 0
227 0.0442422 0.000641736 1 0
228 0.0448484 0.000663116 0.999798 0.000201939
229 0.044126 0.000649644 1 0
230 0.0440661 0.000640406 1 0
231 0.045208 0.000662536 1 0
232 0.0452616 0.000660994 0.999798 0.000201939
233 0.0450289 0.000657719 0.999798 0.000201939
234 0.0458305 0.00066301 0.999798 0.000201939
235 0.0462226 0.000674439 1 0
236 0.0465755 0.000680002 0.999798 0.000201939
237 0.0464622 0.00067959 0.999798 0.000201939
238 0.0466196 0.000677649 1 0
239 0.0466599 0.000679031 1 0
240 0.0462492 0.00067751 1 0
241 0.0463837 0.000683202 0.999798 0.000201939
242 0.0464721 0.000685042 0.999596 0.000285555
243 0.0469032 0.00067675 0.999798 0.000201939
244 0.0474389 0.000686537 0.999596 0.000285555
245 0.0478038 0.000692607 1 0
246 0.0481683 0.000701452 0.999596 0.000285555
247 0.0482254 0.000704643 0.999596 0.000285555
248 0.048047 0.000700916 0.999394 0.000349697
249 0.0485821 0.000708979 0.999798 0.000201939
250 0.0481822 0.000702258 0.999798 0.000201939
251 0.0483814 0.000702992 0.999596 0.000285555
252 0.0494898 0.000715019 0.999394 0.000349697
253 0.0494888 0.000715637 0.999798 0.000201939
254 0.0486719 0.000716068 0.99899 0.000451366
255 0.0494906 0.000718205 0.999798 0.000201939
256 0.0497613 0.00071724 1 0
257 0.0495507 0.000715929 0.999798 0.000201939
258 0.0498312 0.000721195 1 0
259 0.0504025 0.000738458 0.999596 0.000285555
260 0.050251 0.000733853 0.999596 0.000285555
261 0.0510526 0.000736148 1 0
262 0.0510281 0.000739588 0.999798 0.000201939
263 0.0516113 0.000749739 0.999596 0.000285555
264 0.0514214 0.000746149 0.999798 0.000201939
265 0.0514674 0.000750926 0.999798 0.000201939
266 0.0524227 0.000760193 0.999596 0.000285555
267 0.0524575 0.000757595 1 0
268 0.0540423 0.00077892 1 0
269 0.0533009 0.00077419 0.999596 0.000285555
270 0.05406 0.000786682 0.999192 0.000403755
271 0.0541835 0.000777574 1 0
272 0.0543375 0.000783288 0.999798 0.000201939
273 0.0542688 0.000782001 0.999798 0.000201939
274 0.0548842 0.00079717 0.999596 0.000285555
275 0.0552889 0.000800174 0.999596 0.000285555
276 0.0553381 0.000799296 0.999798 0.000201939
277 0.0560966 0.000808657 0.999798 0.000201939
278 0.0561457 0.000812265 0.999596 0.000285555
279 0.0564792 0.000802545 1 0
280 0.0567653 0.000811583 0.999596 0.000285555
281 0.0571547 0.000814395 0.999596 0.000285555
282 0.0571856 0.000816728 0.999596 0.000285555
283 0.0578879 0.000822152 1 0
284 0.0579226 0.000830675 0.999798 0.000201939
285 0.0586528 0.000836256 0.999394 0.000349697
286 0.0590139 0.000839725 0.999798 0.000201939
287 0.0592145 0.00083525 0.999394 0.000349697
288 0.0591297 0.000842512 0.999394 0.000349697
289 0.059577 0.000849846 0.99899 0.000451366
290 0.060348 0.000853857 0.999596 0.000285555
291 0.0603487 0.000864021 0.999192 0.000403755
292 0.0609033 0.000869974 0.999192 0.000403755
293 0.0607074 0.000863948 0.999596 0.000285555
294 0.0620599 0.00088313 0.999596 0.000285555
295 0.0624147 0.000892873 0.999798 0.000201939
296 0.0626616 0.000892017 0.999192 0.000403755
297 0.0632453 0.000904145 0.999394 0.000349697
298 0.0636759 0.000914332 0.999192 0.000403755
299 0.0644209 0.000911998 0.999596 0.000285555
300 0.0644007 0.000912989 0.99899 0.000451366
301 0.0649661 0.000919329 0.99899 0.000451366
302 0.0650462 0.000915749 0.999394 0.000349697
303 0.0660079 0.000935703 0.998384 0.000570765
304 0.065565 0.000929188 0.999192 0.000403755
305 0.0661749 0.000935389 0.99899 0.000451366
306 0.066686 0.000940575 0.999394 0.000349697
307 0.0679653 0.000953384 0.999394 0.000349697
308 0.0677124 0.000954859 0.998586 0.000533956
309 0.0682314 0.000966321 0.998788 0.000494397
310 0.0675087 0.000950999 0.99899 0.000451366
311 0.0680977 0.000971715 0.998384 0.000570765
312 0.0692678 0.00097711 0.998586 0.000533956
313 0.069545 0.000992559 0.997981 0.000638005
314 0.0703642 0.000990814 0.998183 0.000605326
315 0.0705295 0.000992444 0.997981 0.000638005
316 0.0711964 0.001 0.997173 0.000754592
317 0.0723248 0.00101149 0.997173 0.000754592
318 0.0721548 0.00102367 0.997173 0.000754592
319 0.072259 0.00102206 0.997173 0.000754592
320 0.0734528 0.00104698 0.996567 0.000831268
321 0.0740788 0.00105264 0.996567 0.000831268
322 0.0741769 0.00105967 0.995961 0.000901362
323 0.0753075 0.00107201 0.995759 0.000923528
324 0.0757852 0.00107326 0.995961 0.000901362
325 0.0764212 0.00107456 0.995153 0.000986993
326 0.0768729 0.00108173 0.995759 0.000923528
327 0.0773486 0.00109377 0.995153 0.000986993
328 0.0777275 0.00109128 0.996163 0.000878628
329 0.0785945 0.00110544 0.995557 0.000945165
330 0.0782332 0.0011016 0.995153 0.000986993
331 0.0792027 0.00111224 0.994144 0.00108439
332 0.0800327 0.00111685 0.995961 0.000901362
333 0.08029 0.00111803 0.99475 0.00102709
334 0.0811666 0.0011282 0.994952 0.00100724
335 0.0813977 0.00112579 0.995355 0.000966309
336 0.0822673 0.00114655 0.994548 0.00104654
337 0.082766 0.0011516 0.994144 0.00108439
338 0.0836339 0.00116501 0.993134 0.00117356
339 0.0843902 0.00117849 0.992528 0.00122387
340 0.0850525 0.00117421 0.991721 0.0012878
341 0.085696 0.00118994 0.991721 0.0012878
342 0.0866702 0.00120044 0.990307 0.00139242
343 0.0877639 0.00122105 0.988288 0.00152904
344 0.0878249 0.00122898 0.986672 0.00162975
345 0.0886349 0.00123548 0.988288 0.00152904
346 0.0898419 0.00124911 0.987278 0.00159277
347 0.0906383 0.00126298 0.98647 0.00164188
348 0.0908495 0.00126684 0.988086 0.00154201
349 0.0920011 0.00127428 0.988691 0.00150275
350 0.0932567 0.0012894 0.986066 0.00166587
351 0.0940329 0.00129608 0.986874 0.00161752
352 0.0956091 0.00130763 0.986066 0.00166587
353 0.0971228 0.00132596 0.982633 0.00185656
354 0.0980086 0.0013465 0.980008 0.00198928
355 0.0987182 0.00135011 0.982229 0.00187763
356 0.100114 0.00135451 0.978393 0.00206639
357 0.101622 0.00136879 0.978796 0.00204741
358 0.10233 0.00137717 0.9792 0.00202823
359 0.103706 0.0013979 0.97496 0.00222058
360 0.104775 0.00141086 0.974556 0.00223796
361 0.105401 0.00141612 0.971931 0.00234741
362 0.106571 0.00143783 0.971931 0.00234741
363 0.108208 0.001452 0.971325 0.00237186
364 0.109568 0.00145995 0.968296 0.0024901
365 0.10981 0.00147616 0.968901 0.00246697
366 0.111372 0.00149963 0.966276 0.0025655
367 0.113221 0.00151754 0.961632 0.00272989
368 0.114376 0.00153617 0.961026 0.00275049
369 0.116446 0.00154864 0.958199 0.00284431
370 0.117968 0.00156888 0.955775 0.00292189
371 0.120013 0.00159198 0.950727 0.003076
372 0.121812 0.00159832 0.952544 0.00302162
373 0.123046 0.00162707 0.947698 0.00316408
374 0.123813 0.00162732 0.947698 0.00316408
375 0.125043 0.00165043 0.944669 0.00324921
376 0.126954 0.0016684 0.943861 0.00327145
377 0.128359 0.00167966 0.938207 0.00342195
378 0.130282 0.00169692 0.936591 0.0034634
379 0.132261 0.00170076 0.935784 0.00348389
380 0.133034 0.00172064 0.932351 0.00356924
381 0.135136 0.0017459 0.929725 0.00363271
382 0.137588 0.00176318 0.9271 0.00369471
383 0.14095 0.00179201 0.919023 0.00387702
384 0.143298 0.0018182 0.914782 0.00396806
385 0.146132 0.00185217 0.907714 0.00411335
386 0.148533 0.00187169 0.904483 0.00417728
387 0.151414 0.00190093 0.901858 0.00422815
388 0.154224 0.00192045 0.896405 0.00433086
389 0.15637 0.001951 0.888732 0.00446914
390 0.158956 0.00197184 0.884693 0.00453918
391 0.161502 0.002012 0.881058 0.00460069
392 0.163705 0.00202114 0.876414 0.00467728
393 0.166801 0.0020404 0.869548 0.00478659
394 0.170028 0.00206576 0.863288 0.00488242
395 0.173174 0.00208827 0.859451 0.00493945
396 0.175663 0.00211006 0.851373 0.00505548
397 0.179774 0.00214046 0.842892 0.00517177
398 0.183189 0.0021655 0.832997 0.00530075
399 0.18736 0.00219721 0.822698 0.00542789
400 0.191682 0.00222907 0.813813 0.00553211
401 0.19588 0.00226988 0.800081 0.00568392
402 0.199609 0.00229741 0.801898 0.00566444
403 0.203559 0.00232845 0.791195 0.00577651
404 0.207528 0.00235635 0.784935 0.00583922
405 0.210705 0.00239182 0.776858 0.00591718
406 0.216366 0.00243906 0.766155 0.00601556
407 0.219919 0.00248136 0.756664 0.00609829
408 0.222324 0.00250613 0.752827 0.00613058
409 0.226098 0.00253414 0.742932 0.00621086
410 0.229217 0.00255223 0.739701 0.00623617
411 0.232353 0.00258468 0.734451 0.00627635
412 0.235132 0.00260813 0.729604 0.00631244
413 0.239524 0.00263414 0.720719 0.00637613
414 0.24149 0.00264638 0.713853 0.00642322
415 0.244854 0.00265265 0.701131 0.00650569
416 0.249083 0.00268303 0.695073 0.00654285
417 0.252207 0.00270803 0.687803 0.00658567
418 0.256206 0.00273511 0.683966 0.00660751
419 0.25894 0.00274285 0.6771 0.00664529
420 0.262173 0.00276887 0.667003 0.00669788
421 0.264088 0.00280215 0.661349 0.00672582
422 0.26685 0.00281719 0.65731 0.00674511
423 0.268696 0.00283195 0.655493 0.00675362
424 0.270626 0.00284477 0.650242 0.00677758
425 0.273438 0.00286709 0.648021 0.00678745
426 0.27645 0.0028848 0.635501 0.00684006
427 0.279512 0.00289493 0.63227 0.00685282
428 0.281738 0.00291721 0.625 0.00688033
429 0.284482 0.00293801 0.628433 0.00686755
430 0.287379 0.00294024 0.61975 0.00689916
431 0.290009 0.00296499 0.609249 0.00693427
432 0.292522 0.00297278 0.608037 0.00693811
433 0.294904 0.00297356 0.601575 0.0069578
434 0.297188 0.00299402 0.604604 0.00694873
435 0.299545 0.00301983 0.5937 0.00698008
436 0.301562 0.00303441 0.59168 0.0069855
437 0.30354 0.00306144 0.590267 0.00698921
438 0.304423 0.00307167 0.589055 0.00699235
439 0.306396 0.00309096 0.58643 0.006999
440 0.308997 0.00310008 0.577342 0.00702044
441 0.31161 0.00310728 0.57189 0.00703214
442 0.314215 0.00312234 0.571688 0.00703256
443 0.317553 0.00312304 0.561591 0.00705185
444 0.320317 0.00312722 0.557351 0.00705907
445 0.322797 0.00312916 0.55412 0.00706422
446 0.324797 0.00313235 0.546244 0.00707552
447 0.327094 0.0031472 0.536551 0.00708696
448 0.32944 0.00315809 0.529281 0.00709378
449 0.331495 0.00315643 0.532714 0.00709075
450 0.333828 0.00317702 0.529887 0.00709327
451 0.334142 0.00318409 0.531906 0.00709149
452 0.336124 0.00319746 0.526454 0.00709602
453 0.338112 0.00320547 0.519386 0.00710063
454 0.340555 0.00321289 0.514943 0.0071028
455 0.34261 0.00322842 0.51252 0.00710374
456 0.344362 0.00323893 0.508481 0.00710495
457 0.346754 0.00324457 0.503837 0.00710576
458 0.348345 0.00325519 0.501212 0.00710595
459 0.349377 0.00324936 0.498788 0.00710595
460 0.350631 0.00324863 0.495961 0.00710574
461 0.352925 0.00324411 0.489297 0.00710434
462 0.354797 0.0032685 0.492124 0.00710509
463 0.356356 0.00327486 0.486672 0.00710345
464 0.358754 0.00328149 0.485258 0.00710288
465 0.360606 0.00329435 0.479806 0.00710017
466 0.362562 0.00329797 0.476979 0.00709844
467 0.363794 0.00330354 0.475969 0.00709776
468 0.365552 0.00332388 0.473748 0.00709617
469 0.367802 0.00333097 0.470921 0.00709395
470 0.368223 0.00331386 0.470315 0.00709344
471 0.370635 0.00332608 0.468901 0.00709221
472 0.371656 0.00334075 0.46668 0.00709018
473 0.372703 0.00333712 0.462036 0.00708546
474 0.37471 0.00334126 0.457997 0.00708085
475 0.376221 0.00335749 0.461228 0.00708458
476 0.376974 0.00335274 0.455372 0.00707761
477 0.378687 0.00334551 0.450121 0.00707053
478 0.380122 0.00335686 0.447092 0.00706608
479 0.382457 0.00336073 0.44164 0.0070574
480 0.384 0.00337471 0.438813 0.00705256
481 0.385256 0.00337234 0.440024 0.00705467
482 0.386241 0.00338153 0.438207 0.0070515
483 0.386808 0.00339039 0.441236 0.00705673
484 0.388301 0.00337296 0.434572 0.00704487
485 0.389745 0.00337032 0.430331 0.00703665
486 0.39135 0.00336792 0.425889 0.00702748
487 0.392568 0.00337433 0.425485 0.00702662
488 0.393408 0.00338021 0.42084 0.00701635
489 0.394029 0.00337795 0.418215 0.00701027
490 0.395506 0.00338006 0.416801 0.00700691
491 0.396844 0.0033858 0.416397 0.00700594
492 0.397649 0.00338166 0.411955 0.00699493
493 0.399059 0.00338635 0.41559 0.00700398
494 0.400603 0.00340247 0.412157 0.00699545
495 0.402558 0.00342226 0.409128 0.00698763
496 0.404784 0.00343012 0.406099 0.00697953
497 0.40568 0.00342759 0.40832 0.0069855
498 0.406234 0.0034354 0.406704 0.00698118
499 0.407333 0.0034426 0.401656 0.00696717
500 0.408562 0.00344303 0.397213 0.0069542
501 0.409629 0.00343988 0.398021 0.0069566
502 0.410086 0.00344321 0.397213 0.0069542
503 0.41094 0.00345433 0.395194 0.00694811
504 0.412218 0.00345418 0.391559 0.00693684
505 0.413719 0.0034582 0.392771 0.00694064
506 0.414506 0.0034644 0.389338 0.00692975
507 0.415155 0.00348649 0.393578 0.00694315
508 0.416436 0.00348703 0.38853 0.00692713
509 0.417237 0.00349532 0.387722 0.0069245
510 0.418507 0.00348262 0.383481 0.00691033
511 0.420561 0.0034878 0.381866 0.00690479
512 0.421408 0.00349498 0.378231 0.00689202
513 0.422454 0.00350322 0.376817 0.00688695
514 0.42346 0.00351 0.376817 0.00688695
515 0.42412 0.00350793 0.372779 0.0068721
516 0.424993 0.00350572 0.370961 0.00686525
517 0.426638 0.00350797 0.365711 0.00684488
518 0.427568 0.00350386 0.366115 0.00684648
519 0.428484 0.00349911 0.364297 0.00683925
520 0.428822 0.00349241 0.364499 0.00684006
521 0.42851 0.00349421 0.368538 0.00685596
522 0.429954 0.00349775 0.364297 0.00683925
523 0.430447 0.00350155 0.365509 0.00684408
524 0.430721 0.00350122 0.356422 0.00680669
525 0.430652 0.00351732 0.353191 0.00679276
526 0.431845 0.00351836 0.357431 0.00681098
527 0.432493 0.00352449 0.361066 0.00682614
528 0.433097 0.00352254 0.36046 0.00682364
529 0.433373 0.00353635 0.363893 0.00683763
530 0.434595 0.00352578 0.358441 0.00681523
531 0.43602 0.00351387 0.358239 0.00681438
532 0.435697 0.00350533 0.356624 0.00680755
533 0.437153 0.00350632 0.350565 0.00678119
534 0.438721 0.00350239 0.348748 0.00677304
535 0.439685 0.00350675 0.347132 0.00676571
536 0.440215 0.00351191 0.342892 0.00674606
537 0.441302 0.00350799 0.342488 0.00674416
538 0.441566 0.00350676 0.342892 0.00674606
539 0.443687 0.00351636 0.339257 0.00672875
540 0.444917 0.0035188 0.338247 0.00672386
541 0.444985 0.00352557 0.334208 0.00670396
542 0.445842 0.00353106 0.33643 0.00671497
543 0.445943 0.00353406 0.335016 0.00670798
544 0.447099 0.00353596 0.332391 0.00669483
545 0.447572 0.00353312 0.333401 0.00669991
546 0.44746 0.00354247 0.337439 0.00671992
547 0.448047 0.00353111 0.338449 0.00672484
548 0.448991 0.00352433 0.332391 0.00669483
549 0.450302 0.00353764 0.330372 0.00668454
550 0.451622 0.00353745 0.331987 0.00669278
551 0.453564 0.00354843 0.32815 0.00667307
552 0.453649 0.00354713 0.324313 0.00665286
553 0.454039 0.003558 0.327948 0.00667202
554 0.455316 0.0035466 0.321284 0.00663655
555 0.455542 0.00354614 0.317044 0.00661317
556 0.455877 0.00354639 0.317246 0.0066143
557 0.456108 0.00354414 0.320275 0.00663104
558 0.456946 0.0035534 0.315024 0.00660181
559 0.458074 0.00355488 0.317447 0.00661542
560 0.457784 0.00355153 0.314216 0.00659723
561 0.458838 0.00354407 0.313813 0.00659493
562 0.45912 0.00354563 0.316034 0.00660751
563 0.459082 0.00354437 0.311793 0.00658334
564 0.459198 0.00352339 0.306745 0.00655373
565 0.460002 0.00352477 0.310582 0.00657632
566 0.460315 0.0035235 0.313813 0.00659493
567 0.460987 0.00350699 0.310178 0.00657397
568 0.462426 0.00351182 0.302908 0.00653061
569 0.462537 0.00352864 0.304321 0.00653919
570 0.462541 0.00353113 0.301696 0.0065232
571 0.462697 0.00353247 0.303312 0.00653307
572 0.462539 0.00354144 0.306745 0.00655373
573 0.463178 0.003549 0.302706 0.00652938
574 0.463168 0.00355413 0.302706 0.00652938
575 0.463719 0.00355202 0.303312 0.00653307
576 0.46303 0.00353314 0.303716 0.00653552
577 0.464546 0.00353682 0.304725 0.00654163
578 0.464304 0.00355033 0.306947 0.00655493
579 0.46471 0.00355814 0.306947 0.00655493
580 0.465324 0.00355785 0.305129 0.00654406
581 0.465815 0.00357396 0.305129 0.00654406
582 0.465321 0.0035858 0.30311 0.00653184
583 0.465727 0.00357098 0.303716 0.00653552
584 0.466928 0.0035617 0.301696 0.0065232
585 0.467715 0.00356636 0.299677 0.00651073
586 0.467911 0.00357392 0.302302 0.00652691
587 0.468683 0.00357887 0.30412 0.00653797
588 0.468707 0.0035865 0.304523 0.00654041
589 0.46913 0.00358319 0.299677 0.00651073
590 0.469458 0.00357436 0.301292 0.00652072
591 0.469522 0.00358246 0.299879 0.00651198
592 0.470471 0.00358206 0.299071 0.00650695
593 0.470473 0.0035686 0.299273 0.00650821
594 0.471082 0.00356376 0.296648 0.00649173
595 0.471794 0.00356139 0.295032 0.00648146
596 0.473517 0.0035677 0.294628 0.00647888
597 0.473422 0.00357762 0.293821 0.00647369
598 0.47447 0.00356864 0.290792 0.00645404
599 0.475143 0.0035675 0.292811 0.00646718
600 0.475922 0.00358006 0.294225 0.00647629
601 0.474656 0.0035816 0.29685 0.00649301
602 0.475545 0.00358119 0.29584 0.00648661
603 0.475746 0.00356591 0.290186 0.00645006
604 0.477152 0.00356575 0.291397 0.006458
605 0.477925 0.00357636 0.286147 0.00642322
606 0.477666 0.0035832 0.288772 0.00644074
607 0.477611 0.00357903 0.285743 0.0064205
608 0.478245 0.00359323 0.283724 0.00640681
609 0.477804 0.00358586 0.287359 0.00643134
610 0.477682 0.00358905 0.28857 0.0064394
611 0.478831 0.00357446 0.287964 0.00643537
612 0.478527 0.00357034 0.287763 0.00643403
613 0.478821 0.0035728 0.287561 0.00643268
614 0.478408 0.0035631 0.28857 0.0064394
615 0.478857 0.00356675 0.289984 0.00644874
616 0.478559 0.00357115 0.292003 0.00646194
617 0.478773 0.00356964 0.294426 0.00647758
618 0.477943 0.00357376 0.288974 0.00644207
619 0.478679 0.00358972 0.288974 0.00644207
620 0.47971 0.00358645 0.289176 0.00644341
621 0.479875 0.00359712 0.285339 0.00641777
622 0.47934 0.00360724 0.287964 0.00643537
623 0.479035 0.00359884 0.286147 0.00642322
624 0.479304 0.00360175 0.286955 0.00642864
625 0.479522 0.00358395 0.292003 0.00646194
626 0.479937 0.00358333 0.288974 0.00644207
627 0.480367 0.00358806 0.290994 0.00645536
628 0.480797 0.00357189 0.284733 0.00641367
629 0.481821 0.00358364 0.28433 0.00641093
630 0.482822 0.00358868 0.281906 0.00639435
631 0.482977 0.00359838 0.289176 0.00644341
632 0.482317 0.00359784 0.289782 0.00644741
633 0.4834 0.0036003 0.284733 0.00641367
634 0.483975 0.00359655 0.284532 0.0064123
635 0.484291 0.00359287 0.286551 0.00642593
636 0.483796 0.00359122 0.282714 0.0063999
637 0.48348 0.0035776 0.284532 0.0064123
638 0.483096 0.00358083 0.28231 0.00639713
639 0.484573 0.00356665 0.280291 0.00638317
640 0.48523 0.00357221 0.282714 0.0063999
641 0.485257 0.00358177 0.284128 0.00640956
642 0.484191 0.0035736 0.28332 0.00640405
643 0.483916 0.00357636 0.280897 0.00638738
644 0.483214 0.00357046 0.280493 0.00638457
645 0.483676 0.00357925 0.281906 0.00639435
646 0.484487 0.00358831 0.280897 0.00638738
647 0.484616 0.00359135 0.284128 0.00640956
648 0.485028 0.00358612 0.278675 0.00637189
649 0.484421 0.00357315 0.281906 0.00639435
650 0.485341 0.00357949 0.281502 0.00639157
651 0.485055 0.00357332 0.280897 0.00638738
652 0.48574 0.00357191 0.281099 0.00638877
653 0.48668 0.00356923 0.277868 0.00636621
654 0.48537 0.00355712 0.283724 0.00640681
655 0.485929 0.00356068 0.276252 0.00635477
656 0.487087 0.00356701 0.279079 0.00637472
657 0.486067 0.0035606 0.281704 0.00639296
658 0.486499 0.0035586 0.2813 0.00639017
659 0.486921 0.00354798 0.277868 0.00636621
660 0.486858 0.00355692 0.277666 0.00636478
661 0.4869 0.00356181 0.279079 0.00637472
662 0.486987 0.00355049 0.276252 0.00635477
663 0.487419 0.00354152 0.275444 0.00634901
664 0.486828 0.00354139 0.276454 0.00635621
665 0.487408 0.00353254 0.272819 0.00633012
666 0.487893 0.00353302 0.271405 0.00631984
667 0.488126 0.00354567 0.273021 0.00633159
668 0.489825 0.00353942 0.276252 0.00635477
669 0.49118 0.00351746 0.269386 0.006305
670 0.491857 0.00353913 0.270194 0.00631095
671 0.491864 0.00353525 0.267569 0.00629151
672 0.490818 0.00353339 0.269992 0.00630947
673 0.490412 0.00352907 0.268174 0.00629602
674 0.49064 0.00352267 0.271002 0.00631688
675 0.490383 0.00353031 0.268376 0.00629752
676 0.490514 0.00353499 0.272213 0.00632572
677 0.491041 0.00355079 0.272617 0.00632866
678 0.491156 0.00353687 0.26979 0.00630798
679 0.490212 0.00353874 0.272415 0.00632719
680 0.489602 0.0035454 0.274435 0.00634178
681 0.489279 0.00355382 0.275242 0.00634757
682 0.490096 0.00356086 0.274435 0.00634178
683 0.489517 0.00356138 0.273627 0.00633596
684 0.490344 0.00356225 0.270396 0.00631244
685 0.490726 0.00354294 0.26878 0.00630052
686 0.490165 0.00354385 0.273627 0.00633596
687 0.490067 0.00354105 0.273223 0.00633305
688 0.489798 0.00353853 0.270194 0.00631095
689 0.491278 0.00355855 0.270194 0.00631095
690 0.491675 0.00357624 0.271809 0.00632278
691 0.491142 0.00357247 0.269992 0.00630947
692 0.49028 0.00355723 0.2708 0.0063154
693 0.490387 0.00353894 0.271204 0.00631836
694 0.490557 0.0035329 0.275242 0.00634757
695 0.491103 0.0035397 0.26878 0.00630052
696 0.491995 0.00354959 0.270194 0.00631095
697 0.491802 0.00357569 0.26979 0.00630798
698 0.492781 0.00356998 0.268376 0.00629752
699 0.493095 0.00356901 0.268376 0.00629752
700 0.493067 0.00355195 0.267367 0.00629
701 0.493771 0.00354867 0.263732 0.00626257
702 0.492379 0.00353857 0.268376 0.00629752
703 0.492406 0.00354263 0.271204 0.00631836
704 0.493339 0.00355197 0.272819 0.00633012
705 0.491751 0.00355045 0.272819 0.00633012
706 0.490849 0.0035513 0.274233 0.00634033
707 0.490541 0.00355304 0.270598 0.00631392
708 0.490572 0.00354618 0.274233 0.00634033
709 0.489988 0.0035546 0.272819 0.00633012
710 0.49067 0.0035547 0.275242 0.00634757
711 0.490677 0.00355846 0.274637 0.00634323
712 0.490945 0.00355323 0.273223 0.00633305
713 0.490647 0.00353781 0.275848 0.0063519
714 0.490639 0.00354811 0.271405 0.00631984
715 0.490605 0.00354285 0.271809 0.00632278
716 0.490895 0.00354168 0.272819 0.00633012
717 0.490869 0.00355304 0.272415 0.00632719
718 0.49137 0.00356289 0.27504 0.00634613
719 0.491146 0.00355747 0.270396 0.00631244
720 0.491055 0.00355032 0.274233 0.00634033
721 0.490132 0.00355505 0.272415 0.00632719
722 0.489895 0.00355634 0.277666 0.00636478
723 0.490464 0.00356261 0.274637 0.00634323
724 0.491939 0.00355801 0.269588 0.00630649
725 0.491549 0.00356811 0.2708 0.0063154
726 0.492535 0.00356111 0.270194 0.00631095
727 0.49365 0.00355978 0.264338 0.00626718
728 0.493952 0.00355663 0.267569 0.00629151
729 0.494852 0.00356546 0.268376 0.00629752
730 0.494822 0.00356846 0.265953 0.0062794
731 0.495282 0.00357103 0.262722 0.00625486
732 0.495609 0.00357041 0.263732 0.00626257
733 0.496025 0.00356538 0.260299 0.00623617
734 0.495692 0.0035603 0.265751 0.00627788
735 0.494985 0.00355581 0.267569 0.00629151
736 0.494256 0.00356171 0.266761 0.00628547
737 0.494628 0.00355075 0.263126 0.00625795
738 0.494231 0.0035507 0.262318 0.00625176
739 0.495722 0.00356063 0.265549 0.00627635
740 0.495854 0.00355233 0.263328 0.00625949
741 0.49562 0.00355743 0.262722 0.00625486
742 0.494636 0.00355441 0.266963 0.00628698
743 0.493411 0.00355331 0.267973 0.00629452
744 0.493419 0.00355857 0.271405 0.00631984
745 0.493035 0.00355608 0.273627 0.00633596
746 0.492321 0.00355884 0.272819 0.00633012
747 0.491971 0.00355336 0.267973 0.00629452
748 0.492332 0.00356161 0.273425 0.00633451
749 0.491982 0.00356639 0.269386 0.006305
750 0.491512 0.0035646 0.270194 0.00631095
751 0.490681 0.00356974 0.27706 0.0063605
752 0.490847 0.00357484 0.273425 0.00633451
753 0.489886 0.00357297 0.27605 0.00635333
754 0.490967 0.00355471 0.276858 0.00635907
755 0.490993 0.00354224 0.273425 0.00633451
756 0.491168 0.00354353 0.26979 0.00630798
757 0.49158 0.00353722 0.268982 0.00630201
758 0.491348 0.00353173 0.270598 0.00631392
759 0.490044 0.00353494 0.274031 0.00633888
760 0.490273 0.00353443 0.275848 0.0063519
761 0.490272 0.00351623 0.276252 0.00635477
762 0.490686 0.00351765 0.271809 0.00632278
763 0.490486 0.0035259 0.271002 0.00631688
764 0.489576 0.00351637 0.271405 0.00631984
765 0.489906 0.00351892 0.273223 0.00633305
766 0.489266 0.00352266 0.274233 0.00634033
767 0.488747 0.00351814 0.271607 0.00632131
768 0.489068 0.00352221 0.272011 0.00632425
769 0.488986 0.00351393 0.277868 0.00636621
770 0.489027 0.00350904 0.274233 0.00634033
771 0.489166 0.00351118 0.273829 0.00633742
772 0.48977 0.00351222 0.276454 0.00635621
773 0.490227 0.00352277 0.274031 0.00633888
774 0.490477 0.00352729 0.275848 0.0063519
775 0.491085 0.00352491 0.274435 0.00634178
776 0.490733 0.00352305 0.277464 0.00636336
777 0.492014 0.0035285 0.273021 0.00633159
778 0.492465 0.00351502 0.268982 0.00630201
779 0.492723 0.00351493 0.272213 0.00632572
780 0.49262 0.00351957 0.274031 0.00633888
781 0.492393 0.00352207 0.269386 0.006305
782 0.492082 0.00353049 0.272213 0.00632572
783 0.492025 0.00353115 0.271809 0.00632278
784 0.49255 0.00353444 0.269386 0.006305
785 0.49196 0.00352778 0.271809 0.00632278
786 0.491645 0.00353796 0.270194 0.00631095
787 0.491475 0.00354167 0.271405 0.00631984
788 0.491088 0.0035361 0.274838 0.00634468
789 0.491302 0.0035237 0.266963 0.00628698
790 0.491426 0.00351392 0.2708 0.0063154
791 0.49046 0.00350961 0.270396 0.00631244
792 0.489355 0.00351428 0.272213 0.00632572
793 0.489619 0.00350438 0.272011 0.00632425
794 0.490046 0.00350394 0.271204 0.00631836
795 0.48936 0.00349506 0.271204 0.00631836
796 0.489693 0.00349696 0.270598 0.00631392
797 0.48958 0.00349463 0.27504 0.00634613
798 0.489063 0.00349655 0.26979 0.00630798
799 0.488301 0.00349469 0.272415 0.00632719
800 0.489163 0.0034951 0.271204 0.00631836
801 0.489596 0.00350532 0.270396 0.00631244
802 0.490139 0.00350131 0.26979 0.00630798
803 0.490559 0.00351019 0.271809 0.00632278
804 0.49003 0.00350458 0.269184 0.00630351
805 0.490364 0.00350054 0.266963 0.00628698
806 0.490375 0.00349006 0.267569 0.00629151
807 0.491478 0.0034831 0.269184 0.00630351
808 0.490999 0.00347751 0.267569 0.00629151
809 0.49204 0.00349394 0.270396 0.00631244
810 0.493067 0.00348259 0.261511 0.00624554
811 0.494161 0.00347239 0.272011 0.00632425
812 0.493233 0.00347762 0.269588 0.00630649
813 0.492694 0.00347591 0.268376 0.00629752
814 0.493026 0.00347179 0.267165 0.00628849
815 0.493343 0.00346834 0.261309 0.00624399
816 0.492264 0.00346816 0.265549 0.00627635
817 0.493342 0.00346262 0.258683 0.00622357
818 0.493474 0.00345588 0.261914 0.00624866
819 0.494049 0.00345946 0.260299 0.00623617
820 0.494803 0.00346723 0.260097 0.0062346
821 0.494258 0.00347751 0.262722 0.00625486
822 0.4936 0.00346973 0.260299 0.00623617
823 0.494461 0.00347839 0.257876 0.00621723
824 0.493991 0.00349445 0.260905 0.00624086
825 0.493746 0.00349819 0.261309 0.00624399
826 0.493103 0.00349742 0.26353 0.00626103
827 0.493682 0.00351591 0.266357 0.00628243
828 0.493545 0.00351954 0.261511 0.00624554
829 0.493625 0.00351182 0.26353 0.00626103
830 0.493792 0.00352133 0.262924 0.0062564
831 0.493655 0.00351804 0.266761 0.00628547
832 0.494536 0.00351324 0.265549 0.00627635
833 0.494121 0.00351075 0.266357 0.00628243
834 0.49525 0.00351502 0.266357 0.00628243
835 0.495293 0.00351364 0.262318 0.00625176
836 0.495658 0.00352406 0.26353 0.00626103
837 0.494773 0.00351841 0.265953 0.0062794
838 0.495217 0.00351253 0.264742 0.00627025
839 0.49558 0.0035039 0.261511 0.00624554
840 0.495135 0.00350832 0.261712 0.0062471
841 0.49578 0.00351784 0.261712 0.0062471
842 0.494808 0.00352915 0.268982 0.00630201
843 0.494874 0.00352678 0.267569 0.00629151
844 0.494962 0.00354 0.267973 0.00629452
845 0.496001 0.00353836 0.265347 0.00627483
846 0.496022 0.00352886 0.257068 0.00621086
847 0.496132 0.00352975 0.258683 0.00622357
848 0.496188 0.00353094 0.261712 0.0062471
849 0.49732 0.00353615 0.259289 0.00622831
850 0.497717 0.00354017 0.262924 0.0062564
851 0.497672 0.00353864 0.257674 0.00621564
852 0.497544 0.00354051 0.258885 0.00622515
853 0.496714 0.00355301 0.258683 0.00622357
854 0.49587 0.00352943 0.260501 0.00623774
855 0.496014 0.00351773 0.258885 0.00622515
856 0.495144 0.00352145 0.259693 0.00623146
857 0.494522 0.00353546 0.264338 0.00626718
858 0.495076 0.00353978 0.264742 0.00627025
859 0.494484 0.00353506 0.263934 0.00626411
860 0.495364 0.00351031 0.265549 0.00627635
861 0.495284 0.00351157 0.265953 0.0062794
862 0.493792 0.00351766 0.260905 0.00624086
863 0.494955 0.00351631 0.262924 0.0062564
864 0.495405 0.00352267 0.256462 0.00620607
865 0.495594 0.00352095 0.257876 0.00621723
866 0.496045 0.00351021 0.259087 0.00622673
867 0.496125 0.00351255 0.26252 0.00625331
868 0.495926 0.00351689 0.264136 0.00626565
869 0.4978 0.0035231 0.260905 0.00624086
870 0.497098 0.00351427 0.261914 0.00624866
871 0.497441 0.00350396 0.262924 0.0062564
872 0.497362 0.00352285 0.265347 0.00627483
873 0.49695 0.00353177 0.264742 0.00627025
874 0.497212 0.0035289 0.264943 0.00627178
875 0.497331 0.00353411 0.261914 0.00624866
876 0.497646 0.00352834 0.259289 0.00622831
877 0.497569 0.00352308 0.257674 0.00621564
878 0.49832 0.00352131 0.257876 0.00621723
879 0.498858 0.00351607 0.257472 0.00621405
880 0.499977 0.00351161 0.256866 0.00620927
881 0.49865 0.00351138 0.257068 0.00621086
882 0.49944 0.00351467 0.253029 0.00617861
883 0.499796 0.0035195 0.256462 0.00620607
884 0.499717 0.00350536 0.255654 0.00619965
885 0.499523 0.0034869 0.252625 0.00617534
886 0.498952 0.00349357 0.253635 0.00618349
887 0.497528 0.0034858 0.256866 0.00620927
888 0.497917 0.00348118 0.253837 0.00618511
889 0.497514 0.00349114 0.25626 0.00620447
890 0.497477 0.00349274 0.258885 0.00622515
891 0.497851 0.00349413 0.262722 0.00625486
892 0.497996 0.00350187 0.258481 0.00622199
893 0.498267 0.00349279 0.253029 0.00617861
894 0.497798 0.00348068 0.25626 0.00620447
895 0.498641 0.00348197 0.255654 0.00619965
896 0.499278 0.00347876 0.260097 0.0062346
897 0.499486 0.00347771 0.258078 0.00621882
898 0.498444 0.00349147 0.258885 0.00622515
899 0.498048 0.00349 0.258078 0.00621882
900 0.497983 0.00349102 0.257472 0.00621405
901 0.498195 0.0034897 0.252625 0.00617534
902 0.497618 0.00347264 0.254039 0.00618674
903 0.497884 0.00347762 0.25525 0.00619643
904 0.49753 0.00348701 0.259693 0.00623146
905 0.49874 0.00349741 0.260905 0.00624086
906 0.497385 0.00349578 0.261712 0.0062471
907 0.497777 0.00350669 0.258683 0.00622357
908 0.497668 0.00350685 0.257472 0.00621405
909 0.497426 0.00350115 0.259087 0.00622673
910 0.497992 0.00348569 0.254645 0.00619159
911 0.498092 0.00349393 0.251212 0.00616386
912 0.498935 0.003488 0.248788 0.00614398
913 0.498144 0.00349077 0.252625 0.00617534
914 0.498042 0.00349421 0.255856 0.00620126
915 0.49844 0.00349997 0.259693 0.00623146
916 0.496952 0.00350191 0.258683 0.00622357
917 0.497872 0.00349066 0.256462 0.00620607
918 0.498305 0.00349205 0.253433 0.00618186
919 0.49815 0.00348716 0.259491 0.00622988
920 0.498488 0.00348358 0.258078 0.00621882
921 0.498928 0.00348369 0.259289 0.00622831
922 0.498049 0.0034759 0.257876 0.00621723
923 0.498298 0.00349406 0.263934 0.00626411
924 0.499049 0.00349818 0.258481 0.00622199
925 0.499331 0.00349723 0.253837 0.00618511
926 0.500047 0.00349665 0.252827 0.00617698
927 0.499923 0.00349953 0.253433 0.00618186
928 0.500008 0.00350314 0.250404 0.00615726
929 0.500373 0.00351075 0.252019 0.00617043
930 0.499284 0.0035068 0.254039 0.00618674
931 0.499008 0.0035066 0.256058 0.00620287
932 0.499101 0.00349449 0.253029 0.00617861
933 0.499116 0.00349858 0.257472 0.00621405
934 0.499031 0.00348094 0.252221 0.00617207
935 0.498913 0.00350377 0.256664 0.00620767
936 0.499019 0.00351975 0.254443 0.00618998
937 0.499291 0.00350314 0.25626 0.00620447
938 0.499793 0.00349408 0.254039 0.00618674
939 0.499927 0.00348549 0.250606 0.00615892
940 0.498265 0.00347637 0.254039 0.00618674
941 0.497369 0.00347691 0.25626 0.00620447
942 0.498976 0.0034781 0.25727 0.00621246
943 0.498992 0.00348383 0.254645 0.00619159
944 0.498846 0.00348637 0.257876 0.00621723
945 0.499717 0.00347912 0.258683 0.00622357
946 0.500062 0.00346898 0.252625 0.00617534
947 0.50075 0.00347293 0.247981 0.00613729
948 0.500661 0.00348129 0.24899 0.00614565
949 0.501387 0.00348832 0.250606 0.00615892
950 0.501656 0.00348922 0.251212 0.00616386
951 0.501322 0.00351 0.249192 0.00614731
952 0.500928 0.00350313 0.255452 0.00619805
953 0.500906 0.00350082 0.252019 0.00617043
954 0.501387 0.00351332 0.254241 0.00618836
955 0.501645 0.00352561 0.25525 0.00619643
956 0.50142 0.00352782 0.253837 0.00618511
957 0.501735 0.00351448 0.252625 0.00617534
958 0.501129 0.00352544 0.252221 0.00617207
959 0.501994 0.00352477 0.252221 0.00617207
960 0.501542 0.00353499 0.252625 0.00617534
961 0.500051 0.00352228 0.258078 0.00621882
962 0.500183 0.00353665 0.253837 0.00618511
963 0.500455 0.00352866 0.256664 0.00620767
964 0.500339 0.0035151 0.250202 0.00615561
965 0.499069 0.00352284 0.256462 0.00620607
966 0.498602 0.00352306 0.258683 0.00622357
967 0.499528 0.00353111 0.262318 0.00625176
968 0.498505 0.00353022 0.26454 0.00626871
969 0.498812 0.0035182 0.261309 0.00624399
970 0.499304 0.0035231 0.26353 0.00626103
971 0.498735 0.00352663 0.26252 0.00625331
972 0.499099 0.00352325 0.260703 0.0062393
973 0.499048 0.00351678 0.263126 0.00625795
974 0.49845 0.00352458 0.258078 0.00621882
975 0.498956 0.00353426 0.259087 0.00622673
976 0.499185 0.00353053 0.260501 0.00623774
977 0.498709 0.00351723 0.258481 0.00622199
978 0.499763 0.00352625 0.257876 0.00621723
979 0.500311 0.00352545 0.259087 0.00622673
980 0.500127 0.00352716 0.259087 0.00622673
981 0.49989 0.00353713 0.259289 0.00622831
982 0.500556 0.00353713 0.259693 0.00623146
983 0.500673 0.00354164 0.259289 0.00622831
984 0.500996 0.00354618 0.25727 0.00621246
985 0.501399 0.00354749 0.261914 0.00624866
986 0.500917 0.00354652 0.258481 0.00622199
987 0.501527 0.00353226 0.254039 0.00618674
988 0.50076 0.0035308 0.252423 0.00617371
989 0.501075 0.00351753 0.250202 0.00615561
990 0.502489 0.00351488 0.247577 0.00613394
991 0.501876 0.0035133 0.24899 0.00614565
992 0.501851 0.00351699 0.248384 0.00614064
993 0.502856 0.00352077 0.246365 0.00612384
994 0.502442 0.00351822 0.245153 0.00611367
995 0.502635 0.00350391 0.242932 0.00609486
996 0.501308 0.00350331 0.249394 0.00614897
997 0.501532 0.00350309 0.247779 0.00613562
998 0.501742 0.00349722 0.246567 0.00612553
999 0.501401 0.00350864 0.248183 0.00613897
