#sample=2781
0 0.00159877 0.000209725 1 0
1 0.00271873 0.000524627 0.997483 0.00095034
2 0.00261574 0.000438363 0.998562 0.000718778
3 0.00216664 0.000402839 0.998562 0.000718778
4 0.00282582 0.000501072 0.997123 0.00101577
5 0.00267418 0.00048983 0.997483 0.00095034
6 0.00273075 0.000483039 0.997843 0.000880002
7 0.00232936 0.000361488 0.998562 0.000718778
8 0.00301568 0.00047948 0.998202 0.000803473
9 0.00328693 0.000562641 0.996764 0.0010772
10 0.00289881 0.000521394 0.997483 0.00095034
11 0.00319874 0.000488771 0.997483 0.00095034
12 0.00304977 0.000422216 0.998562 0.000718778
13 0.0031417 0.000514381 0.997843 0.000880002
14 0.00340785 0.000509035 0.997843 0.000880002
15 0.00376512 0.000543111 0.997123 0.00101577
16 0.00327463 0.0004616 0.997843 0.000880002
17 0.00387718 0.000539483 0.996764 0.0010772
18 0.0044813 0.000651522 0.996045 0.00119045
19 0.00427397 0.000635357 0.996404 0.00113526
20 0.00419864 0.00060829 0.997123 0.00101577
21 0.0042523 0.000573503 0.996764 0.0010772
22 0.00552183 0.000775082 0.994966 0.00134229
23 0.00396953 0.000489607 0.997483 0.00095034
24 0.00467623 0.000584658 0.997123 0.00101577
25 0.00420845 0.000466613 0.998562 0.000718778
26 0.00612327 0.000780067 0.995325 0.00129369
27 0.00592829 0.000727058 0.995325 0.00129369
28 0.00508262 0.000515608 0.997843 0.000880002
29 0.00558633 0.000614711 0.996764 0.0010772
30 0.0063336 0.000714887 0.995685 0.00124316
31 0.00628581 0.000713279 0.995325 0.00129369
32 0.00628957 0.000675923 0.996045 0.00119045
33 0.00628523 0.000628861 0.996404 0.00113526
34 0.00712532 0.000792259 0.996045 0.00119045
35 0.00645971 0.000570916 0.997483 0.00095034
36 0.00691721 0.000652915 0.996404 0.00113526
37 0.00724471 0.00069124 0.995685 0.00124316
38 0.00746669 0.000678144 0.995685 0.00124316
39 0.00737499 0.000665118 0.996764 0.0010772
40 0.00807747 0.000720382 0.994966 0.00134229
41 0.00772374 0.00060759 0.996764 0.0010772
42 0.009087 0.000876448 0.994606 0.00138915
43 0.0073159 0.000466821 0.998202 0.000803473
44 0.00795907 0.00059937 0.997123 0.00101577
45 0.00994817 0.000877139 0.993528 0.00152091
46 0.00913828 0.000745191 0.996404 0.00113526
47 0.00931857 0.000763905 0.996045 0.00119045
48 0.00981467 0.000765606 0.995685 0.00124316
49 0.00898082 0.000584964 0.997123 0.00101577
50 0.00949874 0.000615172 0.996764 0.0010772
51 0.0103812 0.00075673 0.995325 0.00129369
52 0.010023 0.000677575 0.996404 0.00113526
53 0.0109261 0.000781072 0.995325 0.00129369
54 0.0110081 0.000820887 0.994966 0.00134229
55 0.0115721 0.000869305 0.994966 0.00134229
56 0.0109896 0.000709509 0.996404 0.00113526
57 0.0120503 0.000867383 0.996045 0.00119045
58 0.0122429 0.00086024 0.995325 0.00129369
59 0.0118635 0.000729541 0.996045 0.00119045
60 0.0114564 0.000643663 0.996404 0.00113526
61 0.0127416 0.000746115 0.994966 0.00134229
62 0.0125718 0.00073292 0.996045 0.00119045
63 0.0129359 0.000772809 0.995685 0.00124316
64 0.0126677 0.000630831 0.996764 0.0010772
65 0.0140443 0.000884913 0.994966 0.00134229
66 0.0136867 0.000801458 0.994966 0.00134229
67 0.0130328 0.000611846 0.996404 0.00113526
68 0.0143636 0.000808547 0.994966 0.00134229
69 0.0146743 0.000872987 0.995325 0.00129369
70 0.0141607 0.000682482 0.995685 0.00124316
71 0.0149562 0.000797952 0.995325 0.00129369
72 0.0156605 0.000873687 0.994966 0.00134229
73 0.0157165 0.000821027 0.994966 0.00134229
74 0.0164333 0.000875931 0.993887 0.00147833
75 0.0163669 0.000848888 0.994966 0.00134229
76 0.016212 0.00072999 0.996045 0.00119045
77 0.0170245 0.000876598 0.994606 0.00138915
78 0.0172267 0.000809951 0.994966 0.00134229
79 0.0170923 0.00077334 0.995325 0.00129369
80 0.0177888 0.000800468 0.994606 0.00138915
81 0.0184383 0.000884153 0.994606 0.00138915
82 0.0182259 0.000829454 0.995325 0.00129369
83 0.0184396 0.000817459 0.994966 0.00134229
84 0.0192629 0.000889877 0.995325 0.00129369
85 0.0189602 0.000801235 0.996045 0.00119045
86 0.0201504 0.000903148 0.994966 0.00134229
87 0.0201742 0.00083142 0.994966 0.00134229
88 0.0208692 0.000963482 0.995325 0.00129369
89 0.0213027 0.000915325 0.993887 0.00147833
90 0.0218473 0.000928576 0.993168 0.0015623
91 0.0219941 0.000919188 0.994247 0.00143445
92 0.0217381 0.000812507 0.995685 0.00124316
93 0.0232737 0.000986322 0.993528 0.00152091
94 0.0231931 0.0009025 0.994247 0.00143445
95 0.0241822 0.000928698 0.994606 0.00138915
96 0.0245459 0.000930211 0.994606 0.00138915
97 0.0256752 0.00104017 0.993168 0.0015623
98 0.0265638 0.00106834 0.993528 0.00152091
99 0.0271187 0.00103452 0.993168 0.0015623
100 0.0283787 0.00110413 0.992808 0.0016026
101 0.0292847 0.0011075 0.990291 0.00185969
102 0.0298673 0.00110293 0.99173 0.00171766
103 0.0312581 0.00126231 0.989932 0.00189347
104 0.0318222 0.00118523 0.989572 0.00192664
105 0.0329324 0.00127378 0.989213 0.00195922
106 0.0341731 0.00134316 0.988853 0.00199124
107 0.0353931 0.00139349 0.988134 0.00205372
108 0.0364566 0.00138069 0.985257 0.00228583
109 0.0382489 0.00152471 0.984178 0.00236668
110 0.0386881 0.00149582 0.983819 0.00239299
111 0.0398822 0.0015547 0.983819 0.00239299
112 0.0410543 0.00159585 0.980583 0.00261707
113 0.0422829 0.00162147 0.980223 0.00264071
114 0.0426694 0.00160574 0.979863 0.00266412
115 0.0439077 0.00166324 0.976268 0.00288691
116 0.0451602 0.00168915 0.975908 0.00290816
117 0.0462828 0.00170804 0.973391 0.00305237
118 0.0474063 0.00172315 0.972312 0.0031119
119 0.0489602 0.00175837 0.971953 0.00313146
120 0.0496798 0.00174525 0.972672 0.0030922
121 0.0517175 0.00181771 0.969795 0.00324606
122 0.0525018 0.0018256 0.970874 0.00318934
123 0.0540581 0.00187453 0.968357 0.00331999
124 0.0557476 0.0019226 0.963682 0.00354817
125 0.0574359 0.00198965 0.962963 0.00358179
126 0.0582178 0.00197476 0.963682 0.00354817
127 0.0596842 0.00202414 0.962244 0.00361505
128 0.0609507 0.0020508 0.959367 0.00374463
129 0.0626015 0.00208739 0.958288 0.00379188
130 0.0648256 0.00215509 0.954693 0.00394452
131 0.0661786 0.0021734 0.952535 0.00403278
132 0.0676314 0.00218031 0.952175 0.00404726
133 0.0696899 0.0022471 0.950018 0.00413286
134 0.0715501 0.00226871 0.947141 0.00424369
135 0.0729362 0.00226424 0.944624 0.00433777
136 0.0741328 0.00227889 0.942107 0.00442935
137 0.0760202 0.00233266 0.940669 0.00448061
138 0.0776174 0.00237541 0.937073 0.00460556
139 0.0794706 0.00241137 0.935994 0.0046422
140 0.0807993 0.00243421 0.934556 0.00469046
141 0.0829945 0.00247062 0.933118 0.00473807
142 0.0840626 0.00247703 0.93096 0.00480832
143 0.0851807 0.00250789 0.93132 0.00479671
144 0.0873132 0.00255617 0.928443 0.00488856
145 0.0892564 0.00257984 0.925207 0.00498917
146 0.090936 0.00261289 0.924847 0.00500018
147 0.0922329 0.00260842 0.923409 0.00504387
148 0.0940374 0.00265804 0.920173 0.0051403
149 0.0954019 0.00266437 0.918734 0.00518234
150 0.0973205 0.00269663 0.916217 0.00525478
151 0.0990337 0.00271794 0.916936 0.00523423
152 0.100911 0.00274355 0.911902 0.00537569
153 0.10271 0.00275801 0.910823 0.0054053
154 0.105406 0.00281259 0.907947 0.00548311
155 0.107118 0.00283342 0.904711 0.00556871
156 0.109078 0.00287774 0.902553 0.00562468
157 0.111935 0.00290813 0.8968 0.00576987
158 0.113503 0.00293146 0.894642 0.00582285
159 0.114753 0.00294429 0.892485 0.00587507
160 0.116082 0.00295513 0.889968 0.00593506
161 0.118178 0.0030082 0.887091 0.00600241
162 0.119961 0.00302077 0.885293 0.00604388
163 0.121886 0.00305485 0.881338 0.00613346
164 0.124125 0.00309976 0.878461 0.00619722
165 0.126247 0.00312597 0.877023 0.00622867
166 0.127873 0.00314927 0.874146 0.00629076
167 0.130493 0.00317797 0.871988 0.00633662
168 0.132586 0.00320541 0.865156 0.00647799
169 0.134569 0.00322337 0.862999 0.00652146
170 0.136678 0.00325619 0.859763 0.00658565
171 0.138251 0.00325732 0.856526 0.00664866
172 0.13972 0.00328554 0.85365 0.00670369
173 0.141113 0.00330963 0.850054 0.00677124
174 0.14375 0.0033472 0.845739 0.00685053
175 0.145215 0.00333962 0.843222 0.00689591
176 0.147501 0.00336297 0.838188 0.0069848
177 0.149965 0.00340756 0.83639 0.00701596
178 0.151588 0.00340705 0.83603 0.00702216
179 0.153654 0.00342853 0.833513 0.00706519
180 0.156037 0.00346096 0.829558 0.00713164
181 0.158172 0.00348006 0.82776 0.00716139
182 0.159393 0.00347719 0.825602 0.0071967
183 0.161307 0.00350033 0.827041 0.0071732
184 0.163793 0.00352584 0.81913 0.00730025
185 0.165962 0.0035425 0.817691 0.00732278
186 0.167275 0.00355957 0.814455 0.00737285
187 0.169026 0.00358055 0.812657 0.00740031
188 0.170767 0.00359842 0.813376 0.00738936
189 0.172663 0.00362287 0.811579 0.00741665
190 0.174753 0.00364053 0.807264 0.00748113
191 0.176407 0.00365539 0.805466 0.00750757
192 0.179399 0.00368376 0.796476 0.0076361
193 0.181043 0.00369962 0.795757 0.00764613
194 0.183006 0.00371572 0.788925 0.00773952
195 0.185559 0.00373976 0.786767 0.00776833
196 0.188203 0.00376065 0.782452 0.00782499
197 0.190827 0.00378421 0.777778 0.00788495
198 0.193171 0.00382127 0.77562 0.00791214
199 0.195167 0.00383049 0.774182 0.0079301
200 0.197519 0.00385761 0.769867 0.00798316
201 0.199792 0.00386885 0.768429 0.00800059
202 0.201701 0.00387461 0.760877 0.00808994
203 0.204106 0.00390918 0.759439 0.00810656
204 0.206377 0.00392575 0.75836 0.00811894
205 0.208109 0.00394448 0.75836 0.00811894
206 0.210113 0.00394734 0.75009 0.00821157
207 0.212161 0.00397627 0.749011 0.00822335
208 0.213838 0.00397721 0.745775 0.0082583
209 0.216107 0.00399576 0.740741 0.00831147
210 0.217959 0.00401318 0.738224 0.00833752
211 0.220087 0.00403928 0.732111 0.00839931
212 0.221663 0.00405428 0.729234 0.00842768
213 0.223329 0.00406303 0.731032 0.00841
214 0.225355 0.00407961 0.724919 0.0084694
215 0.227474 0.00409296 0.722402 0.00849328
216 0.230189 0.00410892 0.718806 0.00852681
217 0.232599 0.00412948 0.714491 0.00856615
218 0.235108 0.00415038 0.708378 0.00862026
219 0.237053 0.00415366 0.709457 0.00861085
220 0.239394 0.00416845 0.70658 0.00863581
221 0.24131 0.00418602 0.704423 0.00865426
222 0.243095 0.00419327 0.701906 0.00867549
223 0.244959 0.00420771 0.700108 0.00869046
224 0.247046 0.00421023 0.696872 0.008717
225 0.249015 0.00421605 0.692197 0.00875445
226 0.25071 0.00422698 0.690399 0.00876857
227 0.252267 0.00423381 0.686444 0.00879909
228 0.253851 0.00424638 0.687522 0.00879084
229 0.25526 0.004267 0.686444 0.00879909
230 0.257051 0.00427041 0.683207 0.00882351
231 0.259158 0.00428235 0.679612 0.00885006
232 0.260874 0.00429887 0.677454 0.00886571
233 0.263126 0.00432442 0.673139 0.00889634
234 0.264976 0.00432762 0.67278 0.00889886
235 0.267112 0.00434891 0.674937 0.00888368
236 0.268581 0.00435627 0.667745 0.00893344
237 0.27024 0.00437154 0.663071 0.00896452
238 0.272833 0.00438479 0.661992 0.00897155
239 0.274648 0.00440007 0.656598 0.00900593
240 0.276575 0.0044232 0.659115 0.00899005
241 0.278619 0.00442965 0.653003 0.00902814
242 0.280449 0.00443729 0.648328 0.00905616
243 0.28218 0.00444435 0.64617 0.00906877
244 0.284033 0.00445491 0.64653 0.00906668
245 0.285436 0.00445623 0.64653 0.00906668
246 0.287497 0.00446355 0.639698 0.00910539
247 0.288891 0.00447715 0.640417 0.00910141
248 0.290492 0.00447939 0.638619 0.00911132
249 0.29208 0.0044874 0.63826 0.00911328
250 0.293663 0.00449351 0.636102 0.00912496
251 0.295846 0.00450811 0.635023 0.00913072
252 0.297389 0.00450606 0.631428 0.00914957
253 0.300172 0.00451746 0.62891 0.00916244
254 0.301583 0.00453046 0.625674 0.0091786
255 0.303552 0.00455435 0.619561 0.00920793
256 0.305648 0.00456117 0.617044 0.00921956
257 0.307292 0.00458251 0.614168 0.00923252
258 0.308669 0.00458213 0.612729 0.00923888
259 0.310256 0.00459411 0.61165 0.00924359
260 0.31119 0.00460325 0.610572 0.00924825
261 0.312915 0.00460895 0.607695 0.00926046
262 0.314962 0.00461962 0.607335 0.00926196
263 0.31622 0.00462212 0.605897 0.00926791
264 0.318094 0.0046268 0.600503 0.00928949
265 0.3193 0.00463339 0.600503 0.00928949
266 0.320743 0.00463591 0.595829 0.00930724
267 0.322799 0.00463528 0.59475 0.00931121
268 0.324023 0.00464183 0.594031 0.00931384
269 0.325947 0.00465504 0.590435 0.00932664
270 0.327328 0.00465782 0.590076 0.00932789
271 0.328991 0.00465923 0.584322 0.00934721
272 0.330165 0.00467504 0.584682 0.00934605
273 0.331889 0.00467045 0.587558 0.00933651
274 0.333465 0.00468372 0.582524 0.00935298
275 0.334976 0.00468884 0.583243 0.00935069
276 0.336573 0.00470287 0.582884 0.00935184
277 0.337778 0.00470913 0.578569 0.00936523
278 0.339514 0.00472504 0.573894 0.00937891
279 0.341002 0.00473204 0.573535 0.00937992
280 0.342683 0.00473073 0.574254 0.00937789
281 0.344724 0.00473597 0.569939 0.00938981
282 0.345544 0.00474225 0.56886 0.00939268
283 0.346934 0.00475984 0.569579 0.00939077
284 0.347952 0.00476943 0.568141 0.00939456
285 0.349051 0.00477554 0.564545 0.00940369
286 0.35072 0.00477978 0.564545 0.00940369
287 0.352189 0.00478956 0.561668 0.00941064
288 0.353962 0.00479603 0.559871 0.00941481
289 0.354473 0.0047996 0.56059 0.00941316
290 0.355486 0.00480686 0.560949 0.00941232
291 0.356846 0.00481689 0.556634 0.00942201
292 0.358471 0.00482228 0.552679 0.00943026
293 0.35959 0.00483322 0.552679 0.00943026
294 0.360475 0.00483729 0.55196 0.0094317
295 0.361682 0.00484866 0.553398 0.00942881
296 0.363087 0.00485437 0.548723 0.00943791
297 0.364629 0.00485978 0.547285 0.00944054
298 0.366298 0.00486687 0.545128 0.00944434
299 0.366468 0.00486091 0.544408 0.00944556
300 0.368103 0.00487524 0.544049 0.00944617
301 0.369356 0.00488459 0.548004 0.00943923
302 0.370201 0.00489028 0.54333 0.00944737
303 0.371556 0.00488455 0.536498 0.00945774
304 0.372577 0.00489977 0.5347 0.00946018
305 0.373892 0.00489735 0.5347 0.00946018
306 0.374857 0.00490108 0.530744 0.0094651
307 0.376123 0.00490151 0.531823 0.00946381
308 0.377665 0.00489924 0.530744 0.0094651
309 0.379057 0.00490341 0.526789 0.00946942
310 0.380168 0.00490968 0.529666 0.00946633
311 0.381176 0.00491267 0.528227 0.00946792
312 0.382816 0.00492182 0.527149 0.00946905
313 0.383636 0.00492757 0.524272 0.00947186
314 0.38506 0.00493686 0.52607 0.00947014
315 0.386245 0.00493308 0.522834 0.00947315
316 0.387283 0.00493816 0.518878 0.00947628
317 0.388435 0.00494327 0.519597 0.00947575
318 0.389083 0.00494086 0.518159 0.00947678
319 0.389796 0.0049397 0.519597 0.00947575
320 0.391534 0.00494707 0.51708 0.00947751
321 0.392507 0.0049541 0.512406 0.00948012
322 0.393484 0.00495716 0.509529 0.00948132
323 0.395023 0.0049638 0.505933 0.00948237
324 0.396276 0.00497274 0.507731 0.00948191
325 0.397126 0.00496522 0.507012 0.00948211
326 0.398099 0.00497843 0.507731 0.00948191
327 0.399174 0.00499248 0.504854 0.00948259
328 0.399781 0.00498785 0.503416 0.00948282
329 0.400809 0.00499419 0.501618 0.00948299
330 0.402252 0.00498967 0.503056 0.00948286
331 0.403128 0.00499229 0.503776 0.00948277
332 0.404137 0.00498962 0.503056 0.00948286
333 0.405078 0.0049862 0.499101 0.00948303
334 0.406233 0.0049943 0.498382 0.00948299
335 0.407657 0.00499848 0.498022 0.00948297
336 0.408533 0.00499309 0.492988 0.00948211
337 0.409589 0.00499118 0.491909 0.0094818
338 0.409688 0.00498878 0.494786 0.00948252
339 0.411169 0.00499189 0.493348 0.0094822
340 0.411887 0.00499438 0.489033 0.00948076
341 0.412891 0.00500025 0.491909 0.0094818
342 0.41316 0.00500024 0.488314 0.00948045
343 0.413866 0.00500685 0.487594 0.00948012
344 0.414619 0.00501429 0.487235 0.00947995
345 0.415564 0.00501622 0.489392 0.00948091
346 0.416562 0.00502442 0.488314 0.00948045
347 0.418191 0.00502804 0.486516 0.00947959
348 0.419112 0.00503505 0.485077 0.00947882
349 0.420207 0.00504112 0.48292 0.00947751
350 0.421129 0.00504131 0.483639 0.00947796
351 0.4217 0.00504167 0.481841 0.00947678
352 0.421932 0.00504719 0.485077 0.00947882
353 0.422583 0.00505436 0.48292 0.00947751
354 0.423737 0.00505899 0.480403 0.00947575
355 0.424877 0.00506723 0.48292 0.00947751
356 0.425611 0.00506219 0.484718 0.00947861
357 0.42625 0.00507395 0.484718 0.00947861
358 0.426934 0.00506871 0.478605 0.00947435
359 0.427688 0.00507087 0.478964 0.00947464
360 0.428 0.00506448 0.474649 0.00947084
361 0.429472 0.00506052 0.477526 0.00947346
362 0.429978 0.00506177 0.479684 0.00947521
363 0.430862 0.0050741 0.478245 0.00947406
364 0.431553 0.00507734 0.478245 0.00947406
365 0.432361 0.00508041 0.47429 0.0094705
366 0.433214 0.00508076 0.475728 0.00947186
367 0.434518 0.00508014 0.47429 0.0094705
368 0.435062 0.0050799 0.47393 0.00947014
369 0.435771 0.00507149 0.478245 0.00947406
370 0.436947 0.00508394 0.472851 0.00946905
371 0.437842 0.00508624 0.471054 0.00946714
372 0.438817 0.0050947 0.46566 0.00946065
373 0.438962 0.00509091 0.467098 0.00946249
374 0.439545 0.00509501 0.466379 0.00946158
375 0.440136 0.00509818 0.46566 0.00946065
376 0.441269 0.00510303 0.464222 0.00945873
377 0.441434 0.00510666 0.464222 0.00945873
378 0.442264 0.00510033 0.460266 0.00945305
379 0.442675 0.0050949 0.461345 0.00945466
380 0.443605 0.00509765 0.458468 0.00945027
381 0.444164 0.0050963 0.45703 0.00944796
382 0.444746 0.00510175 0.458468 0.00945027
383 0.445141 0.00509999 0.457389 0.00944854
384 0.445649 0.00509693 0.45667 0.00944737
385 0.44622 0.00510288 0.455951 0.00944617
386 0.446971 0.005109 0.455232 0.00944495
387 0.448097 0.00511236 0.454153 0.00944309
388 0.448665 0.00510604 0.455592 0.00944556
389 0.449232 0.00511003 0.452355 0.00943989
390 0.44957 0.00511026 0.451277 0.00943791
391 0.450489 0.00511584 0.450198 0.00943588
392 0.451271 0.00511667 0.449479 0.00943451
393 0.45146 0.0051111 0.449838 0.0094352
394 0.452341 0.00510477 0.449479 0.00943451
395 0.453347 0.00510505 0.446242 0.00942807
396 0.454096 0.00510602 0.44804 0.0094317
397 0.454585 0.00510577 0.445883 0.00942733
398 0.455157 0.00510663 0.449119 0.00943381
399 0.455947 0.0051078 0.444444 0.00942432
400 0.456156 0.00511556 0.444085 0.00942356
401 0.456687 0.00511415 0.443006 0.00942123
402 0.457203 0.00510841 0.442287 0.00941966
403 0.458007 0.00511452 0.440849 0.00941645
404 0.458493 0.0051147 0.437612 0.00940893
405 0.459168 0.0051224 0.436174 0.00940546
406 0.459359 0.00512146 0.436174 0.00940546
407 0.460187 0.00512824 0.431499 0.00939362
408 0.460641 0.00511812 0.431499 0.00939362
409 0.460625 0.00511574 0.429342 0.00938787
410 0.461224 0.00511179 0.430061 0.00938981
411 0.461768 0.00511969 0.43078 0.00939173
412 0.462542 0.00511641 0.430061 0.00938981
413 0.462768 0.00511635 0.429342 0.00938787
414 0.463147 0.00511544 0.43078 0.00939173
415 0.463661 0.00511841 0.432578 0.00939643
416 0.464338 0.0051262 0.429342 0.00938787
417 0.465207 0.0051289 0.429342 0.00938787
418 0.465779 0.00513248 0.425746 0.00937789
419 0.46617 0.00513416 0.427544 0.00938294
420 0.466742 0.00514033 0.42251 0.00936846
421 0.466762 0.00513728 0.424667 0.00937479
422 0.467073 0.00513182 0.423229 0.00937059
423 0.46748 0.0051295 0.423948 0.0093727
424 0.467983 0.00513263 0.427904 0.00938394
425 0.468439 0.0051252 0.423229 0.00937059
426 0.469034 0.00512372 0.421431 0.00936523
427 0.469053 0.0051179 0.421791 0.00936631
428 0.46951 0.00511377 0.422869 0.00936953
429 0.469723 0.0051089 0.418554 0.00935639
430 0.469678 0.00510828 0.421072 0.00936414
431 0.46972 0.00511154 0.418554 0.00935639
432 0.470054 0.00511609 0.419274 0.00935863
433 0.470782 0.0051222 0.416037 0.00934838
434 0.471299 0.00511747 0.418554 0.00935639
435 0.472148 0.00511657 0.417116 0.00935184
436 0.472703 0.00511599 0.417116 0.00935184
437 0.473047 0.00511123 0.417835 0.00935412
438 0.473897 0.00511145 0.414239 0.00934251
439 0.474226 0.00511711 0.413161 0.00933892
440 0.474381 0.00512603 0.417116 0.00935184
441 0.474907 0.00512516 0.419633 0.00935974
442 0.475974 0.00513034 0.417116 0.00935184
443 0.476197 0.00513451 0.419274 0.00935863
444 0.476645 0.00513277 0.414599 0.00934369
445 0.476957 0.00513124 0.415318 0.00934605
446 0.477155 0.00513078 0.414959 0.00934487
447 0.477323 0.00512675 0.41388 0.00934132
448 0.477437 0.0051236 0.414959 0.00934487
449 0.477968 0.00512062 0.41388 0.00934132
450 0.477847 0.00511714 0.408486 0.00932285
451 0.478432 0.00512005 0.412801 0.00933772
452 0.479478 0.00510926 0.411722 0.00933407
453 0.479059 0.00511062 0.412082 0.00933529
454 0.479191 0.00511552 0.409565 0.00932664
455 0.479217 0.00512183 0.412801 0.00933772
456 0.479501 0.0051184 0.411363 0.00933284
457 0.479926 0.00512193 0.413161 0.00933892
458 0.480689 0.00512153 0.410644 0.00933038
459 0.480989 0.00512632 0.409205 0.00932538
460 0.480759 0.00512252 0.410284 0.00932913
461 0.480902 0.00512791 0.409565 0.00932664
462 0.481652 0.00513182 0.409565 0.00932664
463 0.481638 0.00513958 0.407767 0.0093203
464 0.481943 0.0051486 0.407407 0.00931902
465 0.481661 0.00514922 0.406688 0.00931644
466 0.482057 0.00515084 0.407048 0.00931773
467 0.482589 0.00514999 0.407407 0.00931902
468 0.482838 0.00515148 0.407407 0.00931902
469 0.483322 0.00514857 0.404171 0.00930724
470 0.483743 0.00514797 0.404171 0.00930724
471 0.48414 0.0051519 0.404531 0.00930857
472 0.484347 0.00515238 0.404171 0.00930724
473 0.48452 0.00514807 0.403812 0.00930591
474 0.484774 0.00514824 0.40525 0.00931121
475 0.485264 0.00514621 0.403452 0.00930457
476 0.485329 0.00514731 0.405609 0.00931253
477 0.485582 0.00514698 0.403452 0.00930457
478 0.485994 0.00514707 0.401654 0.00929779
479 0.485487 0.00514428 0.400935 0.00929505
480 0.485564 0.00514521 0.401294 0.00929642
481 0.48584 0.00514073 0.402014 0.00929916
482 0.486115 0.00514419 0.403092 0.00930322
483 0.486227 0.00514797 0.40525 0.00931121
484 0.486738 0.00514247 0.400935 0.00929505
485 0.486998 0.00514348 0.403812 0.00930591
486 0.486999 0.00513863 0.400575 0.00929366
487 0.487767 0.00514005 0.399137 0.00928809
488 0.487887 0.00513382 0.399137 0.00928809
489 0.488151 0.00513694 0.398418 0.00928527
490 0.488844 0.0051402 0.398418 0.00928527
491 0.488735 0.00514078 0.399497 0.00928949
492 0.488632 0.00514456 0.398058 0.00928385
493 0.488962 0.00514366 0.399137 0.00928809
494 0.48894 0.0051432 0.398058 0.00928385
495 0.488849 0.00515041 0.398058 0.00928385
496 0.488974 0.00514203 0.39626 0.00927668
497 0.489023 0.00514829 0.398058 0.00928385
498 0.489309 0.00514697 0.395182 0.00927232
499 0.490016 0.00514867 0.400575 0.00929366
500 0.489677 0.0051467 0.392665 0.00926196
501 0.490131 0.00514903 0.391945 0.00925895
502 0.490317 0.00514647 0.395541 0.00927378
503 0.490078 0.00514602 0.398418 0.00928527
504 0.489941 0.00514137 0.398418 0.00928527
505 0.490175 0.00514689 0.400935 0.00929505
506 0.490445 0.00513826 0.398777 0.00928668
507 0.491221 0.0051384 0.395901 0.00927523
508 0.491003 0.00515034 0.395901 0.00927523
509 0.490673 0.0051493 0.393743 0.00926643
510 0.490899 0.00514942 0.393024 0.00926345
511 0.490808 0.00515328 0.393024 0.00926345
512 0.491554 0.00515347 0.390147 0.00925133
513 0.49167 0.00514822 0.390507 0.00925287
514 0.492036 0.00513879 0.390867 0.0092544
515 0.491884 0.0051362 0.391226 0.00925592
516 0.492311 0.00513759 0.389428 0.00924825
517 0.491952 0.00513319 0.390867 0.0092544
518 0.492494 0.00512767 0.393024 0.00926345
519 0.492845 0.00511748 0.38835 0.00924359
520 0.49228 0.00512128 0.389428 0.00924825
521 0.492458 0.00511642 0.389788 0.0092498
522 0.493255 0.00511592 0.389788 0.0092498
523 0.493327 0.00511621 0.389069 0.0092467
524 0.493779 0.00512249 0.386192 0.00923412
525 0.493857 0.00511221 0.385832 0.00923252
526 0.493943 0.00511405 0.383675 0.00922283
527 0.494337 0.00510882 0.385113 0.00922931
528 0.49433 0.00511536 0.386552 0.00923571
529 0.494126 0.00511383 0.388709 0.00924515
530 0.494171 0.0051117 0.389788 0.0092498
531 0.493849 0.00511423 0.390147 0.00925133
532 0.493718 0.00511163 0.389788 0.0092498
533 0.494382 0.00510947 0.385113 0.00922931
534 0.494489 0.00511286 0.384754 0.0092277
535 0.494772 0.00511526 0.38799 0.00924202
536 0.494939 0.00511615 0.38763 0.00924045
537 0.494651 0.00511205 0.38763 0.00924045
538 0.494626 0.00511304 0.389428 0.00924825
539 0.495323 0.00511969 0.385832 0.00923252
540 0.495178 0.00511657 0.386911 0.0092373
541 0.494927 0.00511049 0.384394 0.00922608
542 0.495135 0.00511665 0.38799 0.00924202
543 0.495314 0.00510405 0.386192 0.00923412
544 0.495389 0.00510345 0.387271 0.00923888
545 0.495806 0.00510213 0.385473 0.00923092
546 0.495886 0.00510087 0.385113 0.00922931
547 0.496268 0.00510375 0.382237 0.00921626
548 0.496279 0.00509966 0.384035 0.00922446
549 0.496128 0.00510623 0.384754 0.0092277
550 0.496713 0.00510261 0.382237 0.00921626
551 0.496516 0.00510291 0.382956 0.00921956
552 0.496717 0.00511287 0.382956 0.00921956
553 0.496786 0.00511054 0.384035 0.00922446
554 0.496837 0.00511111 0.383675 0.00922283
555 0.497688 0.00510543 0.382596 0.00921791
556 0.49739 0.0051101 0.384394 0.00922608
557 0.497701 0.00511344 0.385832 0.00923252
558 0.497968 0.00511185 0.381158 0.00921128
559 0.499214 0.00510784 0.380439 0.00920793
560 0.498978 0.00510764 0.381158 0.00921128
561 0.499409 0.00510901 0.37936 0.00920287
562 0.499027 0.00511987 0.379 0.00920117
563 0.498907 0.00512292 0.381158 0.00921128
564 0.498681 0.00512725 0.37972 0.00920456
565 0.498629 0.00512606 0.381517 0.00921295
566 0.498578 0.00512377 0.380798 0.00920961
567 0.498638 0.00512623 0.381877 0.00921461
568 0.49871 0.00512783 0.379 0.00920117
569 0.49858 0.00512272 0.379 0.00920117
570 0.498902 0.00512677 0.380079 0.00920625
571 0.498296 0.00512785 0.376843 0.00919087
572 0.498362 0.00512832 0.377922 0.00919604
573 0.498088 0.00512706 0.380439 0.00920793
574 0.498373 0.00512292 0.376843 0.00919087
575 0.498837 0.00512401 0.372528 0.00916968
576 0.498668 0.00512148 0.377922 0.00919604
577 0.499289 0.00512217 0.377202 0.0091926
578 0.499484 0.0051243 0.380798 0.00920961
579 0.49951 0.00512292 0.377562 0.00919432
580 0.500069 0.00511763 0.375764 0.00918564
581 0.499904 0.00511435 0.372887 0.00917148
582 0.500048 0.00511548 0.376124 0.00918739
583 0.499689 0.00511387 0.374685 0.00918037
584 0.499943 0.00510972 0.376124 0.00918739
585 0.500499 0.00510504 0.375045 0.00918213
586 0.499894 0.00511048 0.37972 0.00920456
587 0.499974 0.00511302 0.380798 0.00920961
588 0.499555 0.00511153 0.380798 0.00920961
589 0.499753 0.00511722 0.377922 0.00919604
590 0.49994 0.005121 0.380079 0.00920625
591 0.500702 0.0051252 0.376483 0.00918913
592 0.500696 0.00512563 0.380079 0.00920625
593 0.500983 0.00512548 0.37936 0.00920287
594 0.500923 0.00511803 0.377922 0.00919604
595 0.500636 0.00512471 0.37936 0.00920287
596 0.500599 0.00513188 0.380439 0.00920793
597 0.501068 0.00512909 0.380798 0.00920961
598 0.500605 0.00511998 0.381158 0.00921128
599 0.501442 0.00512034 0.379 0.00920117
600 0.501683 0.00511551 0.37972 0.00920456
601 0.501527 0.00511621 0.377202 0.0091926
602 0.501828 0.00511591 0.376843 0.00919087
603 0.501824 0.00511836 0.380079 0.00920625
604 0.501751 0.00512641 0.379 0.00920117
605 0.501517 0.00513465 0.381517 0.00921295
606 0.501574 0.00513388 0.381877 0.00921461
607 0.501889 0.00514333 0.382956 0.00921956
608 0.501977 0.00513712 0.380079 0.00920625
609 0.502047 0.0051445 0.386552 0.00923571
610 0.501743 0.00515148 0.380439 0.00920793
611 0.50248 0.00515358 0.381517 0.00921295
612 0.502623 0.0051631 0.37936 0.00920287
613 0.502943 0.00515704 0.379 0.00920117
614 0.503273 0.00515267 0.378281 0.00919776
615 0.50335 0.00514846 0.380798 0.00920961
616 0.50314 0.00514861 0.380798 0.00920961
617 0.502507 0.00514608 0.381877 0.00921461
618 0.502619 0.00514247 0.381158 0.00921128
619 0.502041 0.00514772 0.379 0.00920117
620 0.50229 0.00514905 0.380439 0.00920793
621 0.502398 0.00515442 0.379 0.00920117
622 0.502423 0.00515711 0.375764 0.00918564
623 0.502863 0.00515971 0.376124 0.00918739
624 0.502424 0.00515161 0.378641 0.00919947
625 0.502601 0.00514487 0.377562 0.00919432
626 0.503138 0.00514181 0.374685 0.00918037
627 0.503164 0.00513575 0.376124 0.00918739
628 0.502908 0.00513333 0.377202 0.0091926
629 0.502871 0.00513553 0.380439 0.00920793
630 0.502839 0.0051341 0.380079 0.00920625
631 0.502283 0.0051378 0.380798 0.00920961
632 0.502236 0.00513193 0.381517 0.00921295
633 0.502117 0.00512212 0.37936 0.00920287
634 0.502064 0.00511698 0.383315 0.0092212
635 0.502193 0.00511125 0.380079 0.00920625
636 0.502626 0.00510755 0.380439 0.00920793
637 0.502518 0.00510294 0.377202 0.0091926
638 0.502252 0.00511394 0.378281 0.00919776
639 0.50242 0.00511676 0.378641 0.00919947
640 0.502699 0.00511781 0.379 0.00920117
641 0.502783 0.00511296 0.376124 0.00918739
642 0.502784 0.00511303 0.374685 0.00918037
643 0.502823 0.00511453 0.377562 0.00919432
644 0.502889 0.00511321 0.373607 0.00917505
645 0.502789 0.00510459 0.371449 0.00916426
646 0.502305 0.00510369 0.372528 0.00916968
647 0.502486 0.00510738 0.37109 0.00916244
648 0.502341 0.0051155 0.369651 0.00915512
649 0.502663 0.00510772 0.369292 0.00915328
650 0.50302 0.00511146 0.369292 0.00915328
651 0.503107 0.00511253 0.367853 0.00914585
652 0.503308 0.00510798 0.366775 0.00914021
653 0.503249 0.00510554 0.367134 0.0091421
654 0.503297 0.00510512 0.366415 0.00913833
655 0.50379 0.00510924 0.369292 0.00915328
656 0.503844 0.00511009 0.367134 0.0091421
657 0.504055 0.00512217 0.365696 0.00913453
658 0.504113 0.0051198 0.365336 0.00913263
659 0.504337 0.00512303 0.365336 0.00913263
660 0.504372 0.00512706 0.368213 0.00914771
661 0.504675 0.00512667 0.368213 0.00914771
662 0.504626 0.00512674 0.369651 0.00915512
663 0.504117 0.0051238 0.368213 0.00914771
664 0.504492 0.00512591 0.369292 0.00915328
665 0.504795 0.00511675 0.367134 0.0091421
666 0.504807 0.00511592 0.368932 0.00915143
667 0.505147 0.00511998 0.37109 0.00916244
668 0.505098 0.00512298 0.371449 0.00916426
669 0.505069 0.00512299 0.372168 0.00916788
670 0.504901 0.00512142 0.37037 0.00915879
671 0.505302 0.00512893 0.366775 0.00914021
672 0.505011 0.00511647 0.37037 0.00915879
673 0.505197 0.00512273 0.368213 0.00914771
674 0.505571 0.00511653 0.367494 0.00914397
675 0.505204 0.00511739 0.366415 0.00913833
676 0.505308 0.00511991 0.363898 0.00912496
677 0.504931 0.0051213 0.367494 0.00914397
678 0.50511 0.00512252 0.367494 0.00914397
679 0.505297 0.00512326 0.368932 0.00915143
680 0.504828 0.00512884 0.37073 0.00916062
681 0.504877 0.00513023 0.372168 0.00916788
682 0.505423 0.0051275 0.37037 0.00915879
683 0.505411 0.0051248 0.366775 0.00914021
684 0.505398 0.00512518 0.365336 0.00913263
685 0.50536 0.00513423 0.369651 0.00915512
686 0.505279 0.00513901 0.370011 0.00915696
687 0.505226 0.0051397 0.368213 0.00914771
688 0.504972 0.00514115 0.366775 0.00914021
689 0.504822 0.00513993 0.366055 0.00913643
690 0.504998 0.00514072 0.37037 0.00915879
691 0.504339 0.00513979 0.371449 0.00916426
692 0.504427 0.00514126 0.373966 0.00917683
693 0.504253 0.00513953 0.372528 0.00916968
694 0.504503 0.00513961 0.371449 0.00916426
695 0.50453 0.00513311 0.372168 0.00916788
696 0.504155 0.0051359 0.371449 0.00916426
697 0.504266 0.00513274 0.373966 0.00917683
698 0.504787 0.00513736 0.374326 0.0091786
699 0.504988 0.0051387 0.372528 0.00916968
700 0.505125 0.00513132 0.371449 0.00916426
701 0.505156 0.00513211 0.372528 0.00916968
702 0.50496 0.00513455 0.374685 0.00918037
703 0.504597 0.00512791 0.373966 0.00917683
704 0.504625 0.00512631 0.373607 0.00917505
705 0.504494 0.00511784 0.374326 0.0091786
706 0.504486 0.00511676 0.37109 0.00916244
707 0.504483 0.00511898 0.373607 0.00917505
708 0.503864 0.00511561 0.373966 0.00917683
709 0.503804 0.00511924 0.374685 0.00918037
710 0.503673 0.00511834 0.373966 0.00917683
711 0.503547 0.00511402 0.372168 0.00916788
712 0.503426 0.00512031 0.374326 0.0091786
713 0.503563 0.00512409 0.375045 0.00918213
714 0.503209 0.0051236 0.376843 0.00919087
715 0.503701 0.00512403 0.377202 0.0091926
716 0.503685 0.00512147 0.375764 0.00918564
717 0.503301 0.00512798 0.374685 0.00918037
718 0.503799 0.00513479 0.374326 0.0091786
719 0.503731 0.0051282 0.373247 0.00917327
720 0.503769 0.00512278 0.375764 0.00918564
721 0.503521 0.00513107 0.377922 0.00919604
722 0.503664 0.00512587 0.377922 0.00919604
723 0.503722 0.00512284 0.372168 0.00916788
724 0.503335 0.0051239 0.374326 0.0091786
725 0.503782 0.0051231 0.37109 0.00916244
726 0.503006 0.00511986 0.375764 0.00918564
727 0.502495 0.00511966 0.374685 0.00918037
728 0.50319 0.00511772 0.373607 0.00917505
729 0.503202 0.00511983 0.376124 0.00918739
730 0.502826 0.00513082 0.374326 0.0091786
731 0.503017 0.00512124 0.373247 0.00917327
732 0.502548 0.0051269 0.373966 0.00917683
733 0.502434 0.0051313 0.376124 0.00918739
734 0.502582 0.00512583 0.373966 0.00917683
735 0.502505 0.00512956 0.375405 0.00918389
736 0.502941 0.00513075 0.376483 0.00918913
737 0.502557 0.00513146 0.374326 0.0091786
738 0.502737 0.00513672 0.372887 0.00917148
739 0.502493 0.00513396 0.371809 0.00916607
740 0.502254 0.00514195 0.381158 0.00921128
741 0.502383 0.00513605 0.380798 0.00920961
742 0.502263 0.00514118 0.380439 0.00920793
743 0.502298 0.00513779 0.377202 0.0091926
744 0.502424 0.00514086 0.374685 0.00918037
745 0.502727 0.00513728 0.376483 0.00918913
746 0.502923 0.00512807 0.372887 0.00917148
747 0.50315 0.00512927 0.37109 0.00916244
748 0.503257 0.00512408 0.369292 0.00915328
749 0.503132 0.00512211 0.375405 0.00918389
750 0.50349 0.00512591 0.375045 0.00918213
751 0.503377 0.00512931 0.376843 0.00919087
752 0.503234 0.0051311 0.378281 0.00919776
753 0.503269 0.00512134 0.373966 0.00917683
754 0.503281 0.00511589 0.374326 0.0091786
755 0.503253 0.00511063 0.375045 0.00918213
756 0.502593 0.00510643 0.377562 0.00919432
757 0.503044 0.00510274 0.371449 0.00916426
758 0.503434 0.00510995 0.370011 0.00915696
759 0.503479 0.00511689 0.37073 0.00916062
760 0.503405 0.00512111 0.370011 0.00915696
761 0.503593 0.00511818 0.367134 0.0091421
762 0.503753 0.00512313 0.369651 0.00915512
763 0.503994 0.00512971 0.372528 0.00916968
764 0.503769 0.00513305 0.374326 0.0091786
765 0.503881 0.00512401 0.374685 0.00918037
766 0.504464 0.00512177 0.375405 0.00918389
767 0.504296 0.00513236 0.373966 0.00917683
768 0.504081 0.00512786 0.372168 0.00916788
769 0.504157 0.00513834 0.375045 0.00918213
770 0.50427 0.00514076 0.372528 0.00916968
771 0.504286 0.00514201 0.373607 0.00917505
772 0.504413 0.00514565 0.373966 0.00917683
773 0.504221 0.00514745 0.373607 0.00917505
774 0.504296 0.00514435 0.372887 0.00917148
775 0.504435 0.00514594 0.372528 0.00916968
776 0.504179 0.00514549 0.377562 0.00919432
777 0.504234 0.00514334 0.373247 0.00917327
778 0.504399 0.0051415 0.371449 0.00916426
779 0.505027 0.00514006 0.37109 0.00916244
780 0.504863 0.00514422 0.37109 0.00916244
781 0.504933 0.00514442 0.372528 0.00916968
782 0.504998 0.00515334 0.375764 0.00918564
783 0.505382 0.00514598 0.372168 0.00916788
784 0.505206 0.00514006 0.37037 0.00915879
785 0.504988 0.00514387 0.37073 0.00916062
786 0.504471 0.00513469 0.373966 0.00917683
787 0.504621 0.00513566 0.375764 0.00918564
788 0.504992 0.00513536 0.37073 0.00916062
789 0.505382 0.00513021 0.369651 0.00915512
790 0.505096 0.00513378 0.374326 0.0091786
791 0.505136 0.00513799 0.371809 0.00916607
792 0.504983 0.0051417 0.372528 0.00916968
793 0.504818 0.00513495 0.373607 0.00917505
794 0.504892 0.00513802 0.374685 0.00918037
795 0.50461 0.00514526 0.372528 0.00916968
796 0.504554 0.0051441 0.375405 0.00918389
797 0.504442 0.00513746 0.369651 0.00915512
798 0.504342 0.00513591 0.369292 0.00915328
799 0.504197 0.00513393 0.372168 0.00916788
800 0.504403 0.00513206 0.371449 0.00916426
801 0.504 0.00513012 0.37109 0.00916244
802 0.504119 0.00512715 0.368572 0.00914957
803 0.504217 0.00512589 0.368572 0.00914957
804 0.504341 0.00512882 0.367853 0.00914585
805 0.504643 0.0051295 0.37037 0.00915879
806 0.504308 0.00511974 0.37037 0.00915879
807 0.503967 0.00512127 0.372168 0.00916788
808 0.504373 0.00511827 0.373966 0.00917683
809 0.504708 0.0051212 0.373966 0.00917683
810 0.504599 0.00512027 0.370011 0.00915696
811 0.505167 0.00511885 0.372168 0.00916788
812 0.505141 0.00511249 0.371449 0.00916426
813 0.504602 0.00511347 0.367134 0.0091421
814 0.504905 0.00510836 0.371809 0.00916607
815 0.504806 0.00511176 0.375045 0.00918213
816 0.50466 0.00510134 0.371449 0.00916426
817 0.504519 0.00510522 0.372887 0.00917148
818 0.504199 0.00510536 0.368572 0.00914957
819 0.504061 0.0051137 0.370011 0.00915696
820 0.504296 0.00511099 0.367853 0.00914585
821 0.504073 0.00510369 0.367853 0.00914585
822 0.504099 0.00509605 0.369651 0.00915512
823 0.504338 0.00509307 0.37073 0.00916062
824 0.503938 0.00510362 0.371809 0.00916607
825 0.504056 0.0050974 0.372887 0.00917148
826 0.50445 0.00509797 0.369651 0.00915512
827 0.503885 0.0051071 0.376483 0.00918913
828 0.503603 0.00510362 0.368572 0.00914957
829 0.503889 0.00511298 0.368572 0.00914957
830 0.504099 0.00510877 0.37073 0.00916062
831 0.504576 0.00511473 0.37037 0.00915879
832 0.504473 0.00511484 0.370011 0.00915696
833 0.504613 0.00512477 0.368213 0.00914771
834 0.505133 0.00512297 0.366055 0.00913643
835 0.504483 0.00512305 0.367853 0.00914585
836 0.504681 0.00512319 0.364617 0.0091288
837 0.505213 0.00512525 0.362819 0.00911914
838 0.505733 0.0051306 0.363538 0.00912302
839 0.505927 0.00513174 0.366055 0.00913643
840 0.506377 0.00513151 0.365696 0.00913453
841 0.506455 0.00513281 0.364257 0.00912688
842 0.506294 0.00513575 0.367134 0.0091421
843 0.506553 0.00513198 0.366415 0.00913833
844 0.506051 0.00512582 0.366775 0.00914021
845 0.506161 0.005122 0.366415 0.00913833
846 0.505946 0.00512273 0.366775 0.00914021
847 0.505618 0.00511923 0.366415 0.00913833
848 0.505386 0.00511261 0.367134 0.0091421
849 0.505677 0.0051115 0.364977 0.00913072
850 0.505468 0.00511021 0.364977 0.00913072
851 0.505743 0.00510932 0.363898 0.00912496
852 0.506092 0.00511024 0.363898 0.00912496
853 0.506093 0.00511097 0.364977 0.00913072
854 0.505722 0.00511743 0.371449 0.00916426
855 0.505309 0.00511201 0.368572 0.00914957
856 0.505814 0.00511676 0.367853 0.00914585
857 0.506036 0.00512104 0.372887 0.00917148
858 0.506031 0.00511953 0.372168 0.00916788
859 0.505831 0.00512336 0.37109 0.00916244
860 0.505645 0.00512058 0.37073 0.00916062
861 0.505913 0.00512273 0.369292 0.00915328
862 0.505491 0.00512501 0.367853 0.00914585
863 0.505766 0.00513097 0.369651 0.00915512
864 0.505733 0.00513018 0.37109 0.00916244
865 0.505888 0.00513165 0.366055 0.00913643
866 0.505433 0.00512998 0.367134 0.0091421
867 0.505553 0.00512431 0.363179 0.00912109
868 0.505681 0.00513111 0.366415 0.00913833
869 0.505904 0.00512895 0.364977 0.00913072
870 0.506125 0.00513845 0.364257 0.00912688
871 0.506222 0.00513237 0.366775 0.00914021
872 0.506177 0.00511794 0.367853 0.00914585
873 0.505851 0.00512297 0.366055 0.00913643
874 0.506112 0.00511626 0.364257 0.00912688
875 0.506195 0.00512499 0.363538 0.00912302
876 0.506168 0.0051164 0.363538 0.00912302
877 0.505785 0.00511328 0.365696 0.00913453
878 0.505769 0.005115 0.364977 0.00913072
879 0.505483 0.00511186 0.365336 0.00913263
880 0.505475 0.00511959 0.366055 0.00913643
881 0.505761 0.00512317 0.369292 0.00915328
882 0.505609 0.00512716 0.365336 0.00913263
883 0.504935 0.00513292 0.367494 0.00914397
884 0.504998 0.00512584 0.364617 0.0091288
885 0.504999 0.00512133 0.366775 0.00914021
886 0.505435 0.00512042 0.364257 0.00912688
887 0.505179 0.00512052 0.367494 0.00914397
888 0.505178 0.0051273 0.367853 0.00914585
889 0.505613 0.00512152 0.366775 0.00914021
890 0.506295 0.00512463 0.364977 0.00913072
891 0.50559 0.0051306 0.368213 0.00914771
892 0.506002 0.00513079 0.37109 0.00916244
893 0.505603 0.00513795 0.37073 0.00916062
894 0.505812 0.00513844 0.372528 0.00916968
895 0.506439 0.00513556 0.37037 0.00915879
896 0.506541 0.00513531 0.371449 0.00916426
897 0.506073 0.00513593 0.370011 0.00915696
898 0.505888 0.00514735 0.373247 0.00917327
899 0.50568 0.00514069 0.372528 0.00916968
900 0.505649 0.00513867 0.374685 0.00918037
901 0.505789 0.00513936 0.375764 0.00918564
902 0.506155 0.00513697 0.373966 0.00917683
903 0.506209 0.00513057 0.367494 0.00914397
904 0.506338 0.00512622 0.368572 0.00914957
905 0.506275 0.0051255 0.367134 0.0091421
906 0.505994 0.00512651 0.366415 0.00913833
907 0.506315 0.00513265 0.37109 0.00916244
908 0.506308 0.00512681 0.366775 0.00914021
909 0.505925 0.00513645 0.369292 0.00915328
910 0.505877 0.00513851 0.368572 0.00914957
911 0.505742 0.00513492 0.364257 0.00912688
912 0.505978 0.00513771 0.365696 0.00913453
913 0.506032 0.00514271 0.362819 0.00911914
914 0.505976 0.00513325 0.365336 0.00913263
915 0.505749 0.00513153 0.365696 0.00913453
916 0.505715 0.00513663 0.365336 0.00913263
917 0.506308 0.00512611 0.363179 0.00912109
918 0.50633 0.00513417 0.364977 0.00913072
919 0.506552 0.00513393 0.366055 0.00913643
920 0.506052 0.00512705 0.363179 0.00912109
921 0.505596 0.00513087 0.360662 0.00910737
922 0.505442 0.00513887 0.364257 0.00912688
923 0.505513 0.00513852 0.368213 0.00914771
924 0.505811 0.00513992 0.367134 0.0091421
925 0.505148 0.00514572 0.37109 0.00916244
926 0.505079 0.00513827 0.369292 0.00915328
927 0.504556 0.00512975 0.37109 0.00916244
928 0.50453 0.00513136 0.370011 0.00915696
929 0.504486 0.0051314 0.37037 0.00915879
930 0.50421 0.00513858 0.37037 0.00915879
931 0.504487 0.00514261 0.372168 0.00916788
932 0.504332 0.00513801 0.374685 0.00918037
933 0.504508 0.00513109 0.37073 0.00916062
934 0.50507 0.00512739 0.369651 0.00915512
935 0.50485 0.00512259 0.366775 0.00914021
936 0.504637 0.00512165 0.366055 0.00913643
937 0.504451 0.00512526 0.366415 0.00913833
938 0.504404 0.00513304 0.373247 0.00917327
939 0.504308 0.00514272 0.373247 0.00917327
940 0.504235 0.00513355 0.371809 0.00916607
941 0.50447 0.00512947 0.372528 0.00916968
942 0.504408 0.0051353 0.373607 0.00917505
943 0.50432 0.0051327 0.37073 0.00916062
944 0.503966 0.00513234 0.372887 0.00917148
945 0.503656 0.00513267 0.377202 0.0091926
946 0.503256 0.00513396 0.376843 0.00919087
947 0.504014 0.00513248 0.376124 0.00918739
948 0.504027 0.00512074 0.372887 0.00917148
949 0.504213 0.00513226 0.374685 0.00918037
950 0.503931 0.00513472 0.377202 0.0091926
951 0.503753 0.00513042 0.375764 0.00918564
952 0.503469 0.00514034 0.377562 0.00919432
953 0.503489 0.00513499 0.372887 0.00917148
954 0.50293 0.00513594 0.375764 0.00918564
955 0.502346 0.00513398 0.375405 0.00918389
956 0.502637 0.00513026 0.374326 0.0091786
957 0.50322 0.00513045 0.368572 0.00914957
958 0.503163 0.00513663 0.369292 0.00915328
959 0.503067 0.005133 0.372168 0.00916788
960 0.50315 0.00513322 0.372168 0.00916788
961 0.503461 0.00512995 0.37109 0.00916244
962 0.503689 0.00512593 0.37037 0.00915879
963 0.503767 0.00511675 0.373247 0.00917327
964 0.503725 0.00512236 0.371449 0.00916426
965 0.503678 0.00512176 0.37037 0.00915879
966 0.503693 0.0051253 0.37109 0.00916244
967 0.503765 0.00512847 0.371449 0.00916426
968 0.503531 0.00512941 0.372887 0.00917148
969 0.504025 0.00513132 0.374326 0.0091786
970 0.503686 0.00513297 0.371449 0.00916426
971 0.503418 0.0051382 0.375405 0.00918389
972 0.503054 0.00514036 0.374685 0.00918037
973 0.503207 0.00513929 0.378281 0.00919776
974 0.502965 0.00513638 0.376843 0.00919087
975 0.503229 0.00512682 0.376124 0.00918739
976 0.503637 0.00512368 0.373607 0.00917505
977 0.503641 0.00512247 0.373966 0.00917683
978 0.503702 0.00512344 0.376124 0.00918739
979 0.503697 0.00512693 0.373607 0.00917505
980 0.503636 0.00512798 0.373607 0.00917505
981 0.503943 0.00511966 0.375405 0.00918389
982 0.503846 0.00512569 0.376843 0.00919087
983 0.503457 0.00512248 0.375764 0.00918564
984 0.5035 0.00512872 0.373247 0.00917327
985 0.503293 0.00512408 0.372168 0.00916788
986 0.503649 0.00512425 0.372887 0.00917148
987 0.503315 0.00512992 0.372528 0.00916968
988 0.503686 0.00512497 0.372528 0.00916968
989 0.504056 0.00512421 0.369292 0.00915328
990 0.504079 0.00511724 0.37109 0.00916244
991 0.50432 0.0051322 0.375045 0.00918213
992 0.504491 0.00513452 0.37109 0.00916244
993 0.504412 0.00513058 0.37109 0.00916244
994 0.503948 0.00513346 0.37073 0.00916062
995 0.504309 0.00512404 0.367494 0.00914397
996 0.504795 0.0051222 0.371809 0.00916607
997 0.504422 0.005118 0.368932 0.00915143
998 0.504975 0.00512307 0.369651 0.00915512
999 0.504782 0.0051219 0.367134 0.0091421
1000 0.505366 0.00512843 0.371449 0.00916426
1001 0.505044 0.00513501 0.37073 0.00916062
1002 0.504741 0.00513649 0.374685 0.00918037
1003 0.504812 0.00513304 0.371809 0.00916607
1004 0.505051 0.00513794 0.376124 0.00918739
1005 0.505023 0.00513629 0.373966 0.00917683
1006 0.504978 0.00513465 0.373607 0.00917505
1007 0.504902 0.00513712 0.373607 0.00917505
1008 0.504517 0.00513377 0.369292 0.00915328
1009 0.504946 0.00513416 0.369651 0.00915512
1010 0.504913 0.00514416 0.369292 0.00915328
1011 0.504522 0.00513399 0.371449 0.00916426
1012 0.504797 0.0051317 0.365696 0.00913453
1013 0.50452 0.00513207 0.37073 0.00916062
1014 0.504723 0.00513305 0.372528 0.00916968
1015 0.504718 0.00512728 0.371809 0.00916607
1016 0.504827 0.00513656 0.376483 0.00918913
1017 0.504737 0.00513554 0.374685 0.00918037
1018 0.504489 0.00512924 0.375405 0.00918389
1019 0.504119 0.00513303 0.375405 0.00918389
1020 0.503814 0.00513045 0.373247 0.00917327
1021 0.50401 0.00512904 0.375045 0.00918213
1022 0.504008 0.00512962 0.374685 0.00918037
1023 0.504082 0.00513006 0.376843 0.00919087
1024 0.504131 0.00513364 0.372528 0.00916968
1025 0.504261 0.00512758 0.369292 0.00915328
1026 0.503985 0.0051362 0.370011 0.00915696
1027 0.503692 0.00514037 0.37037 0.00915879
1028 0.50381 0.00513378 0.372168 0.00916788
1029 0.504069 0.00514443 0.377202 0.0091926
1030 0.504136 0.00513887 0.378281 0.00919776
1031 0.503891 0.00513606 0.376124 0.00918739
1032 0.50432 0.00514326 0.378281 0.00919776
1033 0.504767 0.00514404 0.375045 0.00918213
1034 0.504826 0.00514859 0.375405 0.00918389
1035 0.505073 0.00515377 0.371809 0.00916607
1036 0.504774 0.00514813 0.374326 0.0091786
1037 0.504552 0.00515183 0.374326 0.0091786
1038 0.504561 0.00515065 0.375045 0.00918213
1039 0.505008 0.00515083 0.376124 0.00918739
1040 0.505179 0.00515007 0.373607 0.00917505
1041 0.505146 0.00515385 0.376483 0.00918913
1042 0.505004 0.00514953 0.375405 0.00918389
1043 0.504839 0.00514926 0.37073 0.00916062
1044 0.505116 0.00514756 0.371809 0.00916607
1045 0.504338 0.00514084 0.372168 0.00916788
1046 0.504478 0.0051399 0.372528 0.00916968
1047 0.504632 0.00513693 0.37109 0.00916244
1048 0.504519 0.00512761 0.369651 0.00915512
1049 0.504508 0.00512662 0.371449 0.00916426
1050 0.50482 0.00513094 0.37073 0.00916062
1051 0.505444 0.0051326 0.372168 0.00916788
1052 0.505537 0.00513244 0.368572 0.00914957
1053 0.505654 0.00513219 0.368213 0.00914771
1054 0.505347 0.00512279 0.370011 0.00915696
1055 0.505362 0.00512195 0.372168 0.00916788
1056 0.504868 0.00511672 0.374326 0.0091786
1057 0.505489 0.00512343 0.372528 0.00916968
1058 0.505294 0.00512531 0.369292 0.00915328
1059 0.505117 0.00512355 0.370011 0.00915696
1060 0.504882 0.00513649 0.373247 0.00917327
1061 0.504758 0.0051289 0.374685 0.00918037
1062 0.504931 0.00512576 0.375405 0.00918389
1063 0.504929 0.00512863 0.374326 0.0091786
1064 0.504983 0.0051163 0.375764 0.00918564
1065 0.505033 0.00511763 0.375405 0.00918389
1066 0.504781 0.00512011 0.377922 0.00919604
1067 0.50518 0.00511818 0.376843 0.00919087
1068 0.504607 0.00511946 0.379 0.00920117
1069 0.50494 0.0051247 0.379 0.00920117
1070 0.504657 0.00512438 0.381877 0.00921461
1071 0.504695 0.00512977 0.378641 0.00919947
1072 0.50463 0.00513258 0.381517 0.00921295
1073 0.504866 0.00513287 0.377562 0.00919432
1074 0.504879 0.00513132 0.380439 0.00920793
1075 0.504722 0.00512698 0.378281 0.00919776
1076 0.505202 0.00512551 0.374326 0.0091786
1077 0.504963 0.00513189 0.377562 0.00919432
1078 0.505341 0.00512954 0.381158 0.00921128
1079 0.505336 0.00513843 0.378641 0.00919947
1080 0.5048 0.0051329 0.37936 0.00920287
1081 0.504859 0.00513067 0.383315 0.0092212
1082 0.504381 0.00513481 0.382956 0.00921956
1083 0.504694 0.0051363 0.381158 0.00921128
1084 0.504747 0.00513287 0.380079 0.00920625
1085 0.50528 0.00512906 0.377562 0.00919432
1086 0.505548 0.00513482 0.380439 0.00920793
1087 0.505427 0.00513516 0.377922 0.00919604
1088 0.505277 0.00513921 0.376483 0.00918913
1089 0.505177 0.00512932 0.374326 0.0091786
1090 0.505318 0.00513172 0.375045 0.00918213
1091 0.505113 0.00513349 0.374685 0.00918037
1092 0.504873 0.00512832 0.377922 0.00919604
1093 0.505193 0.00513452 0.377922 0.00919604
1094 0.505376 0.00513234 0.374685 0.00918037
1095 0.505563 0.00513255 0.371449 0.00916426
1096 0.505273 0.00512922 0.374326 0.0091786
1097 0.50568 0.00512991 0.372887 0.00917148
1098 0.50566 0.00512717 0.372887 0.00917148
1099 0.505505 0.00512966 0.371809 0.00916607
1100 0.505992 0.00513096 0.375405 0.00918389
1101 0.505552 0.00512942 0.37037 0.00915879
1102 0.505577 0.00513307 0.375764 0.00918564
1103 0.505749 0.00513953 0.375764 0.00918564
1104 0.505305 0.00513324 0.376124 0.00918739
1105 0.505201 0.00513695 0.379 0.00920117
1106 0.504762 0.00513845 0.376843 0.00919087
1107 0.505016 0.00513668 0.376843 0.00919087
1108 0.505219 0.00513566 0.378641 0.00919947
1109 0.505577 0.00512838 0.377202 0.0091926
1110 0.505698 0.00512565 0.371449 0.00916426
1111 0.506102 0.00513056 0.376843 0.00919087
1112 0.50597 0.00513673 0.374685 0.00918037
1113 0.506009 0.00514174 0.378281 0.00919776
1114 0.506296 0.00513728 0.375045 0.00918213
1115 0.50595 0.00514467 0.379 0.00920117
1116 0.505768 0.00514223 0.37972 0.00920456
1117 0.506009 0.00514505 0.380439 0.00920793
1118 0.50589 0.00515212 0.375405 0.00918389
1119 0.505338 0.00514823 0.376843 0.00919087
1120 0.505811 0.00515431 0.375405 0.00918389
1121 0.505462 0.00515703 0.376483 0.00918913
1122 0.50526 0.00515085 0.374326 0.0091786
1123 0.50461 0.0051508 0.376483 0.00918913
1124 0.504622 0.00515006 0.376483 0.00918913
1125 0.504856 0.00515412 0.377562 0.00919432
1126 0.504624 0.00515173 0.375764 0.00918564
1127 0.504369 0.00515103 0.374326 0.0091786
1128 0.504516 0.00515065 0.375405 0.00918389
1129 0.504848 0.00515761 0.380798 0.00920961
1130 0.50478 0.00515445 0.380798 0.00920961
1131 0.504956 0.00515804 0.380439 0.00920793
1132 0.504739 0.00515584 0.377202 0.0091926
1133 0.504993 0.00515539 0.375045 0.00918213
1134 0.505032 0.00515943 0.375764 0.00918564
1135 0.505045 0.00516129 0.374685 0.00918037
1136 0.504865 0.00515376 0.376124 0.00918739
1137 0.504815 0.00514793 0.377922 0.00919604
1138 0.504403 0.00515132 0.381158 0.00921128
1139 0.504353 0.00515876 0.381517 0.00921295
1140 0.504538 0.00516173 0.381517 0.00921295
1141 0.504407 0.00516179 0.377562 0.00919432
1142 0.504238 0.00516682 0.378281 0.00919776
1143 0.50399 0.00516639 0.380798 0.00920961
1144 0.503781 0.00516063 0.378281 0.00919776
1145 0.50397 0.00517057 0.380439 0.00920793
1146 0.50417 0.00516599 0.378641 0.00919947
1147 0.504283 0.00516513 0.376124 0.00918739
1148 0.504279 0.0051621 0.37936 0.00920287
1149 0.504236 0.00515999 0.379 0.00920117
1150 0.504036 0.00515737 0.377562 0.00919432
1151 0.503934 0.00515434 0.380079 0.00920625
1152 0.504098 0.00516203 0.37936 0.00920287
1153 0.5043 0.00515242 0.376843 0.00919087
1154 0.504391 0.00515236 0.375405 0.00918389
1155 0.504553 0.00515642 0.374685 0.00918037
1156 0.50439 0.00515296 0.376843 0.00919087
1157 0.504568 0.00514696 0.374685 0.00918037
1158 0.504423 0.00513761 0.378641 0.00919947
1159 0.504907 0.00514134 0.377562 0.00919432
1160 0.505287 0.00513906 0.377922 0.00919604
1161 0.504921 0.00514416 0.377562 0.00919432
1162 0.50485 0.00514311 0.379 0.00920117
1163 0.504455 0.00514249 0.373966 0.00917683
1164 0.504742 0.00513948 0.373966 0.00917683
1165 0.50503 0.00514382 0.375764 0.00918564
1166 0.505169 0.00514143 0.372168 0.00916788
1167 0.505277 0.0051342 0.371449 0.00916426
1168 0.505707 0.00513307 0.37109 0.00916244
1169 0.505722 0.00512712 0.367134 0.0091421
1170 0.505809 0.00512904 0.369292 0.00915328
1171 0.505723 0.00513512 0.370011 0.00915696
1172 0.505478 0.00513461 0.369292 0.00915328
1173 0.505737 0.00513517 0.367134 0.0091421
1174 0.505832 0.00513923 0.367494 0.00914397
1175 0.50611 0.00513829 0.365336 0.00913263
1176 0.505946 0.00512959 0.364977 0.00913072
1177 0.505505 0.00513782 0.365336 0.00913263
1178 0.505423 0.0051358 0.37037 0.00915879
1179 0.505889 0.00513967 0.372887 0.00917148
1180 0.505927 0.00514151 0.372887 0.00917148
1181 0.506293 0.00514952 0.371809 0.00916607
1182 0.505807 0.00515042 0.372168 0.00916788
1183 0.506342 0.0051448 0.37109 0.00916244
1184 0.506733 0.0051514 0.372168 0.00916788
1185 0.506589 0.00514736 0.373966 0.00917683
1186 0.507126 0.00514724 0.371809 0.00916607
1187 0.506484 0.00515589 0.371809 0.00916607
1188 0.50649 0.00515329 0.367853 0.00914585
1189 0.506621 0.00515173 0.373247 0.00917327
1190 0.506541 0.00516124 0.371449 0.00916426
1191 0.506221 0.00516056 0.370011 0.00915696
1192 0.505873 0.00516296 0.371809 0.00916607
1193 0.506071 0.00515637 0.370011 0.00915696
1194 0.506375 0.00514741 0.371809 0.00916607
1195 0.506522 0.00514281 0.368932 0.00915143
1196 0.506133 0.00514352 0.369292 0.00915328
1197 0.506198 0.00514137 0.370011 0.00915696
1198 0.506032 0.00514712 0.37037 0.00915879
1199 0.505884 0.00514198 0.372168 0.00916788
1200 0.505801 0.0051511 0.374685 0.00918037
1201 0.505972 0.00515391 0.375764 0.00918564
1202 0.506306 0.00515668 0.371809 0.00916607
1203 0.505854 0.00515786 0.369651 0.00915512
1204 0.505554 0.00516366 0.368213 0.00914771
1205 0.505127 0.00516394 0.37073 0.00916062
1206 0.505861 0.00516676 0.368932 0.00915143
1207 0.505683 0.00516936 0.372168 0.00916788
1208 0.505655 0.00516551 0.373247 0.00917327
1209 0.505726 0.00517264 0.373607 0.00917505
1210 0.505236 0.00516843 0.37109 0.00916244
1211 0.50533 0.00516875 0.372887 0.00917148
1212 0.505294 0.00517592 0.371809 0.00916607
1213 0.505341 0.00517203 0.373247 0.00917327
1214 0.505333 0.00516993 0.375045 0.00918213
1215 0.505131 0.00516628 0.372528 0.00916968
1216 0.504564 0.00516163 0.369292 0.00915328
1217 0.504732 0.0051595 0.37073 0.00916062
1218 0.504446 0.00515957 0.372168 0.00916788
1219 0.504425 0.00516481 0.372168 0.00916788
1220 0.504476 0.0051673 0.374326 0.0091786
1221 0.504714 0.00515661 0.371809 0.00916607
1222 0.504667 0.00515519 0.370011 0.00915696
1223 0.504472 0.00515454 0.37037 0.00915879
1224 0.5041 0.00515797 0.373247 0.00917327
1225 0.504428 0.00515693 0.372887 0.00917148
1226 0.504695 0.00516018 0.371809 0.00916607
1227 0.50476 0.0051605 0.368932 0.00915143
1228 0.505023 0.00515796 0.369292 0.00915328
1229 0.505362 0.00515837 0.369651 0.00915512
1230 0.505613 0.0051558 0.368213 0.00914771
1231 0.505874 0.0051537 0.366775 0.00914021
1232 0.505665 0.00515712 0.369651 0.00915512
1233 0.505628 0.00516308 0.373247 0.00917327
1234 0.50559 0.00515471 0.368572 0.00914957
1235 0.50567 0.0051557 0.37037 0.00915879
1236 0.505229 0.00516132 0.372887 0.00917148
1237 0.505685 0.00516007 0.373966 0.00917683
1238 0.505852 0.00516169 0.375405 0.00918389
1239 0.50607 0.00516234 0.37109 0.00916244
1240 0.505797 0.00516478 0.371809 0.00916607
1241 0.505833 0.00516971 0.371809 0.00916607
1242 0.505913 0.00516535 0.370011 0.00915696
1243 0.505129 0.00516692 0.372887 0.00917148
1244 0.504722 0.00516597 0.375045 0.00918213
1245 0.504619 0.00516271 0.376483 0.00918913
1246 0.504341 0.00515665 0.375764 0.00918564
1247 0.503908 0.00515966 0.371449 0.00916426
1248 0.504025 0.00515914 0.373607 0.00917505
1249 0.504149 0.00515915 0.374685 0.00918037
1250 0.504017 0.00515424 0.376483 0.00918913
1251 0.504095 0.00515789 0.376124 0.00918739
1252 0.504128 0.00515798 0.376124 0.00918739
1253 0.50428 0.00515728 0.374685 0.00918037
1254 0.504299 0.00515936 0.373966 0.00917683
1255 0.50437 0.00516331 0.373247 0.00917327
1256 0.504388 0.00516239 0.373607 0.00917505
1257 0.50446 0.00515433 0.373966 0.00917683
1258 0.504668 0.00515708 0.372887 0.00917148
1259 0.505029 0.00515162 0.373607 0.00917505
1260 0.504938 0.00514892 0.372528 0.00916968
1261 0.504521 0.00514579 0.369292 0.00915328
1262 0.504728 0.00514556 0.364977 0.00913072
1263 0.504388 0.00514844 0.37073 0.00916062
1264 0.504335 0.00514948 0.368932 0.00915143
1265 0.504168 0.00514466 0.368572 0.00914957
1266 0.504145 0.00514707 0.368932 0.00915143
1267 0.503987 0.00513838 0.372168 0.00916788
1268 0.503818 0.00514703 0.371449 0.00916426
1269 0.504236 0.005155 0.368572 0.00914957
1270 0.504486 0.00515724 0.371449 0.00916426
1271 0.504512 0.00516123 0.373607 0.00917505
1272 0.505028 0.00516273 0.374685 0.00918037
1273 0.504785 0.00516475 0.373966 0.00917683
1274 0.50433 0.0051601 0.372528 0.00916968
1275 0.504675 0.00515063 0.375045 0.00918213
1276 0.504784 0.00515129 0.372168 0.00916788
1277 0.504896 0.00514626 0.368932 0.00915143
1278 0.504514 0.00514642 0.37109 0.00916244
1279 0.504404 0.00515168 0.373966 0.00917683
1280 0.50508 0.005149 0.372887 0.00917148
1281 0.50514 0.00515137 0.373247 0.00917327
1282 0.505171 0.00515791 0.374685 0.00918037
1283 0.504628 0.00515952 0.372168 0.00916788
1284 0.50484 0.00515792 0.373607 0.00917505
1285 0.504545 0.00515903 0.374685 0.00918037
1286 0.504585 0.00516474 0.376124 0.00918739
1287 0.504354 0.00516197 0.374685 0.00918037
1288 0.504497 0.0051614 0.375045 0.00918213
1289 0.504325 0.00515666 0.373247 0.00917327
1290 0.504734 0.00515431 0.373247 0.00917327
1291 0.50477 0.00516019 0.372168 0.00916788
1292 0.504096 0.00515605 0.375405 0.00918389
1293 0.503829 0.00515421 0.375764 0.00918564
1294 0.503759 0.00514708 0.376124 0.00918739
1295 0.504105 0.00515034 0.374326 0.0091786
1296 0.503922 0.00514666 0.376124 0.00918739
1297 0.504188 0.0051509 0.373247 0.00917327
1298 0.504716 0.0051455 0.369292 0.00915328
1299 0.504771 0.00513841 0.368932 0.00915143
1300 0.504566 0.00514219 0.368572 0.00914957
1301 0.504854 0.00513773 0.373966 0.00917683
1302 0.504576 0.0051289 0.374326 0.0091786
1303 0.504295 0.0051364 0.376483 0.00918913
1304 0.504638 0.00513645 0.366415 0.00913833
1305 0.504693 0.00514156 0.37073 0.00916062
1306 0.504507 0.00514812 0.37073 0.00916062
1307 0.504295 0.00514458 0.37109 0.00916244
1308 0.504243 0.00513647 0.371449 0.00916426
1309 0.504393 0.00514084 0.374326 0.0091786
1310 0.504725 0.00514301 0.373607 0.00917505
1311 0.504466 0.0051423 0.371809 0.00916607
1312 0.50428 0.00515299 0.372528 0.00916968
1313 0.504482 0.0051527 0.375405 0.00918389
1314 0.504366 0.00514859 0.37073 0.00916062
1315 0.5048 0.00514813 0.37073 0.00916062
1316 0.505235 0.00514687 0.371449 0.00916426
1317 0.505422 0.00515496 0.367494 0.00914397
1318 0.505462 0.0051532 0.366775 0.00914021
1319 0.505479 0.00515127 0.367853 0.00914585
1320 0.505487 0.00514733 0.368213 0.00914771
1321 0.505415 0.00515113 0.369292 0.00915328
1322 0.505591 0.00515652 0.368572 0.00914957
1323 0.5059 0.00515396 0.366055 0.00913643
1324 0.505786 0.00515799 0.368572 0.00914957
1325 0.506326 0.00516029 0.369651 0.00915512
1326 0.506452 0.00516215 0.366055 0.00913643
1327 0.506443 0.0051542 0.366415 0.00913833
1328 0.506697 0.00516361 0.366775 0.00914021
1329 0.506378 0.00516814 0.368572 0.00914957
1330 0.506711 0.00517214 0.366055 0.00913643
1331 0.506666 0.0051647 0.365336 0.00913263
1332 0.506196 0.005166 0.368932 0.00915143
1333 0.506329 0.00516959 0.368213 0.00914771
1334 0.506328 0.00516643 0.365696 0.00913453
1335 0.506199 0.0051724 0.366775 0.00914021
1336 0.506338 0.00517419 0.368932 0.00915143
1337 0.507162 0.00517508 0.367494 0.00914397
1338 0.507122 0.00517557 0.367134 0.0091421
1339 0.506912 0.00517448 0.370011 0.00915696
1340 0.507177 0.00517445 0.367853 0.00914585
1341 0.50698 0.00517036 0.37037 0.00915879
1342 0.507413 0.00516956 0.367134 0.0091421
1343 0.507362 0.00516439 0.368572 0.00914957
1344 0.507376 0.00516051 0.369651 0.00915512
1345 0.507425 0.00515764 0.365696 0.00913453
1346 0.507229 0.00516286 0.367853 0.00914585
1347 0.507184 0.00516376 0.365696 0.00913453
1348 0.506791 0.00515936 0.367134 0.0091421
1349 0.506894 0.0051629 0.369292 0.00915328
1350 0.506716 0.00516063 0.367134 0.0091421
1351 0.506941 0.00516467 0.367134 0.0091421
1352 0.507253 0.00515802 0.368213 0.00914771
1353 0.507356 0.00516172 0.364977 0.00913072
1354 0.507058 0.0051621 0.364617 0.0091288
1355 0.506845 0.00516399 0.362819 0.00911914
1356 0.506432 0.0051658 0.364617 0.0091288
1357 0.506399 0.00516027 0.364257 0.00912688
1358 0.506492 0.00516138 0.3621 0.00911524
1359 0.506566 0.00516473 0.365336 0.00913263
1360 0.506844 0.00516541 0.366415 0.00913833
1361 0.506937 0.00515843 0.37073 0.00916062
1362 0.507515 0.00516216 0.37109 0.00916244
1363 0.507545 0.00516029 0.37109 0.00916244
1364 0.507633 0.00515816 0.37037 0.00915879
1365 0.507453 0.0051661 0.37037 0.00915879
1366 0.507113 0.00516308 0.371449 0.00916426
1367 0.506768 0.00516211 0.368932 0.00915143
1368 0.506108 0.00516074 0.37109 0.00916244
1369 0.506708 0.00516071 0.368213 0.00914771
1370 0.506458 0.00515794 0.369292 0.00915328
1371 0.50654 0.00515798 0.371449 0.00916426
1372 0.507034 0.00515627 0.372168 0.00916788
1373 0.50704 0.00516052 0.367494 0.00914397
1374 0.507611 0.00515663 0.366055 0.00913643
1375 0.507601 0.00515728 0.369292 0.00915328
1376 0.507584 0.00515713 0.369651 0.00915512
1377 0.507185 0.00514942 0.367494 0.00914397
1378 0.506945 0.00515097 0.371809 0.00916607
1379 0.507075 0.00515567 0.368213 0.00914771
1380 0.506892 0.00515852 0.368932 0.00915143
1381 0.506446 0.00515865 0.375045 0.00918213
1382 0.506748 0.00514926 0.373247 0.00917327
1383 0.506829 0.00515112 0.372887 0.00917148
1384 0.506576 0.00515457 0.375405 0.00918389
1385 0.506648 0.0051469 0.371809 0.00916607
1386 0.506423 0.00514462 0.370011 0.00915696
1387 0.506387 0.00514355 0.372168 0.00916788
1388 0.506484 0.0051463 0.37109 0.00916244
1389 0.506411 0.00514426 0.372168 0.00916788
1390 0.506509 0.00514316 0.37109 0.00916244
1391 0.50604 0.00514139 0.373607 0.00917505
1392 0.506102 0.00514551 0.37109 0.00916244
1393 0.505364 0.00514771 0.374326 0.0091786
1394 0.505771 0.00514926 0.373966 0.00917683
1395 0.505482 0.0051419 0.374685 0.00918037
1396 0.505182 0.00514353 0.374685 0.00918037
1397 0.505216 0.00514185 0.373607 0.00917505
1398 0.505602 0.00514045 0.371449 0.00916426
1399 0.505872 0.00513988 0.369651 0.00915512
1400 0.505753 0.00513917 0.368932 0.00915143
1401 0.505445 0.00513221 0.369651 0.00915512
1402 0.505296 0.00513036 0.372168 0.00916788
1403 0.505031 0.0051368 0.367853 0.00914585
1404 0.505896 0.00513244 0.368213 0.00914771
1405 0.506224 0.00512778 0.367134 0.0091421
1406 0.506651 0.00511649 0.365696 0.00913453
1407 0.506246 0.00511661 0.370011 0.00915696
1408 0.506433 0.0051164 0.367853 0.00914585
1409 0.505713 0.00511943 0.367494 0.00914397
1410 0.506472 0.00511921 0.371449 0.00916426
1411 0.506233 0.00512813 0.37037 0.00915879
1412 0.50656 0.00511863 0.371809 0.00916607
1413 0.506813 0.00512799 0.372528 0.00916968
1414 0.507171 0.00513472 0.372168 0.00916788
1415 0.50688 0.00513372 0.37073 0.00916062
1416 0.506817 0.00513473 0.369292 0.00915328
1417 0.506834 0.00512949 0.371449 0.00916426
1418 0.507181 0.00512824 0.365696 0.00913453
1419 0.506574 0.00512591 0.364977 0.00913072
1420 0.507016 0.00512864 0.365696 0.00913453
1421 0.507007 0.00512397 0.365336 0.00913263
1422 0.507035 0.0051266 0.368213 0.00914771
1423 0.50739 0.00512868 0.363898 0.00912496
1424 0.506955 0.00513629 0.367134 0.0091421
1425 0.507688 0.00513399 0.370011 0.00915696
1426 0.507741 0.00513427 0.370011 0.00915696
1427 0.507585 0.00513215 0.368213 0.00914771
1428 0.507073 0.00512922 0.366775 0.00914021
1429 0.506988 0.00514126 0.365696 0.00913453
1430 0.50704 0.00513541 0.366775 0.00914021
1431 0.506827 0.00513698 0.366775 0.00914021
1432 0.506243 0.00513402 0.367853 0.00914585
1433 0.505781 0.00514094 0.367494 0.00914397
1434 0.505583 0.00513483 0.373247 0.00917327
1435 0.505364 0.00513904 0.372528 0.00916968
1436 0.505622 0.00513502 0.373607 0.00917505
1437 0.50542 0.00513352 0.372528 0.00916968
1438 0.505201 0.00513514 0.376843 0.00919087
1439 0.504944 0.00514673 0.37936 0.00920287
1440 0.504832 0.00514667 0.379 0.00920117
1441 0.504261 0.00514055 0.382596 0.00921791
1442 0.504419 0.00513573 0.377922 0.00919604
1443 0.50487 0.00513825 0.374326 0.0091786
1444 0.504801 0.00513768 0.379 0.00920117
1445 0.504642 0.00513681 0.375045 0.00918213
1446 0.504307 0.0051342 0.376843 0.00919087
1447 0.50469 0.00514067 0.375045 0.00918213
1448 0.504937 0.00513854 0.374685 0.00918037
1449 0.504536 0.00514303 0.375764 0.00918564
1450 0.505342 0.00513079 0.372887 0.00917148
1451 0.505723 0.00513683 0.370011 0.00915696
1452 0.506071 0.00512648 0.367853 0.00914585
1453 0.506174 0.00513019 0.368932 0.00915143
1454 0.506398 0.00512413 0.368572 0.00914957
1455 0.50605 0.00512988 0.369651 0.00915512
1456 0.506361 0.00511469 0.369292 0.00915328
1457 0.506256 0.00511958 0.373607 0.00917505
1458 0.506474 0.00511665 0.37037 0.00915879
1459 0.506561 0.00511779 0.368572 0.00914957
1460 0.506146 0.00511477 0.367494 0.00914397
1461 0.506043 0.00512547 0.369292 0.00915328
1462 0.505745 0.00510884 0.364617 0.0091288
1463 0.505947 0.00511331 0.363898 0.00912496
1464 0.505979 0.00511911 0.364977 0.00913072
1465 0.506097 0.00512155 0.368572 0.00914957
1466 0.50636 0.00512973 0.367134 0.0091421
1467 0.506526 0.00512941 0.366775 0.00914021
1468 0.506556 0.00512893 0.37073 0.00916062
1469 0.506779 0.00512666 0.372528 0.00916968
1470 0.506866 0.00512692 0.372168 0.00916788
1471 0.507077 0.00513153 0.367494 0.00914397
1472 0.506572 0.00513923 0.37037 0.00915879
1473 0.506645 0.00513674 0.369651 0.00915512
1474 0.506875 0.00512663 0.37037 0.00915879
1475 0.506997 0.00512596 0.369651 0.00915512
1476 0.506362 0.00512958 0.366055 0.00913643
1477 0.50609 0.00513123 0.365336 0.00913263
1478 0.506901 0.0051375 0.366415 0.00913833
1479 0.506774 0.00513697 0.370011 0.00915696
1480 0.506328 0.00514176 0.370011 0.00915696
1481 0.506275 0.00515089 0.372168 0.00916788
1482 0.506487 0.00514618 0.371449 0.00916426
1483 0.506175 0.00515455 0.373966 0.00917683
1484 0.506204 0.00514965 0.37109 0.00916244
1485 0.505908 0.00514357 0.373607 0.00917505
1486 0.506211 0.00515504 0.372528 0.00916968
1487 0.506082 0.00515688 0.372168 0.00916788
1488 0.505892 0.005157 0.376483 0.00918913
1489 0.506125 0.0051576 0.373607 0.00917505
1490 0.505649 0.00515351 0.373966 0.00917683
1491 0.505047 0.00515653 0.374685 0.00918037
1492 0.505002 0.00515748 0.376483 0.00918913
1493 0.505424 0.00514827 0.372168 0.00916788
1494 0.505032 0.00514907 0.374685 0.00918037
1495 0.505657 0.00515527 0.376843 0.00919087
1496 0.505688 0.00515064 0.372528 0.00916968
1497 0.505878 0.00514658 0.372887 0.00917148
1498 0.506005 0.0051476 0.37073 0.00916062
1499 0.506731 0.00514896 0.372528 0.00916968
1500 0.506172 0.00514989 0.373607 0.00917505
1501 0.506289 0.005159 0.373966 0.00917683
1502 0.506201 0.00515761 0.376124 0.00918739
1503 0.50587 0.00516176 0.372887 0.00917148
1504 0.505354 0.00516839 0.376124 0.00918739
1505 0.505991 0.0051654 0.375045 0.00918213
1506 0.50625 0.00516636 0.374326 0.0091786
1507 0.506279 0.00517153 0.373607 0.00917505
1508 0.506531 0.00517156 0.371809 0.00916607
1509 0.506608 0.00517026 0.372168 0.00916788
1510 0.506514 0.00516452 0.371449 0.00916426
1511 0.506483 0.00515992 0.368572 0.00914957
1512 0.506611 0.00515853 0.367134 0.0091421
1513 0.506613 0.00514812 0.365336 0.00913263
1514 0.506756 0.00514535 0.364617 0.0091288
1515 0.507194 0.0051443 0.367134 0.0091421
1516 0.506742 0.00513746 0.366055 0.00913643
1517 0.506324 0.0051407 0.367494 0.00914397
1518 0.506172 0.00514403 0.365336 0.00913263
1519 0.506743 0.00514756 0.363898 0.00912496
1520 0.506368 0.00515159 0.369651 0.00915512
1521 0.506345 0.00515593 0.367494 0.00914397
1522 0.505758 0.00515102 0.371449 0.00916426
1523 0.505696 0.00515195 0.368213 0.00914771
1524 0.505808 0.00515412 0.373607 0.00917505
1525 0.50594 0.00515565 0.373966 0.00917683
1526 0.50622 0.00515024 0.370011 0.00915696
1527 0.505583 0.00515559 0.373966 0.00917683
1528 0.505958 0.00514932 0.376124 0.00918739
1529 0.506287 0.00514642 0.379 0.00920117
1530 0.506153 0.00514396 0.375764 0.00918564
1531 0.506519 0.00514126 0.375764 0.00918564
1532 0.506728 0.00514201 0.375405 0.00918389
1533 0.506453 0.00514005 0.374685 0.00918037
1534 0.506513 0.00514608 0.376843 0.00919087
1535 0.50612 0.00514198 0.373247 0.00917327
1536 0.505984 0.00514387 0.374685 0.00918037
1537 0.50577 0.00515282 0.372887 0.00917148
1538 0.505688 0.0051512 0.373966 0.00917683
1539 0.50567 0.00514994 0.372528 0.00916968
1540 0.50549 0.00515161 0.374685 0.00918037
1541 0.50536 0.00514726 0.374685 0.00918037
1542 0.505163 0.00514647 0.376483 0.00918913
1543 0.505528 0.00514448 0.373966 0.00917683
1544 0.505094 0.00514647 0.373607 0.00917505
1545 0.505049 0.00514741 0.374326 0.0091786
1546 0.50502 0.00514754 0.375764 0.00918564
1547 0.504272 0.0051482 0.378281 0.00919776
1548 0.504394 0.00514069 0.378281 0.00919776
1549 0.504688 0.005135 0.373966 0.00917683
1550 0.504343 0.00514116 0.372528 0.00916968
1551 0.504466 0.00513591 0.37109 0.00916244
1552 0.504037 0.00514343 0.371449 0.00916426
1553 0.504437 0.00514278 0.37109 0.00916244
1554 0.505017 0.00514535 0.372528 0.00916968
1555 0.504204 0.00514512 0.372528 0.00916968
1556 0.504158 0.00513602 0.371449 0.00916426
1557 0.50427 0.00512673 0.369651 0.00915512
1558 0.504292 0.00512447 0.371449 0.00916426
1559 0.504174 0.00512514 0.375045 0.00918213
1560 0.504137 0.0051252 0.373247 0.00917327
1561 0.504348 0.00512985 0.373247 0.00917327
1562 0.504589 0.0051233 0.37037 0.00915879
1563 0.504406 0.00512297 0.37073 0.00916062
1564 0.50428 0.00511922 0.372887 0.00917148
1565 0.504078 0.00512107 0.372887 0.00917148
1566 0.504504 0.00511364 0.37073 0.00916062
1567 0.503899 0.00511573 0.373607 0.00917505
1568 0.504327 0.00511138 0.375045 0.00918213
1569 0.504636 0.00511566 0.372528 0.00916968
1570 0.504582 0.00511769 0.368932 0.00915143
1571 0.504588 0.00511858 0.37073 0.00916062
1572 0.504688 0.00511292 0.37073 0.00916062
1573 0.50429 0.00510412 0.371449 0.00916426
1574 0.504488 0.00510104 0.369651 0.00915512
1575 0.504387 0.00511229 0.370011 0.00915696
1576 0.504795 0.00510869 0.37073 0.00916062
1577 0.504749 0.00511368 0.372528 0.00916968
1578 0.505569 0.00510792 0.374326 0.0091786
1579 0.505538 0.00510358 0.376843 0.00919087
1580 0.505707 0.00511153 0.375764 0.00918564
1581 0.505978 0.00511494 0.375764 0.00918564
1582 0.505453 0.00511225 0.373607 0.00917505
1583 0.50553 0.00511837 0.372168 0.00916788
1584 0.505906 0.00512608 0.375405 0.00918389
1585 0.505956 0.00512491 0.372168 0.00916788
1586 0.505515 0.00513027 0.373247 0.00917327
1587 0.505911 0.00513771 0.376124 0.00918739
1588 0.505524 0.00514197 0.380079 0.00920625
1589 0.505988 0.00514488 0.376124 0.00918739
1590 0.506425 0.00513977 0.375764 0.00918564
1591 0.506622 0.00513995 0.372528 0.00916968
1592 0.506937 0.00513829 0.371449 0.00916426
1593 0.507141 0.0051311 0.369651 0.00915512
1594 0.506886 0.00513246 0.370011 0.00915696
1595 0.507068 0.00512908 0.372528 0.00916968
1596 0.506968 0.00513004 0.369292 0.00915328
1597 0.506766 0.00513475 0.37109 0.00916244
1598 0.506584 0.00513806 0.37109 0.00916244
1599 0.506743 0.00513942 0.37073 0.00916062
1600 0.50661 0.00513986 0.369651 0.00915512
1601 0.506792 0.00513441 0.368572 0.00914957
1602 0.507361 0.00513693 0.37073 0.00916062
1603 0.507641 0.00514405 0.367494 0.00914397
1604 0.508355 0.00513566 0.37073 0.00916062
1605 0.508467 0.00514094 0.371809 0.00916607
1606 0.508095 0.00513047 0.372168 0.00916788
1607 0.507816 0.0051358 0.373247 0.00917327
1608 0.50784 0.00513651 0.371809 0.00916607
1609 0.50831 0.00513884 0.372528 0.00916968
1610 0.508425 0.00513928 0.371449 0.00916426
1611 0.508367 0.0051382 0.368572 0.00914957
1612 0.508022 0.00513485 0.370011 0.00915696
1613 0.508004 0.00513911 0.37073 0.00916062
1614 0.507868 0.00513498 0.369292 0.00915328
1615 0.507838 0.00512948 0.37073 0.00916062
1616 0.507915 0.0051333 0.369292 0.00915328
1617 0.507379 0.00513321 0.367853 0.00914585
1618 0.508072 0.00513003 0.367494 0.00914397
1619 0.508094 0.00512544 0.367853 0.00914585
1620 0.508365 0.00512507 0.367494 0.00914397
1621 0.508316 0.00512906 0.37109 0.00916244
1622 0.507602 0.00513091 0.370011 0.00915696
1623 0.50747 0.00512951 0.369292 0.00915328
1624 0.507212 0.00513221 0.368932 0.00915143
1625 0.507477 0.00513105 0.368572 0.00914957
1626 0.507397 0.00512726 0.367494 0.00914397
1627 0.507832 0.00512761 0.37037 0.00915879
1628 0.507349 0.00512797 0.372168 0.00916788
1629 0.507345 0.00512891 0.372528 0.00916968
1630 0.507746 0.00512561 0.37037 0.00915879
1631 0.507427 0.00513007 0.37073 0.00916062
1632 0.508015 0.00512535 0.368572 0.00914957
1633 0.507881 0.00512796 0.369292 0.00915328
1634 0.508066 0.00512562 0.374326 0.0091786
1635 0.507832 0.00511833 0.369292 0.00915328
1636 0.508344 0.00511733 0.367134 0.0091421
1637 0.508 0.00511287 0.369292 0.00915328
1638 0.507839 0.00511043 0.363538 0.00912302
1639 0.507879 0.00512046 0.366775 0.00914021
1640 0.507377 0.00512367 0.37037 0.00915879
1641 0.507764 0.00511877 0.366055 0.00913643
1642 0.507491 0.00512286 0.366055 0.00913643
1643 0.507236 0.00511624 0.364257 0.00912688
1644 0.507329 0.00512571 0.369292 0.00915328
1645 0.507245 0.00512234 0.366775 0.00914021
1646 0.507602 0.00511895 0.366775 0.00914021
1647 0.507221 0.00511263 0.370011 0.00915696
1648 0.506939 0.0051201 0.369292 0.00915328
1649 0.506687 0.00511193 0.372887 0.00917148
1650 0.506627 0.00510886 0.368213 0.00914771
1651 0.506421 0.00510459 0.366415 0.00913833
1652 0.506317 0.00510806 0.366055 0.00913643
1653 0.506291 0.00511607 0.368213 0.00914771
1654 0.506319 0.00512472 0.368572 0.00914957
1655 0.505897 0.00512306 0.37073 0.00916062
1656 0.505614 0.00511763 0.372168 0.00916788
1657 0.505465 0.00511517 0.37073 0.00916062
1658 0.506366 0.00512136 0.369651 0.00915512
1659 0.506474 0.00511902 0.366775 0.00914021
1660 0.506496 0.00511415 0.367134 0.0091421
1661 0.506487 0.00511605 0.37073 0.00916062
1662 0.506279 0.00511107 0.369651 0.00915512
1663 0.506163 0.00510512 0.371449 0.00916426
1664 0.506423 0.0051029 0.374326 0.0091786
1665 0.506474 0.00509933 0.371449 0.00916426
1666 0.506378 0.00510497 0.369292 0.00915328
1667 0.506593 0.00511526 0.367134 0.0091421
1668 0.506254 0.00511799 0.368213 0.00914771
1669 0.506173 0.00511657 0.367853 0.00914585
1670 0.505904 0.00511493 0.368932 0.00915143
1671 0.506096 0.00511869 0.37073 0.00916062
1672 0.506433 0.00512561 0.37037 0.00915879
1673 0.506166 0.0051206 0.372887 0.00917148
1674 0.505793 0.00511613 0.373247 0.00917327
1675 0.505314 0.00511585 0.375764 0.00918564
1676 0.505485 0.0051105 0.376124 0.00918739
1677 0.506328 0.00510605 0.378281 0.00919776
1678 0.506791 0.00510996 0.374326 0.0091786
1679 0.506146 0.00511157 0.376483 0.00918913
1680 0.506537 0.0051105 0.372168 0.00916788
1681 0.507211 0.0051072 0.368572 0.00914957
1682 0.506989 0.00511341 0.370011 0.00915696
1683 0.507132 0.00510922 0.369292 0.00915328
1684 0.50649 0.00511928 0.370011 0.00915696
1685 0.506152 0.00511859 0.37109 0.00916244
1686 0.506328 0.00511533 0.37109 0.00916244
1687 0.506055 0.00511945 0.367494 0.00914397
1688 0.505695 0.0051222 0.366415 0.00913833
1689 0.505858 0.00512381 0.369292 0.00915328
1690 0.506019 0.00512383 0.363179 0.00912109
1691 0.50596 0.00512462 0.366055 0.00913643
1692 0.505449 0.00512561 0.364617 0.0091288
1693 0.506075 0.0051238 0.363179 0.00912109
1694 0.505289 0.00512645 0.365696 0.00913453
1695 0.505086 0.00512496 0.367494 0.00914397
1696 0.505141 0.00513145 0.369651 0.00915512
1697 0.505087 0.00512629 0.366775 0.00914021
1698 0.505066 0.00512798 0.368572 0.00914957
1699 0.504931 0.005126 0.37073 0.00916062
1700 0.504651 0.00512552 0.37037 0.00915879
1701 0.505218 0.00512755 0.371449 0.00916426
1702 0.505118 0.0051297 0.369292 0.00915328
1703 0.505306 0.00512443 0.367853 0.00914585
1704 0.505235 0.00512483 0.369292 0.00915328
1705 0.505009 0.00512437 0.370011 0.00915696
1706 0.504839 0.00512497 0.371449 0.00916426
1707 0.504267 0.00512707 0.372528 0.00916968
1708 0.503942 0.00512412 0.372887 0.00917148
1709 0.504144 0.00512364 0.372168 0.00916788
1710 0.503607 0.00512412 0.369292 0.00915328
1711 0.503653 0.00511739 0.368932 0.00915143
1712 0.503828 0.0051223 0.368572 0.00914957
1713 0.503422 0.00512112 0.369292 0.00915328
1714 0.503349 0.00513096 0.372528 0.00916968
1715 0.503052 0.00512616 0.372528 0.00916968
1716 0.502721 0.00513538 0.370011 0.00915696
1717 0.502446 0.00513746 0.374685 0.00918037
1718 0.502435 0.00513931 0.374326 0.0091786
1719 0.502389 0.00514547 0.375045 0.00918213
1720 0.502306 0.00514986 0.377562 0.00919432
1721 0.502086 0.00514487 0.375405 0.00918389
1722 0.502305 0.00513848 0.377922 0.00919604
1723 0.502708 0.00514191 0.375405 0.00918389
1724 0.502855 0.00513972 0.375045 0.00918213
1725 0.502972 0.00513915 0.377922 0.00919604
1726 0.503259 0.00513464 0.377562 0.00919432
1727 0.503265 0.00513825 0.377922 0.00919604
1728 0.503703 0.00513855 0.376483 0.00918913
1729 0.503447 0.0051419 0.377562 0.00919432
1730 0.502837 0.00514625 0.380079 0.00920625
1731 0.502748 0.00514766 0.380079 0.00920625
1732 0.502876 0.00514977 0.37972 0.00920456
1733 0.50331 0.00515151 0.377562 0.00919432
1734 0.50296 0.00515315 0.378281 0.00919776
1735 0.502741 0.00514312 0.382596 0.00921791
1736 0.502274 0.0051441 0.381877 0.00921461
1737 0.502552 0.00514418 0.378281 0.00919776
1738 0.502184 0.00514013 0.377202 0.0091926
1739 0.501933 0.00513671 0.37972 0.00920456
1740 0.501935 0.00513649 0.382596 0.00921791
1741 0.501382 0.00513396 0.382956 0.00921956
1742 0.501442 0.00512744 0.382956 0.00921956
1743 0.501184 0.00513151 0.384035 0.00922446
1744 0.501424 0.00513549 0.380798 0.00920961
1745 0.501234 0.00513485 0.37936 0.00920287
1746 0.501717 0.00513338 0.378641 0.00919947
1747 0.501771 0.00513775 0.382237 0.00921626
1748 0.50188 0.00514225 0.380439 0.00920793
1749 0.50155 0.00514191 0.380798 0.00920961
1750 0.502213 0.00514594 0.376124 0.00918739
1751 0.501694 0.00515061 0.383315 0.0092212
1752 0.501583 0.00514795 0.384754 0.0092277
1753 0.501648 0.00514915 0.381158 0.00921128
1754 0.501669 0.0051541 0.380439 0.00920793
1755 0.501885 0.00515724 0.37972 0.00920456
1756 0.501943 0.00516041 0.37936 0.00920287
1757 0.501775 0.00516581 0.385832 0.00923252
1758 0.501545 0.00515911 0.377922 0.00919604
1759 0.501908 0.00515677 0.37936 0.00920287
1760 0.501893 0.00516289 0.381158 0.00921128
1761 0.501891 0.00516527 0.382596 0.00921791
1762 0.501699 0.00516297 0.383675 0.00922283
1763 0.501839 0.00516679 0.384035 0.00922446
1764 0.502053 0.00516687 0.383675 0.00922283
1765 0.502145 0.00516527 0.384754 0.0092277
1766 0.502277 0.00515948 0.37972 0.00920456
1767 0.502282 0.0051576 0.37936 0.00920287
1768 0.502189 0.00515523 0.37936 0.00920287
1769 0.502068 0.00515906 0.383675 0.00922283
1770 0.50204 0.00514956 0.381158 0.00921128
1771 0.501819 0.00514926 0.378641 0.00919947
1772 0.502045 0.00514802 0.37972 0.00920456
1773 0.50176 0.00514088 0.380439 0.00920793
1774 0.501606 0.00514281 0.37972 0.00920456
1775 0.502218 0.00513374 0.376124 0.00918739
1776 0.502274 0.00513486 0.380439 0.00920793
1777 0.502422 0.0051296 0.378641 0.00919947
1778 0.503124 0.00512206 0.378641 0.00919947
1779 0.502914 0.00512853 0.380798 0.00920961
1780 0.502925 0.00512068 0.380439 0.00920793
1781 0.503286 0.00511487 0.377922 0.00919604
1782 0.503415 0.00511856 0.376124 0.00918739
1783 0.50383 0.00511166 0.376124 0.00918739
1784 0.503604 0.00511722 0.375045 0.00918213
1785 0.503879 0.00511809 0.371449 0.00916426
1786 0.504253 0.00512274 0.37073 0.00916062
1787 0.504033 0.0051229 0.37037 0.00915879
1788 0.503546 0.00513189 0.369292 0.00915328
1789 0.503581 0.00512924 0.374685 0.00918037
1790 0.503382 0.00512313 0.371449 0.00916426
1791 0.502861 0.00511881 0.375405 0.00918389
1792 0.502992 0.00511906 0.377562 0.00919432
1793 0.503022 0.0051118 0.376124 0.00918739
1794 0.503182 0.00511312 0.37109 0.00916244
1795 0.503117 0.00511027 0.369651 0.00915512
1796 0.503159 0.00511115 0.373247 0.00917327
1797 0.50366 0.00511886 0.371809 0.00916607
1798 0.503866 0.00511869 0.372528 0.00916968
1799 0.503103 0.00511644 0.372528 0.00916968
1800 0.503316 0.00512548 0.369651 0.00915512
1801 0.503336 0.00512077 0.37109 0.00916244
1802 0.503524 0.00512392 0.372168 0.00916788
1803 0.503539 0.00512227 0.372887 0.00917148
1804 0.503394 0.00512706 0.374326 0.0091786
1805 0.503787 0.00512111 0.374685 0.00918037
1806 0.503566 0.00511993 0.373966 0.00917683
1807 0.503855 0.00511321 0.372528 0.00916968
1808 0.503778 0.00510903 0.37073 0.00916062
1809 0.503881 0.00511176 0.37073 0.00916062
1810 0.503975 0.00510724 0.374326 0.0091786
1811 0.503528 0.00510944 0.370011 0.00915696
1812 0.503509 0.00510934 0.372887 0.00917148
1813 0.503574 0.00510537 0.375045 0.00918213
1814 0.503529 0.00510516 0.373607 0.00917505
1815 0.503573 0.00511411 0.375045 0.00918213
1816 0.503588 0.00510439 0.376843 0.00919087
1817 0.503619 0.00510721 0.374326 0.0091786
1818 0.503764 0.00510791 0.374685 0.00918037
1819 0.504313 0.00510861 0.372887 0.00917148
1820 0.504341 0.00510386 0.37037 0.00915879
1821 0.504526 0.00510905 0.372528 0.00916968
1822 0.504486 0.00510694 0.372528 0.00916968
1823 0.504719 0.0051039 0.372887 0.00917148
1824 0.504257 0.00510311 0.375405 0.00918389
1825 0.504478 0.0051041 0.373247 0.00917327
1826 0.504442 0.00510113 0.371809 0.00916607
1827 0.504026 0.00510806 0.374326 0.0091786
1828 0.504279 0.00510243 0.372168 0.00916788
1829 0.504291 0.00510294 0.372168 0.00916788
1830 0.504623 0.00510457 0.373966 0.00917683
1831 0.504456 0.00510718 0.37037 0.00915879
1832 0.504155 0.00511714 0.373607 0.00917505
1833 0.504469 0.00512107 0.376843 0.00919087
1834 0.504546 0.00512249 0.373966 0.00917683
1835 0.504382 0.00511657 0.376124 0.00918739
1836 0.504245 0.00510968 0.373966 0.00917683
1837 0.504523 0.00510863 0.372887 0.00917148
1838 0.50513 0.00510534 0.37073 0.00916062
1839 0.504595 0.00510193 0.368932 0.00915143
1840 0.504385 0.00511175 0.372168 0.00916788
1841 0.5046 0.00511112 0.372168 0.00916788
1842 0.504947 0.00511786 0.372528 0.00916968
1843 0.504377 0.00510877 0.372168 0.00916788
1844 0.50422 0.00510799 0.373247 0.00917327
1845 0.504047 0.00511256 0.372887 0.00917148
1846 0.504618 0.00512485 0.373966 0.00917683
1847 0.504317 0.00513207 0.374326 0.0091786
1848 0.505179 0.0051279 0.373607 0.00917505
1849 0.505243 0.0051242 0.372887 0.00917148
1850 0.504948 0.00512597 0.374326 0.0091786
1851 0.50487 0.00513022 0.374326 0.0091786
1852 0.505153 0.00514155 0.378641 0.00919947
1853 0.505725 0.00513523 0.373607 0.00917505
1854 0.506055 0.00513489 0.372168 0.00916788
1855 0.506168 0.00513386 0.373607 0.00917505
1856 0.505942 0.00513374 0.375045 0.00918213
1857 0.505914 0.0051345 0.37073 0.00916062
1858 0.505772 0.00513748 0.37109 0.00916244
1859 0.505748 0.00513554 0.373607 0.00917505
1860 0.505814 0.0051388 0.372887 0.00917148
1861 0.505712 0.00513437 0.367134 0.0091421
1862 0.505498 0.00512988 0.365336 0.00913263
1863 0.505697 0.0051292 0.367853 0.00914585
1864 0.505531 0.00513042 0.368932 0.00915143
1865 0.505809 0.00512743 0.369651 0.00915512
1866 0.505111 0.0051268 0.37073 0.00916062
1867 0.505154 0.00512095 0.373247 0.00917327
1868 0.505141 0.0051262 0.37109 0.00916244
1869 0.505125 0.00512257 0.369651 0.00915512
1870 0.505442 0.00512959 0.369651 0.00915512
1871 0.504957 0.00512805 0.37073 0.00916062
1872 0.505274 0.00513082 0.37037 0.00915879
1873 0.506074 0.00513263 0.37037 0.00915879
1874 0.505498 0.00513551 0.371449 0.00916426
1875 0.505042 0.00513683 0.369292 0.00915328
1876 0.505122 0.00513649 0.366415 0.00913833
1877 0.505142 0.00513786 0.368213 0.00914771
1878 0.505051 0.00514448 0.369292 0.00915328
1879 0.505332 0.00514646 0.370011 0.00915696
1880 0.505491 0.00514533 0.362819 0.00911914
1881 0.505378 0.00514713 0.365696 0.00913453
1882 0.506041 0.00514947 0.369292 0.00915328
1883 0.506116 0.00515644 0.368213 0.00914771
1884 0.506254 0.00515843 0.366415 0.00913833
1885 0.506279 0.00515632 0.367134 0.0091421
1886 0.506404 0.00515489 0.366415 0.00913833
1887 0.506512 0.00515822 0.364617 0.0091288
1888 0.506364 0.00516745 0.366415 0.00913833
1889 0.506252 0.00516929 0.366055 0.00913643
1890 0.506124 0.0051679 0.367853 0.00914585
1891 0.505865 0.00517288 0.368213 0.00914771
1892 0.506283 0.0051769 0.37109 0.00916244
1893 0.506505 0.0051754 0.371809 0.00916607
1894 0.506478 0.00516859 0.37109 0.00916244
1895 0.506374 0.00516289 0.37109 0.00916244
1896 0.506362 0.00516827 0.366775 0.00914021
1897 0.506688 0.00516417 0.367494 0.00914397
1898 0.506997 0.00515659 0.361381 0.00911132
1899 0.506942 0.00515312 0.366055 0.00913643
1900 0.506999 0.00515265 0.365336 0.00913263
1901 0.506639 0.00515459 0.363898 0.00912496
1902 0.507103 0.0051432 0.363538 0.00912302
1903 0.507013 0.0051478 0.359942 0.0091034
1904 0.50674 0.00514282 0.364617 0.0091288
1905 0.506315 0.00514252 0.363898 0.00912496
1906 0.506435 0.00514373 0.36246 0.0091172
1907 0.506152 0.00514626 0.3621 0.00911524
1908 0.506121 0.00514881 0.363179 0.00912109
1909 0.50539 0.00514878 0.364977 0.00913072
1910 0.505563 0.0051504 0.362819 0.00911914
1911 0.505111 0.00514596 0.365696 0.00913453
1912 0.504962 0.00515204 0.364617 0.0091288
1913 0.505204 0.00515414 0.364257 0.00912688
1914 0.50501 0.00515179 0.366055 0.00913643
1915 0.505275 0.00514893 0.366415 0.00913833
1916 0.505791 0.00515402 0.366775 0.00914021
1917 0.505841 0.00514962 0.368213 0.00914771
1918 0.505903 0.00514452 0.369651 0.00915512
1919 0.505794 0.00515079 0.37109 0.00916244
1920 0.506347 0.00514785 0.368932 0.00915143
1921 0.506585 0.00514845 0.367853 0.00914585
1922 0.50584 0.00515105 0.370011 0.00915696
1923 0.505708 0.00515405 0.369292 0.00915328
1924 0.506188 0.00514434 0.368932 0.00915143
1925 0.505888 0.00515136 0.369292 0.00915328
1926 0.506131 0.00514974 0.371449 0.00916426
1927 0.505811 0.00514585 0.372168 0.00916788
1928 0.506306 0.00514697 0.372528 0.00916968
1929 0.506004 0.0051472 0.378281 0.00919776
1930 0.505705 0.00514765 0.376124 0.00918739
1931 0.505725 0.00515452 0.375405 0.00918389
1932 0.505908 0.00514648 0.375045 0.00918213
1933 0.506028 0.00514847 0.372528 0.00916968
1934 0.505586 0.00514861 0.376843 0.00919087
1935 0.505206 0.00514736 0.376483 0.00918913
1936 0.505003 0.00514439 0.376483 0.00918913
1937 0.505263 0.00514441 0.375405 0.00918389
1938 0.505327 0.00514272 0.377922 0.00919604
1939 0.505541 0.00514534 0.376843 0.00919087
1940 0.506126 0.00513605 0.373607 0.00917505
1941 0.50617 0.00513671 0.374685 0.00918037
1942 0.506668 0.00513526 0.372168 0.00916788
1943 0.505969 0.00514077 0.371809 0.00916607
1944 0.50603 0.00514189 0.373966 0.00917683
1945 0.506159 0.00513864 0.366775 0.00914021
1946 0.505414 0.00514399 0.37037 0.00915879
1947 0.505761 0.00514677 0.37109 0.00916244
1948 0.505736 0.00514017 0.369651 0.00915512
1949 0.506302 0.00514149 0.373966 0.00917683
1950 0.506423 0.00513428 0.368213 0.00914771
1951 0.505841 0.00513199 0.372168 0.00916788
1952 0.505228 0.00513888 0.374685 0.00918037
1953 0.505269 0.00513827 0.373966 0.00917683
1954 0.505633 0.00513696 0.371449 0.00916426
1955 0.505951 0.00512893 0.37037 0.00915879
1956 0.50599 0.0051328 0.37109 0.00916244
1957 0.505658 0.00512944 0.372168 0.00916788
1958 0.505537 0.0051328 0.371809 0.00916607
1959 0.505529 0.00512403 0.372887 0.00917148
1960 0.505765 0.00513234 0.371449 0.00916426
1961 0.505434 0.00513464 0.372168 0.00916788
1962 0.505267 0.00513364 0.371809 0.00916607
1963 0.505157 0.00513652 0.373966 0.00917683
1964 0.505496 0.00514166 0.373607 0.00917505
1965 0.505737 0.00513771 0.37109 0.00916244
1966 0.505762 0.0051453 0.369651 0.00915512
1967 0.505601 0.00514312 0.372887 0.00917148
1968 0.505191 0.00513925 0.373607 0.00917505
1969 0.505431 0.00514159 0.375405 0.00918389
1970 0.504533 0.00514867 0.377562 0.00919432
1971 0.504428 0.00515249 0.375764 0.00918564
1972 0.504767 0.00515682 0.375045 0.00918213
1973 0.505054 0.00515304 0.375405 0.00918389
1974 0.504723 0.00515285 0.373966 0.00917683
1975 0.504785 0.00515107 0.374326 0.0091786
1976 0.504631 0.00515054 0.374685 0.00918037
1977 0.505191 0.00515259 0.373607 0.00917505
1978 0.505219 0.00515115 0.373247 0.00917327
1979 0.505797 0.00514188 0.37109 0.00916244
1980 0.505626 0.00514431 0.372887 0.00917148
1981 0.505692 0.00514521 0.368572 0.00914957
1982 0.505664 0.00514861 0.37073 0.00916062
1983 0.50535 0.00514538 0.372528 0.00916968
1984 0.50579 0.00514523 0.368213 0.00914771
1985 0.505525 0.0051466 0.37073 0.00916062
1986 0.505607 0.00514197 0.370011 0.00915696
1987 0.505261 0.0051357 0.366055 0.00913643
1988 0.505106 0.00513608 0.365336 0.00913263
1989 0.504943 0.00513573 0.367134 0.0091421
1990 0.505479 0.0051391 0.364977 0.00913072
1991 0.505521 0.00513438 0.366775 0.00914021
1992 0.505357 0.00513477 0.364977 0.00913072
1993 0.505601 0.0051333 0.364257 0.00912688
1994 0.50603 0.00512718 0.36174 0.00911328
1995 0.505563 0.00512698 0.364977 0.00913072
1996 0.505733 0.00512108 0.368213 0.00914771
1997 0.505806 0.00512126 0.364257 0.00912688
1998 0.505893 0.00512105 0.368932 0.00915143
1999 0.505725 0.0051237 0.366055 0.00913643
