#sample=10000
0 0.00129245 3.76493e-06 1 0
1 0.00135194 7.02178e-06 1 0
2 0.00147151 3.80976e-05 0.9999 0.0001
3 0.00158395 3.09959e-05 1 0
4 0.00172148 1.63623e-05 1 0
5 0.00191825 2.01532e-05 1 0
6 0.00212582 2.35014e-05 1 0
7 0.0023613 2.79064e-05 1 0
8 0.0026271 3.15367e-05 1 0
9 0.00295413 5.24486e-05 0.9999 0.0001
10 0.00326099 3.99139e-05 1 0
11 0.00358188 4.46503e-05 1 0
12 0.00389149 4.94769e-05 1 0
13 0.00427782 5.272e-05 1 0
14 0.00462398 5.80172e-05 1 0
15 0.00507636 6.55433e-05 1 0
16 0.0053504 6.62203e-05 1 0
17 0.00573153 7.24491e-05 1 0
18 0.00613055 7.56848e-05 1 0
19 0.00653126 8.14423e-05 1 0
20 0.00693697 8.56342e-05 1 0
21 0.00736002 9.34128e-05 1 0
22 0.00772228 9.71885e-05 1 0
23 0.00813219 0.00010035 1 0
24 0.00845907 0.000103699 1 0
25 0.00890617 0.000109918 1 0
26 0.00924746 0.000115079 1 0
27 0.00959616 0.000117543 1 0
28 0.00997093 0.000121991 1 0
29 0.0103272 0.000125342 1 0
30 0.0107207 0.000132203 1 0
31 0.0110328 0.000134889 1 0
32 0.011344 0.000140057 1 0
33 0.0116808 0.000144062 1 0
34 0.0119832 0.000145778 1 0
35 0.0122652 0.000151407 1 0
36 0.0126663 0.000154443 1 0
37 0.01287 0.000156486 1 0
38 0.0133207 0.000164936 1 0
39 0.0136382 0.000170282 0.9999 0.0001
40 0.0139594 0.000177684 0.9999 0.0001
41 0.0141883 0.000175245 1 0
42 0.0145568 0.000176348 1 0
43 0.0147582 0.00017894 1 0
44 0.0149142 0.000179926 1 0
45 0.0151908 0.000184601 1 0
46 0.0154377 0.000191223 0.9999 0.0001
47 0.0156877 0.000189525 1 0
48 0.0160337 0.000198931 0.9999 0.0001
49 0.0163748 0.000206667 0.9999 0.0001
50 0.0165251 0.000202484 0.9999 0.0001
51 0.0166549 0.00020227 1 0
52 0.0169709 0.000210637 0.9999 0.0001
53 0.0172079 0.000207496 1 0
54 0.0174573 0.00021071 0.9999 0.0001
55 0.0179355 0.000221926 0.9999 0.0001
56 0.0181558 0.000223893 0.9999 0.0001
57 0.0182606 0.000221136 0.9999 0.0001
58 0.0187408 0.000228093 0.9999 0.0001
59 0.0187508 0.000225321 0.9999 0.0001
60 0.0192214 0.000233603 0.9999 0.0001
61 0.0193448 0.000233693 0.9999 0.0001
62 0.0195093 0.000232883 1 0
63 0.0197808 0.00023584 1 0
64 0.020068 0.000237382 1 0
65 0.0204688 0.000243397 0.9999 0.0001
66 0.020652 0.000243679 0.9999 0.0001
67 0.0210415 0.000251157 0.9999 0.0001
68 0.0212213 0.000250332 0.9998 0.000141414
69 0.0214763 0.000249246 1 0
70 0.0217215 0.000256451 0.9999 0.0001
71 0.0216911 0.000256287 0.9999 0.0001
72 0.0220376 0.000254841 1 0
73 0.02252 0.000266392 0.9998 0.000141414
74 0.0227443 0.000266355 0.9998 0.000141414
75 0.0230058 0.000263064 1 0
76 0.0231005 0.000267144 0.9999 0.0001
77 0.0234021 0.000274532 0.9998 0.000141414
78 0.0236591 0.000275343 0.9998 0.000141414
79 0.0238179 0.000273273 0.9998 0.000141414
80 0.0241449 0.000275951 1 0
81 0.0244001 0.000280148 0.9998 0.000141414
82 0.0245513 0.00027978 1 0
83 0.0247996 0.000284847 0.9999 0.0001
84 0.0250574 0.000284109 0.9999 0.0001
85 0.0251904 0.000283853 0.9999 0.0001
86 0.0254393 0.00028726 0.9998 0.000141414
87 0.0260903 0.000297209 0.9996 0.00019997
88 0.0261664 0.000290685 1 0
89 0.0265162 0.00030368 0.9998 0.000141414
90 0.0264357 0.000292858 1 0
91 0.0267895 0.00029875 0.9999 0.0001
92 0.0270263 0.000295866 0.9999 0.0001
93 0.0276615 0.000308786 0.9998 0.000141414
94 0.0280954 0.000315899 0.9995 0.000223562
95 0.0282436 0.000303524 1 0
96 0.0285384 0.000307628 0.9999 0.0001
97 0.0286274 0.000311241 0.9998 0.000141414
98 0.0291966 0.000309488 1 0
99 0.0292409 0.00031539 0.9998 0.000141414
100 0.0295521 0.000319576 0.9996 0.00019997
101 0.029739 0.000318529 0.9998 0.000141414
102 0.0298951 0.000324018 0.9996 0.00019997
103 0.0301889 0.000324277 0.9999 0.0001
104 0.0305679 0.000331893 0.9995 0.000223562
105 0.0306724 0.000325992 0.9998 0.000141414
106 0.0309727 0.000330249 0.9996 0.00019997
107 0.0311802 0.000334134 0.9996 0.00019997
108 0.0312451 0.000329837 0.9998 0.000141414
109 0.0317068 0.000335037 0.9997 0.000173188
110 0.0317694 0.000337903 0.9997 0.000173188
111 0.0319509 0.000336203 0.9997 0.000173188
112 0.031897 0.00033517 0.9998 0.000141414
113 0.0322568 0.000336961 0.9997 0.000173188
114 0.0324593 0.000342196 0.9997 0.000173188
115 0.0327702 0.000340673 0.9998 0.000141414
116 0.0330605 0.000347148 0.9998 0.000141414
117 0.0329327 0.000338585 1 0
118 0.0335261 0.000343335 0.9997 0.000173188
119 0.0335555 0.00035268 0.9995 0.000223562
120 0.0339583 0.000354555 0.9996 0.00019997
121 0.0337181 0.000346824 0.9998 0.000141414
122 0.0342789 0.000356203 0.9996 0.00019997
123 0.0340117 0.000349933 0.9999 0.0001
124 0.0346376 0.000364103 0.9994 0.000244888
125 0.0344605 0.000354796 0.9997 0.000173188
126 0.0346655 0.000350002 1 0
127 0.0346903 0.000353286 0.9999 0.0001
128 0.0348111 0.000358351 0.9998 0.000141414
129 0.0346587 0.000354642 0.9999 0.0001
130 0.0351898 0.000360709 0.9996 0.00019997
131 0.0352104 0.00036298 0.9997 0.000173188
132 0.0355057 0.000364027 0.9995 0.000223562
133 0.035722 0.000359177 0.9999 0.0001
134 0.0354587 0.000359737 0.9999 0.0001
135 0.0355245 0.000361214 0.9998 0.000141414
136 0.0359258 0.000368113 0.9998 0.000141414
137 0.0359109 0.000363588 0.9999 0.0001
138 0.0364496 0.000374335 0.9995 0.000223562
139 0.0364006 0.000369218 0.9997 0.000173188
140 0.0367434 0.000369771 0.9998 0.000141414
141 0.036828 0.000379772 0.9995 0.000223562
142 0.0368026 0.000380497 0.9995 0.000223562
143 0.0368276 0.000377305 0.9996 0.00019997
144 0.0371087 0.000376387 0.9997 0.000173188
145 0.0374361 0.000379506 0.9998 0.000141414
146 0.0374289 0.000378096 0.9999 0.0001
147 0.0378129 0.000379149 0.9999 0.0001
148 0.0379858 0.000379946 1 0
149 0.0377033 0.000377236 0.9999 0.0001
150 0.0381744 0.000389888 0.9995 0.000223562
151 0.0380744 0.00038324 0.9998 0.000141414
152 0.0385688 0.000392126 0.9996 0.00019997
153 0.0386098 0.000388013 0.9998 0.000141414
154 0.0385925 0.000385982 0.9999 0.0001
155 0.0390141 0.000397423 0.9995 0.000223562
156 0.0390433 0.000391489 0.9998 0.000141414
157 0.0390045 0.000388981 0.9998 0.000141414
158 0.0393088 0.000395633 0.9996 0.00019997
159 0.0392379 0.000390912 0.9997 0.000173188
160 0.0393361 0.000390292 0.9999 0.0001
161 0.0397191 0.00039506 0.9997 0.000173188
162 0.0395387 0.000392665 0.9998 0.000141414
163 0.0399665 0.000397092 0.9998 0.000141414
164 0.0401782 0.000402402 0.9996 0.00019997
165 0.0400819 0.000396228 1 0
166 0.0402735 0.000403834 0.9997 0.000173188
167 0.0408758 0.000406621 0.9998 0.000141414
168 0.0408401 0.000403016 0.9997 0.000173188
169 0.041037 0.000408919 0.9998 0.000141414
170 0.0406804 0.000403474 0.9997 0.000173188
171 0.0406185 0.000403659 0.9997 0.000173188
172 0.0412848 0.000409925 0.9998 0.000141414
173 0.041612 0.000415072 0.9997 0.000173188
174 0.0417587 0.000414138 0.9997 0.000173188
175 0.0421906 0.000421518 0.9998 0.000141414
176 0.0418084 0.000413779 0.9998 0.000141414
177 0.0420767 0.000419167 0.9997 0.000173188
178 0.0422344 0.000413317 1 0
179 0.0423944 0.000425171 0.9997 0.000173188
180 0.0423953 0.000428255 0.9993 0.000264496
181 0.0428408 0.000429714 0.9997 0.000173188
182 0.0430798 0.000429861 0.9997 0.000173188
183 0.0431603 0.000426746 0.9998 0.000141414
184 0.0427349 0.00042575 1 0
185 0.0433426 0.000431966 0.9998 0.000141414
186 0.0432558 0.000433447 0.9998 0.000141414
187 0.0437987 0.000434239 0.9998 0.000141414
188 0.0438457 0.000436055 0.9997 0.000173188
189 0.0442605 0.00044338 0.9997 0.000173188
190 0.0442545 0.000442039 0.9996 0.00019997
191 0.0443441 0.000436728 0.9999 0.0001
192 0.0447324 0.000445385 0.9995 0.000223562
193 0.0446011 0.000441215 0.9997 0.000173188
194 0.0448779 0.000442124 0.9998 0.000141414
195 0.0448819 0.000441948 1 0
196 0.0453547 0.000446893 0.9997 0.000173188
197 0.0451675 0.000448058 0.9999 0.0001
198 0.0454346 0.000445867 0.9999 0.0001
199 0.0457594 0.000450203 0.9998 0.000141414
200 0.0458142 0.00045264 0.9999 0.0001
201 0.0458369 0.000455029 0.9998 0.000141414
202 0.0464693 0.000458563 0.9998 0.000141414
203 0.0465147 0.000459392 0.9998 0.000141414
204 0.0467625 0.000460832 0.9997 0.000173188
205 0.0469027 0.000463639 0.9996 0.00019997
206 0.0471424 0.0004655 0.9996 0.00019997
207 0.0476033 0.000466326 0.9997 0.000173188
208 0.0475971 0.000465278 0.9997 0.000173188
209 0.0481362 0.000472818 0.9997 0.000173188
210 0.0484101 0.000471132 0.9999 0.0001
211 0.0483808 0.000470814 0.9999 0.0001
212 0.0484693 0.000477898 0.9998 0.000141414
213 0.0484467 0.000478325 0.9998 0.000141414
214 0.0488991 0.000484099 0.9997 0.000173188
215 0.049177 0.000484191 0.9997 0.000173188
216 0.0489297 0.000482096 0.9997 0.000173188
217 0.0495044 0.00048378 0.9998 0.000141414
218 0.0496255 0.000488369 0.9997 0.000173188
219 0.0499427 0.000485027 0.9999 0.0001
220 0.0498768 0.000490053 0.9998 0.000141414
221 0.0503338 0.000490309 0.9997 0.000173188
222 0.0506646 0.000497038 0.9995 0.000223562
223 0.0508738 0.000498662 0.9997 0.000173188
224 0.0510393 0.000498084 0.9996 0.00019997
225 0.0511779 0.000496549 1 0
226 0.0509191 0.000495858 1 0
227 0.0511434 0.000499828 0.9997 0.000173188
228 0.0514877 0.00049836 1 0
229 0.0520012 0.000507852 0.9998 0.000141414
230 0.0516639 0.000506307 0.9999 0.0001
231 0.0521228 0.000507631 0.9999 0.0001
232 0.0522766 0.00051644 0.9995 0.000223562
233 0.0522183 0.000507978 0.9998 0.000141414
234 0.052842 0.000518 0.9998 0.000141414
235 0.0532042 0.000519594 0.9999 0.0001
236 0.0531584 0.000517789 0.9996 0.00019997
237 0.053243 0.000517025 0.9999 0.0001
238 0.05363 0.000520022 0.9997 0.000173188
239 0.0541414 0.000527559 0.9997 0.000173188
240 0.0537643 0.000527873 0.9995 0.000223562
241 0.0544819 0.000529814 0.9997 0.000173188
242 0.0543184 0.000525487 0.9998 0.000141414
243 0.0548749 0.000535762 0.9993 0.000264496
244 0.0553166 0.000536776 0.9996 0.00019997
245 0.0552721 0.00053891 0.9994 0.000244888
246 0.0553807 0.000540285 0.9996 0.00019997
247 0.0558222 0.000541723 0.9997 0.000173188
248 0.0566406 0.000549506 0.9993 0.000264496
249 0.0567625 0.000555164 0.9991 0.00029988
250 0.0569973 0.00055795 0.9991 0.00029988
251 0.0572713 0.000555984 0.9995 0.000223562
252 0.0570944 0.000555366 0.9992 0.000282744
253 0.0574077 0.000561813 0.9992 0.000282744
254 0.0575717 0.000557195 0.9996 0.00019997
255 0.057566 0.000558934 0.9995 0.000223562
256 0.058545 0.000567837 0.9994 0.000244888
257 0.0582962 0.000563781 0.9997 0.000173188
258 0.0589198 0.000572542 0.9996 0.00019997
259 0.0591517 0.000575606 0.9995 0.000223562
260 0.0595405 0.000584181 0.9992 0.000282744
261 0.0598459 0.000584875 0.9989 0.000331497
262 0.0599933 0.000589863 0.999 0.000316085
263 0.0606443 0.000594982 0.9991 0.00029988
264 0.061217 0.000594756 0.9993 0.000264496
265 0.061468 0.000595963 0.9991 0.00029988
266 0.0618198 0.000599991 0.9993 0.000264496
267 0.0625179 0.000605051 0.9991 0.00029988
268 0.0629916 0.000609952 0.9989 0.000331497
269 0.063047 0.000611548 0.999 0.000316085
270 0.0636388 0.000608945 0.9993 0.000264496
271 0.0637314 0.000610836 0.999 0.000316085
272 0.0639539 0.000614351 0.999 0.000316085
273 0.0637433 0.000609233 0.9993 0.000264496
274 0.0643687 0.000620087 0.9989 0.000331497
275 0.0652025 0.000617981 0.9993 0.000264496
276 0.0655909 0.000621728 0.999 0.000316085
277 0.0663219 0.00062974 0.9986 0.000373922
278 0.0667421 0.000635149 0.9985 0.000387027
279 0.0667682 0.000634787 0.9988 0.00034622
280 0.066878 0.00064236 0.9987 0.000360339
281 0.0672811 0.000642791 0.9987 0.000360339
282 0.0675338 0.000644356 0.9989 0.000331497
283 0.0681516 0.000645504 0.9989 0.000331497
284 0.0678953 0.000651836 0.9989 0.000331497
285 0.0685142 0.00065314 0.9989 0.000331497
286 0.068997 0.000663476 0.9986 0.000373922
287 0.0691277 0.00066639 0.9989 0.000331497
288 0.0692337 0.00066619 0.9987 0.000360339
289 0.0700523 0.000674712 0.9986 0.000373922
290 0.0710465 0.000676808 0.9981 0.000435497
291 0.0710918 0.00068532 0.9985 0.000387027
292 0.071334 0.000685126 0.9982 0.000423903
293 0.0720054 0.000698143 0.9974 0.000509264
294 0.0722652 0.000691988 0.9975 0.0004994
295 0.0726603 0.00069374 0.9975 0.0004994
296 0.0736771 0.000701522 0.9971 0.000537762
297 0.07403 0.000703866 0.997 0.000546928
298 0.0751106 0.000715579 0.9965 0.000590601
299 0.075677 0.000716011 0.997 0.000546928
300 0.0763907 0.000722602 0.9961 0.000623312
301 0.0767159 0.000729312 0.9965 0.000590601
302 0.0768993 0.000730574 0.9963 0.00060718
303 0.0778303 0.000736774 0.9961 0.000623312
304 0.0777045 0.000735207 0.9963 0.00060718
305 0.0785139 0.000742654 0.9967 0.000573536
306 0.0795589 0.00074673 0.9964 0.000598949
307 0.0802822 0.000758922 0.9951 0.000698318
308 0.0808721 0.00075821 0.9956 0.000661897
309 0.0810042 0.00075872 0.9961 0.000623312
310 0.0820343 0.000769123 0.9959 0.00063903
311 0.0826909 0.000775074 0.9952 0.00069119
312 0.0830712 0.000779135 0.9966 0.000582132
313 0.0840555 0.000785915 0.9954 0.000676705
314 0.0843312 0.000785085 0.9945 0.000739615
315 0.0848711 0.000790715 0.9953 0.000683987
316 0.0853161 0.00079343 0.9948 0.000719269
317 0.0860623 0.000796045 0.9947 0.000726116
318 0.0862206 0.000800392 0.994 0.000772308
319 0.0874738 0.000802227 0.9939 0.000778678
320 0.087698 0.000810152 0.9927 0.000851319
321 0.0886522 0.00081895 0.9922 0.000879769
322 0.0899687 0.000823309 0.9918 0.000901863
323 0.0901897 0.000833738 0.9915 0.000918074
324 0.0909502 0.000837079 0.9911 0.000939238
325 0.0918619 0.00084211 0.9912 0.000933993
326 0.0921203 0.000844114 0.9915 0.000918074
327 0.0929988 0.000853671 0.9902 0.000985136
328 0.0937589 0.00086328 0.9882 0.0010799
329 0.0945816 0.000862367 0.9894 0.00102414
330 0.0947888 0.00086801 0.9888 0.00105241
331 0.0961416 0.000878125 0.9882 0.0010799
332 0.0971025 0.000882088 0.9895 0.00101935
333 0.0976997 0.000888274 0.9872 0.00112416
334 0.0985685 0.000892511 0.9879 0.00109338
335 0.0995734 0.000892867 0.9871 0.00112849
336 0.100215 0.000902586 0.9867 0.00114562
337 0.101943 0.000909263 0.9859 0.00117909
338 0.102063 0.0009092 0.9866 0.00114986
339 0.10217 0.000912764 0.9852 0.00120758
340 0.103352 0.000925103 0.9837 0.00126633
341 0.104949 0.000938095 0.9798 0.00140691
342 0.105365 0.000943268 0.9799 0.00140349
343 0.106398 0.000950373 0.9795 0.0014171
344 0.107206 0.00095153 0.9795 0.0014171
345 0.108263 0.000961916 0.9778 0.00147341
346 0.109368 0.000969138 0.9784 0.00145381
347 0.110978 0.000979257 0.9766 0.00151178
348 0.112297 0.000985237 0.9741 0.00158845
349 0.113727 0.000988905 0.9764 0.00151807
350 0.11418 0.000998631 0.9745 0.00157646
351 0.115629 0.00100059 0.9724 0.00163832
352 0.116765 0.00100964 0.9701 0.0017032
353 0.117766 0.00101666 0.9695 0.00171967
354 0.11863 0.00101215 0.971 0.00167815
355 0.120153 0.00103242 0.9676 0.00177069
356 0.121797 0.00104008 0.9656 0.00182263
357 0.122728 0.00104312 0.9626 0.00189749
358 0.124706 0.00105354 0.9617 0.00191929
359 0.125903 0.00106512 0.9595 0.00197139
360 0.127014 0.00107275 0.9577 0.00201283
361 0.12853 0.00107793 0.9562 0.0020466
362 0.130802 0.00108151 0.9562 0.0020466
363 0.132056 0.00109489 0.9522 0.00213353
364 0.13438 0.00110356 0.9504 0.00217128
365 0.13639 0.00111418 0.9474 0.00223245
366 0.138417 0.00112501 0.9455 0.00227013
367 0.140393 0.00113185 0.9414 0.00234886
368 0.142325 0.00113948 0.9413 0.00235074
369 0.144118 0.00115883 0.9349 0.00246715
370 0.146062 0.0011685 0.9332 0.00249688
371 0.147519 0.00117255 0.9307 0.00253976
372 0.149589 0.00119146 0.9259 0.00261947
373 0.151687 0.00120314 0.9228 0.00266922
374 0.15337 0.00120949 0.9187 0.00273309
375 0.155622 0.00122325 0.913 0.00281849
376 0.157777 0.00122908 0.91 0.00286196
377 0.159466 0.00123538 0.909 0.00287623
378 0.161531 0.00124608 0.9034 0.00295427
379 0.163764 0.00125825 0.9006 0.00299213
380 0.166908 0.00126896 0.8963 0.00304886
381 0.169164 0.00127647 0.889 0.00314148
382 0.171767 0.00129191 0.8838 0.00320481
383 0.174219 0.00130563 0.8778 0.00327533
384 0.176705 0.00131487 0.8738 0.00332091
385 0.178781 0.00132858 0.8701 0.0033621
386 0.181835 0.00134017 0.8628 0.00344076
387 0.185084 0.0013519 0.8564 0.00350701
388 0.187838 0.00136646 0.8507 0.00356402
389 0.190867 0.00137574 0.8416 0.00365134
390 0.19389 0.00138772 0.8336 0.00372458
391 0.196596 0.00139861 0.8292 0.00376353
392 0.200031 0.00140901 0.8239 0.00380924
393 0.202937 0.00142063 0.8154 0.00387992
394 0.206312 0.00143479 0.8086 0.00393423
395 0.209284 0.00145225 0.7991 0.00400693
396 0.212406 0.00146139 0.7931 0.00405103
397 0.21591 0.00147533 0.7865 0.00409798
398 0.219661 0.00148975 0.7793 0.00414739
399 0.222949 0.00149179 0.7716 0.00419823
400 0.226644 0.00150618 0.7603 0.00426922
401 0.231099 0.00151766 0.7514 0.00432223
402 0.234522 0.00152507 0.7438 0.00436555
403 0.238538 0.00153351 0.737 0.00440284
404 0.241961 0.00154743 0.7272 0.00445421
405 0.245622 0.0015566 0.7201 0.00448972
406 0.248069 0.00156936 0.7122 0.0045276
407 0.250904 0.0015845 0.7047 0.004562
408 0.254079 0.00159572 0.6988 0.00458802
409 0.257481 0.00160435 0.6864 0.00463979
410 0.260614 0.0016081 0.6797 0.00466615
411 0.263502 0.00161919 0.6719 0.00469545
412 0.266447 0.00162479 0.6633 0.00472605
413 0.269104 0.00163778 0.658 0.00474403
414 0.272254 0.00164723 0.6508 0.00476741
415 0.2743 0.00165727 0.6446 0.00478658
416 0.277067 0.00166537 0.636 0.00481173
417 0.279921 0.00167638 0.6288 0.0048315
418 0.282505 0.00168253 0.6252 0.00484095
419 0.285291 0.00169797 0.619 0.00485657
420 0.287895 0.00170148 0.6118 0.00487365
421 0.29069 0.00171079 0.6078 0.00488265
422 0.292918 0.00171464 0.5988 0.00490166
423 0.295756 0.00172055 0.5905 0.00491766
424 0.297851 0.00172279 0.5892 0.00492004
425 0.300679 0.00172933 0.5814 0.00493354
426 0.302279 0.00173559 0.5764 0.00494153
427 0.304387 0.00174288 0.5717 0.00494857
428 0.306696 0.00175527 0.5659 0.00495663
429 0.309481 0.00176242 0.5623 0.00496128
430 0.312412 0.00176712 0.5541 0.00497089
431 0.315082 0.00176541 0.5473 0.00497783
432 0.317213 0.00177416 0.5431 0.00498164
433 0.319312 0.00177727 0.5371 0.00498647
434 0.321624 0.0017872 0.5311 0.00499057
435 0.324038 0.00178677 0.5232 0.00499486
436 0.325993 0.00179357 0.5217 0.00499554
437 0.3283 0.00180277 0.5138 0.00499835
438 0.330348 0.00180826 0.5121 0.00499879
439 0.332228 0.00181464 0.5064 0.00499984
440 0.334419 0.00181977 0.5041 0.00500008
441 0.336908 0.00182563 0.4973 0.00500018
442 0.338646 0.00183057 0.4903 0.00499931
443 0.340668 0.00183386 0.4874 0.00499866
444 0.341954 0.00183621 0.4826 0.00499722
445 0.34347 0.00184233 0.4793 0.00499596
446 0.34512 0.0018449 0.4781 0.00499545
447 0.347546 0.00185602 0.4715 0.00499212
448 0.349409 0.00185771 0.4656 0.0049884
449 0.350463 0.00186182 0.465 0.00498798
450 0.352168 0.0018647 0.4617 0.00498556
451 0.353647 0.00186218 0.4568 0.00498155
452 0.355767 0.00186481 0.4545 0.0049795
453 0.357135 0.00186931 0.4501 0.00497529
454 0.358982 0.00187223 0.4445 0.00496935
455 0.360608 0.00187888 0.4412 0.00496555
456 0.362079 0.00188487 0.4406 0.00496484
457 0.364029 0.00188208 0.4363 0.00495951
458 0.365132 0.00188389 0.433 0.00495515
459 0.366735 0.00188192 0.4283 0.00494857
460 0.367811 0.00188949 0.4254 0.00494428
461 0.369062 0.00189257 0.4235 0.00494138
462 0.37099 0.00188976 0.419 0.0049342
463 0.373093 0.00189813 0.4152 0.00492781
464 0.374448 0.00190142 0.4147 0.00492695
465 0.375687 0.00189781 0.4109 0.00492022
466 0.376333 0.00190182 0.4094 0.00491748
467 0.378341 0.00190452 0.4079 0.00491469
468 0.380431 0.00190891 0.404 0.00490722
469 0.381754 0.0019109 0.4008 0.00490085
470 0.383124 0.00190816 0.3961 0.0048911
471 0.384538 0.00190716 0.3945 0.00488767
472 0.385574 0.00190735 0.392 0.00488221
473 0.387157 0.00191566 0.3865 0.00486972
474 0.388657 0.00191374 0.3825 0.00486022
475 0.389651 0.00192082 0.3839 0.00486358
476 0.39172 0.00192329 0.3762 0.00484455
477 0.392978 0.00192554 0.3765 0.00484532
478 0.394205 0.00192657 0.375 0.00484147
479 0.395077 0.00192343 0.3725 0.00483495
480 0.396297 0.00192741 0.3723 0.00483442
481 0.398633 0.00192373 0.3669 0.00481983
482 0.399639 0.00192256 0.3649 0.00481426
483 0.400189 0.00192042 0.3625 0.00480746
484 0.401784 0.00191896 0.357 0.00479139
485 0.403039 0.00191808 0.3556 0.00478719
486 0.40417 0.00192396 0.3566 0.00479019
487 0.405587 0.00191863 0.3533 0.00478019
488 0.406784 0.001916 0.3508 0.00477244
489 0.408354 0.00191992 0.3502 0.00477056
490 0.408988 0.0019261 0.3494 0.00476804
491 0.409959 0.00192592 0.3437 0.00474966
492 0.411204 0.00193007 0.3402 0.004738
493 0.411836 0.0019292 0.3405 0.00473901
494 0.413182 0.00193006 0.3384 0.00473189
495 0.414693 0.00192973 0.3345 0.00471839
496 0.415451 0.0019279 0.3326 0.00471168
497 0.416534 0.00193668 0.3313 0.00470704
498 0.418145 0.00194282 0.3294 0.00470019
499 0.418834 0.00195279 0.328 0.00469508
500 0.419731 0.00194747 0.3227 0.00467532
501 0.420448 0.00195085 0.3239 0.00467986
502 0.421123 0.00194747 0.3218 0.0046719
503 0.421787 0.00194932 0.3244 0.00468174
504 0.422789 0.00195232 0.322 0.00467266
505 0.423397 0.00194897 0.3214 0.00467037
506 0.424694 0.0019518 0.319 0.00466112
507 0.425039 0.00195103 0.3195 0.00466306
508 0.425489 0.00194496 0.3181 0.00465762
509 0.426676 0.00194882 0.3161 0.00464976
510 0.427951 0.00195336 0.3141 0.0046418
511 0.428395 0.0019575 0.3103 0.0046264
512 0.43003 0.00195774 0.3107 0.00462803
513 0.430858 0.00195942 0.3068 0.00461189
514 0.431461 0.00195272 0.3058 0.00460768
515 0.432745 0.00195405 0.3016 0.00458975
516 0.433557 0.00195729 0.3 0.0045828
517 0.433743 0.00195858 0.2985 0.00457623
518 0.434073 0.00195889 0.3018 0.00459062
519 0.434867 0.00196913 0.3002 0.00458368
520 0.435329 0.00196259 0.2981 0.00457447
521 0.436402 0.00196187 0.296 0.00456514
522 0.437063 0.00196443 0.2954 0.00456245
523 0.437602 0.00196421 0.2953 0.004562
524 0.438174 0.00196377 0.2929 0.00455116
525 0.439166 0.00196418 0.2912 0.00454338
526 0.439203 0.00196429 0.2898 0.00453692
527 0.440358 0.00197267 0.2897 0.00453646
528 0.440722 0.00197266 0.2873 0.00452525
529 0.44174 0.00197319 0.2832 0.00450575
530 0.441818 0.00197817 0.2848 0.00451342
531 0.442465 0.00197674 0.2834 0.00450671
532 0.443067 0.00197948 0.2869 0.00452337
533 0.443404 0.00198009 0.2819 0.00449947
534 0.443984 0.00197903 0.2851 0.00451485
535 0.444659 0.00197469 0.2793 0.00448678
536 0.445607 0.00197146 0.2788 0.00448431
537 0.446199 0.00197843 0.2772 0.00447638
538 0.4467 0.00198188 0.2768 0.00447439
539 0.447798 0.00198212 0.2756 0.00446838
540 0.448568 0.00197978 0.2728 0.00445421
541 0.448862 0.00197709 0.2754 0.00446738
542 0.449555 0.00197734 0.2755 0.00446788
543 0.450378 0.00197858 0.2735 0.00445778
544 0.450944 0.00197908 0.2706 0.00444292
545 0.451978 0.00198006 0.2702 0.00444085
546 0.452576 0.00198289 0.2696 0.00443774
547 0.453488 0.00199021 0.2653 0.00441515
548 0.453412 0.00198831 0.2638 0.00440714
549 0.454215 0.00198708 0.2627 0.00440123
550 0.455347 0.00199325 0.2612 0.00439311
551 0.455808 0.00199239 0.259 0.00438108
552 0.456389 0.00199342 0.2605 0.00438929
553 0.457538 0.00199305 0.2615 0.00439474
554 0.458421 0.00199519 0.2587 0.00437942
555 0.45794 0.00199558 0.2595 0.00438382
556 0.458788 0.00200041 0.2596 0.00438437
557 0.459152 0.00199555 0.2586 0.00437887
558 0.460002 0.00199576 0.2592 0.00438217
559 0.459761 0.00199306 0.2602 0.00438766
560 0.460649 0.00199888 0.2563 0.00436611
561 0.461244 0.001999 0.2572 0.00437112
562 0.461127 0.00200499 0.257 0.00437001
563 0.46168 0.00200324 0.2569 0.00436946
564 0.461723 0.00200049 0.2583 0.00437722
565 0.462552 0.00199418 0.2521 0.0043424
566 0.463311 0.00199383 0.2532 0.00434866
567 0.463512 0.00199371 0.2518 0.00434069
568 0.463842 0.00199707 0.2513 0.00433782
569 0.464244 0.001996 0.2539 0.00435263
570 0.464711 0.0019964 0.2532 0.00434866
571 0.465269 0.00199375 0.2497 0.00432861
572 0.465294 0.0019938 0.2538 0.00435206
573 0.465623 0.00199548 0.2542 0.00435432
574 0.465839 0.00199318 0.2514 0.0043384
575 0.466227 0.00199325 0.2517 0.00434011
576 0.467128 0.00199657 0.2504 0.00433265
577 0.467207 0.0020008 0.2465 0.00430995
578 0.467116 0.00199965 0.249 0.00432455
579 0.468027 0.00200086 0.2461 0.00430759
580 0.468528 0.00200229 0.2421 0.00428376
581 0.469226 0.00200495 0.2387 0.0042631
582 0.469019 0.00200022 0.2399 0.00427044
583 0.469676 0.00199932 0.2401 0.00427165
584 0.469984 0.00200352 0.2414 0.00427954
585 0.470202 0.00200509 0.2429 0.00428857
586 0.4703 0.00199837 0.2379 0.00425819
587 0.470632 0.00199961 0.2393 0.00426678
588 0.47128 0.00199745 0.2383 0.00426065
589 0.471402 0.0019983 0.24 0.00427104
590 0.471371 0.00199549 0.2383 0.00426065
591 0.471739 0.00200101 0.2371 0.00425325
592 0.472536 0.00200046 0.2393 0.00426678
593 0.472786 0.00200439 0.2405 0.00427408
594 0.47326 0.00200346 0.2388 0.00426372
595 0.473572 0.00200206 0.2386 0.00426249
596 0.473591 0.00200219 0.2334 0.00423016
597 0.474102 0.00200279 0.2362 0.00424768
598 0.474568 0.00200092 0.235 0.0042402
599 0.474531 0.00199993 0.2354 0.0042427
600 0.474931 0.00199851 0.2364 0.00424892
601 0.474529 0.00199627 0.2359 0.00424581
602 0.475238 0.00199659 0.2344 0.00423644
603 0.475515 0.00200003 0.2361 0.00424706
604 0.475435 0.00199931 0.2355 0.00424332
605 0.475389 0.00200365 0.2326 0.0042251
606 0.475411 0.00200032 0.2336 0.00423142
607 0.475612 0.00200454 0.2346 0.0042377
608 0.476252 0.00200608 0.2351 0.00424083
609 0.476243 0.0020062 0.2332 0.0042289
610 0.476774 0.00200647 0.2309 0.0042143
611 0.477347 0.00200985 0.2331 0.00422827
612 0.477325 0.00201064 0.2329 0.004227
613 0.477716 0.00200705 0.2325 0.00422447
614 0.478385 0.00201385 0.2317 0.00421939
615 0.478879 0.00201041 0.2272 0.00419044
616 0.479066 0.00201251 0.2263 0.00418456
617 0.479515 0.0020118 0.2251 0.00417669
618 0.479847 0.002016 0.2247 0.00417405
619 0.480175 0.00201919 0.2244 0.00417207
620 0.480201 0.00201802 0.2254 0.00417866
621 0.480469 0.00201994 0.2262 0.00418391
622 0.48044 0.00201994 0.2284 0.00419823
623 0.480943 0.00202065 0.221 0.00414941
624 0.481048 0.00201531 0.2221 0.00415679
625 0.480677 0.00201263 0.2252 0.00417735
626 0.480843 0.00201172 0.2243 0.00417141
627 0.481154 0.00200649 0.2226 0.00416013
628 0.481191 0.00200501 0.2196 0.00413996
629 0.481463 0.00200749 0.2206 0.00414672
630 0.48151 0.00200177 0.22 0.00414267
631 0.481687 0.00200323 0.2204 0.00414537
632 0.481781 0.00200189 0.2202 0.00414402
633 0.481749 0.00200288 0.2212 0.00415076
634 0.481734 0.00200463 0.2214 0.0041521
635 0.482153 0.00201071 0.2191 0.00413657
636 0.482168 0.00200562 0.2203 0.0041447
637 0.482118 0.0020081 0.2176 0.00412635
638 0.482849 0.00200911 0.2158 0.00411397
639 0.483193 0.00201259 0.2164 0.00411811
640 0.483522 0.00201023 0.2175 0.00412566
641 0.483201 0.00201328 0.2177 0.00412703
642 0.482939 0.00201473 0.2163 0.00411742
643 0.483156 0.00201031 0.2161 0.00411604
644 0.48368 0.00201219 0.2182 0.00413045
645 0.483504 0.00200736 0.2174 0.00412498
646 0.483395 0.00201404 0.2132 0.00409588
647 0.483153 0.00201084 0.2173 0.00412429
648 0.483412 0.0020098 0.2131 0.00409518
649 0.484665 0.00200766 0.2121 0.00408816
650 0.485156 0.00199987 0.2123 0.00408957
651 0.485166 0.00200047 0.2136 0.00409868
652 0.4856 0.00200192 0.2119 0.00408675
653 0.485487 0.00200657 0.2153 0.00411051
654 0.486251 0.00200175 0.2155 0.00411189
655 0.485986 0.00200137 0.2161 0.00411604
656 0.486286 0.00200378 0.2174 0.00412498
657 0.48709 0.00200429 0.2155 0.00411189
658 0.487413 0.00199704 0.2138 0.00410008
659 0.487382 0.00199425 0.2112 0.0040818
660 0.487492 0.00199932 0.2133 0.00409658
661 0.487823 0.00199801 0.2117 0.00408534
662 0.487587 0.00199505 0.2131 0.00409518
663 0.488184 0.0019961 0.2124 0.00409027
664 0.488622 0.00199429 0.212 0.00408745
665 0.488217 0.00199293 0.2111 0.0040811
666 0.488347 0.00199692 0.2111 0.0040811
667 0.488266 0.0019944 0.212 0.00408745
668 0.488796 0.00199674 0.2118 0.00408604
669 0.48868 0.00199751 0.2104 0.00407613
670 0.488494 0.00199546 0.2113 0.00408251
671 0.488488 0.00199656 0.2148 0.00410704
672 0.488183 0.00199736 0.2132 0.00409588
673 0.488519 0.00199925 0.2156 0.00411258
674 0.488472 0.00199855 0.2163 0.00411742
675 0.488309 0.00199531 0.2147 0.00410635
676 0.488493 0.00199391 0.2131 0.00409518
677 0.48845 0.00199195 0.2142 0.00410287
678 0.488186 0.00199018 0.2127 0.00409238
679 0.488828 0.00198967 0.2114 0.00408322
680 0.48872 0.00199465 0.2133 0.00409658
681 0.488999 0.00199561 0.213 0.00409448
682 0.489299 0.0019926 0.212 0.00408745
683 0.489604 0.00199123 0.21 0.00407329
684 0.489828 0.00199563 0.2116 0.00408463
685 0.489426 0.00199486 0.2098 0.00407186
686 0.489901 0.00199873 0.2098 0.00407186
687 0.489959 0.00199933 0.211 0.00408039
688 0.490499 0.0019932 0.2072 0.0040532
689 0.490379 0.00198658 0.2051 0.00403795
690 0.490291 0.00198507 0.2056 0.0040416
691 0.490505 0.00198619 0.2079 0.00405825
692 0.490465 0.00198892 0.2079 0.00405825
693 0.490333 0.00198882 0.2076 0.00405609
694 0.490876 0.00198812 0.2077 0.00405681
695 0.490995 0.001983 0.2041 0.00403063
696 0.490923 0.00198501 0.2085 0.00406256
697 0.49116 0.00198907 0.2083 0.00406113
698 0.492253 0.00198608 0.2078 0.00405753
699 0.492286 0.00198759 0.2091 0.00406686
700 0.492704 0.00198973 0.2098 0.00407186
701 0.492716 0.00198796 0.2072 0.0040532
702 0.492773 0.00198834 0.2071 0.00405248
703 0.492925 0.00198453 0.2069 0.00405103
704 0.493154 0.00198246 0.2081 0.00405969
705 0.493287 0.00198382 0.2056 0.0040416
706 0.493624 0.00198739 0.207 0.00405176
707 0.493183 0.00198698 0.2039 0.00402916
708 0.492896 0.00198769 0.2059 0.00404378
709 0.492964 0.00198281 0.2021 0.00401587
710 0.492531 0.00198361 0.2038 0.00402842
711 0.492714 0.00198118 0.2007 0.00400544
712 0.493068 0.00198494 0.2043 0.00403209
713 0.492995 0.00199229 0.204 0.00402989
714 0.493131 0.00199264 0.2061 0.00404523
715 0.492924 0.00199213 0.2038 0.00402842
716 0.493101 0.00199782 0.2063 0.00404669
717 0.493312 0.00199503 0.2046 0.00403429
718 0.493231 0.00199699 0.2096 0.00407043
719 0.493182 0.00199572 0.208 0.00405897
720 0.493489 0.00199078 0.2051 0.00403795
721 0.49282 0.00198816 0.2071 0.00405248
722 0.492997 0.00199161 0.207 0.00405176
723 0.49267 0.00199294 0.2059 0.00404378
724 0.492509 0.00199404 0.207 0.00405176
725 0.49233 0.00199312 0.2076 0.00405609
726 0.492272 0.00199398 0.2091 0.00406686
727 0.49255 0.00199083 0.2079 0.00405825
728 0.492745 0.00198524 0.2077 0.00405681
729 0.492886 0.00198478 0.2075 0.00405537
730 0.493024 0.00198654 0.2037 0.00402769
731 0.493171 0.00198109 0.2071 0.00405248
732 0.493715 0.00198275 0.2039 0.00402916
733 0.493915 0.00198765 0.2047 0.00403502
734 0.49337 0.00198704 0.2042 0.00403136
735 0.493499 0.0019816 0.2023 0.00401735
736 0.493172 0.00198332 0.2038 0.00402842
737 0.49358 0.00197979 0.2017 0.00401289
738 0.493669 0.00197879 0.2028 0.00402105
739 0.493621 0.00197766 0.2 0.0040002
740 0.49363 0.001983 0.2002 0.0040017
741 0.493858 0.0019812 0.1978 0.0039836
742 0.49435 0.00198654 0.1986 0.00398966
743 0.494764 0.00198752 0.1997 0.00399795
744 0.494642 0.00198276 0.1996 0.0039972
745 0.494876 0.00198776 0.2022 0.00401661
746 0.495068 0.00198627 0.2023 0.00401735
747 0.495348 0.00198257 0.202 0.00401512
748 0.495617 0.00198724 0.1993 0.00399494
749 0.495448 0.00198548 0.2016 0.00401215
750 0.495434 0.00198552 0.1999 0.00399945
751 0.495529 0.00199044 0.2028 0.00402105
752 0.495167 0.0019844 0.2029 0.00402179
753 0.495599 0.00199025 0.201 0.00400768
754 0.495289 0.00199261 0.2036 0.00402695
755 0.495808 0.00198933 0.1997 0.00399795
756 0.495508 0.00198987 0.2019 0.00401438
757 0.495366 0.00198931 0.2007 0.00400544
758 0.495529 0.00198824 0.2017 0.00401289
759 0.495349 0.00198839 0.2005 0.00400395
760 0.496158 0.00198533 0.2024 0.00401809
761 0.495971 0.00198384 0.2013 0.00400992
762 0.495909 0.00198632 0.2005 0.00400395
763 0.496363 0.00198556 0.2011 0.00400843
764 0.496149 0.00198638 0.2023 0.00401735
765 0.496478 0.0019883 0.1999 0.00399945
766 0.496397 0.00198967 0.1989 0.00399193
767 0.496625 0.00198484 0.1987 0.00399042
768 0.496446 0.00199337 0.2026 0.00401957
769 0.496337 0.00198967 0.2009 0.00400693
770 0.496465 0.00198746 0.2011 0.00400843
771 0.496493 0.00198894 0.2004 0.0040032
772 0.496632 0.00198543 0.199 0.00399268
773 0.496681 0.00199217 0.2023 0.00401735
774 0.496104 0.00198786 0.2017 0.00401289
775 0.496546 0.00199033 0.2005 0.00400395
776 0.497102 0.00199265 0.2 0.0040002
777 0.497556 0.00199005 0.1992 0.00399419
778 0.497634 0.00198351 0.1994 0.00399569
779 0.497574 0.00199069 0.1992 0.00399419
780 0.497707 0.00199666 0.2 0.0040002
781 0.497988 0.00200064 0.198 0.00398512
782 0.497992 0.00200344 0.1977 0.00398285
783 0.498304 0.00199747 0.1976 0.00398209
784 0.497781 0.00199913 0.1999 0.00399945
785 0.497459 0.00200004 0.1974 0.00398057
786 0.497412 0.00200293 0.2021 0.00401587
787 0.497237 0.00200487 0.1995 0.00399644
788 0.497403 0.00200447 0.1992 0.00399419
789 0.497841 0.00200501 0.1992 0.00399419
790 0.498121 0.00200589 0.1987 0.00399042
791 0.498048 0.00200442 0.1987 0.00399042
792 0.49809 0.00201351 0.1988 0.00399117
793 0.497942 0.0020146 0.1989 0.00399193
794 0.497978 0.00201795 0.1977 0.00398285
795 0.498523 0.0020172 0.1971 0.00397828
796 0.497912 0.00201569 0.1962 0.00397141
797 0.498131 0.00201221 0.1986 0.00398966
798 0.498431 0.00200945 0.1991 0.00399343
799 0.497845 0.0020078 0.2 0.0040002
800 0.497324 0.00201319 0.2045 0.00403356
801 0.498006 0.00201352 0.2014 0.00401066
802 0.497968 0.00200867 0.1988 0.00399117
803 0.49842 0.00201055 0.1986 0.00398966
804 0.498318 0.00201015 0.1971 0.00397828
805 0.498116 0.00201046 0.2007 0.00400544
806 0.498026 0.00201342 0.202 0.00401512
807 0.498524 0.00202083 0.1995 0.00399644
808 0.498296 0.00201749 0.2 0.0040002
809 0.498155 0.00201323 0.2003 0.00400245
810 0.497907 0.00201614 0.2017 0.00401289
811 0.497517 0.00201584 0.202 0.00401512
812 0.497589 0.00202039 0.2044 0.00403283
813 0.497956 0.00202061 0.1998 0.0039987
814 0.498581 0.00202401 0.2017 0.00401289
815 0.49872 0.00202162 0.1978 0.0039836
816 0.498455 0.00201873 0.1999 0.00399945
817 0.497921 0.00202072 0.2029 0.00402179
818 0.49825 0.00202449 0.2006 0.00400469
819 0.498251 0.00202141 0.1966 0.00397447
820 0.498657 0.00202107 0.1977 0.00398285
821 0.498879 0.0020195 0.1973 0.00397981
822 0.49937 0.0020192 0.1952 0.00396374
823 0.499313 0.00202132 0.197 0.00397752
824 0.499647 0.00201856 0.1957 0.00396758
825 0.499899 0.00201718 0.197 0.00397752
826 0.500165 0.00202442 0.1982 0.00398664
827 0.499942 0.00202787 0.1995 0.00399644
828 0.500083 0.00202192 0.1987 0.00399042
829 0.499905 0.00202185 0.1998 0.0039987
830 0.500089 0.00202229 0.1989 0.00399193
831 0.49986 0.00202104 0.1998 0.0039987
832 0.500478 0.00202204 0.1969 0.00397676
833 0.500841 0.0020257 0.1979 0.00398436
834 0.500873 0.00202743 0.1965 0.00397371
835 0.501392 0.00203038 0.1969 0.00397676
836 0.501722 0.00203066 0.1957 0.00396758
837 0.501443 0.00202457 0.1968 0.003976
838 0.501335 0.00201981 0.1996 0.0039972
839 0.501252 0.00201713 0.1964 0.00397294
840 0.501485 0.00201786 0.1956 0.00396682
841 0.501431 0.00201114 0.1945 0.00395835
842 0.501952 0.00200752 0.1932 0.00394828
843 0.501945 0.00200671 0.1911 0.00393187
844 0.502325 0.00201468 0.193 0.00394673
845 0.502281 0.00201303 0.1927 0.00394439
846 0.502411 0.00200427 0.1922 0.00394049
847 0.50227 0.00200198 0.1911 0.00393187
848 0.50236 0.0020006 0.1925 0.00394283
849 0.501773 0.00200092 0.1924 0.00394205
850 0.502147 0.00200266 0.195 0.00396221
851 0.502696 0.00200659 0.1954 0.00396528
852 0.50257 0.00200686 0.1933 0.00394906
853 0.502499 0.00200657 0.1953 0.00396451
854 0.502171 0.00200678 0.1962 0.00397141
855 0.502697 0.00200082 0.1931 0.00394751
856 0.502548 0.00200333 0.1939 0.00395371
857 0.50268 0.00199792 0.1922 0.00394049
858 0.503013 0.00200015 0.1932 0.00394828
859 0.503031 0.00199855 0.1943 0.00395681
860 0.502865 0.00199723 0.1912 0.00393266
861 0.502366 0.00199747 0.1917 0.00393658
862 0.502552 0.00198925 0.1895 0.00391925
863 0.502738 0.00199307 0.1909 0.0039303
864 0.502596 0.00199679 0.1899 0.00392241
865 0.503138 0.00198929 0.1894 0.00391846
866 0.502905 0.00199479 0.1927 0.00394439
867 0.502945 0.00199962 0.1943 0.00395681
868 0.502586 0.00200692 0.1947 0.00395989
869 0.502677 0.00200773 0.1935 0.00395061
870 0.503113 0.00200671 0.1919 0.00393815
871 0.502926 0.00200692 0.1919 0.00393815
872 0.502889 0.00200513 0.1918 0.00393736
873 0.503231 0.00200568 0.1909 0.0039303
874 0.503138 0.00200271 0.1906 0.00392794
875 0.503169 0.0020076 0.1925 0.00394283
876 0.503263 0.00201209 0.1935 0.00395061
877 0.502433 0.00201415 0.1928 0.00394517
878 0.502365 0.00201835 0.1942 0.00395603
879 0.50209 0.00201917 0.1949 0.00396144
880 0.502237 0.00201777 0.195 0.00396221
881 0.502367 0.00201578 0.1947 0.00395989
882 0.502507 0.00201647 0.1963 0.00397218
883 0.502886 0.00201452 0.1931 0.00394751
884 0.502647 0.00201906 0.195 0.00396221
885 0.502725 0.00202101 0.1968 0.003976
886 0.503039 0.00202044 0.1939 0.00395371
887 0.503082 0.00201746 0.1924 0.00394205
888 0.502651 0.00202012 0.1935 0.00395061
889 0.503015 0.00201847 0.1945 0.00395835
890 0.502941 0.002018 0.1944 0.00395758
891 0.503512 0.0020184 0.1922 0.00394049
892 0.503475 0.00201972 0.1933 0.00394906
893 0.503778 0.00202226 0.1947 0.00395989
894 0.503066 0.00201852 0.1969 0.00397676
895 0.503739 0.00201629 0.1908 0.00392951
896 0.503512 0.00202136 0.1932 0.00394828
897 0.503887 0.00202506 0.1938 0.00395294
898 0.503799 0.00202016 0.1919 0.00393815
899 0.503844 0.00202145 0.1931 0.00394751
900 0.503973 0.00202951 0.1918 0.00393736
901 0.504434 0.00201961 0.194 0.00395449
902 0.503924 0.00202283 0.1959 0.00396912
903 0.503839 0.00201957 0.1958 0.00396835
904 0.503412 0.00201735 0.196 0.00396988
905 0.503368 0.00202271 0.1961 0.00397065
906 0.50343 0.00202146 0.1947 0.00395989
907 0.503332 0.00202314 0.1976 0.00398209
908 0.503478 0.00202241 0.1954 0.00396528
909 0.503113 0.00202111 0.1967 0.00397523
910 0.503142 0.00202371 0.195 0.00396221
911 0.503488 0.00202441 0.1956 0.00396682
912 0.503549 0.00202752 0.1951 0.00396297
913 0.503631 0.00202823 0.1946 0.00395912
914 0.503682 0.00202861 0.1933 0.00394906
915 0.503518 0.00202303 0.1928 0.00394517
916 0.503494 0.00202022 0.193 0.00394673
917 0.503164 0.00202302 0.1942 0.00395603
918 0.503088 0.00202292 0.197 0.00397752
919 0.503112 0.00202176 0.1958 0.00396835
920 0.503375 0.0020172 0.1955 0.00396605
921 0.502743 0.0020201 0.1982 0.00398664
922 0.502749 0.00201747 0.1955 0.00396605
923 0.502673 0.0020132 0.1964 0.00397294
924 0.502362 0.00201606 0.1962 0.00397141
925 0.502322 0.00201189 0.197 0.00397752
926 0.502956 0.00201257 0.1962 0.00397141
927 0.502909 0.00201408 0.1969 0.00397676
928 0.502671 0.00201182 0.1966 0.00397447
929 0.502649 0.00201573 0.1944 0.00395758
930 0.502199 0.00201181 0.197 0.00397752
931 0.502022 0.00201255 0.1979 0.00398436
932 0.502112 0.0020121 0.196 0.00396988
933 0.502415 0.00201452 0.1945 0.00395835
934 0.502718 0.00201826 0.196 0.00396988
935 0.502977 0.00201726 0.1931 0.00394751
936 0.503027 0.00201894 0.1934 0.00394984
937 0.503173 0.00201929 0.1927 0.00394439
938 0.503554 0.00201612 0.1938 0.00395294
939 0.503491 0.00201093 0.1917 0.00393658
940 0.504016 0.00201613 0.1903 0.00392557
941 0.504047 0.00201275 0.1891 0.00391608
942 0.504103 0.00201295 0.187 0.00389931
943 0.503613 0.00201744 0.188 0.00390732
944 0.503252 0.00201996 0.1899 0.00392241
945 0.503246 0.00202077 0.193 0.00394673
946 0.502856 0.00202019 0.1942 0.00395603
947 0.502504 0.00201808 0.1971 0.00397828
948 0.502277 0.00201864 0.1968 0.003976
949 0.501932 0.00201516 0.1937 0.00395216
950 0.501934 0.0020133 0.1935 0.00395061
951 0.50197 0.00201636 0.194 0.00395449
952 0.501571 0.00201987 0.1961 0.00397065
953 0.501935 0.00202254 0.1938 0.00395294
954 0.501762 0.00202154 0.1962 0.00397141
955 0.501554 0.00201928 0.1968 0.003976
956 0.500985 0.00202042 0.1946 0.00395912
957 0.501065 0.00202365 0.1973 0.00397981
958 0.501258 0.00202619 0.1992 0.00399419
959 0.501349 0.00202755 0.2011 0.00400843
960 0.501449 0.00202298 0.1971 0.00397828
961 0.501887 0.00202304 0.1992 0.00399419
962 0.5013 0.00202221 0.1983 0.00398739
963 0.501522 0.00202353 0.1991 0.00399343
964 0.501514 0.00202211 0.1978 0.0039836
965 0.501242 0.00202373 0.1961 0.00397065
966 0.501243 0.00201842 0.1943 0.00395681
967 0.501304 0.00202224 0.1943 0.00395681
968 0.501562 0.00202103 0.1955 0.00396605
969 0.502006 0.00201642 0.1919 0.00393815
970 0.502034 0.00202002 0.1921 0.00393971
971 0.502157 0.00201861 0.1922 0.00394049
972 0.502528 0.0020246 0.191 0.00393109
973 0.502192 0.00202395 0.193 0.00394673
974 0.502196 0.00202406 0.1951 0.00396297
975 0.502059 0.00202666 0.1945 0.00395835
976 0.5018 0.00202526 0.1955 0.00396605
977 0.501466 0.00202486 0.1994 0.00399569
978 0.500605 0.00202519 0.1975 0.00398133
979 0.500481 0.00202244 0.1977 0.00398285
980 0.500814 0.00202299 0.1965 0.00397371
981 0.501028 0.00202222 0.196 0.00396988
982 0.500724 0.00202364 0.197 0.00397752
983 0.501063 0.00202225 0.1948 0.00396066
984 0.501061 0.00202057 0.1951 0.00396297
985 0.501759 0.00202043 0.1935 0.00395061
986 0.501738 0.00201867 0.1946 0.00395912
987 0.502064 0.00201741 0.1932 0.00394828
988 0.502512 0.00201378 0.1927 0.00394439
989 0.502763 0.00201312 0.1901 0.003924
990 0.503026 0.00201025 0.1897 0.00392083
991 0.502483 0.00200591 0.1916 0.0039358
992 0.502223 0.00201083 0.1934 0.00394984
993 0.502534 0.00200779 0.1944 0.00395758
994 0.502786 0.00200641 0.1921 0.00393971
995 0.502245 0.00201118 0.1933 0.00394906
996 0.502584 0.0020109 0.1925 0.00394283
997 0.503014 0.00200693 0.1907 0.00392873
998 0.502617 0.00200616 0.191 0.00393109
999 0.502649 0.00200628 0.1917 0.00393658
1000 0.502597 0.00201157 0.1937 0.00395216
1001 0.5022 0.0020094 0.1983 0.00398739
1002 0.502165 0.00201143 0.1937 0.00395216
1003 0.50286 0.00201146 0.1953 0.00396451
1004 0.503346 0.00201112 0.1942 0.00395603
1005 0.503059 0.00201695 0.1919 0.00393815
1006 0.503363 0.00201499 0.1925 0.00394283
1007 0.503041 0.00201629 0.1907 0.00392873
1008 0.502771 0.00201429 0.193 0.00394673
1009 0.50343 0.00201692 0.194 0.00395449
1010 0.503076 0.00201307 0.1952 0.00396374
1011 0.503127 0.00201582 0.1905 0.00392715
1012 0.503211 0.00201564 0.1934 0.00394984
1013 0.502825 0.00201419 0.1944 0.00395758
1014 0.502213 0.00201369 0.1951 0.00396297
1015 0.502014 0.00201516 0.1945 0.00395835
1016 0.501728 0.00200876 0.1913 0.00393344
1017 0.501504 0.00201079 0.1934 0.00394984
1018 0.500592 0.00201203 0.1947 0.00395989
1019 0.500886 0.00201291 0.1933 0.00394906
1020 0.501263 0.00200776 0.193 0.00394673
1021 0.500749 0.00200511 0.1915 0.00393501
1022 0.500438 0.00200379 0.1928 0.00394517
1023 0.501055 0.00200243 0.1933 0.00394906
1024 0.501096 0.00200136 0.1922 0.00394049
1025 0.501415 0.00200025 0.1915 0.00393501
1026 0.501374 0.00200306 0.1908 0.00392951
1027 0.501418 0.00200624 0.1905 0.00392715
1028 0.501562 0.00200536 0.1929 0.00394595
1029 0.501621 0.00201256 0.193 0.00394673
1030 0.501704 0.00201862 0.1941 0.00395526
1031 0.501553 0.00201997 0.1956 0.00396682
1032 0.501576 0.0020251 0.1952 0.00396374
1033 0.501091 0.00202044 0.1963 0.00397218
1034 0.501241 0.00201474 0.1955 0.00396605
1035 0.501119 0.00201958 0.1952 0.00396374
1036 0.500969 0.00201108 0.1951 0.00396297
1037 0.500588 0.00200888 0.1965 0.00397371
1038 0.501111 0.0020011 0.1956 0.00396682
1039 0.50099 0.00199782 0.1962 0.00397141
1040 0.500894 0.00200239 0.1952 0.00396374
1041 0.500686 0.00200066 0.1956 0.00396682
1042 0.500507 0.001999 0.1943 0.00395681
1043 0.500776 0.00200181 0.1974 0.00398057
1044 0.500993 0.00200119 0.197 0.00397752
1045 0.501187 0.00200224 0.1955 0.00396605
1046 0.501011 0.00199805 0.196 0.00396988
1047 0.500663 0.00200058 0.1951 0.00396297
1048 0.50102 0.00199949 0.1948 0.00396066
1049 0.500728 0.00200091 0.1962 0.00397141
1050 0.500749 0.00200057 0.1949 0.00396144
1051 0.500544 0.00200053 0.1937 0.00395216
1052 0.501004 0.0019978 0.1948 0.00396066
1053 0.500486 0.00200181 0.1949 0.00396144
1054 0.501004 0.00200219 0.1946 0.00395912
1055 0.501395 0.00200651 0.1952 0.00396374
1056 0.501452 0.00200224 0.1981 0.00398588
1057 0.501754 0.00200523 0.1981 0.00398588
1058 0.501809 0.00200431 0.1989 0.00399193
1059 0.501844 0.00200573 0.1957 0.00396758
1060 0.501661 0.00200392 0.1949 0.00396144
1061 0.502141 0.00199923 0.1945 0.00395835
1062 0.501991 0.00200388 0.194 0.00395449
1063 0.501552 0.00200774 0.1994 0.00399569
1064 0.501253 0.00200943 0.198 0.00398512
1065 0.501077 0.0020079 0.196 0.00396988
1066 0.50121 0.0020069 0.1996 0.0039972
1067 0.501443 0.00200729 0.1975 0.00398133
1068 0.501065 0.00200143 0.1978 0.0039836
1069 0.500473 0.00200266 0.1979 0.00398436
1070 0.500542 0.00200037 0.197 0.00397752
1071 0.499722 0.0019996 0.1993 0.00399494
1072 0.499839 0.00199852 0.1994 0.00399569
1073 0.500139 0.00200088 0.1976 0.00398209
1074 0.499568 0.00199882 0.1963 0.00397218
1075 0.500268 0.0020024 0.1956 0.00396682
1076 0.500665 0.00199943 0.1925 0.00394283
1077 0.500563 0.00200256 0.195 0.00396221
1078 0.501234 0.00200302 0.1934 0.00394984
1079 0.50088 0.0020034 0.1955 0.00396605
1080 0.5015 0.00200301 0.1965 0.00397371
1081 0.500989 0.00200353 0.1957 0.00396758
1082 0.501299 0.00200412 0.1949 0.00396144
1083 0.501218 0.00200699 0.1965 0.00397371
1084 0.501558 0.00200654 0.1964 0.00397294
1085 0.500731 0.00200839 0.1986 0.00398966
1086 0.500613 0.00200062 0.1951 0.00396297
1087 0.500395 0.00199355 0.1938 0.00395294
1088 0.50049 0.00198984 0.1916 0.0039358
1089 0.499367 0.00199305 0.1941 0.00395526
1090 0.499702 0.0019927 0.1938 0.00395294
1091 0.499348 0.00199231 0.1933 0.00394906
1092 0.499767 0.0019872 0.1961 0.00397065
1093 0.499836 0.00198946 0.1938 0.00395294
1094 0.499904 0.00199571 0.1945 0.00395835
1095 0.499698 0.00199417 0.1954 0.00396528
1096 0.500041 0.00198934 0.193 0.00394673
1097 0.500648 0.00198611 0.1954 0.00396528
1098 0.500493 0.00198898 0.1937 0.00395216
1099 0.500301 0.00198846 0.1939 0.00395371
1100 0.500149 0.00198941 0.1938 0.00395294
1101 0.500014 0.00199074 0.1967 0.00397523
1102 0.500516 0.00199241 0.1943 0.00395681
1103 0.500511 0.00199176 0.1949 0.00396144
1104 0.50048 0.00199383 0.1937 0.00395216
1105 0.500512 0.00199532 0.1956 0.00396682
1106 0.501578 0.00200144 0.1938 0.00395294
1107 0.501826 0.00200269 0.1937 0.00395216
1108 0.502569 0.00199614 0.1908 0.00392951
1109 0.502459 0.00199614 0.1922 0.00394049
1110 0.502862 0.00200067 0.1921 0.00393971
1111 0.503433 0.00200336 0.1906 0.00392794
1112 0.503083 0.00199583 0.1907 0.00392873
1113 0.502915 0.00199132 0.1928 0.00394517
1114 0.503025 0.00199632 0.1905 0.00392715
1115 0.502575 0.00199479 0.1896 0.00392004
1116 0.50261 0.00199655 0.1884 0.00391051
1117 0.502789 0.00199727 0.1892 0.00391687
1118 0.50243 0.00199962 0.1913 0.00393344
1119 0.502583 0.00199243 0.1898 0.00392162
1120 0.502603 0.0019974 0.1938 0.00395294
1121 0.501818 0.00199445 0.1953 0.00396451
1122 0.502395 0.00199255 0.1912 0.00393266
1123 0.502165 0.00199127 0.191 0.00393109
1124 0.502512 0.00198975 0.19 0.00392321
1125 0.502537 0.00199016 0.1913 0.00393344
1126 0.501992 0.00198709 0.1898 0.00392162
1127 0.50177 0.00198538 0.1902 0.00392478
1128 0.501903 0.00198821 0.193 0.00394673
1129 0.501888 0.00198426 0.1898 0.00392162
1130 0.501944 0.00198126 0.1919 0.00393815
1131 0.502094 0.00197854 0.1884 0.00391051
1132 0.501926 0.00198157 0.1912 0.00393266
1133 0.501841 0.00198148 0.1912 0.00393266
1134 0.502218 0.00197858 0.1904 0.00392636
1135 0.502108 0.00198072 0.1887 0.0039129
1136 0.50237 0.00198233 0.1892 0.00391687
1137 0.501873 0.00198565 0.1906 0.00392794
1138 0.501501 0.00198676 0.1941 0.00395526
1139 0.501509 0.00198908 0.1931 0.00394751
1140 0.50143 0.00198954 0.1892 0.00391687
1141 0.501332 0.00199143 0.1938 0.00395294
1142 0.501193 0.00199121 0.1928 0.00394517
1143 0.500598 0.00199579 0.1939 0.00395371
1144 0.50044 0.00200143 0.1952 0.00396374
1145 0.500873 0.0020028 0.1969 0.00397676
1146 0.500304 0.0020009 0.1952 0.00396374
1147 0.500289 0.00200028 0.1952 0.00396374
1148 0.500458 0.00200204 0.1956 0.00396682
1149 0.501226 0.00200211 0.1946 0.00395912
1150 0.501443 0.00199829 0.1946 0.00395912
1151 0.501457 0.00199476 0.1963 0.00397218
1152 0.5017 0.00199981 0.1984 0.00398815
1153 0.501438 0.00200047 0.1947 0.00395989
1154 0.501822 0.0019923 0.1953 0.00396451
1155 0.502118 0.00199749 0.1943 0.00395681
1156 0.502 0.00199524 0.1945 0.00395835
1157 0.501389 0.00199223 0.1936 0.00395139
1158 0.501456 0.00199775 0.1976 0.00398209
1159 0.501774 0.00199373 0.1909 0.0039303
1160 0.501701 0.00199853 0.1935 0.00395061
1161 0.502009 0.00199695 0.1961 0.00397065
1162 0.502135 0.00200077 0.1958 0.00396835
1163 0.501337 0.00201038 0.1974 0.00398057
1164 0.50113 0.00201342 0.198 0.00398512
1165 0.501444 0.00201434 0.1946 0.00395912
1166 0.501952 0.00200773 0.1926 0.00394361
1167 0.502204 0.00200444 0.1903 0.00392557
1168 0.502237 0.00200507 0.1901 0.003924
1169 0.503118 0.00200402 0.1901 0.003924
1170 0.503162 0.0020006 0.1882 0.00390891
1171 0.502929 0.00200319 0.1897 0.00392083
1172 0.503498 0.0020029 0.1917 0.00393658
1173 0.503975 0.00200095 0.1915 0.00393501
1174 0.503696 0.00199708 0.1914 0.00393423
1175 0.503905 0.00198982 0.1906 0.00392794
1176 0.503278 0.00199221 0.1889 0.00391449
1177 0.50275 0.00198703 0.1892 0.00391687
1178 0.503121 0.00199732 0.192 0.00393893
1179 0.502721 0.00199316 0.1924 0.00394205
1180 0.50335 0.00200154 0.1906 0.00392794
1181 0.503352 0.00200329 0.1914 0.00393423
1182 0.503145 0.00200564 0.1931 0.00394751
1183 0.503661 0.00200489 0.1914 0.00393423
1184 0.503661 0.00200387 0.1916 0.0039358
1185 0.503623 0.00200413 0.1912 0.00393266
1186 0.503438 0.00200385 0.1937 0.00395216
1187 0.50304 0.00201241 0.1944 0.00395758
1188 0.502837 0.00200956 0.1911 0.00393187
1189 0.502745 0.00200781 0.1948 0.00396066
1190 0.503253 0.00200299 0.1939 0.00395371
1191 0.503149 0.0020035 0.1931 0.00394751
1192 0.503087 0.00200697 0.1927 0.00394439
1193 0.502688 0.0019989 0.191 0.00393109
1194 0.502349 0.00200174 0.1896 0.00392004
1195 0.502347 0.00200185 0.1914 0.00393423
1196 0.502484 0.00200493 0.1925 0.00394283
1197 0.502603 0.00201038 0.196 0.00396988
1198 0.502779 0.0020072 0.1946 0.00395912
1199 0.502955 0.00200688 0.1938 0.00395294
1200 0.502551 0.00200794 0.1927 0.00394439
1201 0.502481 0.00201292 0.1929 0.00394595
1202 0.502302 0.00201179 0.1938 0.00395294
1203 0.502455 0.00201224 0.1961 0.00397065
1204 0.502556 0.00201934 0.1965 0.00397371
1205 0.502271 0.00201625 0.1957 0.00396758
1206 0.501717 0.00201608 0.1973 0.00397981
1207 0.501755 0.00201937 0.1979 0.00398436
1208 0.502104 0.00201668 0.1965 0.00397371
1209 0.502389 0.00201997 0.1953 0.00396451
1210 0.502806 0.00202372 0.1937 0.00395216
1211 0.502336 0.00202062 0.1954 0.00396528
1212 0.502896 0.00201923 0.1956 0.00396682
1213 0.503137 0.00201509 0.1958 0.00396835
1214 0.502456 0.00201975 0.1956 0.00396682
1215 0.502478 0.00201423 0.1974 0.00398057
1216 0.502459 0.00201774 0.1961 0.00397065
1217 0.502568 0.00202124 0.1978 0.0039836
1218 0.502652 0.00201692 0.1969 0.00397676
1219 0.502015 0.00201359 0.1986 0.00398966
1220 0.502196 0.0020056 0.1933 0.00394906
1221 0.50218 0.00201065 0.1942 0.00395603
1222 0.502965 0.00200804 0.1944 0.00395758
1223 0.502038 0.00201237 0.1943 0.00395681
1224 0.502576 0.00201233 0.1943 0.00395681
1225 0.502453 0.00201734 0.1944 0.00395758
1226 0.502447 0.00201521 0.1951 0.00396297
1227 0.502292 0.00201582 0.1944 0.00395758
1228 0.502377 0.00201457 0.1961 0.00397065
1229 0.502444 0.00201627 0.1954 0.00396528
1230 0.502513 0.00201696 0.1938 0.00395294
1231 0.502528 0.00201681 0.1923 0.00394127
1232 0.50249 0.00201781 0.194 0.00395449
1233 0.502391 0.00201827 0.1965 0.00397371
1234 0.502591 0.00202144 0.197 0.00397752
1235 0.502738 0.00202591 0.1962 0.00397141
1236 0.502562 0.00202657 0.1943 0.00395681
1237 0.502759 0.00202979 0.1938 0.00395294
1238 0.502795 0.00202148 0.1916 0.0039358
1239 0.502856 0.00202059 0.1942 0.00395603
1240 0.502976 0.00202233 0.1953 0.00396451
1241 0.50285 0.00201916 0.1934 0.00394984
1242 0.502431 0.00202077 0.1919 0.00393815
1243 0.502468 0.00201979 0.1935 0.00395061
1244 0.50231 0.00201826 0.1938 0.00395294
1245 0.50258 0.00202236 0.1934 0.00394984
1246 0.502732 0.00202829 0.1944 0.00395758
1247 0.502516 0.00202487 0.1959 0.00396912
1248 0.502199 0.00202666 0.1954 0.00396528
1249 0.50197 0.0020264 0.1945 0.00395835
1250 0.502188 0.00202945 0.1946 0.00395912
1251 0.502563 0.00203273 0.1966 0.00397447
1252 0.502482 0.00203171 0.1958 0.00396835
1253 0.502098 0.00203231 0.1959 0.00396912
1254 0.502252 0.00202936 0.1935 0.00395061
1255 0.502554 0.00202769 0.1947 0.00395989
1256 0.502838 0.00202563 0.1941 0.00395526
1257 0.502732 0.00202549 0.1922 0.00394049
1258 0.50288 0.00202747 0.1939 0.00395371
1259 0.502639 0.00202419 0.1942 0.00395603
1260 0.502344 0.00202441 0.195 0.00396221
1261 0.501927 0.00202343 0.1975 0.00398133
1262 0.502412 0.00201846 0.1965 0.00397371
1263 0.502971 0.0020226 0.1952 0.00396374
1264 0.502722 0.00202158 0.1939 0.00395371
1265 0.502805 0.00202206 0.1933 0.00394906
1266 0.502526 0.00202325 0.194 0.00395449
1267 0.502691 0.00201853 0.1965 0.00397371
1268 0.502909 0.00201754 0.1948 0.00396066
1269 0.503611 0.00201658 0.1953 0.00396451
1270 0.503539 0.00201619 0.1964 0.00397294
1271 0.503347 0.00201495 0.1957 0.00396758
1272 0.503514 0.00202276 0.1951 0.00396297
1273 0.50316 0.00202488 0.1971 0.00397828
1274 0.503568 0.00202526 0.1934 0.00394984
1275 0.503232 0.00202553 0.193 0.00394673
1276 0.502952 0.00202711 0.1942 0.00395603
1277 0.503046 0.00202908 0.1973 0.00397981
1278 0.502911 0.00203353 0.1978 0.0039836
1279 0.503058 0.00202807 0.1957 0.00396758
1280 0.503054 0.00202309 0.1945 0.00395835
1281 0.502807 0.00202037 0.1947 0.00395989
1282 0.502496 0.00201657 0.195 0.00396221
1283 0.502675 0.00201524 0.198 0.00398512
1284 0.50279 0.00201996 0.1977 0.00398285
1285 0.502779 0.00201676 0.1966 0.00397447
1286 0.502714 0.00201112 0.1983 0.00398739
1287 0.503046 0.00201499 0.1957 0.00396758
1288 0.503579 0.00201566 0.1931 0.00394751
1289 0.504037 0.00201118 0.191 0.00393109
1290 0.503244 0.0020098 0.1935 0.00395061
1291 0.503088 0.00200745 0.1911 0.00393187
1292 0.503093 0.00200994 0.1932 0.00394828
1293 0.50332 0.00200831 0.1893 0.00391766
1294 0.503181 0.00201067 0.1925 0.00394283
1295 0.503091 0.00200487 0.1935 0.00395061
1296 0.502998 0.00200391 0.1937 0.00395216
1297 0.502483 0.0020016 0.1963 0.00397218
1298 0.502999 0.00200116 0.1932 0.00394828
1299 0.503136 0.00200694 0.1935 0.00395061
1300 0.503168 0.00200781 0.1942 0.00395603
1301 0.503314 0.00200701 0.1947 0.00395989
1302 0.502969 0.00200895 0.1925 0.00394283
1303 0.502571 0.00200619 0.1927 0.00394439
1304 0.502087 0.00200541 0.1949 0.00396144
1305 0.501722 0.00200145 0.193 0.00394673
1306 0.50195 0.0020038 0.1934 0.00394984
1307 0.502366 0.00200716 0.1958 0.00396835
1308 0.502001 0.00201093 0.196 0.00396988
1309 0.501931 0.0020109 0.194 0.00395449
1310 0.501925 0.00200922 0.1931 0.00394751
1311 0.502474 0.00200512 0.1953 0.00396451
1312 0.501901 0.00200728 0.1928 0.00394517
1313 0.502421 0.00200297 0.1931 0.00394751
1314 0.502572 0.00200395 0.1934 0.00394984
1315 0.502153 0.00200178 0.1924 0.00394205
1316 0.501857 0.00199354 0.1937 0.00395216
1317 0.50149 0.00199122 0.1922 0.00394049
1318 0.501891 0.00200285 0.1932 0.00394828
1319 0.501541 0.0020077 0.1949 0.00396144
1320 0.501944 0.00200836 0.1934 0.00394984
1321 0.501507 0.00200871 0.1911 0.00393187
1322 0.50185 0.00200678 0.1932 0.00394828
1323 0.501601 0.0020103 0.197 0.00397752
1324 0.501574 0.00200696 0.1935 0.00395061
1325 0.501923 0.00200597 0.192 0.00393893
1326 0.501197 0.00200802 0.1923 0.00394127
1327 0.501291 0.00200922 0.1958 0.00396835
1328 0.501066 0.00201181 0.1964 0.00397294
1329 0.500633 0.0020107 0.1961 0.00397065
1330 0.500513 0.00200789 0.1945 0.00395835
1331 0.500789 0.00200647 0.1956 0.00396682
1332 0.50081 0.00200675 0.1976 0.00398209
1333 0.500551 0.00200313 0.1964 0.00397294
1334 0.500737 0.00200601 0.1966 0.00397447
1335 0.500544 0.0020032 0.1973 0.00397981
1336 0.50078 0.00200423 0.1959 0.00396912
1337 0.501074 0.00200842 0.1929 0.00394595
1338 0.501233 0.00200917 0.1954 0.00396528
1339 0.501044 0.00200778 0.1932 0.00394828
1340 0.500848 0.00201319 0.1957 0.00396758
1341 0.501176 0.0020113 0.1945 0.00395835
1342 0.501269 0.0020068 0.195 0.00396221
1343 0.501192 0.00200367 0.1966 0.00397447
1344 0.501258 0.00200829 0.192 0.00393893
1345 0.501082 0.00200897 0.1927 0.00394439
1346 0.500818 0.00200286 0.1945 0.00395835
1347 0.501328 0.00200072 0.1942 0.00395603
1348 0.501441 0.00199791 0.1957 0.00396758
1349 0.501517 0.00199445 0.1951 0.00396297
1350 0.50146 0.00199032 0.1948 0.00396066
1351 0.501428 0.00199334 0.1936 0.00395139
1352 0.501469 0.00199024 0.1925 0.00394283
1353 0.501412 0.00199517 0.1944 0.00395758
1354 0.501769 0.00199919 0.1914 0.00393423
1355 0.501444 0.00200326 0.1921 0.00393971
1356 0.501102 0.00200349 0.1936 0.00395139
1357 0.50134 0.00200509 0.1923 0.00394127
1358 0.50179 0.00200474 0.1933 0.00394906
1359 0.502163 0.00200692 0.1908 0.00392951
1360 0.501793 0.00200626 0.1919 0.00393815
1361 0.501638 0.00200784 0.1932 0.00394828
1362 0.501882 0.00200579 0.1939 0.00395371
1363 0.50171 0.00200687 0.1956 0.00396682
1364 0.501544 0.00200665 0.1939 0.00395371
1365 0.501823 0.00200922 0.1968 0.003976
1366 0.502049 0.00200726 0.1975 0.00398133
1367 0.502471 0.00200535 0.1987 0.00399042
1368 0.502391 0.00200116 0.1954 0.00396528
1369 0.503036 0.00200738 0.1972 0.00397905
1370 0.502975 0.00200833 0.1989 0.00399193
1371 0.503592 0.00200436 0.1958 0.00396835
1372 0.503703 0.00200915 0.1956 0.00396682
1373 0.503666 0.00201199 0.1978 0.0039836
1374 0.503476 0.00201757 0.1931 0.00394751
1375 0.503512 0.00200839 0.193 0.00394673
1376 0.503423 0.00201482 0.1907 0.00392873
1377 0.503389 0.00201471 0.1924 0.00394205
1378 0.503476 0.0020147 0.1929 0.00394595
1379 0.503405 0.00201449 0.1926 0.00394361
1380 0.503524 0.00201549 0.1918 0.00393736
1381 0.50336 0.00201455 0.1927 0.00394439
1382 0.502798 0.00201484 0.1949 0.00396144
1383 0.503193 0.00201142 0.1929 0.00394595
1384 0.503625 0.00201641 0.1947 0.00395989
1385 0.503804 0.00201661 0.1943 0.00395681
1386 0.503039 0.0020123 0.1948 0.00396066
1387 0.50208 0.00200955 0.1964 0.00397294
1388 0.501363 0.00201705 0.1976 0.00398209
1389 0.501243 0.0020151 0.1983 0.00398739
1390 0.501219 0.00201601 0.1972 0.00397905
1391 0.501511 0.0020127 0.1969 0.00397676
1392 0.501168 0.00201269 0.1968 0.003976
1393 0.501336 0.00201389 0.1987 0.00399042
1394 0.501408 0.00202044 0.1979 0.00398436
1395 0.50141 0.0020208 0.1968 0.003976
1396 0.501282 0.00202416 0.199 0.00399268
1397 0.501711 0.00202299 0.1984 0.00398815
1398 0.501822 0.00201833 0.1957 0.00396758
1399 0.501445 0.00201168 0.1984 0.00398815
1400 0.501596 0.00201323 0.2 0.0040002
1401 0.501566 0.00201086 0.1979 0.00398436
1402 0.501492 0.002007 0.1953 0.00396451
1403 0.501341 0.00201159 0.1966 0.00397447
1404 0.502231 0.00200624 0.1949 0.00396144
1405 0.501682 0.00201061 0.1983 0.00398739
1406 0.501348 0.00200854 0.1963 0.00397218
1407 0.501506 0.00200656 0.1968 0.003976
1408 0.501463 0.0020039 0.193 0.00394673
1409 0.501145 0.00200676 0.1949 0.00396144
1410 0.501589 0.00201262 0.1952 0.00396374
1411 0.501727 0.00201194 0.1945 0.00395835
1412 0.501539 0.00201246 0.1977 0.00398285
1413 0.501766 0.00201264 0.1955 0.00396605
1414 0.502089 0.00201296 0.1965 0.00397371
1415 0.502058 0.00200774 0.1971 0.00397828
1416 0.502268 0.00201289 0.1982 0.00398664
1417 0.502002 0.00201037 0.1976 0.00398209
1418 0.501444 0.00200404 0.1981 0.00398588
1419 0.500966 0.0020094 0.2002 0.0040017
1420 0.500969 0.00200804 0.1976 0.00398209
1421 0.501169 0.00200971 0.1981 0.00398588
1422 0.501053 0.00201617 0.1999 0.00399945
1423 0.500991 0.00201351 0.1987 0.00399042
1424 0.500971 0.00201237 0.1974 0.00398057
1425 0.501088 0.00201509 0.1976 0.00398209
1426 0.500747 0.00201874 0.1984 0.00398815
1427 0.500613 0.00202197 0.1994 0.00399569
1428 0.500572 0.00201556 0.1979 0.00398436
1429 0.500601 0.00201662 0.199 0.00399268
1430 0.500355 0.00202043 0.2001 0.00400095
1431 0.500736 0.00202044 0.1994 0.00399569
1432 0.501001 0.00201829 0.1971 0.00397828
1433 0.501035 0.00201739 0.1979 0.00398436
1434 0.500687 0.00201831 0.1956 0.00396682
1435 0.500868 0.00201703 0.197 0.00397752
1436 0.500674 0.00201754 0.1965 0.00397371
1437 0.499935 0.00201353 0.1956 0.00396682
1438 0.5003 0.00201074 0.1968 0.003976
1439 0.50004 0.00201323 0.1952 0.00396374
1440 0.500771 0.00201194 0.1955 0.00396605
1441 0.50095 0.00200843 0.1985 0.00398891
1442 0.500495 0.00201061 0.1956 0.00396682
1443 0.500609 0.00201125 0.1973 0.00397981
1444 0.50047 0.00201289 0.1973 0.00397981
1445 0.500591 0.00200867 0.1973 0.00397981
1446 0.500127 0.00201377 0.1975 0.00398133
1447 0.500086 0.00201485 0.1965 0.00397371
1448 0.50051 0.00201221 0.1975 0.00398133
1449 0.500803 0.00200844 0.1949 0.00396144
1450 0.500593 0.00201567 0.1999 0.00399945
1451 0.50082 0.00201483 0.2002 0.0040017
1452 0.500764 0.00201112 0.198 0.00398512
1453 0.500524 0.00201332 0.1987 0.00399042
1454 0.500063 0.00200902 0.1949 0.00396144
1455 0.500387 0.00200114 0.1977 0.00398285
1456 0.500265 0.00200757 0.1989 0.00399193
1457 0.499875 0.00200786 0.1979 0.00398436
1458 0.499629 0.00200408 0.1966 0.00397447
1459 0.49992 0.00200612 0.1972 0.00397905
1460 0.500233 0.00200833 0.1986 0.00398966
1461 0.500253 0.00201296 0.1986 0.00398966
1462 0.500317 0.00201718 0.198 0.00398512
1463 0.500127 0.00201154 0.2009 0.00400693
1464 0.500169 0.0020131 0.2002 0.0040017
1465 0.49982 0.00201726 0.198 0.00398512
1466 0.499746 0.00201189 0.2006 0.00400469
1467 0.499786 0.00201002 0.1991 0.00399343
1468 0.499289 0.00201569 0.2029 0.00402179
1469 0.499067 0.00201157 0.1987 0.00399042
1470 0.49927 0.00201639 0.2004 0.0040032
1471 0.49936 0.00201605 0.1988 0.00399117
1472 0.498771 0.00200973 0.2009 0.00400693
1473 0.499362 0.00200833 0.1976 0.00398209
1474 0.499231 0.00201138 0.1991 0.00399343
1475 0.498918 0.00200445 0.1967 0.00397523
1476 0.499009 0.0020041 0.1972 0.00397905
1477 0.49872 0.00200427 0.1952 0.00396374
1478 0.49923 0.00200364 0.1974 0.00398057
1479 0.499127 0.0020058 0.1958 0.00396835
1480 0.499629 0.00200648 0.1965 0.00397371
1481 0.499933 0.0020073 0.1976 0.00398209
1482 0.500088 0.00200405 0.1964 0.00397294
1483 0.499665 0.00200382 0.1967 0.00397523
1484 0.499357 0.00200405 0.1976 0.00398209
1485 0.499452 0.00200875 0.1972 0.00397905
1486 0.499146 0.00200769 0.1982 0.00398664
1487 0.499169 0.00200439 0.2006 0.00400469
1488 0.49898 0.00200305 0.1992 0.00399419
1489 0.498653 0.0020033 0.2008 0.00400619
1490 0.498856 0.00200427 0.1984 0.00398815
1491 0.498796 0.00200285 0.1984 0.00398815
1492 0.498882 0.0020042 0.1989 0.00399193
1493 0.498893 0.00201118 0.2027 0.00402031
1494 0.49916 0.00200681 0.2011 0.00400843
1495 0.498842 0.00201045 0.2004 0.0040032
1496 0.499275 0.00200539 0.2021 0.00401587
1497 0.498871 0.00201289 0.2059 0.00404378
1498 0.498729 0.00201356 0.2027 0.00402031
1499 0.498688 0.00201 0.2009 0.00400693
1500 0.498725 0.00201115 0.2003 0.00400245
1501 0.498688 0.00200933 0.2035 0.00402621
1502 0.498754 0.00200947 0.2003 0.00400245
1503 0.498406 0.00201253 0.2014 0.00401066
1504 0.498861 0.002012 0.2011 0.00400843
1505 0.499138 0.00201061 0.2009 0.00400693
1506 0.499168 0.00201212 0.2022 0.00401661
1507 0.49909 0.00200948 0.2013 0.00400992
1508 0.499177 0.0020113 0.2002 0.0040017
1509 0.498824 0.00201527 0.2016 0.00401215
1510 0.498517 0.00201504 0.2015 0.00401141
1511 0.498041 0.00201891 0.2014 0.00401066
1512 0.498082 0.0020116 0.1999 0.00399945
1513 0.498263 0.00201436 0.1995 0.00399644
1514 0.497889 0.00201643 0.1995 0.00399644
1515 0.498151 0.00201337 0.2004 0.0040032
1516 0.497615 0.00201502 0.2005 0.00400395
1517 0.497577 0.00201076 0.1996 0.0039972
1518 0.497483 0.00201307 0.2 0.0040002
1519 0.497774 0.00201498 0.2022 0.00401661
1520 0.497933 0.00200992 0.2006 0.00400469
1521 0.498327 0.00201068 0.202 0.00401512
1522 0.498174 0.00201043 0.2016 0.00401215
1523 0.497801 0.00201304 0.2002 0.0040017
1524 0.497723 0.00201521 0.1995 0.00399644
1525 0.497535 0.00201121 0.2018 0.00401364
1526 0.49791 0.00200898 0.1998 0.0039987
1527 0.497248 0.0020053 0.199 0.00399268
1528 0.497692 0.00200143 0.1988 0.00399117
1529 0.49804 0.00199116 0.1947 0.00395989
1530 0.49857 0.0019908 0.1943 0.00395681
1531 0.498684 0.00199073 0.1983 0.00398739
1532 0.498478 0.0019965 0.1985 0.00398891
1533 0.498284 0.00199537 0.1982 0.00398664
1534 0.497829 0.00199966 0.1969 0.00397676
1535 0.498025 0.00199526 0.1995 0.00399644
1536 0.497969 0.00199277 0.1995 0.00399644
1537 0.498145 0.00199097 0.1977 0.00398285
1538 0.498523 0.00199217 0.1974 0.00398057
1539 0.498801 0.00199407 0.1955 0.00396605
1540 0.49802 0.00198828 0.1947 0.00395989
1541 0.498186 0.00198342 0.1924 0.00394205
1542 0.497855 0.00198862 0.1952 0.00396374
1543 0.49814 0.00198417 0.1973 0.00397981
1544 0.497966 0.0019855 0.195 0.00396221
1545 0.497956 0.00198035 0.1932 0.00394828
1546 0.498213 0.00198748 0.1937 0.00395216
1547 0.498388 0.00198397 0.1909 0.0039303
1548 0.498537 0.00198804 0.1911 0.00393187
1549 0.498308 0.00199433 0.1923 0.00394127
1550 0.498437 0.00199253 0.193 0.00394673
1551 0.498671 0.00199444 0.1912 0.00393266
1552 0.498774 0.0019917 0.1939 0.00395371
1553 0.498832 0.00199378 0.1968 0.003976
1554 0.498779 0.00198963 0.1944 0.00395758
1555 0.498306 0.00199209 0.1941 0.00395526
1556 0.498043 0.00199417 0.197 0.00397752
1557 0.497942 0.00199437 0.1961 0.00397065
1558 0.497673 0.00199135 0.1943 0.00395681
1559 0.498119 0.00199516 0.1948 0.00396066
1560 0.497769 0.00199731 0.1975 0.00398133
1561 0.497563 0.00200136 0.1952 0.00396374
1562 0.497622 0.00200298 0.197 0.00397752
1563 0.498372 0.00200056 0.1978 0.0039836
1564 0.498279 0.00199783 0.1951 0.00396297
1565 0.498178 0.00199652 0.1942 0.00395603
1566 0.498261 0.00198838 0.1939 0.00395371
1567 0.49821 0.00199164 0.1965 0.00397371
1568 0.498158 0.00199486 0.1981 0.00398588
1569 0.498411 0.00199407 0.1961 0.00397065
1570 0.498451 0.00199353 0.1942 0.00395603
1571 0.498413 0.0019919 0.198 0.00398512
1572 0.498573 0.00199601 0.1948 0.00396066
1573 0.499202 0.00199445 0.1952 0.00396374
1574 0.499409 0.00198752 0.1954 0.00396528
1575 0.4994 0.00198632 0.1946 0.00395912
1576 0.499203 0.00199299 0.1949 0.00396144
1577 0.498774 0.00198691 0.1942 0.00395603
1578 0.49901 0.00198188 0.1941 0.00395526
1579 0.499445 0.00197644 0.1938 0.00395294
1580 0.499293 0.00197548 0.195 0.00396221
1581 0.499443 0.00197722 0.1933 0.00394906
1582 0.499356 0.00197884 0.1943 0.00395681
1583 0.499154 0.00197914 0.1935 0.00395061
1584 0.498677 0.00198296 0.1969 0.00397676
1585 0.498661 0.0019832 0.1939 0.00395371
1586 0.498729 0.00197921 0.1931 0.00394751
1587 0.498961 0.00197631 0.1896 0.00392004
1588 0.499339 0.00198085 0.1907 0.00392873
1589 0.499934 0.0019833 0.1915 0.00393501
1590 0.499874 0.00198724 0.1954 0.00396528
1591 0.500078 0.00198804 0.194 0.00395449
1592 0.5002 0.00198424 0.1948 0.00396066
1593 0.50004 0.00198481 0.1919 0.00393815
1594 0.500467 0.00198108 0.1913 0.00393344
1595 0.500421 0.00198363 0.1928 0.00394517
1596 0.500324 0.00198441 0.1905 0.00392715
1597 0.50056 0.00197946 0.1904 0.00392636
1598 0.500092 0.00198521 0.1944 0.00395758
1599 0.50019 0.00197946 0.1931 0.00394751
1600 0.500606 0.00198465 0.1921 0.00393971
1601 0.500303 0.00198906 0.192 0.00393893
1602 0.500378 0.00198789 0.1915 0.00393501
1603 0.500687 0.00198557 0.1921 0.00393971
1604 0.50105 0.00198615 0.1897 0.00392083
1605 0.501199 0.00198635 0.1908 0.00392951
1606 0.501455 0.00199415 0.1909 0.0039303
1607 0.501248 0.00199732 0.1936 0.00395139
1608 0.501932 0.00199242 0.1944 0.00395758
1609 0.501533 0.00199094 0.1947 0.00395989
1610 0.501826 0.00199261 0.1952 0.00396374
1611 0.501654 0.00199692 0.1966 0.00397447
1612 0.501904 0.00199708 0.1966 0.00397447
1613 0.501581 0.00199344 0.1961 0.00397065
1614 0.501626 0.00198703 0.1925 0.00394283
1615 0.501705 0.00198917 0.1934 0.00394984
1616 0.501811 0.0019941 0.1953 0.00396451
1617 0.501627 0.00199041 0.1938 0.00395294
1618 0.501113 0.00199005 0.1927 0.00394439
1619 0.501195 0.00198756 0.1969 0.00397676
1620 0.501184 0.00198851 0.1946 0.00395912
1621 0.501557 0.00199079 0.1956 0.00396682
1622 0.501921 0.00198928 0.1925 0.00394283
1623 0.501607 0.00199079 0.1916 0.0039358
1624 0.502263 0.0019909 0.1897 0.00392083
1625 0.502235 0.00199143 0.1921 0.00393971
1626 0.502267 0.0019894 0.1945 0.00395835
1627 0.502356 0.00199588 0.1952 0.00396374
1628 0.50173 0.00199393 0.1961 0.00397065
1629 0.502309 0.00200183 0.1936 0.00395139
1630 0.502705 0.00199757 0.1965 0.00397371
1631 0.503005 0.00200312 0.1956 0.00396682
1632 0.502702 0.002004 0.1939 0.00395371
1633 0.502627 0.00200351 0.195 0.00396221
1634 0.50229 0.00200154 0.1996 0.0039972
1635 0.502649 0.00200482 0.1971 0.00397828
1636 0.502711 0.00200986 0.1969 0.00397676
1637 0.50244 0.00201046 0.1956 0.00396682
1638 0.502497 0.00200747 0.1955 0.00396605
1639 0.502384 0.00200734 0.1953 0.00396451
1640 0.501757 0.0020075 0.1943 0.00395681
1641 0.502235 0.00200214 0.192 0.00393893
1642 0.502631 0.00200038 0.191 0.00393109
1643 0.502251 0.00199551 0.1937 0.00395216
1644 0.503026 0.00199711 0.1887 0.0039129
1645 0.502613 0.00199698 0.1929 0.00394595
1646 0.502548 0.00200187 0.1886 0.0039121
1647 0.50253 0.0020058 0.1901 0.003924
1648 0.502463 0.00200284 0.1903 0.00392557
1649 0.502003 0.00199951 0.1923 0.00394127
1650 0.502031 0.00199562 0.1916 0.0039358
1651 0.502057 0.00199533 0.1925 0.00394283
1652 0.502603 0.00199663 0.1926 0.00394361
1653 0.502102 0.0020008 0.1921 0.00393971
1654 0.502023 0.00200632 0.1924 0.00394205
1655 0.501922 0.00200247 0.1954 0.00396528
1656 0.501378 0.00200318 0.1953 0.00396451
1657 0.501608 0.00200644 0.197 0.00397752
1658 0.501854 0.00199732 0.1939 0.00395371
1659 0.502169 0.00199775 0.197 0.00397752
1660 0.501997 0.00200139 0.1948 0.00396066
1661 0.501615 0.00199741 0.1951 0.00396297
1662 0.501972 0.0019977 0.1933 0.00394906
1663 0.501755 0.00199744 0.1924 0.00394205
1664 0.501603 0.00199517 0.1921 0.00393971
1665 0.501737 0.00199674 0.1948 0.00396066
1666 0.50155 0.00200135 0.192 0.00393893
1667 0.501612 0.00200261 0.1939 0.00395371
1668 0.501638 0.00199863 0.193 0.00394673
1669 0.501194 0.00199919 0.1928 0.00394517
1670 0.500943 0.00199508 0.193 0.00394673
1671 0.500842 0.00199665 0.1948 0.00396066
1672 0.500861 0.00199628 0.194 0.00395449
1673 0.501288 0.00199903 0.1929 0.00394595
1674 0.50084 0.00199937 0.1941 0.00395526
1675 0.500835 0.00200083 0.1946 0.00395912
1676 0.500374 0.00200041 0.1956 0.00396682
1677 0.500637 0.00200146 0.1959 0.00396912
1678 0.50031 0.00199956 0.1963 0.00397218
1679 0.500266 0.0019996 0.196 0.00396988
1680 0.500208 0.00200284 0.1936 0.00395139
1681 0.499904 0.0020064 0.1976 0.00398209
1682 0.500448 0.00200362 0.195 0.00396221
1683 0.499858 0.00200076 0.1966 0.00397447
1684 0.499731 0.00199774 0.1963 0.00397218
1685 0.499698 0.00199806 0.1954 0.00396528
1686 0.499658 0.00199509 0.1964 0.00397294
1687 0.499782 0.0019944 0.1942 0.00395603
1688 0.499799 0.00199622 0.1937 0.00395216
1689 0.499332 0.00199451 0.1965 0.00397371
1690 0.498759 0.00199448 0.1961 0.00397065
1691 0.49873 0.00198983 0.197 0.00397752
1692 0.498982 0.0019995 0.1991 0.00399343
1693 0.49856 0.00199577 0.1979 0.00398436
1694 0.498254 0.00199619 0.2 0.0040002
1695 0.498323 0.00199563 0.1989 0.00399193
1696 0.497906 0.00199815 0.1987 0.00399042
1697 0.49822 0.00199341 0.2004 0.0040032
1698 0.498285 0.0020011 0.2003 0.00400245
1699 0.498838 0.00199545 0.1971 0.00397828
1700 0.498879 0.00200465 0.1963 0.00397218
1701 0.498478 0.0020012 0.1969 0.00397676
1702 0.499142 0.00200102 0.1953 0.00396451
1703 0.499676 0.00199877 0.1958 0.00396835
1704 0.499373 0.00199966 0.1967 0.00397523
1705 0.498857 0.00199887 0.1963 0.00397218
1706 0.498733 0.0020028 0.1988 0.00399117
1707 0.498549 0.00200251 0.1966 0.00397447
1708 0.498979 0.00200787 0.1963 0.00397218
1709 0.49925 0.00201314 0.1941 0.00395526
1710 0.500113 0.00201664 0.1977 0.00398285
1711 0.499964 0.00201709 0.1985 0.00398891
1712 0.499504 0.00202327 0.1996 0.0039972
1713 0.4998 0.00202348 0.2014 0.00401066
1714 0.499899 0.00201821 0.1987 0.00399042
1715 0.500005 0.00202037 0.199 0.00399268
1716 0.500992 0.00201587 0.1987 0.00399042
1717 0.501058 0.00201277 0.1954 0.00396528
1718 0.501523 0.00201217 0.1975 0.00398133
1719 0.501222 0.00201367 0.2 0.0040002
1720 0.500995 0.00201345 0.1972 0.00397905
1721 0.500774 0.00201281 0.2025 0.00401883
1722 0.500884 0.00201109 0.1981 0.00398588
1723 0.501608 0.0020113 0.1965 0.00397371
1724 0.501154 0.00201676 0.1985 0.00398891
1725 0.501487 0.00201336 0.2004 0.0040032
1726 0.50131 0.00202128 0.1978 0.0039836
1727 0.501186 0.00202103 0.1981 0.00398588
1728 0.501103 0.00202131 0.1988 0.00399117
1729 0.501246 0.00202302 0.1971 0.00397828
1730 0.500713 0.00202387 0.1991 0.00399343
1731 0.500516 0.00202037 0.1986 0.00398966
1732 0.500613 0.00201424 0.1957 0.00396758
1733 0.500504 0.002015 0.1982 0.00398664
1734 0.501003 0.00201673 0.1974 0.00398057
1735 0.500907 0.00201886 0.1962 0.00397141
1736 0.501582 0.00202225 0.1947 0.00395989
1737 0.501295 0.00201785 0.1939 0.00395371
1738 0.501569 0.00202252 0.1952 0.00396374
1739 0.501935 0.00201504 0.194 0.00395449
1740 0.501969 0.00201772 0.1928 0.00394517
1741 0.502319 0.00201678 0.1966 0.00397447
1742 0.50257 0.00200753 0.1959 0.00396912
1743 0.502602 0.00201093 0.1917 0.00393658
1744 0.502527 0.00201315 0.1928 0.00394517
1745 0.50254 0.00200786 0.1922 0.00394049
1746 0.502879 0.0020181 0.1939 0.00395371
1747 0.502097 0.00201499 0.1913 0.00393344
1748 0.50271 0.00201182 0.194 0.00395449
1749 0.502613 0.00201054 0.1942 0.00395603
1750 0.503356 0.00200767 0.1938 0.00395294
1751 0.503443 0.00201135 0.1917 0.00393658
1752 0.503493 0.00200572 0.1898 0.00392162
1753 0.503032 0.0020114 0.1908 0.00392951
1754 0.50331 0.00200588 0.1882 0.00390891
1755 0.503126 0.0020091 0.1901 0.003924
1756 0.503382 0.00200941 0.1886 0.0039121
1757 0.503817 0.00200915 0.1896 0.00392004
1758 0.503583 0.00200579 0.1904 0.00392636
1759 0.50414 0.00200981 0.19 0.00392321
1760 0.503928 0.00201117 0.187 0.00389931
1761 0.504046 0.00200848 0.187 0.00389931
1762 0.504696 0.00200514 0.19 0.00392321
1763 0.50414 0.00201215 0.1885 0.0039113
1764 0.50358 0.00201725 0.1913 0.00393344
1765 0.503942 0.00202236 0.1909 0.0039303
1766 0.503619 0.0020194 0.1871 0.00390011
1767 0.502848 0.00201331 0.1892 0.00391687
1768 0.502775 0.00200972 0.1897 0.00392083
1769 0.502608 0.00201383 0.1915 0.00393501
1770 0.502142 0.00201751 0.1948 0.00396066
1771 0.502164 0.00201946 0.1946 0.00395912
1772 0.502851 0.00201747 0.1942 0.00395603
1773 0.502771 0.00201471 0.1931 0.00394751
1774 0.502581 0.00201542 0.1921 0.00393971
1775 0.502373 0.00202101 0.1922 0.00394049
1776 0.502541 0.00201409 0.1933 0.00394906
1777 0.502627 0.00201067 0.1945 0.00395835
1778 0.502247 0.00201244 0.1936 0.00395139
1779 0.502446 0.00201344 0.1937 0.00395216
1780 0.502697 0.00201097 0.1932 0.00394828
1781 0.502015 0.00201704 0.1947 0.00395989
1782 0.50195 0.00201466 0.1964 0.00397294
1783 0.502128 0.00201649 0.192 0.00393893
1784 0.502513 0.0020152 0.1903 0.00392557
1785 0.502153 0.00201995 0.1928 0.00394517
1786 0.50194 0.00201618 0.192 0.00393893
1787 0.502239 0.00201651 0.1954 0.00396528
1788 0.502266 0.00202007 0.195 0.00396221
1789 0.502196 0.0020197 0.1941 0.00395526
1790 0.50245 0.00201785 0.193 0.00394673
1791 0.501832 0.00201289 0.1954 0.00396528
1792 0.501564 0.00201411 0.1969 0.00397676
1793 0.501351 0.00201868 0.1974 0.00398057
1794 0.501159 0.00201399 0.197 0.00397752
1795 0.501019 0.00201034 0.1964 0.00397294
1796 0.50079 0.00201 0.197 0.00397752
1797 0.501271 0.00201289 0.1948 0.00396066
1798 0.501458 0.00201066 0.194 0.00395449
1799 0.501623 0.00201229 0.195 0.00396221
1800 0.501805 0.00201111 0.1966 0.00397447
1801 0.501605 0.00200951 0.1954 0.00396528
1802 0.501888 0.00200826 0.1949 0.00396144
1803 0.501736 0.00201601 0.1951 0.00396297
1804 0.501647 0.00201751 0.1961 0.00397065
1805 0.501752 0.00201941 0.1964 0.00397294
1806 0.50165 0.0020161 0.1946 0.00395912
1807 0.501448 0.00201527 0.1919 0.00393815
1808 0.501986 0.00201409 0.1944 0.00395758
1809 0.501861 0.00201155 0.1934 0.00394984
1810 0.502069 0.00201228 0.1946 0.00395912
1811 0.501898 0.00201735 0.1941 0.00395526
1812 0.50151 0.00201945 0.1962 0.00397141
1813 0.502036 0.00201942 0.1944 0.00395758
1814 0.501788 0.00202269 0.1964 0.00397294
1815 0.501772 0.0020197 0.1974 0.00398057
1816 0.502139 0.00202329 0.1971 0.00397828
1817 0.502266 0.00201834 0.1976 0.00398209
1818 0.501739 0.00202103 0.1992 0.00399419
1819 0.501597 0.00202065 0.1985 0.00398891
1820 0.501363 0.00202129 0.1974 0.00398057
1821 0.501555 0.00201449 0.196 0.00396988
1822 0.502119 0.0020143 0.1977 0.00398285
1823 0.501836 0.00201361 0.1972 0.00397905
1824 0.502955 0.00201317 0.1953 0.00396451
1825 0.502499 0.00201336 0.1952 0.00396374
1826 0.502529 0.00201386 0.1954 0.00396528
1827 0.502515 0.00201115 0.1956 0.00396682
1828 0.502498 0.00201046 0.1933 0.00394906
1829 0.502755 0.00200695 0.1925 0.00394283
1830 0.502988 0.00201216 0.1942 0.00395603
1831 0.502565 0.00201205 0.1917 0.00393658
1832 0.502939 0.00200805 0.1928 0.00394517
1833 0.503542 0.002013 0.1916 0.0039358
1834 0.503607 0.0020105 0.1937 0.00395216
1835 0.503313 0.00200811 0.1945 0.00395835
1836 0.503129 0.00200498 0.1932 0.00394828
1837 0.503048 0.00200312 0.1932 0.00394828
1838 0.503 0.00200447 0.1949 0.00396144
1839 0.503186 0.00200246 0.193 0.00394673
1840 0.502835 0.00200894 0.1932 0.00394828
1841 0.503597 0.00201307 0.1947 0.00395989
1842 0.503114 0.00201873 0.1971 0.00397828
1843 0.503753 0.00202169 0.1948 0.00396066
1844 0.50356 0.00202194 0.1947 0.00395989
1845 0.503294 0.00202414 0.197 0.00397752
1846 0.503278 0.00202673 0.1976 0.00398209
1847 0.503031 0.00202963 0.1945 0.00395835
1848 0.502733 0.00202515 0.1972 0.00397905
1849 0.502554 0.00202081 0.1969 0.00397676
1850 0.50283 0.00201836 0.1969 0.00397676
1851 0.50305 0.00201619 0.1975 0.00398133
1852 0.502737 0.00201528 0.1965 0.00397371
1853 0.502582 0.00202243 0.1991 0.00399343
1854 0.502654 0.00202047 0.1964 0.00397294
1855 0.50241 0.00202544 0.1973 0.00397981
1856 0.501972 0.00202574 0.1983 0.00398739
1857 0.502076 0.00203011 0.2025 0.00401883
1858 0.502212 0.00202706 0.1993 0.00399494
1859 0.502083 0.00203098 0.201 0.00400768
1860 0.502512 0.00203389 0.1972 0.00397905
1861 0.502457 0.00203087 0.197 0.00397752
1862 0.502403 0.00203309 0.2006 0.00400469
1863 0.501783 0.00203502 0.2002 0.0040017
1864 0.501527 0.00203109 0.1969 0.00397676
1865 0.501176 0.00202775 0.1987 0.00399042
1866 0.501535 0.00202345 0.199 0.00399268
1867 0.501397 0.00201973 0.1975 0.00398133
1868 0.500799 0.00202418 0.1997 0.00399795
1869 0.500955 0.00202611 0.1998 0.0039987
1870 0.501318 0.00202406 0.1993 0.00399494
1871 0.500788 0.00202138 0.1996 0.0039972
1872 0.501082 0.00201522 0.1996 0.0039972
1873 0.500308 0.00201584 0.1999 0.00399945
1874 0.500303 0.0020105 0.2002 0.0040017
1875 0.500311 0.00201642 0.2018 0.00401364
1876 0.50036 0.00201763 0.1975 0.00398133
1877 0.49988 0.00201955 0.1998 0.0039987
1878 0.50041 0.00202186 0.2002 0.0040017
1879 0.500083 0.00202354 0.1997 0.00399795
1880 0.499523 0.00202401 0.1985 0.00398891
1881 0.499405 0.0020228 0.1998 0.0039987
1882 0.498635 0.00201937 0.1998 0.0039987
1883 0.49892 0.00201886 0.2008 0.00400619
1884 0.499421 0.00201624 0.1987 0.00399042
1885 0.500045 0.00201506 0.1971 0.00397828
1886 0.49969 0.0020148 0.1927 0.00394439
1887 0.499184 0.00201356 0.1951 0.00396297
1888 0.498858 0.00201966 0.1968 0.003976
1889 0.49914 0.00202095 0.2003 0.00400245
1890 0.498304 0.00201881 0.1997 0.00399795
1891 0.498278 0.00201646 0.2 0.0040002
1892 0.498662 0.00201883 0.2011 0.00400843
1893 0.498499 0.00202059 0.2034 0.00402548
1894 0.499355 0.00201846 0.198 0.00398512
1895 0.498814 0.00201685 0.1998 0.0039987
1896 0.498831 0.0020164 0.1985 0.00398891
1897 0.499328 0.00201392 0.2006 0.00400469
1898 0.499758 0.00201613 0.1996 0.0039972
1899 0.500205 0.00201499 0.1975 0.00398133
1900 0.499311 0.00201633 0.2001 0.00400095
1901 0.499168 0.0020101 0.1998 0.0039987
1902 0.499335 0.00200526 0.1971 0.00397828
1903 0.499745 0.00199993 0.1994 0.00399569
1904 0.49998 0.00200689 0.2002 0.0040017
1905 0.499766 0.0020064 0.2036 0.00402695
1906 0.499501 0.00200815 0.2007 0.00400544
1907 0.499171 0.00200335 0.198 0.00398512
1908 0.499064 0.00200258 0.1985 0.00398891
1909 0.499624 0.00199865 0.1964 0.00397294
1910 0.500192 0.00199881 0.1968 0.003976
1911 0.499666 0.00200316 0.1996 0.0039972
1912 0.499586 0.00200911 0.2022 0.00401661
1913 0.499614 0.00201198 0.2003 0.00400245
1914 0.499986 0.00200675 0.1988 0.00399117
1915 0.499872 0.00201037 0.2007 0.00400544
1916 0.500188 0.00200982 0.1973 0.00397981
1917 0.500308 0.0020055 0.2 0.0040002
1918 0.50014 0.00200991 0.2011 0.00400843
1919 0.500649 0.00200984 0.2024 0.00401809
1920 0.500299 0.00200433 0.1978 0.0039836
1921 0.500628 0.00200515 0.1981 0.00398588
1922 0.500489 0.00200626 0.2011 0.00400843
1923 0.501074 0.00200066 0.197 0.00397752
1924 0.501122 0.00199581 0.1988 0.00399117
1925 0.500571 0.0019891 0.1972 0.00397905
1926 0.501062 0.00198446 0.1952 0.00396374
1927 0.500405 0.00198302 0.1973 0.00397981
1928 0.500614 0.00198311 0.197 0.00397752
1929 0.501309 0.00199092 0.196 0.00396988
1930 0.501064 0.00199338 0.1976 0.00398209
1931 0.501126 0.0019879 0.195 0.00396221
1932 0.501449 0.00198331 0.1933 0.00394906
1933 0.501386 0.00198525 0.1933 0.00394906
1934 0.50155 0.00198951 0.1953 0.00396451
1935 0.501517 0.00198237 0.1931 0.00394751
1936 0.501334 0.00198458 0.195 0.00396221
1937 0.502045 0.0019826 0.1944 0.00395758
1938 0.501651 0.00198882 0.1974 0.00398057
1939 0.501776 0.0019848 0.1967 0.00397523
1940 0.501958 0.00198496 0.1993 0.00399494
1941 0.502235 0.00198155 0.1971 0.00397828
1942 0.501854 0.00198377 0.1953 0.00396451
1943 0.501931 0.00198387 0.1936 0.00395139
1944 0.501412 0.00198426 0.1953 0.00396451
1945 0.50182 0.00198353 0.1938 0.00395294
1946 0.501312 0.00198647 0.1962 0.00397141
1947 0.501177 0.00198935 0.1968 0.003976
1948 0.501693 0.00198469 0.1962 0.00397141
1949 0.501577 0.00198261 0.197 0.00397752
1950 0.501884 0.00197989 0.1961 0.00397065
1951 0.501572 0.00197803 0.1968 0.003976
1952 0.50216 0.00197417 0.1947 0.00395989
1953 0.502498 0.0019763 0.1918 0.00393736
1954 0.502014 0.00197891 0.194 0.00395449
1955 0.501588 0.00197973 0.1938 0.00395294
1956 0.501473 0.00198186 0.1942 0.00395603
1957 0.500998 0.00198542 0.1947 0.00395989
1958 0.500714 0.00197941 0.1968 0.003976
1959 0.500693 0.00198258 0.1961 0.00397065
1960 0.500441 0.00198593 0.1955 0.00396605
1961 0.501191 0.00198244 0.1918 0.00393736
1962 0.501233 0.00198543 0.1927 0.00394439
1963 0.50176 0.00198363 0.1911 0.00393187
1964 0.501928 0.00198514 0.1912 0.00393266
1965 0.501317 0.0019852 0.1908 0.00392951
1966 0.501183 0.00198389 0.1906 0.00392794
1967 0.501075 0.00198845 0.1942 0.00395603
1968 0.500525 0.00198855 0.1911 0.00393187
1969 0.50047 0.001991 0.1929 0.00394595
1970 0.500131 0.00198928 0.191 0.00393109
1971 0.499767 0.00198642 0.1921 0.00393971
1972 0.500136 0.00198613 0.1919 0.00393815
1973 0.49962 0.00199091 0.1959 0.00396912
1974 0.499409 0.00199092 0.1976 0.00398209
1975 0.498868 0.00199053 0.1982 0.00398664
1976 0.498865 0.00199017 0.1999 0.00399945
1977 0.498667 0.00199007 0.199 0.00399268
1978 0.498537 0.00198939 0.1984 0.00398815
1979 0.498605 0.00198205 0.1986 0.00398966
1980 0.498445 0.00198525 0.1989 0.00399193
1981 0.499051 0.00198404 0.1989 0.00399193
1982 0.499222 0.00198563 0.1996 0.0039972
1983 0.498928 0.00198516 0.1973 0.00397981
1984 0.499253 0.00198587 0.1965 0.00397371
1985 0.49884 0.00198405 0.1979 0.00398436
1986 0.499414 0.00197903 0.1962 0.00397141
1987 0.499197 0.00198282 0.1927 0.00394439
1988 0.49918 0.00198092 0.1945 0.00395835
1989 0.499567 0.00198414 0.194 0.00395449
1990 0.500001 0.00198144 0.1941 0.00395526
1991 0.499274 0.00197664 0.1943 0.00395681
1992 0.499459 0.00198076 0.1936 0.00395139
1993 0.49942 0.00197975 0.1936 0.00395139
1994 0.500011 0.00197667 0.1897 0.00392083
1995 0.499858 0.00197365 0.1871 0.00390011
1996 0.499635 0.00197441 0.1909 0.0039303
1997 0.499762 0.00197961 0.1921 0.00393971
1998 0.499421 0.0019839 0.1917 0.00393658
1999 0.499349 0.00198404 0.1923 0.00394127
