#sample=424
0 0.00104764 1.83558e-05 1 0
1 0.00107272 1.75818e-05 1 0
2 0.00107121 1.79961e-05 1 0
3 0.00109212 1.82652e-05 1 0
4 0.00111392 1.81456e-05 1 0
5 0.00115682 1.90217e-05 1 0
6 0.00120142 1.9873e-05 1 0
7 0.00127307 2.15654e-05 1 0
8 0.00131835 2.36906e-05 1 0
9 0.00138221 2.60819e-05 1 0
10 0.00145554 2.95187e-05 1 0
11 0.00154192 3.25581e-05 1 0
12 0.00162257 3.74089e-05 1 0
13 0.00171308 4.28291e-05 1 0
14 0.00181308 4.68073e-05 1 0
15 0.00193454 5.31543e-05 1 0
16 0.00204356 5.75804e-05 1 0
17 0.00217311 6.30269e-05 1 0
18 0.00227872 6.90706e-05 1 0
19 0.00241208 7.6343e-05 1 0
20 0.00257521 8.33744e-05 1 0
21 0.00271438 9.00154e-05 1 0
22 0.0029242 9.90853e-05 1 0
23 0.00305802 0.000105558 1 0
24 0.00326113 0.000114351 1 0
25 0.00340049 0.000121814 1 0
26 0.00357888 0.000132144 1 0
27 0.00374211 0.000137833 1 0
28 0.00389847 0.000147356 1 0
29 0.00406983 0.00015344 1 0
30 0.00426187 0.000161094 1 0
31 0.00440936 0.000168552 1 0
32 0.00461202 0.000177945 1 0
33 0.00482226 0.000186661 1 0
34 0.00497758 0.000196675 1 0
35 0.0051712 0.000203965 1 0
36 0.00538537 0.000213636 1 0
37 0.00559182 0.000221478 1 0
38 0.00576239 0.000229667 1 0
39 0.00597631 0.000239615 1 0
40 0.00621221 0.000250022 1 0
41 0.00639684 0.00025676 1 0
42 0.00653622 0.000264602 1 0
43 0.00672803 0.00027212 1 0
44 0.00697645 0.000283318 1 0
45 0.00714763 0.000290771 1 0
46 0.00741642 0.000303099 1 0
47 0.00756007 0.00030654 1 0
48 0.00780114 0.000319612 1 0
49 0.00802555 0.000330472 1 0
50 0.00823848 0.000337539 1 0
51 0.00844764 0.000348004 1 0
52 0.00866828 0.000359684 1 0
53 0.00889992 0.000367542 1 0
54 0.00918072 0.000378492 1 0
55 0.00934762 0.000389225 1 0
56 0.00954651 0.000395533 1 0
57 0.00984064 0.000409703 1 0
58 0.0100966 0.00042064 1 0
59 0.0102543 0.000428019 1 0
60 0.0104053 0.00043627 1 0
61 0.0106452 0.000447266 1 0
62 0.0108847 0.000456613 1 0
63 0.0111008 0.000466909 1 0
64 0.0113554 0.000480479 1 0
65 0.0115983 0.000490683 1 0
66 0.0118162 0.000499222 1 0
67 0.0120045 0.000507391 1 0
68 0.0122568 0.000518864 1 0
69 0.012428 0.000528649 1 0
70 0.0127106 0.000538463 1 0
71 0.0128952 0.000545187 1 0
72 0.0131136 0.000555598 1 0
73 0.0133077 0.000564276 1 0
74 0.0134628 0.00056992 1 0
75 0.0137315 0.000582027 1 0
76 0.0138564 0.000588738 1 0
77 0.0141533 0.000599821 1 0
78 0.0142923 0.000604576 1 0
79 0.0145213 0.000614425 1 0
80 0.0147515 0.000621732 1 0
81 0.0150857 0.00063526 1 0
82 0.0154065 0.000652523 1 0
83 0.0157173 0.000692187 1 0
84 0.0158515 0.000670254 1 0
85 0.01605 0.000676819 1 0
86 0.0163023 0.000686159 1 0
87 0.016558 0.000698367 1 0
88 0.0166558 0.000700692 1 0
89 0.0169401 0.00070862 1 0
90 0.0173686 0.000723014 1 0
91 0.0176132 0.000735893 1 0
92 0.0178447 0.000740185 1 0
93 0.0181065 0.000749938 1 0
94 0.0183856 0.000764565 1 0
95 0.0186848 0.000779445 1 0
96 0.0190621 0.000797678 1 0
97 0.0191257 0.000791416 1 0
98 0.0193094 0.000793538 1 0
99 0.0197338 0.000809355 1 0
100 0.0199253 0.000813037 1 0
101 0.0202155 0.000824824 1 0
102 0.0206404 0.000836357 1 0
103 0.0209532 0.000852495 1 0
104 0.0212956 0.000862457 1 0
105 0.021531 0.000875716 1 0
106 0.021977 0.000887216 1 0
107 0.0222952 0.000904075 1 0
108 0.0229048 0.000935479 1 0
109 0.0231098 0.000924485 1 0
110 0.0233107 0.000923125 1 0
111 0.023741 0.000944468 1 0
112 0.0238184 0.000940477 1 0
113 0.02425 0.000964448 1 0
114 0.0247502 0.000982183 1 0
115 0.0249618 0.000970937 1 0
116 0.0256417 0.00101418 1 0
117 0.0258938 0.00101393 1 0
118 0.0264367 0.00103637 1 0
119 0.0269575 0.00105463 1 0
120 0.0276455 0.0010591 1 0
121 0.0279729 0.00109306 1 0
122 0.0288504 0.00111885 1 0
123 0.0282205 0.00108716 1 0
124 0.0289347 0.00111824 1 0
125 0.0292304 0.00112796 1 0
126 0.0300067 0.00112809 1 0
127 0.0296544 0.00111522 1 0
128 0.0305352 0.0011545 1 0
129 0.0308993 0.0011576 1 0
130 0.031465 0.00118485 1 0
131 0.0318758 0.00114008 1 0
132 0.0326729 0.0011648 1 0
133 0.0327367 0.00117033 1 0
134 0.0332113 0.00120092 1 0
135 0.0339328 0.0012328 1 0
136 0.0340209 0.00119016 1 0
137 0.0347288 0.00123793 1 0
138 0.0354942 0.00125286 1 0
139 0.0357858 0.00127294 1 0
140 0.0367696 0.0013002 1 0
141 0.0371142 0.00129765 1 0
142 0.0370879 0.00128204 1 0
143 0.0378314 0.00126672 1 0
144 0.0377583 0.00126646 1 0
145 0.0380661 0.00126596 1 0
146 0.0393359 0.00130562 1 0
147 0.0401297 0.0012673 1 0
148 0.0403527 0.00131873 1 0
149 0.0409847 0.00129947 1 0
150 0.0417797 0.00129533 1 0
151 0.0426973 0.00134042 1 0
152 0.0439247 0.00138943 1 0
153 0.0439938 0.00137745 1 0
154 0.0448864 0.00144951 1 0
155 0.0447808 0.00143804 1 0
156 0.0448137 0.00145298 1 0
157 0.0448386 0.00141362 1 0
158 0.0458326 0.00143333 1 0
159 0.0465088 0.00149034 1 0
160 0.0463407 0.001444 1 0
161 0.0472185 0.00147981 1 0
162 0.0468316 0.00146669 1 0
163 0.0473613 0.00146032 1 0
164 0.0492143 0.00153626 1 0
165 0.0476369 0.00148207 1 0
166 0.0491817 0.00150563 1 0
167 0.0492473 0.00149384 1 0
168 0.0513548 0.00153082 1 0
169 0.0517284 0.00154585 1 0
170 0.0528679 0.00156281 1 0
171 0.0529275 0.00159067 1 0
172 0.0529791 0.00156014 1 0
173 0.0537942 0.00161574 1 0
174 0.0541477 0.00161141 1 0
175 0.0549469 0.00166398 1 0
176 0.0554978 0.00162564 1 0
177 0.0562298 0.0017233 1 0
178 0.0565631 0.00166566 1 0
179 0.0570818 0.00166061 1 0
180 0.0582367 0.00161641 1 0
181 0.058277 0.00160798 1 0
182 0.0585831 0.00161574 1 0
183 0.0599907 0.00161529 1 0
184 0.0611225 0.00168618 1 0
185 0.0609636 0.00164037 1 0
186 0.0628415 0.00174553 1 0
187 0.0625568 0.00173205 1 0
188 0.0628958 0.00171403 1 0
189 0.0631683 0.00169392 1 0
190 0.0636628 0.00176054 1 0
191 0.0645284 0.00179083 1 0
192 0.064922 0.00179268 1 0
193 0.0659921 0.00183521 1 0
194 0.0672684 0.0018264 1 0
195 0.0664248 0.00179418 1 0
196 0.0671719 0.00181889 1 0
197 0.068793 0.00187256 1 0
198 0.0700426 0.00189301 1 0
199 0.0690976 0.00190803 1 0
200 0.0707308 0.00197037 1 0
201 0.0718418 0.00192234 1 0
202 0.0720498 0.00190746 1 0
203 0.0720312 0.00194548 1 0
204 0.0736002 0.00191156 1 0
205 0.0745221 0.0019702 1 0
206 0.0744689 0.00191348 1 0
207 0.0757144 0.0019779 1 0
208 0.0767779 0.00197048 1 0
209 0.0778956 0.0021076 1 0
210 0.0787283 0.00211165 1 0
211 0.0788771 0.00211028 1 0
212 0.0804629 0.00226424 1 0
213 0.0806945 0.00213218 1 0
214 0.0809584 0.00218308 1 0
215 0.0822743 0.0021446 1 0
216 0.0821523 0.00219862 1 0
217 0.0826375 0.00216301 1 0
218 0.084755 0.00219452 1 0
219 0.0850173 0.00225476 1 0
220 0.0861476 0.00225985 1 0
221 0.0875304 0.00220698 1 0
222 0.086277 0.00225162 1 0
223 0.0880918 0.00222012 1 0
224 0.0897682 0.00230456 1 0
225 0.0887436 0.00227056 1 0
226 0.0895545 0.00238219 1 0
227 0.0895999 0.00232708 1 0
228 0.0914291 0.00230535 1 0
229 0.0940219 0.00237552 1 0
230 0.0940306 0.00245967 0.997642 0.00235849
231 0.0963438 0.0024824 1 0
232 0.096543 0.00250769 0.997642 0.00235849
233 0.0967071 0.00246526 0.997642 0.00235849
234 0.0964397 0.00248784 0.995283 0.00333146
235 0.0958015 0.00249019 0.997642 0.00235849
236 0.0962627 0.00247419 0.997642 0.00235849
237 0.0996154 0.0025978 0.995283 0.00333146
238 0.0988922 0.00251195 0.997642 0.00235849
239 0.0995063 0.0025014 0.997642 0.00235849
240 0.100623 0.00259406 1 0
241 0.103654 0.00259929 0.997642 0.00235849
242 0.103804 0.0025647 1 0
243 0.103881 0.00259611 1 0
244 0.103467 0.00258663 0.997642 0.00235849
245 0.102664 0.00261075 0.997642 0.00235849
246 0.105145 0.00271458 0.995283 0.00333146
247 0.106883 0.00270049 0.997642 0.00235849
248 0.10748 0.0027191 0.995283 0.00333146
249 0.107333 0.00274116 0.997642 0.00235849
250 0.108612 0.00279654 0.992925 0.00407536
251 0.108836 0.0027731 0.990566 0.00470022
252 0.112144 0.00287396 0.988208 0.00524875
253 0.113817 0.00286382 0.988208 0.00524875
254 0.113217 0.00284936 0.992925 0.00407536
255 0.113996 0.00291303 0.992925 0.00407536
256 0.11525 0.00285938 0.990566 0.00470022
257 0.117595 0.00299528 0.990566 0.00470022
258 0.118455 0.00300464 0.985849 0.00574285
259 0.118604 0.00288588 0.990566 0.00470022
260 0.119788 0.00294506 0.992925 0.00407536
261 0.118541 0.0030074 0.990566 0.00470022
262 0.120318 0.00301235 0.990566 0.00470022
263 0.121484 0.00304378 0.990566 0.00470022
264 0.121557 0.00314765 0.990566 0.00470022
265 0.123177 0.00309139 0.988208 0.00524875
266 0.124766 0.00316531 0.988208 0.00524875
267 0.127378 0.00316689 0.985849 0.00574285
268 0.130166 0.00326699 0.985849 0.00574285
269 0.128944 0.00331631 0.988208 0.00524875
270 0.129724 0.00329263 0.988208 0.00524875
271 0.130527 0.00344134 0.988208 0.00524875
272 0.132254 0.00347208 0.981132 0.00661539
273 0.133801 0.00352657 0.983491 0.00619557
274 0.136546 0.00357874 0.978774 0.00700824
275 0.13736 0.00365723 0.974057 0.00772921
276 0.139215 0.00372975 0.978774 0.00700824
277 0.140109 0.00373593 0.96934 0.00838217
278 0.141334 0.00376921 0.974057 0.00772921
279 0.143161 0.00376086 0.974057 0.00772921
280 0.143041 0.00377026 0.974057 0.00772921
281 0.14468 0.00391569 0.966981 0.008688
282 0.146561 0.00402146 0.964623 0.00898196
283 0.148807 0.00393728 0.971698 0.00806312
284 0.147757 0.00407834 0.966981 0.008688
285 0.149996 0.00413131 0.964623 0.00898196
286 0.149558 0.00412927 0.966981 0.008688
287 0.152442 0.00416201 0.962264 0.00926518
288 0.152899 0.00422537 0.957547 0.0098031
289 0.154952 0.00426989 0.955189 0.0100593
290 0.156975 0.00436407 0.941038 0.011453
291 0.157781 0.00436469 0.950472 0.0105494
292 0.160062 0.0044957 0.943396 0.0112357
293 0.160718 0.00448801 0.948113 0.0107842
294 0.163695 0.00459345 0.943396 0.0112357
295 0.164765 0.00458439 0.936321 0.0118725
296 0.168752 0.00461033 0.931604 0.0122733
297 0.168525 0.00463792 0.933962 0.0120751
298 0.170392 0.00459255 0.929245 0.0124673
299 0.170856 0.00471027 0.919811 0.0132049
300 0.171816 0.00476814 0.929245 0.0124673
301 0.173483 0.00483869 0.919811 0.0132049
302 0.175514 0.00488618 0.910377 0.0138883
303 0.177013 0.00496318 0.90566 0.0142121
304 0.179438 0.00498617 0.900943 0.0145251
305 0.180125 0.00505581 0.893868 0.0149758
306 0.182277 0.00510428 0.896226 0.014828
307 0.184914 0.00513733 0.896226 0.014828
308 0.185708 0.00524539 0.877358 0.0159491
309 0.188014 0.00528733 0.877358 0.0159491
310 0.189059 0.00537637 0.882075 0.0156814
311 0.191771 0.00548922 0.865566 0.0165857
312 0.193535 0.00547206 0.870283 0.0163365
313 0.195923 0.0055858 0.849057 0.0174062
314 0.197848 0.00559994 0.858491 0.0169469
315 0.199486 0.00566188 0.846698 0.0175173
316 0.200871 0.00580039 0.839623 0.017842
317 0.2035 0.00579844 0.846698 0.0175173
318 0.206909 0.00583996 0.834906 0.0180516
319 0.207907 0.0059794 0.830189 0.0182558
320 0.211557 0.00610163 0.818396 0.0187445
321 0.21332 0.00621171 0.820755 0.0186492
322 0.215563 0.00627281 0.804245 0.0192921
323 0.216936 0.00630141 0.799528 0.0194658
324 0.218894 0.00635417 0.79717 0.0195511
325 0.220957 0.00638676 0.794811 0.0196353
326 0.221938 0.00658014 0.794811 0.0196353
327 0.223425 0.00647694 0.79717 0.0195511
328 0.225579 0.00644337 0.79717 0.0195511
329 0.228321 0.00649715 0.792453 0.0197185
330 0.231154 0.0065616 0.783019 0.0200413
331 0.233489 0.00655431 0.783019 0.0200413
332 0.233914 0.00662574 0.78066 0.0201196
333 0.237477 0.00665478 0.783019 0.0200413
334 0.239432 0.00677423 0.771226 0.0204232
335 0.243302 0.00688664 0.768868 0.0204968
336 0.245665 0.00687445 0.759434 0.0207822
337 0.248799 0.00692572 0.745283 0.0211846
338 0.249709 0.00693409 0.75 0.0210538
339 0.251849 0.00699318 0.742925 0.0212487
340 0.255525 0.007095 0.733491 0.0214973
341 0.257935 0.00711322 0.712264 0.0220114
342 0.259225 0.00714443 0.721698 0.0217904
343 0.2634 0.00725516 0.707547 0.0221175
344 0.265005 0.00727201 0.707547 0.0221175
345 0.267226 0.00730776 0.693396 0.0224186
346 0.26947 0.00742932 0.698113 0.0223211
347 0.271178 0.00741056 0.695755 0.0223702
348 0.272692 0.00754848 0.693396 0.0224186
349 0.27429 0.00761807 0.688679 0.0225135
350 0.275214 0.00759361 0.698113 0.0223211
351 0.277682 0.00767175 0.679245 0.022695
352 0.281424 0.00776504 0.681604 0.0226506
353 0.283929 0.00780875 0.676887 0.0227387
354 0.28497 0.00782767 0.676887 0.0227387
355 0.287326 0.00782653 0.667453 0.0229069
356 0.288675 0.00790806 0.65566 0.0231027
357 0.291722 0.00799568 0.65566 0.0231027
358 0.294965 0.00806167 0.641509 0.0233169
359 0.296829 0.00814399 0.646226 0.023248
360 0.300158 0.00820895 0.639151 0.0233504
361 0.302836 0.00829929 0.639151 0.0233504
362 0.304511 0.00833508 0.629717 0.0234784
363 0.306709 0.0084072 0.622642 0.0235682
364 0.308367 0.00840263 0.629717 0.0234784
365 0.311264 0.00846234 0.620283 0.0235969
366 0.313302 0.0085537 0.615566 0.0236526
367 0.315509 0.00858227 0.613208 0.0236795
368 0.318395 0.00868849 0.608491 0.0237316
369 0.32063 0.00867253 0.603774 0.0237815
370 0.32279 0.00870241 0.603774 0.0237815
371 0.324299 0.00873744 0.603774 0.0237815
372 0.326571 0.00876563 0.596698 0.0238519
373 0.328911 0.00883852 0.587264 0.0239377
374 0.33233 0.00892856 0.589623 0.0239171
375 0.332885 0.00895463 0.589623 0.0239171
376 0.334517 0.00901646 0.580189 0.0239961
377 0.336244 0.00911335 0.57783 0.0240145
378 0.337883 0.00912225 0.57783 0.0240145
379 0.338658 0.00916391 0.573113 0.0240495
380 0.342415 0.009251 0.573113 0.0240495
381 0.343596 0.00928718 0.566038 0.0240979
382 0.34556 0.00938626 0.561321 0.0241273
383 0.348094 0.00942624 0.558962 0.0241412
384 0.350007 0.00945706 0.558962 0.0241412
385 0.352033 0.00953611 0.554245 0.0241673
386 0.353323 0.00959517 0.556604 0.0241545
387 0.354471 0.00963204 0.551887 0.0241796
388 0.356387 0.00967338 0.540094 0.0242325
389 0.358231 0.00971429 0.540094 0.0242325
390 0.360212 0.00976984 0.540094 0.0242325
391 0.362619 0.0098206 0.535377 0.0242499
392 0.363716 0.00986354 0.540094 0.0242325
393 0.365786 0.00990422 0.535377 0.0242499
394 0.367988 0.00996038 0.535377 0.0242499
395 0.369153 0.0100143 0.535377 0.0242499
396 0.371529 0.0100309 0.535377 0.0242499
397 0.372927 0.0100829 0.537736 0.0242415
398 0.37476 0.0101292 0.535377 0.0242499
399 0.375425 0.0101205 0.528302 0.0242719
400 0.377224 0.0101728 0.528302 0.0242719
401 0.379873 0.0102083 0.53066 0.0242651
402 0.381911 0.0102259 0.528302 0.0242719
403 0.383583 0.0102707 0.525943 0.0242781
404 0.385347 0.010335 0.523585 0.0242838
405 0.386178 0.0103548 0.518868 0.0242935
406 0.388023 0.0103963 0.511792 0.0243041
407 0.388847 0.0104043 0.516509 0.0242976
408 0.390527 0.0104371 0.509434 0.0243065
409 0.392432 0.0104538 0.507075 0.0243084
410 0.393014 0.0104873 0.511792 0.0243041
411 0.394006 0.0105345 0.504717 0.0243098
412 0.395749 0.0105624 0.504717 0.0243098
413 0.397939 0.010614 0.5 0.0243108
414 0.398969 0.0106288 0.509434 0.0243065
415 0.399954 0.0106412 0.507075 0.0243084
416 0.401803 0.0106756 0.504717 0.0243098
417 0.402624 0.0106961 0.509434 0.0243065
418 0.403435 0.0107207 0.507075 0.0243084
419 0.404434 0.0107657 0.502358 0.0243106
420 0.405978 0.0107714 0.502358 0.0243106
421 0.407189 0.0108009 0.502358 0.0243106
422 0.408155 0.0108161 0.497642 0.0243106
423 0.409315 0.0108359 0.497642 0.0243106
424 0.410336 0.0108293 0.5 0.0243108
425 0.411233 0.0108609 0.492925 0.0243084
426 0.411991 0.0109118 0.495283 0.0243098
427 0.412342 0.0109154 0.497642 0.0243106
428 0.41346 0.0109549 0.495283 0.0243098
429 0.415489 0.0109803 0.488208 0.0243041
430 0.416977 0.0110089 0.488208 0.0243041
431 0.417184 0.0110159 0.490566 0.0243065
432 0.418495 0.0110279 0.488208 0.0243041
433 0.419137 0.0110474 0.490566 0.0243065
434 0.419886 0.0110626 0.492925 0.0243084
435 0.420514 0.0110736 0.490566 0.0243065
436 0.421375 0.0110924 0.485849 0.0243011
437 0.422435 0.0111365 0.488208 0.0243041
438 0.423656 0.0111644 0.490566 0.0243065
439 0.423374 0.0111909 0.490566 0.0243065
440 0.423824 0.0111925 0.490566 0.0243065
441 0.423697 0.0111726 0.495283 0.0243098
442 0.424218 0.0112039 0.495283 0.0243098
443 0.425512 0.0112383 0.490566 0.0243065
444 0.426023 0.0112514 0.492925 0.0243084
445 0.426898 0.0112713 0.483491 0.0242976
446 0.428824 0.0112714 0.483491 0.0242976
447 0.429163 0.011273 0.481132 0.0242935
448 0.429903 0.0112705 0.481132 0.0242935
449 0.430631 0.0112931 0.481132 0.0242935
450 0.431371 0.0113076 0.481132 0.0242935
451 0.432281 0.0113273 0.483491 0.0242976
452 0.433381 0.0113627 0.481132 0.0242935
453 0.434063 0.0113784 0.481132 0.0242935
454 0.436044 0.0114154 0.478774 0.0242889
455 0.436726 0.0114459 0.478774 0.0242889
456 0.436147 0.0114469 0.481132 0.0242935
457 0.437235 0.0114503 0.485849 0.0243011
458 0.438349 0.0114629 0.488208 0.0243041
459 0.43874 0.0115061 0.485849 0.0243011
460 0.439486 0.0115296 0.488208 0.0243041
461 0.440547 0.0115535 0.481132 0.0242935
462 0.441035 0.0115628 0.481132 0.0242935
463 0.442114 0.0115631 0.481132 0.0242935
464 0.442866 0.0116062 0.481132 0.0242935
465 0.443156 0.0116224 0.481132 0.0242935
466 0.444427 0.0116297 0.471698 0.0242719
467 0.444911 0.0116245 0.471698 0.0242719
468 0.445323 0.0116239 0.471698 0.0242719
469 0.446183 0.0116331 0.471698 0.0242719
470 0.446495 0.0116493 0.474057 0.0242781
471 0.446719 0.0116474 0.471698 0.0242719
472 0.447106 0.0116617 0.466981 0.0242578
473 0.448036 0.0117038 0.46934 0.0242651
474 0.448433 0.0117544 0.478774 0.0242889
475 0.448081 0.0117424 0.474057 0.0242781
476 0.449383 0.0117857 0.474057 0.0242781
477 0.450249 0.0117914 0.466981 0.0242578
478 0.450735 0.0117835 0.464623 0.0242499
479 0.451545 0.0118107 0.459906 0.0242325
480 0.452971 0.0118193 0.459906 0.0242325
481 0.453678 0.0118368 0.459906 0.0242325
482 0.453929 0.0118469 0.457547 0.024223
483 0.454037 0.0118507 0.457547 0.024223
484 0.454581 0.0118619 0.459906 0.0242325
485 0.454904 0.0118734 0.462264 0.0242415
486 0.455119 0.0118688 0.459906 0.0242325
487 0.455563 0.0118457 0.464623 0.0242499
488 0.455584 0.0118387 0.462264 0.0242415
489 0.455831 0.011834 0.462264 0.0242415
490 0.456693 0.0118559 0.459906 0.0242325
491 0.45695 0.0118446 0.462264 0.0242415
492 0.45712 0.0118752 0.455189 0.024213
493 0.457555 0.0118601 0.457547 0.024223
494 0.458188 0.0118661 0.455189 0.024213
495 0.458272 0.011866 0.457547 0.024223
496 0.458103 0.0118795 0.464623 0.0242499
497 0.458039 0.0118807 0.464623 0.0242499
498 0.458261 0.011911 0.459906 0.0242325
499 0.458487 0.011928 0.462264 0.0242415
500 0.458429 0.0119403 0.466981 0.0242578
501 0.458986 0.0119092 0.457547 0.024223
502 0.458772 0.0119329 0.464623 0.0242499
503 0.459509 0.0119479 0.464623 0.0242499
504 0.459638 0.0119899 0.464623 0.0242499
505 0.460133 0.0119851 0.466981 0.0242578
506 0.460529 0.0119929 0.464623 0.0242499
507 0.46066 0.0119908 0.464623 0.0242499
508 0.460791 0.0119895 0.46934 0.0242651
509 0.461207 0.0120238 0.46934 0.0242651
510 0.461649 0.0120219 0.466981 0.0242578
511 0.46201 0.0120451 0.46934 0.0242651
512 0.461995 0.0120366 0.464623 0.0242499
513 0.46234 0.0120691 0.466981 0.0242578
514 0.462875 0.0120666 0.457547 0.024223
515 0.462615 0.0120959 0.466981 0.0242578
516 0.46318 0.0121116 0.457547 0.024223
517 0.463478 0.0121278 0.462264 0.0242415
518 0.46313 0.0121392 0.471698 0.0242719
519 0.463058 0.0121368 0.466981 0.0242578
520 0.463947 0.0121451 0.466981 0.0242578
521 0.464418 0.0121498 0.464623 0.0242499
522 0.465482 0.0121804 0.459906 0.0242325
523 0.466028 0.0121583 0.457547 0.024223
524 0.466591 0.0121671 0.462264 0.0242415
525 0.46744 0.012165 0.457547 0.024223
526 0.467848 0.012173 0.457547 0.024223
527 0.467664 0.0121728 0.455189 0.024213
528 0.468087 0.0121585 0.459906 0.0242325
529 0.468667 0.0121424 0.462264 0.0242415
530 0.468634 0.0121557 0.462264 0.0242415
531 0.46928 0.0121496 0.459906 0.0242325
532 0.469587 0.0121345 0.459906 0.0242325
533 0.46947 0.0121327 0.457547 0.024223
534 0.469947 0.0121067 0.455189 0.024213
535 0.470647 0.0121279 0.459906 0.0242325
536 0.470819 0.0121055 0.464623 0.0242499
537 0.470922 0.0120941 0.459906 0.0242325
538 0.471197 0.0121062 0.466981 0.0242578
539 0.471247 0.012093 0.455189 0.024213
540 0.471402 0.0120966 0.462264 0.0242415
541 0.471612 0.0120754 0.462264 0.0242415
542 0.471824 0.0120713 0.462264 0.0242415
543 0.472202 0.0120439 0.455189 0.024213
544 0.472319 0.0120464 0.457547 0.024223
545 0.472546 0.0120489 0.455189 0.024213
546 0.472841 0.0120489 0.457547 0.024223
547 0.473327 0.0120696 0.459906 0.0242325
548 0.473111 0.012075 0.464623 0.0242499
549 0.473285 0.012086 0.459906 0.0242325
550 0.473546 0.0120991 0.459906 0.0242325
551 0.473811 0.0121019 0.462264 0.0242415
552 0.473759 0.0121266 0.462264 0.0242415
553 0.473483 0.0121199 0.457547 0.024223
554 0.473256 0.0121215 0.459906 0.0242325
555 0.473797 0.0121489 0.45283 0.0242024
556 0.473327 0.0121185 0.457547 0.024223
557 0.473863 0.012111 0.45283 0.0242024
558 0.473776 0.0121004 0.455189 0.024213
559 0.474207 0.0121029 0.45283 0.0242024
560 0.474515 0.012082 0.45283 0.0242024
561 0.47428 0.0120795 0.45283 0.0242024
562 0.474535 0.0120808 0.455189 0.024213
563 0.474833 0.0120538 0.45283 0.0242024
564 0.475015 0.0120737 0.450472 0.0241913
565 0.47556 0.0120984 0.455189 0.024213
566 0.475647 0.0121011 0.459906 0.0242325
567 0.475278 0.0121191 0.455189 0.024213
568 0.475096 0.0121414 0.457547 0.024223
569 0.475744 0.0121388 0.457547 0.024223
570 0.476487 0.0121535 0.457547 0.024223
571 0.476853 0.0121553 0.457547 0.024223
572 0.476822 0.0121451 0.455189 0.024213
573 0.476853 0.0121271 0.45283 0.0242024
574 0.477171 0.0120945 0.450472 0.0241913
575 0.47728 0.0120877 0.45283 0.0242024
576 0.477651 0.0120886 0.450472 0.0241913
577 0.477664 0.0121023 0.455189 0.024213
578 0.478383 0.0121147 0.457547 0.024223
579 0.478896 0.0120995 0.455189 0.024213
580 0.478876 0.0120983 0.459906 0.0242325
581 0.479499 0.0120959 0.457547 0.024223
582 0.479475 0.0120825 0.457547 0.024223
583 0.479184 0.0121009 0.462264 0.0242415
584 0.479726 0.012121 0.459906 0.0242325
585 0.479619 0.0121172 0.457547 0.024223
586 0.480595 0.0121185 0.459906 0.0242325
587 0.481316 0.012135 0.459906 0.0242325
588 0.481597 0.0121446 0.455189 0.024213
589 0.48214 0.0121359 0.45283 0.0242024
590 0.482568 0.0121271 0.45283 0.0242024
591 0.483317 0.0121526 0.450472 0.0241913
592 0.483221 0.0121268 0.450472 0.0241913
593 0.483786 0.0121423 0.445755 0.0241673
594 0.483351 0.0121452 0.455189 0.024213
595 0.48318 0.0121593 0.443396 0.0241545
596 0.483416 0.0121524 0.443396 0.0241545
597 0.483692 0.0121669 0.438679 0.0241273
598 0.483691 0.0121796 0.443396 0.0241545
599 0.484293 0.0121735 0.431604 0.0240823
600 0.484819 0.0121774 0.443396 0.0241545
601 0.484928 0.0121542 0.438679 0.0241273
602 0.485491 0.012149 0.438679 0.0241273
603 0.485489 0.0121325 0.433962 0.0240979
604 0.485786 0.0121329 0.426887 0.0240495
605 0.485627 0.0121308 0.426887 0.0240495
606 0.485528 0.0121311 0.433962 0.0240979
607 0.485376 0.0121318 0.431604 0.0240823
608 0.485767 0.0121303 0.426887 0.0240495
609 0.486007 0.0121067 0.426887 0.0240495
610 0.485621 0.0120927 0.429245 0.0240662
611 0.485509 0.012079 0.431604 0.0240823
612 0.485399 0.0121197 0.433962 0.0240979
613 0.485434 0.0121417 0.431604 0.0240823
614 0.48542 0.0121589 0.443396 0.0241545
615 0.485577 0.0121425 0.445755 0.0241673
616 0.486141 0.012155 0.436321 0.0241129
617 0.485716 0.0121328 0.438679 0.0241273
618 0.485585 0.0121352 0.441038 0.0241412
619 0.485199 0.0121528 0.443396 0.0241545
620 0.485941 0.0121683 0.438679 0.0241273
621 0.485927 0.0121801 0.436321 0.0241129
622 0.486348 0.0121739 0.431604 0.0240823
623 0.486592 0.0121692 0.429245 0.0240662
624 0.486235 0.0121758 0.436321 0.0241129
625 0.48613 0.0121866 0.426887 0.0240495
626 0.486122 0.0121956 0.424528 0.0240323
627 0.486005 0.012192 0.433962 0.0240979
628 0.486415 0.012195 0.431604 0.0240823
629 0.486668 0.0122165 0.436321 0.0241129
630 0.486812 0.0122197 0.433962 0.0240979
631 0.486469 0.0122348 0.431604 0.0240823
632 0.486678 0.012225 0.433962 0.0240979
633 0.486625 0.012225 0.426887 0.0240495
634 0.486985 0.012218 0.431604 0.0240823
635 0.486971 0.0122378 0.433962 0.0240979
636 0.486957 0.0122373 0.436321 0.0241129
637 0.48678 0.0122411 0.433962 0.0240979
638 0.487041 0.0122478 0.433962 0.0240979
639 0.486939 0.0122438 0.441038 0.0241412
640 0.487011 0.012221 0.433962 0.0240979
641 0.487165 0.0122388 0.436321 0.0241129
642 0.48749 0.0122273 0.433962 0.0240979
643 0.487492 0.0122697 0.431604 0.0240823
644 0.487094 0.0122622 0.441038 0.0241412
645 0.48781 0.0122384 0.436321 0.0241129
646 0.487639 0.0122645 0.436321 0.0241129
647 0.487927 0.0122622 0.431604 0.0240823
648 0.487758 0.0122544 0.438679 0.0241273
649 0.488899 0.0122372 0.438679 0.0241273
650 0.488587 0.0122311 0.436321 0.0241129
651 0.488998 0.0122165 0.436321 0.0241129
652 0.488645 0.012215 0.436321 0.0241129
653 0.488846 0.0122312 0.438679 0.0241273
654 0.488922 0.0122289 0.433962 0.0240979
655 0.489705 0.0122414 0.433962 0.0240979
656 0.489779 0.0122689 0.433962 0.0240979
657 0.489561 0.0122459 0.429245 0.0240662
658 0.489407 0.0122389 0.424528 0.0240323
659 0.489461 0.0122312 0.426887 0.0240495
660 0.489522 0.0122425 0.426887 0.0240495
661 0.489092 0.0122496 0.431604 0.0240823
662 0.489173 0.0122513 0.431604 0.0240823
663 0.489438 0.0122496 0.431604 0.0240823
664 0.489414 0.0122492 0.424528 0.0240323
665 0.489342 0.012243 0.42217 0.0240145
666 0.489468 0.01222 0.42217 0.0240145
667 0.489384 0.0121999 0.42217 0.0240145
668 0.489368 0.0122145 0.424528 0.0240323
669 0.489397 0.0121964 0.415094 0.0239578
670 0.490508 0.0121839 0.415094 0.0239578
671 0.490799 0.0121961 0.42217 0.0240145
672 0.490547 0.0121992 0.417453 0.0239772
673 0.490937 0.0121927 0.419811 0.0239961
674 0.491274 0.0122021 0.419811 0.0239961
675 0.490875 0.0122127 0.42217 0.0240145
676 0.491767 0.0122064 0.419811 0.0239961
677 0.491594 0.0122219 0.42217 0.0240145
678 0.491056 0.0122245 0.42217 0.0240145
679 0.491642 0.0122415 0.42217 0.0240145
680 0.491712 0.012247 0.419811 0.0239961
681 0.491329 0.012251 0.42217 0.0240145
682 0.491565 0.0122445 0.42217 0.0240145
683 0.491725 0.0122529 0.426887 0.0240495
684 0.492068 0.0122699 0.419811 0.0239961
685 0.491383 0.0122647 0.424528 0.0240323
686 0.491891 0.0122776 0.42217 0.0240145
687 0.491648 0.0122678 0.42217 0.0240145
688 0.491268 0.0122657 0.426887 0.0240495
689 0.491231 0.0122551 0.429245 0.0240662
690 0.491301 0.0122592 0.42217 0.0240145
691 0.491962 0.0122716 0.417453 0.0239772
692 0.491198 0.0122742 0.419811 0.0239961
693 0.490931 0.0122739 0.419811 0.0239961
694 0.491005 0.0122893 0.42217 0.0240145
695 0.491281 0.0122872 0.424528 0.0240323
696 0.491075 0.0122872 0.424528 0.0240323
697 0.491721 0.0122819 0.424528 0.0240323
698 0.492101 0.0123003 0.419811 0.0239961
699 0.492159 0.0123118 0.419811 0.0239961
700 0.491702 0.0123042 0.42217 0.0240145
701 0.491524 0.0122948 0.424528 0.0240323
702 0.491348 0.0123054 0.426887 0.0240495
703 0.491572 0.0123155 0.426887 0.0240495
704 0.492318 0.0123102 0.424528 0.0240323
705 0.492412 0.0122809 0.415094 0.0239578
706 0.492674 0.0123011 0.419811 0.0239961
707 0.492693 0.0123164 0.424528 0.0240323
708 0.492716 0.0122948 0.417453 0.0239772
709 0.492798 0.0122834 0.415094 0.0239578
710 0.492407 0.0122827 0.417453 0.0239772
711 0.492294 0.0122871 0.417453 0.0239772
712 0.491935 0.0122699 0.419811 0.0239961
713 0.492025 0.0122925 0.426887 0.0240495
714 0.491524 0.0122905 0.429245 0.0240662
715 0.49194 0.01228 0.426887 0.0240495
716 0.4918 0.012268 0.42217 0.0240145
717 0.491506 0.0122857 0.431604 0.0240823
718 0.491821 0.0122751 0.436321 0.0241129
719 0.491419 0.0122946 0.438679 0.0241273
720 0.492478 0.0122829 0.429245 0.0240662
721 0.491907 0.0122646 0.42217 0.0240145
722 0.492205 0.0122783 0.429245 0.0240662
723 0.49225 0.0123123 0.424528 0.0240323
724 0.492158 0.0122998 0.419811 0.0239961
725 0.491935 0.0123118 0.42217 0.0240145
726 0.491897 0.0123117 0.415094 0.0239578
727 0.492454 0.0123032 0.419811 0.0239961
728 0.49283 0.0122845 0.417453 0.0239772
729 0.493301 0.0123038 0.417453 0.0239772
730 0.493652 0.0123003 0.415094 0.0239578
731 0.49353 0.0123054 0.412736 0.0239377
732 0.492741 0.0122991 0.419811 0.0239961
733 0.492564 0.0122965 0.42217 0.0240145
734 0.492757 0.0123068 0.419811 0.0239961
735 0.493065 0.0123057 0.417453 0.0239772
736 0.493302 0.0123094 0.412736 0.0239377
737 0.492893 0.0123158 0.412736 0.0239377
738 0.492516 0.0122924 0.417453 0.0239772
739 0.493043 0.0122986 0.417453 0.0239772
740 0.493568 0.0123124 0.412736 0.0239377
741 0.493791 0.0122995 0.412736 0.0239377
742 0.493913 0.0123108 0.419811 0.0239961
743 0.493489 0.0123037 0.419811 0.0239961
744 0.493701 0.0122838 0.419811 0.0239961
745 0.493458 0.0122931 0.419811 0.0239961
746 0.493197 0.012298 0.424528 0.0240323
747 0.492758 0.0122839 0.424528 0.0240323
748 0.49352 0.0123063 0.415094 0.0239578
749 0.493296 0.0123104 0.42217 0.0240145
750 0.49332 0.0122957 0.419811 0.0239961
751 0.494015 0.0122744 0.424528 0.0240323
752 0.49347 0.0122909 0.415094 0.0239578
753 0.493367 0.0122753 0.42217 0.0240145
754 0.493645 0.0122557 0.415094 0.0239578
755 0.493941 0.0122435 0.417453 0.0239772
756 0.493902 0.0122628 0.419811 0.0239961
757 0.493538 0.0122784 0.42217 0.0240145
758 0.49309 0.0122549 0.42217 0.0240145
759 0.493693 0.0122877 0.419811 0.0239961
760 0.494198 0.0122551 0.426887 0.0240495
761 0.493885 0.0122752 0.426887 0.0240495
762 0.494538 0.012288 0.429245 0.0240662
763 0.494051 0.0123038 0.426887 0.0240495
764 0.494348 0.0123095 0.426887 0.0240495
765 0.494736 0.012309 0.424528 0.0240323
766 0.495049 0.0123139 0.42217 0.0240145
767 0.495515 0.0123049 0.415094 0.0239578
768 0.495498 0.0123054 0.408019 0.0238959
769 0.495895 0.0123322 0.408019 0.0238959
770 0.496463 0.0123319 0.417453 0.0239772
771 0.496936 0.012325 0.419811 0.0239961
772 0.496317 0.0123418 0.42217 0.0240145
773 0.496327 0.0123511 0.426887 0.0240495
774 0.496407 0.0123399 0.431604 0.0240823
775 0.496231 0.0123327 0.419811 0.0239961
776 0.496009 0.0123327 0.419811 0.0239961
777 0.495981 0.0123576 0.419811 0.0239961
778 0.495465 0.0123336 0.42217 0.0240145
779 0.495386 0.0123403 0.424528 0.0240323
780 0.495388 0.0123569 0.424528 0.0240323
781 0.495997 0.0123615 0.424528 0.0240323
782 0.49537 0.0123756 0.429245 0.0240662
783 0.495448 0.01237 0.426887 0.0240495
784 0.495766 0.0123545 0.431604 0.0240823
785 0.495723 0.0123642 0.429245 0.0240662
786 0.495553 0.0123796 0.431604 0.0240823
787 0.495418 0.0123742 0.424528 0.0240323
788 0.495463 0.0123578 0.424528 0.0240323
789 0.495262 0.0123599 0.42217 0.0240145
790 0.49485 0.0123472 0.424528 0.0240323
791 0.495124 0.0123631 0.424528 0.0240323
792 0.495373 0.012367 0.424528 0.0240323
793 0.494764 0.0123631 0.424528 0.0240323
794 0.494771 0.012342 0.429245 0.0240662
795 0.494323 0.0123285 0.424528 0.0240323
796 0.494615 0.0123287 0.424528 0.0240323
797 0.495086 0.0123675 0.429245 0.0240662
798 0.494899 0.0123535 0.42217 0.0240145
799 0.494886 0.0123467 0.419811 0.0239961
800 0.495115 0.0123507 0.42217 0.0240145
801 0.495763 0.0123597 0.419811 0.0239961
802 0.495074 0.0123577 0.424528 0.0240323
803 0.49495 0.0123408 0.42217 0.0240145
804 0.495158 0.0123675 0.424528 0.0240323
805 0.495198 0.0123789 0.429245 0.0240662
806 0.495347 0.0123861 0.424528 0.0240323
807 0.495296 0.0123737 0.42217 0.0240145
808 0.495145 0.0123863 0.431604 0.0240823
809 0.495387 0.0123905 0.424528 0.0240323
810 0.495358 0.0123977 0.426887 0.0240495
811 0.495429 0.0124026 0.429245 0.0240662
812 0.495649 0.0124088 0.426887 0.0240495
813 0.495057 0.0124186 0.426887 0.0240495
814 0.495355 0.0124174 0.429245 0.0240662
815 0.495122 0.0124067 0.42217 0.0240145
816 0.495466 0.0123921 0.424528 0.0240323
817 0.495097 0.0124095 0.419811 0.0239961
818 0.49513 0.0124265 0.424528 0.0240323
819 0.494746 0.0124216 0.42217 0.0240145
820 0.494643 0.0124214 0.424528 0.0240323
821 0.494908 0.0124425 0.424528 0.0240323
822 0.494504 0.0124517 0.436321 0.0241129
823 0.494369 0.0124356 0.42217 0.0240145
824 0.494195 0.0124228 0.429245 0.0240662
825 0.494535 0.0124134 0.433962 0.0240979
826 0.494296 0.0124058 0.429245 0.0240662
827 0.493926 0.0123921 0.431604 0.0240823
828 0.494087 0.0124268 0.433962 0.0240979
829 0.493557 0.0124297 0.433962 0.0240979
830 0.493625 0.0124119 0.441038 0.0241412
831 0.492997 0.0124242 0.424528 0.0240323
832 0.49295 0.0124063 0.424528 0.0240323
833 0.493812 0.0124144 0.429245 0.0240662
834 0.493974 0.0124097 0.424528 0.0240323
835 0.494245 0.0124127 0.419811 0.0239961
836 0.493897 0.0124087 0.424528 0.0240323
837 0.494096 0.0123811 0.419811 0.0239961
838 0.493727 0.0123978 0.429245 0.0240662
839 0.494564 0.0124005 0.429245 0.0240662
840 0.494768 0.0123966 0.424528 0.0240323
841 0.495477 0.012381 0.42217 0.0240145
842 0.496029 0.0123899 0.42217 0.0240145
843 0.495724 0.0123839 0.419811 0.0239961
844 0.495604 0.0123934 0.424528 0.0240323
845 0.495061 0.0123874 0.431604 0.0240823
846 0.495145 0.0123977 0.431604 0.0240823
847 0.495505 0.0124035 0.429245 0.0240662
848 0.494996 0.0124142 0.429245 0.0240662
849 0.494622 0.0124231 0.433962 0.0240979
850 0.494553 0.0124235 0.426887 0.0240495
851 0.494734 0.0124214 0.426887 0.0240495
852 0.494833 0.0123985 0.431604 0.0240823
853 0.494913 0.0124159 0.419811 0.0239961
854 0.495242 0.0124416 0.426887 0.0240495
855 0.495116 0.0124221 0.431604 0.0240823
856 0.494978 0.0124249 0.429245 0.0240662
857 0.494667 0.0124111 0.42217 0.0240145
858 0.49426 0.0124194 0.417453 0.0239772
859 0.493892 0.0124133 0.412736 0.0239377
860 0.493881 0.0124114 0.415094 0.0239578
861 0.494621 0.0124054 0.419811 0.0239961
862 0.493975 0.0123946 0.424528 0.0240323
863 0.494069 0.0123719 0.42217 0.0240145
864 0.493465 0.0123744 0.42217 0.0240145
865 0.493738 0.012382 0.429245 0.0240662
866 0.493924 0.0123775 0.426887 0.0240495
867 0.493317 0.0123656 0.42217 0.0240145
868 0.493105 0.0123489 0.429245 0.0240662
869 0.493857 0.0123747 0.415094 0.0239578
870 0.494036 0.0123456 0.412736 0.0239377
871 0.494467 0.0123326 0.426887 0.0240495
872 0.493977 0.0123436 0.419811 0.0239961
873 0.494228 0.0123579 0.42217 0.0240145
874 0.493828 0.0123514 0.424528 0.0240323
875 0.493613 0.0123317 0.42217 0.0240145
876 0.493531 0.0123388 0.426887 0.0240495
877 0.493781 0.0123494 0.419811 0.0239961
878 0.492614 0.0123653 0.431604 0.0240823
879 0.492764 0.0123712 0.431604 0.0240823
880 0.492934 0.012336 0.426887 0.0240495
881 0.493074 0.0123381 0.419811 0.0239961
882 0.492334 0.0123439 0.424528 0.0240323
883 0.493251 0.0123419 0.42217 0.0240145
884 0.493413 0.0123684 0.42217 0.0240145
885 0.493873 0.0123498 0.429245 0.0240662
886 0.493641 0.0123652 0.429245 0.0240662
887 0.494148 0.012351 0.42217 0.0240145
888 0.494202 0.0123516 0.426887 0.0240495
889 0.493641 0.012348 0.433962 0.0240979
890 0.493675 0.0123434 0.433962 0.0240979
891 0.494086 0.0123581 0.424528 0.0240323
892 0.494663 0.0123457 0.42217 0.0240145
893 0.495035 0.0123412 0.424528 0.0240323
894 0.495272 0.0123542 0.42217 0.0240145
895 0.495491 0.0123674 0.426887 0.0240495
896 0.495188 0.0123642 0.426887 0.0240495
897 0.495257 0.0123544 0.424528 0.0240323
898 0.495176 0.0123467 0.426887 0.0240495
899 0.495171 0.0123345 0.429245 0.0240662
900 0.494772 0.0123215 0.426887 0.0240495
901 0.494271 0.0123116 0.424528 0.0240323
902 0.49514 0.0123222 0.424528 0.0240323
903 0.494684 0.0123261 0.42217 0.0240145
904 0.49493 0.0122982 0.429245 0.0240662
905 0.494695 0.0123059 0.431604 0.0240823
906 0.494077 0.0123499 0.426887 0.0240495
907 0.49409 0.012359 0.431604 0.0240823
908 0.494139 0.0123717 0.438679 0.0241273
909 0.494076 0.0123584 0.436321 0.0241129
910 0.494439 0.0123623 0.431604 0.0240823
911 0.494112 0.0123916 0.433962 0.0240979
912 0.494664 0.0123865 0.431604 0.0240823
913 0.493989 0.0123515 0.438679 0.0241273
914 0.494222 0.0123696 0.436321 0.0241129
915 0.493972 0.0123472 0.431604 0.0240823
916 0.494358 0.0123471 0.436321 0.0241129
917 0.493933 0.01235 0.426887 0.0240495
918 0.494319 0.0123203 0.426887 0.0240495
919 0.494256 0.0123243 0.426887 0.0240495
920 0.494244 0.0123567 0.424528 0.0240323
921 0.494004 0.0123505 0.417453 0.0239772
922 0.494145 0.012358 0.419811 0.0239961
923 0.493864 0.012361 0.419811 0.0239961
924 0.49444 0.0123623 0.42217 0.0240145
925 0.49433 0.0123645 0.42217 0.0240145
926 0.493625 0.0123488 0.431604 0.0240823
927 0.493916 0.0123469 0.424528 0.0240323
928 0.493362 0.012354 0.426887 0.0240495
929 0.493467 0.0123641 0.419811 0.0239961
930 0.493539 0.0123667 0.426887 0.0240495
931 0.493248 0.0123509 0.429245 0.0240662
932 0.492919 0.0123591 0.42217 0.0240145
933 0.492642 0.0123552 0.424528 0.0240323
934 0.492771 0.0123631 0.431604 0.0240823
935 0.492772 0.012356 0.424528 0.0240323
936 0.49323 0.0123707 0.431604 0.0240823
937 0.493319 0.0123396 0.426887 0.0240495
938 0.493603 0.0123309 0.419811 0.0239961
939 0.492771 0.0123244 0.42217 0.0240145
940 0.493132 0.0123178 0.42217 0.0240145
941 0.492566 0.0123181 0.419811 0.0239961
942 0.492866 0.0123074 0.417453 0.0239772
943 0.492443 0.0122833 0.424528 0.0240323
944 0.493394 0.0122753 0.426887 0.0240495
945 0.49352 0.0122707 0.429245 0.0240662
946 0.493561 0.0122748 0.429245 0.0240662
947 0.494514 0.012294 0.426887 0.0240495
948 0.494511 0.0122758 0.426887 0.0240495
949 0.494811 0.0122704 0.42217 0.0240145
950 0.494403 0.0122715 0.436321 0.0241129
951 0.495287 0.0122549 0.42217 0.0240145
952 0.495259 0.0122268 0.417453 0.0239772
953 0.49502 0.0122377 0.426887 0.0240495
954 0.494555 0.0122069 0.419811 0.0239961
955 0.494727 0.0122171 0.419811 0.0239961
956 0.494466 0.0122058 0.42217 0.0240145
957 0.494467 0.0122152 0.42217 0.0240145
958 0.494213 0.0122182 0.415094 0.0239578
959 0.494414 0.0122325 0.419811 0.0239961
960 0.49495 0.0122431 0.412736 0.0239377
961 0.494829 0.0122295 0.417453 0.0239772
962 0.494458 0.0122489 0.426887 0.0240495
963 0.494304 0.0122837 0.433962 0.0240979
964 0.494589 0.0122819 0.424528 0.0240323
965 0.494366 0.012309 0.417453 0.0239772
966 0.494238 0.0123021 0.417453 0.0239772
967 0.494005 0.0123378 0.42217 0.0240145
968 0.494261 0.0123115 0.417453 0.0239772
969 0.493948 0.0122964 0.417453 0.0239772
970 0.494073 0.0122872 0.419811 0.0239961
971 0.493759 0.0122936 0.419811 0.0239961
972 0.493721 0.0122955 0.424528 0.0240323
973 0.493393 0.0122965 0.424528 0.0240323
974 0.493377 0.0122922 0.426887 0.0240495
975 0.493773 0.0122728 0.42217 0.0240145
976 0.493311 0.0122499 0.429245 0.0240662
977 0.49332 0.01226 0.429245 0.0240662
978 0.493755 0.01225 0.429245 0.0240662
979 0.493417 0.0122434 0.433962 0.0240979
980 0.493428 0.0122387 0.426887 0.0240495
981 0.49343 0.0122471 0.426887 0.0240495
982 0.49295 0.0122458 0.426887 0.0240495
983 0.493361 0.0122429 0.424528 0.0240323
984 0.493108 0.0122359 0.424528 0.0240323
985 0.493158 0.0122329 0.426887 0.0240495
986 0.492983 0.0122363 0.42217 0.0240145
987 0.492531 0.0122295 0.424528 0.0240323
988 0.492818 0.012207 0.42217 0.0240145
989 0.492912 0.0121979 0.42217 0.0240145
990 0.492337 0.0122052 0.424528 0.0240323
991 0.492816 0.0122068 0.419811 0.0239961
992 0.493526 0.0122064 0.415094 0.0239578
993 0.493221 0.0122202 0.415094 0.0239578
994 0.493229 0.0122224 0.415094 0.0239578
995 0.493362 0.0122146 0.412736 0.0239377
996 0.493494 0.012185 0.417453 0.0239772
997 0.493398 0.0121827 0.412736 0.0239377
998 0.493358 0.0121644 0.410377 0.0239171
999 0.493405 0.0121729 0.412736 0.0239377
1000 0.492761 0.0122019 0.417453 0.0239772
1001 0.492749 0.0121799 0.417453 0.0239772
1002 0.493252 0.0121952 0.417453 0.0239772
1003 0.4927 0.0121767 0.417453 0.0239772
1004 0.492945 0.0121817 0.42217 0.0240145
1005 0.492619 0.0121998 0.424528 0.0240323
1006 0.492085 0.0121972 0.426887 0.0240495
1007 0.492486 0.0121867 0.42217 0.0240145
1008 0.492514 0.012185 0.42217 0.0240145
1009 0.492809 0.0121992 0.424528 0.0240323
1010 0.493084 0.0121944 0.415094 0.0239578
1011 0.493141 0.0121966 0.412736 0.0239377
1012 0.493098 0.0122036 0.410377 0.0239171
1013 0.492759 0.0122101 0.412736 0.0239377
1014 0.492677 0.0122049 0.415094 0.0239578
1015 0.492903 0.0122357 0.412736 0.0239377
1016 0.492137 0.0122512 0.415094 0.0239578
1017 0.491871 0.0122628 0.415094 0.0239578
1018 0.492372 0.0122694 0.412736 0.0239377
1019 0.492689 0.0122738 0.415094 0.0239578
1020 0.492852 0.0122576 0.417453 0.0239772
1021 0.492504 0.0122694 0.415094 0.0239578
1022 0.492215 0.0122759 0.412736 0.0239377
1023 0.49198 0.0122812 0.419811 0.0239961
1024 0.492233 0.0122592 0.415094 0.0239578
1025 0.492455 0.012263 0.419811 0.0239961
1026 0.492436 0.0122652 0.417453 0.0239772
1027 0.492713 0.0122699 0.410377 0.0239171
1028 0.492667 0.012255 0.415094 0.0239578
1029 0.493155 0.0122762 0.419811 0.0239961
1030 0.493286 0.0122624 0.412736 0.0239377
1031 0.493859 0.0122504 0.419811 0.0239961
1032 0.494005 0.0122269 0.417453 0.0239772
1033 0.493671 0.0122346 0.417453 0.0239772
1034 0.49378 0.0122361 0.419811 0.0239961
1035 0.494191 0.0122226 0.415094 0.0239578
1036 0.494177 0.012231 0.40566 0.0238742
1037 0.493796 0.0122556 0.417453 0.0239772
1038 0.494015 0.0122439 0.410377 0.0239171
1039 0.493745 0.0122637 0.412736 0.0239377
1040 0.493468 0.0122676 0.410377 0.0239171
1041 0.493198 0.0122774 0.410377 0.0239171
1042 0.493257 0.0122727 0.417453 0.0239772
1043 0.493152 0.0122895 0.415094 0.0239578
1044 0.493092 0.0123277 0.419811 0.0239961
1045 0.492333 0.012316 0.424528 0.0240323
1046 0.492309 0.0123414 0.42217 0.0240145
1047 0.492185 0.012371 0.42217 0.0240145
1048 0.492387 0.0123662 0.419811 0.0239961
1049 0.492145 0.0123332 0.424528 0.0240323
1050 0.492434 0.0123283 0.417453 0.0239772
1051 0.492505 0.0123295 0.415094 0.0239578
1052 0.492595 0.0123656 0.417453 0.0239772
1053 0.493069 0.0123617 0.40566 0.0238742
1054 0.493354 0.0123731 0.417453 0.0239772
1055 0.494199 0.0124065 0.42217 0.0240145
1056 0.493996 0.0123936 0.42217 0.0240145
1057 0.494415 0.0123788 0.424528 0.0240323
1058 0.493941 0.0124074 0.424528 0.0240323
1059 0.494752 0.0123697 0.415094 0.0239578
1060 0.494888 0.0123927 0.415094 0.0239578
1061 0.494496 0.0124003 0.419811 0.0239961
1062 0.494644 0.0124001 0.424528 0.0240323
1063 0.494569 0.0123771 0.415094 0.0239578
1064 0.494525 0.0123868 0.415094 0.0239578
1065 0.494213 0.0123728 0.419811 0.0239961
1066 0.494537 0.0123842 0.419811 0.0239961
1067 0.494532 0.0123886 0.426887 0.0240495
1068 0.494476 0.0123944 0.429245 0.0240662
1069 0.494663 0.012392 0.429245 0.0240662
1070 0.494558 0.0124288 0.426887 0.0240495
1071 0.494792 0.0124223 0.42217 0.0240145
1072 0.494741 0.0124166 0.431604 0.0240823
1073 0.494301 0.0124256 0.424528 0.0240323
1074 0.494178 0.0124272 0.429245 0.0240662
1075 0.493849 0.0124172 0.431604 0.0240823
1076 0.493751 0.0123976 0.436321 0.0241129
1077 0.492924 0.0123728 0.441038 0.0241412
1078 0.49309 0.0123768 0.433962 0.0240979
1079 0.492436 0.0123682 0.438679 0.0241273
1080 0.49253 0.0123788 0.436321 0.0241129
1081 0.492901 0.0123812 0.431604 0.0240823
1082 0.492826 0.0123728 0.436321 0.0241129
1083 0.492881 0.0123543 0.436321 0.0241129
1084 0.492766 0.0123387 0.431604 0.0240823
1085 0.492594 0.012338 0.438679 0.0241273
1086 0.492607 0.0123519 0.436321 0.0241129
1087 0.492435 0.0123579 0.436321 0.0241129
1088 0.492432 0.0123639 0.438679 0.0241273
1089 0.492641 0.0123512 0.448113 0.0241796
1090 0.492959 0.012337 0.441038 0.0241412
1091 0.492674 0.0123502 0.441038 0.0241412
1092 0.493317 0.0123435 0.429245 0.0240662
1093 0.493539 0.012336 0.431604 0.0240823
1094 0.493639 0.0123032 0.433962 0.0240979
1095 0.493094 0.0123054 0.433962 0.0240979
1096 0.493123 0.0123024 0.438679 0.0241273
1097 0.493686 0.0123098 0.438679 0.0241273
1098 0.493892 0.0123238 0.441038 0.0241412
1099 0.493684 0.0123185 0.436321 0.0241129
1100 0.493307 0.0123252 0.438679 0.0241273
1101 0.493614 0.0123131 0.443396 0.0241545
1102 0.493828 0.0123114 0.438679 0.0241273
1103 0.494271 0.0123065 0.441038 0.0241412
1104 0.494141 0.0123301 0.436321 0.0241129
1105 0.49416 0.0123298 0.436321 0.0241129
1106 0.493899 0.0123132 0.433962 0.0240979
1107 0.49389 0.0123122 0.433962 0.0240979
1108 0.494545 0.0123086 0.431604 0.0240823
1109 0.493638 0.0123217 0.436321 0.0241129
1110 0.493332 0.0123374 0.436321 0.0241129
1111 0.493144 0.0123465 0.433962 0.0240979
1112 0.492852 0.012325 0.436321 0.0241129
1113 0.493852 0.0123314 0.429245 0.0240662
1114 0.493617 0.0123334 0.436321 0.0241129
1115 0.493188 0.0123492 0.441038 0.0241412
1116 0.492942 0.0123692 0.436321 0.0241129
1117 0.493393 0.0123614 0.441038 0.0241412
1118 0.493501 0.0123459 0.433962 0.0240979
1119 0.493885 0.0123388 0.438679 0.0241273
1120 0.493427 0.012328 0.431604 0.0240823
1121 0.494162 0.0123546 0.438679 0.0241273
1122 0.494649 0.0123503 0.433962 0.0240979
1123 0.494286 0.0123655 0.429245 0.0240662
1124 0.494551 0.0123699 0.436321 0.0241129
1125 0.494757 0.0123573 0.438679 0.0241273
1126 0.494574 0.0123534 0.438679 0.0241273
1127 0.493742 0.0123456 0.436321 0.0241129
1128 0.494149 0.0123334 0.431604 0.0240823
1129 0.493948 0.0123425 0.431604 0.0240823
1130 0.494003 0.0123229 0.431604 0.0240823
1131 0.494387 0.0123215 0.433962 0.0240979
1132 0.494222 0.012301 0.429245 0.0240662
1133 0.494297 0.0122886 0.429245 0.0240662
1134 0.494113 0.0122762 0.431604 0.0240823
1135 0.494098 0.0122877 0.433962 0.0240979
1136 0.493899 0.0122858 0.426887 0.0240495
1137 0.494069 0.0122858 0.424528 0.0240323
1138 0.494094 0.0122783 0.424528 0.0240323
1139 0.494139 0.0122897 0.417453 0.0239772
1140 0.494134 0.0122974 0.419811 0.0239961
1141 0.494042 0.0123133 0.431604 0.0240823
1142 0.49376 0.0123048 0.431604 0.0240823
1143 0.493645 0.0122946 0.429245 0.0240662
1144 0.493471 0.0122911 0.429245 0.0240662
1145 0.493929 0.0122856 0.419811 0.0239961
1146 0.494883 0.0122699 0.424528 0.0240323
1147 0.494712 0.0122374 0.431604 0.0240823
1148 0.495267 0.0122569 0.426887 0.0240495
1149 0.495162 0.0122449 0.419811 0.0239961
1150 0.494647 0.0122312 0.417453 0.0239772
1151 0.494362 0.0122105 0.424528 0.0240323
1152 0.494923 0.0122053 0.417453 0.0239772
1153 0.495388 0.012216 0.429245 0.0240662
1154 0.49575 0.0122122 0.429245 0.0240662
1155 0.496238 0.0122355 0.424528 0.0240323
1156 0.495978 0.0122519 0.42217 0.0240145
1157 0.495578 0.012292 0.424528 0.0240323
1158 0.49559 0.012286 0.429245 0.0240662
1159 0.495743 0.0122743 0.42217 0.0240145
1160 0.495298 0.0122864 0.431604 0.0240823
1161 0.495408 0.0123007 0.424528 0.0240323
1162 0.49558 0.0123315 0.417453 0.0239772
1163 0.495733 0.0123496 0.426887 0.0240495
1164 0.495819 0.0123316 0.429245 0.0240662
1165 0.495556 0.0123359 0.433962 0.0240979
1166 0.495654 0.0123401 0.436321 0.0241129
1167 0.496105 0.012344 0.441038 0.0241412
1168 0.495967 0.0123183 0.431604 0.0240823
1169 0.49587 0.0123252 0.42217 0.0240145
1170 0.495412 0.0123295 0.433962 0.0240979
1171 0.494609 0.0123399 0.431604 0.0240823
1172 0.494921 0.0123509 0.431604 0.0240823
1173 0.494722 0.0123362 0.429245 0.0240662
1174 0.494647 0.0123558 0.431604 0.0240823
1175 0.494807 0.0123396 0.424528 0.0240323
1176 0.495129 0.0123636 0.429245 0.0240662
1177 0.494667 0.0123466 0.431604 0.0240823
1178 0.494495 0.0123576 0.42217 0.0240145
1179 0.494382 0.0123587 0.42217 0.0240145
1180 0.49486 0.0124024 0.42217 0.0240145
1181 0.494233 0.0124 0.426887 0.0240495
1182 0.494 0.0124019 0.426887 0.0240495
1183 0.494287 0.0124124 0.433962 0.0240979
1184 0.49494 0.0124319 0.42217 0.0240145
1185 0.494909 0.0124315 0.42217 0.0240145
1186 0.494111 0.0124371 0.424528 0.0240323
1187 0.493377 0.0124221 0.424528 0.0240323
1188 0.493253 0.0124351 0.429245 0.0240662
1189 0.493443 0.0124576 0.433962 0.0240979
1190 0.492966 0.012424 0.431604 0.0240823
1191 0.492767 0.0124278 0.429245 0.0240662
1192 0.492743 0.0124338 0.417453 0.0239772
1193 0.49224 0.0124298 0.433962 0.0240979
1194 0.49264 0.0124051 0.424528 0.0240323
1195 0.491977 0.0124146 0.438679 0.0241273
1196 0.491902 0.0124055 0.436321 0.0241129
1197 0.492022 0.0124112 0.441038 0.0241412
1198 0.492032 0.0124206 0.438679 0.0241273
1199 0.491822 0.0124339 0.441038 0.0241412
1200 0.492334 0.0124227 0.441038 0.0241412
1201 0.492504 0.0124294 0.438679 0.0241273
1202 0.491901 0.0124076 0.436321 0.0241129
1203 0.491627 0.0124126 0.436321 0.0241129
1204 0.491381 0.0124064 0.443396 0.0241545
1205 0.491996 0.0124068 0.441038 0.0241412
1206 0.491994 0.0123963 0.436321 0.0241129
1207 0.491824 0.0124054 0.436321 0.0241129
1208 0.491978 0.0124028 0.438679 0.0241273
1209 0.492199 0.012423 0.438679 0.0241273
1210 0.491646 0.0123997 0.424528 0.0240323
1211 0.491905 0.0123963 0.426887 0.0240495
1212 0.491752 0.0123775 0.429245 0.0240662
1213 0.492222 0.012374 0.424528 0.0240323
1214 0.492014 0.0123914 0.429245 0.0240662
1215 0.491847 0.0123784 0.433962 0.0240979
1216 0.492098 0.0123823 0.433962 0.0240979
1217 0.492628 0.0123955 0.424528 0.0240323
1218 0.492192 0.0123868 0.42217 0.0240145
1219 0.492247 0.0123843 0.412736 0.0239377
1220 0.492186 0.0123681 0.419811 0.0239961
1221 0.492193 0.0123599 0.412736 0.0239377
1222 0.491922 0.0123833 0.424528 0.0240323
1223 0.491762 0.0123918 0.431604 0.0240823
1224 0.492393 0.0123699 0.431604 0.0240823
1225 0.492341 0.0123971 0.424528 0.0240323
1226 0.492298 0.0123927 0.429245 0.0240662
1227 0.492386 0.0123571 0.42217 0.0240145
1228 0.492222 0.0123514 0.436321 0.0241129
1229 0.49243 0.012344 0.429245 0.0240662
1230 0.492524 0.0123511 0.42217 0.0240145
1231 0.492668 0.0123557 0.417453 0.0239772
1232 0.49271 0.0123259 0.429245 0.0240662
1233 0.492293 0.0123126 0.424528 0.0240323
1234 0.492257 0.0123188 0.426887 0.0240495
1235 0.492175 0.0123187 0.429245 0.0240662
1236 0.492322 0.012333 0.429245 0.0240662
1237 0.49213 0.0123528 0.42217 0.0240145
1238 0.492287 0.0123684 0.426887 0.0240495
1239 0.49201 0.0123671 0.419811 0.0239961
1240 0.492335 0.0123927 0.429245 0.0240662
1241 0.492519 0.0123997 0.429245 0.0240662
1242 0.492507 0.0124052 0.426887 0.0240495
1243 0.491489 0.0123961 0.424528 0.0240323
1244 0.492388 0.0124154 0.424528 0.0240323
1245 0.491492 0.0124036 0.417453 0.0239772
1246 0.491962 0.012394 0.415094 0.0239578
1247 0.491698 0.0123727 0.417453 0.0239772
1248 0.491874 0.0123576 0.42217 0.0240145
1249 0.492238 0.0123615 0.417453 0.0239772
1250 0.492258 0.012352 0.412736 0.0239377
1251 0.492319 0.0123337 0.417453 0.0239772
1252 0.491923 0.012358 0.419811 0.0239961
1253 0.492403 0.012355 0.415094 0.0239578
1254 0.492261 0.0123673 0.419811 0.0239961
1255 0.492881 0.0123893 0.419811 0.0239961
1256 0.492791 0.0123751 0.417453 0.0239772
1257 0.492948 0.0123933 0.424528 0.0240323
1258 0.493172 0.0123903 0.42217 0.0240145
1259 0.493117 0.0124019 0.412736 0.0239377
1260 0.49285 0.0123823 0.412736 0.0239377
1261 0.493071 0.0123948 0.419811 0.0239961
1262 0.493082 0.0123876 0.42217 0.0240145
1263 0.49218 0.012403 0.42217 0.0240145
1264 0.492346 0.0123633 0.412736 0.0239377
1265 0.491783 0.0123599 0.419811 0.0239961
1266 0.492008 0.0123655 0.424528 0.0240323
1267 0.492582 0.0123907 0.415094 0.0239578
1268 0.492614 0.0124109 0.415094 0.0239578
1269 0.492592 0.012398 0.412736 0.0239377
1270 0.491638 0.0123821 0.415094 0.0239578
1271 0.491015 0.0123889 0.412736 0.0239377
1272 0.491137 0.0123649 0.415094 0.0239578
1273 0.491446 0.0123761 0.417453 0.0239772
1274 0.492613 0.0123674 0.42217 0.0240145
1275 0.492328 0.0124013 0.415094 0.0239578
1276 0.49246 0.0124019 0.417453 0.0239772
1277 0.492489 0.0123857 0.417453 0.0239772
1278 0.491945 0.012359 0.419811 0.0239961
1279 0.492402 0.0123688 0.419811 0.0239961
1280 0.492096 0.0123562 0.426887 0.0240495
1281 0.491987 0.0123445 0.419811 0.0239961
1282 0.492635 0.0123436 0.419811 0.0239961
1283 0.491585 0.0123575 0.429245 0.0240662
1284 0.491704 0.0123541 0.419811 0.0239961
1285 0.492355 0.0123493 0.419811 0.0239961
1286 0.492636 0.0123582 0.426887 0.0240495
1287 0.492743 0.0123752 0.42217 0.0240145
1288 0.492981 0.0123627 0.429245 0.0240662
1289 0.493081 0.0123848 0.431604 0.0240823
1290 0.493256 0.0123935 0.433962 0.0240979
1291 0.493915 0.0123899 0.438679 0.0241273
1292 0.494583 0.0123786 0.436321 0.0241129
1293 0.494107 0.0123916 0.436321 0.0241129
1294 0.49429 0.0123599 0.436321 0.0241129
1295 0.494252 0.012358 0.438679 0.0241273
1296 0.494234 0.0123402 0.433962 0.0240979
1297 0.494219 0.012354 0.431604 0.0240823
1298 0.494365 0.0123673 0.431604 0.0240823
1299 0.494269 0.0123543 0.426887 0.0240495
1300 0.494574 0.0123393 0.424528 0.0240323
1301 0.495133 0.0123619 0.424528 0.0240323
1302 0.495609 0.0123482 0.424528 0.0240323
1303 0.49529 0.0123526 0.431604 0.0240823
1304 0.495223 0.0123512 0.429245 0.0240662
1305 0.495626 0.012367 0.438679 0.0241273
1306 0.495301 0.0123635 0.438679 0.0241273
1307 0.495958 0.0123578 0.431604 0.0240823
1308 0.495834 0.0123433 0.436321 0.0241129
1309 0.495625 0.0123233 0.436321 0.0241129
1310 0.495643 0.012343 0.441038 0.0241412
1311 0.495316 0.0123579 0.436321 0.0241129
1312 0.495218 0.0123565 0.436321 0.0241129
1313 0.495502 0.0123811 0.433962 0.0240979
1314 0.495318 0.0123803 0.436321 0.0241129
1315 0.495412 0.0123533 0.431604 0.0240823
1316 0.494944 0.0123683 0.433962 0.0240979
1317 0.495165 0.0123896 0.438679 0.0241273
1318 0.495342 0.0123998 0.426887 0.0240495
1319 0.49504 0.0124146 0.433962 0.0240979
1320 0.494995 0.0124242 0.431604 0.0240823
1321 0.495008 0.0124217 0.436321 0.0241129
1322 0.494639 0.0124423 0.443396 0.0241545
1323 0.494372 0.0124383 0.443396 0.0241545
1324 0.49485 0.0124226 0.443396 0.0241545
1325 0.495046 0.0124179 0.433962 0.0240979
1326 0.49505 0.0124276 0.441038 0.0241412
1327 0.494593 0.0124544 0.445755 0.0241673
1328 0.494801 0.0124553 0.448113 0.0241796
1329 0.494831 0.0124484 0.438679 0.0241273
1330 0.494928 0.0124398 0.436321 0.0241129
1331 0.495124 0.0124177 0.436321 0.0241129
1332 0.495197 0.0124222 0.436321 0.0241129
1333 0.49528 0.0124299 0.441038 0.0241412
1334 0.495213 0.0124389 0.441038 0.0241412
1335 0.494987 0.0124431 0.436321 0.0241129
1336 0.495144 0.0124379 0.431604 0.0240823
1337 0.495148 0.012439 0.436321 0.0241129
1338 0.495247 0.0124355 0.431604 0.0240823
1339 0.495259 0.0124256 0.419811 0.0239961
1340 0.495555 0.0124288 0.424528 0.0240323
1341 0.495238 0.0124351 0.424528 0.0240323
1342 0.495323 0.0124431 0.42217 0.0240145
1343 0.495108 0.0124299 0.426887 0.0240495
1344 0.495313 0.0124371 0.431604 0.0240823
1345 0.49494 0.0124478 0.429245 0.0240662
1346 0.49492 0.0124315 0.426887 0.0240495
1347 0.494728 0.012445 0.429245 0.0240662
1348 0.494894 0.0124416 0.426887 0.0240495
1349 0.494602 0.0124523 0.42217 0.0240145
1350 0.494816 0.0124369 0.42217 0.0240145
1351 0.494996 0.0124231 0.42217 0.0240145
1352 0.495165 0.0124478 0.419811 0.0239961
1353 0.495632 0.0124667 0.429245 0.0240662
1354 0.494895 0.0124754 0.436321 0.0241129
1355 0.494975 0.0124516 0.429245 0.0240662
1356 0.495234 0.0124711 0.433962 0.0240979
1357 0.494829 0.012472 0.431604 0.0240823
1358 0.494753 0.0124561 0.433962 0.0240979
1359 0.494839 0.0124669 0.436321 0.0241129
1360 0.494377 0.0124357 0.426887 0.0240495
1361 0.49459 0.0124174 0.431604 0.0240823
1362 0.494269 0.0124287 0.438679 0.0241273
1363 0.494171 0.0124208 0.431604 0.0240823
1364 0.49406 0.0123917 0.429245 0.0240662
1365 0.493976 0.0123804 0.438679 0.0241273
1366 0.493513 0.0123888 0.433962 0.0240979
1367 0.494594 0.0123768 0.429245 0.0240662
1368 0.494684 0.0123793 0.431604 0.0240823
1369 0.495153 0.0123911 0.429245 0.0240662
1370 0.49536 0.0123953 0.429245 0.0240662
1371 0.495399 0.0124009 0.429245 0.0240662
1372 0.495325 0.0123841 0.436321 0.0241129
1373 0.495636 0.0123876 0.424528 0.0240323
1374 0.495328 0.0123705 0.417453 0.0239772
1375 0.495205 0.0123751 0.424528 0.0240323
1376 0.495576 0.0123868 0.419811 0.0239961
1377 0.495693 0.0123991 0.419811 0.0239961
1378 0.495614 0.0123475 0.412736 0.0239377
1379 0.495662 0.0123432 0.415094 0.0239578
1380 0.495584 0.0123363 0.42217 0.0240145
1381 0.495611 0.0123247 0.42217 0.0240145
1382 0.495775 0.0123311 0.424528 0.0240323
1383 0.495168 0.0123575 0.424528 0.0240323
1384 0.494956 0.0123496 0.429245 0.0240662
1385 0.494765 0.0123623 0.431604 0.0240823
1386 0.494902 0.0123522 0.426887 0.0240495
1387 0.494398 0.0123496 0.424528 0.0240323
1388 0.493906 0.0123472 0.42217 0.0240145
1389 0.493813 0.0123589 0.42217 0.0240145
1390 0.494209 0.012355 0.424528 0.0240323
1391 0.49428 0.0123576 0.426887 0.0240495
1392 0.494124 0.0123597 0.426887 0.0240495
1393 0.494822 0.0123479 0.433962 0.0240979
1394 0.495024 0.0123427 0.431604 0.0240823
1395 0.495541 0.0123429 0.426887 0.0240495
1396 0.496104 0.0122963 0.431604 0.0240823
1397 0.496152 0.0122935 0.431604 0.0240823
1398 0.495981 0.0123059 0.426887 0.0240495
1399 0.495565 0.0123209 0.433962 0.0240979
1400 0.495814 0.0122998 0.429245 0.0240662
1401 0.495857 0.0123192 0.433962 0.0240979
1402 0.495292 0.0123137 0.436321 0.0241129
1403 0.495206 0.01231 0.433962 0.0240979
1404 0.495531 0.0122945 0.424528 0.0240323
1405 0.495664 0.0123024 0.426887 0.0240495
1406 0.495665 0.0122711 0.42217 0.0240145
1407 0.495126 0.0122492 0.426887 0.0240495
1408 0.495165 0.0122371 0.419811 0.0239961
1409 0.494624 0.0122387 0.417453 0.0239772
1410 0.494337 0.0122574 0.410377 0.0239171
1411 0.493781 0.0122488 0.412736 0.0239377
1412 0.493618 0.0122287 0.42217 0.0240145
1413 0.493396 0.0122266 0.419811 0.0239961
1414 0.493219 0.0122467 0.424528 0.0240323
1415 0.492874 0.0122712 0.426887 0.0240495
1416 0.493265 0.0122569 0.419811 0.0239961
1417 0.493486 0.0122571 0.424528 0.0240323
1418 0.493042 0.0122544 0.419811 0.0239961
1419 0.493382 0.0122547 0.42217 0.0240145
1420 0.492897 0.0122467 0.426887 0.0240495
1421 0.49287 0.0122568 0.412736 0.0239377
1422 0.492623 0.0122652 0.419811 0.0239961
1423 0.491911 0.01226 0.429245 0.0240662
1424 0.491918 0.0122592 0.429245 0.0240662
1425 0.49212 0.0122454 0.426887 0.0240495
1426 0.491727 0.0122344 0.419811 0.0239961
1427 0.492045 0.0122431 0.42217 0.0240145
1428 0.491812 0.0122259 0.42217 0.0240145
1429 0.491684 0.0122388 0.419811 0.0239961
1430 0.491535 0.0122218 0.424528 0.0240323
1431 0.491069 0.0122104 0.426887 0.0240495
1432 0.491216 0.0122077 0.424528 0.0240323
1433 0.491746 0.0122315 0.424528 0.0240323
1434 0.491942 0.0122301 0.415094 0.0239578
1435 0.492459 0.0122201 0.42217 0.0240145
1436 0.491558 0.0122259 0.412736 0.0239377
1437 0.491398 0.0122523 0.424528 0.0240323
1438 0.491315 0.0122276 0.424528 0.0240323
1439 0.491185 0.0122058 0.42217 0.0240145
1440 0.49111 0.0122174 0.424528 0.0240323
1441 0.491167 0.0122394 0.42217 0.0240145
1442 0.490739 0.0122584 0.433962 0.0240979
1443 0.491245 0.0122403 0.426887 0.0240495
1444 0.491258 0.0122167 0.431604 0.0240823
1445 0.491662 0.0122374 0.426887 0.0240495
1446 0.491546 0.0122376 0.429245 0.0240662
1447 0.492025 0.0122277 0.415094 0.0239578
1448 0.492379 0.0122227 0.424528 0.0240323
1449 0.491807 0.012215 0.42217 0.0240145
1450 0.491924 0.0122383 0.424528 0.0240323
1451 0.491884 0.0122343 0.415094 0.0239578
1452 0.492011 0.0122388 0.419811 0.0239961
1453 0.491667 0.0122435 0.433962 0.0240979
1454 0.491638 0.0122331 0.419811 0.0239961
1455 0.491192 0.0122345 0.426887 0.0240495
1456 0.490856 0.0122107 0.429245 0.0240662
1457 0.490092 0.0122198 0.431604 0.0240823
1458 0.490337 0.0122336 0.436321 0.0241129
1459 0.490409 0.0122611 0.436321 0.0241129
1460 0.489864 0.0122584 0.433962 0.0240979
1461 0.490005 0.0122778 0.431604 0.0240823
1462 0.489962 0.0122934 0.438679 0.0241273
1463 0.490315 0.0122866 0.438679 0.0241273
1464 0.490131 0.0122985 0.436321 0.0241129
1465 0.489767 0.0123097 0.433962 0.0240979
1466 0.490051 0.0122974 0.438679 0.0241273
1467 0.489882 0.0123041 0.443396 0.0241545
1468 0.48968 0.0123231 0.450472 0.0241913
1469 0.489875 0.0123237 0.445755 0.0241673
1470 0.489881 0.0123217 0.445755 0.0241673
1471 0.49042 0.0123213 0.443396 0.0241545
1472 0.49067 0.0123432 0.448113 0.0241796
1473 0.490072 0.0123235 0.448113 0.0241796
1474 0.490528 0.0123434 0.448113 0.0241796
1475 0.490392 0.0123376 0.445755 0.0241673
1476 0.49076 0.0123527 0.445755 0.0241673
1477 0.490864 0.0123526 0.433962 0.0240979
1478 0.490452 0.0123654 0.441038 0.0241412
1479 0.491211 0.0123771 0.441038 0.0241412
1480 0.49187 0.0123501 0.438679 0.0241273
1481 0.491814 0.0123551 0.441038 0.0241412
1482 0.491816 0.0123487 0.443396 0.0241545
1483 0.491584 0.0123172 0.441038 0.0241412
1484 0.492121 0.0123378 0.438679 0.0241273
1485 0.492338 0.0123337 0.438679 0.0241273
1486 0.492238 0.012316 0.443396 0.0241545
1487 0.490983 0.0123259 0.436321 0.0241129
1488 0.491378 0.0122982 0.431604 0.0240823
1489 0.491057 0.0122981 0.443396 0.0241545
1490 0.491824 0.0122782 0.431604 0.0240823
1491 0.491763 0.0122865 0.436321 0.0241129
1492 0.491609 0.0122994 0.436321 0.0241129
1493 0.491399 0.0123102 0.436321 0.0241129
1494 0.491882 0.0122946 0.433962 0.0240979
1495 0.49189 0.0122807 0.433962 0.0240979
1496 0.490881 0.0122781 0.438679 0.0241273
1497 0.49054 0.0122675 0.433962 0.0240979
1498 0.491176 0.0122473 0.431604 0.0240823
1499 0.491675 0.0122388 0.429245 0.0240662
1500 0.491435 0.0122403 0.433962 0.0240979
1501 0.491443 0.0122474 0.436321 0.0241129
1502 0.491134 0.0122654 0.431604 0.0240823
1503 0.491879 0.0122594 0.431604 0.0240823
1504 0.491474 0.0122541 0.433962 0.0240979
1505 0.491431 0.0122419 0.431604 0.0240823
1506 0.491036 0.0122572 0.436321 0.0241129
1507 0.491639 0.0122609 0.436321 0.0241129
1508 0.491206 0.0122766 0.436321 0.0241129
1509 0.491413 0.0122681 0.436321 0.0241129
1510 0.491673 0.0122667 0.438679 0.0241273
1511 0.491786 0.0122714 0.438679 0.0241273
1512 0.491789 0.012261 0.441038 0.0241412
1513 0.491329 0.0122344 0.441038 0.0241412
1514 0.491586 0.0122403 0.438679 0.0241273
1515 0.49194 0.0122455 0.431604 0.0240823
1516 0.491878 0.0122555 0.438679 0.0241273
1517 0.491576 0.0122697 0.436321 0.0241129
1518 0.491762 0.0122555 0.441038 0.0241412
1519 0.491406 0.0122896 0.448113 0.0241796
1520 0.491303 0.012291 0.441038 0.0241412
1521 0.491807 0.0122932 0.438679 0.0241273
1522 0.491915 0.0122861 0.445755 0.0241673
1523 0.492097 0.0122895 0.438679 0.0241273
1524 0.492458 0.0123021 0.441038 0.0241412
1525 0.492091 0.0123042 0.436321 0.0241129
1526 0.491875 0.0122835 0.433962 0.0240979
1527 0.491148 0.0122973 0.438679 0.0241273
1528 0.49116 0.0122939 0.436321 0.0241129
1529 0.490527 0.0123163 0.438679 0.0241273
1530 0.49089 0.0123016 0.438679 0.0241273
1531 0.490577 0.0123054 0.436321 0.0241129
1532 0.490316 0.0123045 0.441038 0.0241412
1533 0.490455 0.0123064 0.441038 0.0241412
1534 0.490124 0.0123032 0.441038 0.0241412
1535 0.48934 0.0122602 0.445755 0.0241673
1536 0.489483 0.0122516 0.445755 0.0241673
1537 0.489779 0.0122433 0.441038 0.0241412
1538 0.489572 0.0122399 0.441038 0.0241412
1539 0.490251 0.0122213 0.441038 0.0241412
1540 0.490696 0.0122391 0.436321 0.0241129
1541 0.490402 0.0122211 0.436321 0.0241129
1542 0.490482 0.0121954 0.433962 0.0240979
1543 0.490029 0.0121932 0.433962 0.0240979
1544 0.489579 0.0121938 0.433962 0.0240979
1545 0.489527 0.0122241 0.436321 0.0241129
1546 0.489883 0.0122195 0.431604 0.0240823
1547 0.489782 0.0122473 0.436321 0.0241129
1548 0.49016 0.0122608 0.429245 0.0240662
1549 0.490125 0.0122663 0.438679 0.0241273
1550 0.490414 0.0122793 0.433962 0.0240979
1551 0.490043 0.0122642 0.433962 0.0240979
1552 0.490044 0.012254 0.436321 0.0241129
1553 0.490282 0.0122721 0.438679 0.0241273
1554 0.489582 0.0122811 0.438679 0.0241273
1555 0.48964 0.0122512 0.438679 0.0241273
1556 0.48911 0.0122489 0.441038 0.0241412
1557 0.489318 0.012272 0.438679 0.0241273
1558 0.489513 0.0122691 0.438679 0.0241273
1559 0.489268 0.0122799 0.445755 0.0241673
1560 0.488953 0.0122941 0.443396 0.0241545
1561 0.488593 0.0122696 0.438679 0.0241273
1562 0.488509 0.0122677 0.445755 0.0241673
1563 0.488823 0.0122751 0.441038 0.0241412
1564 0.488668 0.0122659 0.443396 0.0241545
1565 0.488772 0.0122888 0.443396 0.0241545
1566 0.488403 0.0122884 0.445755 0.0241673
1567 0.488605 0.0122667 0.438679 0.0241273
1568 0.488474 0.012267 0.436321 0.0241129
1569 0.48938 0.0122861 0.443396 0.0241545
1570 0.488712 0.0122789 0.429245 0.0240662
1571 0.488412 0.0122642 0.441038 0.0241412
1572 0.48905 0.0122791 0.436321 0.0241129
1573 0.488727 0.0122668 0.433962 0.0240979
1574 0.489044 0.0122806 0.436321 0.0241129
1575 0.489408 0.0123147 0.426887 0.0240495
1576 0.489709 0.0122933 0.436321 0.0241129
1577 0.489872 0.0122927 0.431604 0.0240823
1578 0.489644 0.0122851 0.431604 0.0240823
1579 0.489903 0.0122733 0.433962 0.0240979
1580 0.489791 0.0123055 0.433962 0.0240979
1581 0.489954 0.0122847 0.429245 0.0240662
1582 0.489869 0.012297 0.433962 0.0240979
1583 0.489985 0.0122855 0.433962 0.0240979
1584 0.490231 0.0123012 0.433962 0.0240979
1585 0.490212 0.0122889 0.429245 0.0240662
1586 0.490206 0.0122941 0.441038 0.0241412
1587 0.490564 0.0122916 0.436321 0.0241129
1588 0.490191 0.0122923 0.441038 0.0241412
1589 0.489529 0.0122948 0.436321 0.0241129
1590 0.489905 0.0122728 0.441038 0.0241412
1591 0.490461 0.012255 0.438679 0.0241273
1592 0.489999 0.0122765 0.429245 0.0240662
1593 0.489718 0.0122796 0.431604 0.0240823
1594 0.490085 0.0122767 0.426887 0.0240495
1595 0.490447 0.012261 0.426887 0.0240495
1596 0.490391 0.0122599 0.419811 0.0239961
1597 0.490622 0.0122547 0.42217 0.0240145
1598 0.490539 0.0122574 0.42217 0.0240145
1599 0.490623 0.0122807 0.426887 0.0240495
1600 0.49111 0.0122782 0.429245 0.0240662
1601 0.491115 0.0123055 0.424528 0.0240323
1602 0.491292 0.0122968 0.424528 0.0240323
1603 0.49054 0.0122822 0.426887 0.0240495
1604 0.490435 0.0122637 0.438679 0.0241273
1605 0.490584 0.0122476 0.431604 0.0240823
1606 0.491081 0.0122271 0.429245 0.0240662
1607 0.491039 0.0122214 0.424528 0.0240323
1608 0.490951 0.0122273 0.426887 0.0240495
1609 0.490377 0.0122286 0.433962 0.0240979
1610 0.490586 0.0122396 0.431604 0.0240823
1611 0.490635 0.0122276 0.431604 0.0240823
1612 0.490379 0.0122218 0.431604 0.0240823
1613 0.49048 0.0122238 0.436321 0.0241129
1614 0.490919 0.0122354 0.441038 0.0241412
1615 0.490521 0.0122234 0.443396 0.0241545
1616 0.490158 0.0122455 0.436321 0.0241129
1617 0.4902 0.012237 0.431604 0.0240823
1618 0.490465 0.0122381 0.433962 0.0240979
1619 0.489874 0.0122501 0.436321 0.0241129
1620 0.489645 0.0122493 0.441038 0.0241412
1621 0.490197 0.012226 0.438679 0.0241273
1622 0.490489 0.0122258 0.441038 0.0241412
1623 0.490632 0.0122435 0.443396 0.0241545
1624 0.490731 0.0122427 0.443396 0.0241545
1625 0.490356 0.0122702 0.45283 0.0242024
1626 0.490676 0.0122919 0.445755 0.0241673
1627 0.490304 0.0123042 0.443396 0.0241545
1628 0.490667 0.0123239 0.443396 0.0241545
1629 0.490943 0.0123059 0.441038 0.0241412
1630 0.490373 0.0123073 0.443396 0.0241545
1631 0.490124 0.0123234 0.443396 0.0241545
1632 0.489885 0.0123263 0.441038 0.0241412
1633 0.489948 0.0123266 0.438679 0.0241273
1634 0.489672 0.0123159 0.443396 0.0241545
1635 0.489263 0.0123334 0.441038 0.0241412
1636 0.489467 0.0123335 0.441038 0.0241412
1637 0.489498 0.0123102 0.448113 0.0241796
1638 0.489848 0.0123017 0.450472 0.0241913
1639 0.489762 0.0122945 0.45283 0.0242024
1640 0.489861 0.0123056 0.455189 0.024213
1641 0.490039 0.0122922 0.448113 0.0241796
1642 0.490564 0.0122838 0.448113 0.0241796
1643 0.490888 0.0123038 0.455189 0.024213
1644 0.490714 0.0123034 0.45283 0.0242024
1645 0.490295 0.012333 0.457547 0.024223
1646 0.491192 0.0123358 0.45283 0.0242024
1647 0.491494 0.0123454 0.448113 0.0241796
1648 0.491622 0.0123696 0.450472 0.0241913
1649 0.492124 0.0123734 0.455189 0.024213
1650 0.491074 0.0123517 0.45283 0.0242024
1651 0.491545 0.0123733 0.45283 0.0242024
1652 0.491839 0.0123535 0.45283 0.0242024
1653 0.491918 0.012347 0.45283 0.0242024
1654 0.492142 0.0123655 0.450472 0.0241913
1655 0.491844 0.0123563 0.448113 0.0241796
1656 0.492065 0.0123765 0.450472 0.0241913
1657 0.492221 0.0123692 0.448113 0.0241796
1658 0.492032 0.0123714 0.443396 0.0241545
1659 0.492275 0.0123418 0.441038 0.0241412
1660 0.49231 0.0123422 0.436321 0.0241129
1661 0.491613 0.0123657 0.445755 0.0241673
1662 0.491458 0.0123731 0.441038 0.0241412
1663 0.491016 0.0123745 0.443396 0.0241545
1664 0.491846 0.0123702 0.441038 0.0241412
1665 0.492046 0.0123763 0.436321 0.0241129
1666 0.491726 0.0123936 0.431604 0.0240823
1667 0.491749 0.0124032 0.436321 0.0241129
1668 0.492245 0.0124222 0.441038 0.0241412
1669 0.491607 0.012403 0.443396 0.0241545
1670 0.491725 0.0123749 0.450472 0.0241913
1671 0.491806 0.0123771 0.448113 0.0241796
1672 0.492341 0.012369 0.448113 0.0241796
1673 0.492589 0.0123765 0.445755 0.0241673
1674 0.493026 0.0123646 0.450472 0.0241913
1675 0.492586 0.0123644 0.45283 0.0242024
1676 0.492323 0.0123561 0.443396 0.0241545
1677 0.492162 0.0123573 0.448113 0.0241796
1678 0.491521 0.0123385 0.448113 0.0241796
1679 0.491713 0.0123308 0.450472 0.0241913
1680 0.492029 0.0123685 0.45283 0.0242024
1681 0.491468 0.0123716 0.450472 0.0241913
1682 0.491936 0.0123671 0.45283 0.0242024
1683 0.491892 0.0123767 0.436321 0.0241129
1684 0.491471 0.012353 0.429245 0.0240662
1685 0.491381 0.012379 0.438679 0.0241273
1686 0.491435 0.0123816 0.431604 0.0240823
1687 0.491521 0.0123632 0.438679 0.0241273
1688 0.491664 0.012356 0.436321 0.0241129
1689 0.491706 0.0123641 0.443396 0.0241545
1690 0.492144 0.0123573 0.436321 0.0241129
1691 0.491857 0.0123653 0.441038 0.0241412
1692 0.491956 0.0123734 0.445755 0.0241673
1693 0.492234 0.0123535 0.441038 0.0241412
1694 0.492395 0.0123461 0.436321 0.0241129
1695 0.492596 0.0123349 0.429245 0.0240662
1696 0.492576 0.0123443 0.424528 0.0240323
1697 0.492 0.012337 0.431604 0.0240823
1698 0.491839 0.0123225 0.431604 0.0240823
1699 0.491625 0.0123289 0.431604 0.0240823
1700 0.491638 0.0123098 0.424528 0.0240323
1701 0.491872 0.0123277 0.426887 0.0240495
1702 0.492001 0.0122972 0.424528 0.0240323
1703 0.492237 0.0122831 0.424528 0.0240323
1704 0.492257 0.0123121 0.424528 0.0240323
1705 0.49228 0.0123212 0.424528 0.0240323
1706 0.492703 0.0123219 0.424528 0.0240323
1707 0.491968 0.0123269 0.433962 0.0240979
1708 0.492106 0.0123189 0.431604 0.0240823
1709 0.492146 0.0123396 0.433962 0.0240979
1710 0.491676 0.0123338 0.433962 0.0240979
1711 0.491769 0.012346 0.441038 0.0241412
1712 0.491586 0.0123544 0.436321 0.0241129
1713 0.491221 0.0123665 0.433962 0.0240979
1714 0.491702 0.0123595 0.431604 0.0240823
1715 0.491354 0.0123335 0.429245 0.0240662
1716 0.491356 0.0123009 0.42217 0.0240145
1717 0.491424 0.012306 0.431604 0.0240823
1718 0.491162 0.0122798 0.426887 0.0240495
1719 0.490886 0.0122766 0.429245 0.0240662
1720 0.491157 0.0122758 0.429245 0.0240662
1721 0.490653 0.0122868 0.433962 0.0240979
1722 0.490109 0.0122901 0.436321 0.0241129
1723 0.489733 0.0123063 0.438679 0.0241273
1724 0.489668 0.0123059 0.429245 0.0240662
1725 0.489713 0.0122775 0.426887 0.0240495
1726 0.489435 0.0122781 0.433962 0.0240979
1727 0.489286 0.0122654 0.438679 0.0241273
1728 0.489233 0.0122858 0.445755 0.0241673
1729 0.489432 0.0122549 0.438679 0.0241273
1730 0.48981 0.012275 0.436321 0.0241129
1731 0.489908 0.0122371 0.426887 0.0240495
1732 0.490444 0.01225 0.426887 0.0240495
1733 0.490795 0.0122394 0.42217 0.0240145
1734 0.491413 0.0122581 0.429245 0.0240662
1735 0.491159 0.0122353 0.42217 0.0240145
1736 0.490883 0.0122517 0.419811 0.0239961
1737 0.490703 0.0122527 0.426887 0.0240495
1738 0.490309 0.0122655 0.431604 0.0240823
1739 0.490664 0.0122646 0.424528 0.0240323
1740 0.490579 0.0122707 0.424528 0.0240323
1741 0.490333 0.0122421 0.42217 0.0240145
1742 0.490234 0.012238 0.424528 0.0240323
1743 0.490747 0.0122371 0.417453 0.0239772
1744 0.491186 0.0122373 0.417453 0.0239772
1745 0.492016 0.0122377 0.410377 0.0239171
1746 0.492425 0.012263 0.412736 0.0239377
1747 0.491891 0.0122626 0.415094 0.0239578
1748 0.492378 0.0122709 0.410377 0.0239171
1749 0.492631 0.0122609 0.40566 0.0238742
1750 0.492562 0.0122572 0.403302 0.0238519
1751 0.492788 0.012257 0.40566 0.0238742
1752 0.49324 0.0122715 0.403302 0.0238519
1753 0.492625 0.0122772 0.415094 0.0239578
1754 0.493242 0.0122922 0.410377 0.0239171
1755 0.493037 0.0122681 0.412736 0.0239377
1756 0.492974 0.0122586 0.412736 0.0239377
1757 0.493101 0.0122407 0.408019 0.0238959
1758 0.492983 0.0122414 0.412736 0.0239377
1759 0.492921 0.0122461 0.412736 0.0239377
1760 0.493466 0.012259 0.419811 0.0239961
1761 0.492841 0.0122535 0.42217 0.0240145
1762 0.492616 0.0122697 0.42217 0.0240145
1763 0.492901 0.0122796 0.424528 0.0240323
1764 0.493259 0.0122795 0.419811 0.0239961
1765 0.493292 0.0122976 0.417453 0.0239772
1766 0.493078 0.012298 0.42217 0.0240145
1767 0.492845 0.0123282 0.42217 0.0240145
1768 0.493374 0.0123191 0.417453 0.0239772
1769 0.493292 0.0123211 0.415094 0.0239578
1770 0.492667 0.0123193 0.42217 0.0240145
1771 0.492266 0.0123016 0.426887 0.0240495
1772 0.493259 0.0123229 0.417453 0.0239772
1773 0.492969 0.0123281 0.419811 0.0239961
1774 0.492895 0.0123152 0.415094 0.0239578
1775 0.492323 0.0123282 0.42217 0.0240145
1776 0.492232 0.0123233 0.417453 0.0239772
1777 0.49276 0.0123318 0.42217 0.0240145
1778 0.492932 0.0123186 0.415094 0.0239578
1779 0.492888 0.0123014 0.419811 0.0239961
1780 0.492027 0.012326 0.424528 0.0240323
1781 0.492309 0.0123245 0.417453 0.0239772
1782 0.492611 0.0123321 0.424528 0.0240323
1783 0.493333 0.0123257 0.426887 0.0240495
1784 0.492693 0.0123167 0.429245 0.0240662
1785 0.493415 0.0123067 0.417453 0.0239772
1786 0.493044 0.01229 0.417453 0.0239772
1787 0.49327 0.0122758 0.415094 0.0239578
1788 0.492937 0.012272 0.415094 0.0239578
1789 0.493437 0.0122624 0.412736 0.0239377
1790 0.493723 0.0122637 0.42217 0.0240145
1791 0.493673 0.0122563 0.417453 0.0239772
1792 0.494311 0.0122842 0.417453 0.0239772
1793 0.493689 0.0122745 0.419811 0.0239961
1794 0.494367 0.0122696 0.419811 0.0239961
1795 0.494493 0.0122783 0.424528 0.0240323
1796 0.49469 0.0122594 0.419811 0.0239961
1797 0.494746 0.0122607 0.419811 0.0239961
1798 0.494091 0.0122586 0.417453 0.0239772
1799 0.493464 0.012262 0.419811 0.0239961
1800 0.493061 0.0122682 0.415094 0.0239578
1801 0.492882 0.0122764 0.415094 0.0239578
1802 0.492847 0.0122761 0.412736 0.0239377
1803 0.493391 0.012285 0.415094 0.0239578
1804 0.493262 0.0122781 0.417453 0.0239772
1805 0.49319 0.0122983 0.419811 0.0239961
1806 0.492631 0.0123057 0.42217 0.0240145
1807 0.493029 0.0122912 0.42217 0.0240145
1808 0.493783 0.0122993 0.417453 0.0239772
1809 0.493866 0.0122936 0.415094 0.0239578
1810 0.493391 0.012312 0.419811 0.0239961
1811 0.493645 0.0123096 0.410377 0.0239171
1812 0.493113 0.0122998 0.417453 0.0239772
1813 0.493266 0.0123045 0.415094 0.0239578
1814 0.494395 0.0123022 0.410377 0.0239171
1815 0.49431 0.0123193 0.408019 0.0238959
1816 0.494363 0.0123056 0.412736 0.0239377
1817 0.494469 0.0123012 0.410377 0.0239171
1818 0.494413 0.0123091 0.410377 0.0239171
1819 0.4953 0.0122866 0.410377 0.0239171
1820 0.495434 0.0122923 0.403302 0.0238519
1821 0.495803 0.0122883 0.403302 0.0238519
1822 0.494963 0.0122923 0.410377 0.0239171
1823 0.494623 0.0122816 0.410377 0.0239171
1824 0.494916 0.0122782 0.412736 0.0239377
1825 0.494843 0.0122568 0.410377 0.0239171
1826 0.494694 0.0122676 0.410377 0.0239171
1827 0.494986 0.0122778 0.410377 0.0239171
1828 0.495357 0.0122913 0.40566 0.0238742
1829 0.495483 0.0122999 0.408019 0.0238959
1830 0.495534 0.0123091 0.410377 0.0239171
1831 0.495346 0.012331 0.412736 0.0239377
1832 0.495825 0.0123087 0.412736 0.0239377
1833 0.49606 0.0123278 0.415094 0.0239578
1834 0.496686 0.0123107 0.412736 0.0239377
1835 0.496658 0.0123045 0.408019 0.0238959
1836 0.497033 0.0123134 0.410377 0.0239171
1837 0.496892 0.0123234 0.410377 0.0239171
1838 0.497035 0.0123312 0.408019 0.0238959
1839 0.496945 0.0123121 0.40566 0.0238742
1840 0.497113 0.0123149 0.403302 0.0238519
1841 0.497164 0.0123133 0.408019 0.0238959
1842 0.497289 0.012302 0.408019 0.0238959
1843 0.496635 0.0122821 0.410377 0.0239171
1844 0.496211 0.0122689 0.408019 0.0238959
1845 0.495633 0.0122434 0.412736 0.0239377
1846 0.495771 0.0122554 0.412736 0.0239377
1847 0.496231 0.0122565 0.415094 0.0239578
1848 0.496492 0.0122655 0.412736 0.0239377
1849 0.496032 0.0122546 0.415094 0.0239578
1850 0.495816 0.012253 0.424528 0.0240323
1851 0.495773 0.0122502 0.417453 0.0239772
1852 0.495794 0.0122118 0.410377 0.0239171
1853 0.495665 0.0122359 0.419811 0.0239961
1854 0.495348 0.0122393 0.424528 0.0240323
1855 0.495409 0.0122246 0.412736 0.0239377
1856 0.495487 0.0122109 0.412736 0.0239377
1857 0.496121 0.0122388 0.412736 0.0239377
1858 0.496209 0.0122509 0.415094 0.0239578
1859 0.49618 0.0122305 0.412736 0.0239377
1860 0.496602 0.0122348 0.412736 0.0239377
1861 0.495669 0.0122321 0.410377 0.0239171
1862 0.49504 0.0122151 0.410377 0.0239171
1863 0.495604 0.012233 0.412736 0.0239377
1864 0.495458 0.0122213 0.410377 0.0239171
1865 0.495314 0.0122066 0.410377 0.0239171
1866 0.495149 0.0122221 0.417453 0.0239772
1867 0.494777 0.0122137 0.410377 0.0239171
1868 0.495241 0.0122231 0.415094 0.0239578
1869 0.495705 0.0122479 0.412736 0.0239377
1870 0.495405 0.012287 0.415094 0.0239578
1871 0.49589 0.0122696 0.408019 0.0238959
1872 0.496303 0.0122671 0.419811 0.0239961
1873 0.496386 0.0122692 0.415094 0.0239578
1874 0.496176 0.0122549 0.419811 0.0239961
1875 0.495928 0.0122644 0.424528 0.0240323
1876 0.496016 0.0122651 0.415094 0.0239578
1877 0.495676 0.0122691 0.417453 0.0239772
1878 0.494997 0.012276 0.429245 0.0240662
1879 0.495218 0.0122487 0.424528 0.0240323
1880 0.495447 0.0122401 0.426887 0.0240495
1881 0.495536 0.0122528 0.431604 0.0240823
1882 0.495559 0.0122396 0.42217 0.0240145
1883 0.495421 0.0122742 0.429245 0.0240662
1884 0.496218 0.0123053 0.431604 0.0240823
1885 0.496664 0.012296 0.433962 0.0240979
1886 0.496751 0.0123014 0.431604 0.0240823
1887 0.497248 0.012296 0.436321 0.0241129
1888 0.497283 0.0123116 0.436321 0.0241129
1889 0.497124 0.0123121 0.431604 0.0240823
1890 0.496961 0.0123015 0.433962 0.0240979
1891 0.497659 0.0122853 0.436321 0.0241129
1892 0.497428 0.0122754 0.438679 0.0241273
1893 0.496911 0.0122685 0.433962 0.0240979
1894 0.496685 0.0122755 0.433962 0.0240979
1895 0.496257 0.012262 0.433962 0.0240979
1896 0.495857 0.012258 0.436321 0.0241129
1897 0.495766 0.0122541 0.438679 0.0241273
1898 0.495218 0.0122307 0.433962 0.0240979
1899 0.495663 0.0122527 0.426887 0.0240495
1900 0.495659 0.0122716 0.429245 0.0240662
1901 0.495439 0.0122602 0.433962 0.0240979
1902 0.494876 0.0122525 0.436321 0.0241129
1903 0.494738 0.0122361 0.431604 0.0240823
1904 0.494637 0.0122346 0.436321 0.0241129
1905 0.494717 0.0122367 0.436321 0.0241129
1906 0.494892 0.0122496 0.429245 0.0240662
1907 0.494183 0.0122527 0.426887 0.0240495
1908 0.49422 0.012278 0.431604 0.0240823
1909 0.494401 0.0122572 0.429245 0.0240662
1910 0.494699 0.0122723 0.424528 0.0240323
1911 0.494294 0.0122887 0.426887 0.0240495
1912 0.494345 0.0122721 0.426887 0.0240495
1913 0.494009 0.0122699 0.431604 0.0240823
1914 0.493764 0.012265 0.438679 0.0241273
1915 0.49415 0.0122311 0.433962 0.0240979
1916 0.49375 0.0122514 0.433962 0.0240979
1917 0.493948 0.0122601 0.426887 0.0240495
1918 0.493519 0.0122818 0.431604 0.0240823
1919 0.493055 0.0123002 0.429245 0.0240662
1920 0.493211 0.0122798 0.436321 0.0241129
1921 0.493017 0.0122597 0.436321 0.0241129
1922 0.492849 0.0122511 0.441038 0.0241412
1923 0.492227 0.0122537 0.441038 0.0241412
1924 0.493191 0.0122937 0.436321 0.0241129
1925 0.493073 0.0122869 0.441038 0.0241412
1926 0.492759 0.0122818 0.431604 0.0240823
1927 0.492402 0.012281 0.431604 0.0240823
1928 0.492528 0.0122736 0.431604 0.0240823
1929 0.492544 0.0122824 0.429245 0.0240662
1930 0.4928 0.012295 0.429245 0.0240662
1931 0.492367 0.0122953 0.436321 0.0241129
1932 0.491928 0.012286 0.426887 0.0240495
1933 0.492232 0.0122772 0.431604 0.0240823
1934 0.492035 0.0122666 0.431604 0.0240823
1935 0.491868 0.0122785 0.433962 0.0240979
1936 0.49224 0.0122825 0.431604 0.0240823
1937 0.492614 0.0122707 0.431604 0.0240823
1938 0.492876 0.0122789 0.429245 0.0240662
1939 0.492861 0.0122775 0.431604 0.0240823
1940 0.493207 0.0122877 0.431604 0.0240823
1941 0.492666 0.0122808 0.431604 0.0240823
1942 0.492538 0.0122815 0.441038 0.0241412
1943 0.493249 0.0122826 0.436321 0.0241129
1944 0.493745 0.0122763 0.438679 0.0241273
1945 0.493946 0.0122843 0.438679 0.0241273
1946 0.49347 0.0122831 0.438679 0.0241273
1947 0.493195 0.0122895 0.443396 0.0241545
1948 0.493923 0.0122547 0.436321 0.0241129
1949 0.494055 0.0122816 0.433962 0.0240979
1950 0.493709 0.0122771 0.433962 0.0240979
1951 0.49385 0.0122647 0.431604 0.0240823
1952 0.4936 0.0122471 0.436321 0.0241129
1953 0.493745 0.0122526 0.424528 0.0240323
1954 0.494061 0.0122284 0.424528 0.0240323
1955 0.493932 0.0122382 0.419811 0.0239961
1956 0.49425 0.0122409 0.424528 0.0240323
1957 0.493817 0.0122505 0.42217 0.0240145
1958 0.494633 0.0122513 0.426887 0.0240495
1959 0.494374 0.0122499 0.42217 0.0240145
1960 0.493453 0.0122388 0.419811 0.0239961
1961 0.49391 0.0122408 0.419811 0.0239961
1962 0.493042 0.0122483 0.419811 0.0239961
1963 0.493603 0.0122557 0.424528 0.0240323
1964 0.49371 0.0122626 0.419811 0.0239961
1965 0.494045 0.0122637 0.424528 0.0240323
1966 0.494099 0.0122649 0.429245 0.0240662
1967 0.493609 0.0122773 0.426887 0.0240495
1968 0.493703 0.0122655 0.42217 0.0240145
1969 0.493693 0.0122663 0.429245 0.0240662
1970 0.494039 0.0122552 0.429245 0.0240662
1971 0.493561 0.0122533 0.426887 0.0240495
1972 0.493476 0.0122524 0.424528 0.0240323
1973 0.493359 0.0122562 0.419811 0.0239961
1974 0.493729 0.0122804 0.426887 0.0240495
1975 0.493411 0.0123131 0.424528 0.0240323
1976 0.492966 0.012318 0.42217 0.0240145
1977 0.493094 0.0123196 0.426887 0.0240495
1978 0.492848 0.0123261 0.429245 0.0240662
1979 0.492323 0.0123175 0.424528 0.0240323
1980 0.492493 0.0123174 0.424528 0.0240323
1981 0.492101 0.0123433 0.426887 0.0240495
1982 0.491145 0.012343 0.429245 0.0240662
1983 0.491701 0.0123275 0.424528 0.0240323
1984 0.49126 0.0123391 0.419811 0.0239961
1985 0.490887 0.0123249 0.424528 0.0240323
1986 0.491807 0.0123091 0.426887 0.0240495
1987 0.491529 0.0123279 0.431604 0.0240823
1988 0.491819 0.0122918 0.42217 0.0240145
1989 0.491428 0.0122848 0.429245 0.0240662
1990 0.491502 0.0122972 0.431604 0.0240823
1991 0.491796 0.012312 0.429245 0.0240662
1992 0.491449 0.0123111 0.433962 0.0240979
1993 0.49099 0.0123003 0.429245 0.0240662
1994 0.490451 0.0122885 0.431604 0.0240823
1995 0.490934 0.0123084 0.436321 0.0241129
1996 0.489946 0.0122956 0.433962 0.0240979
1997 0.490034 0.012298 0.417453 0.0239772
1998 0.490392 0.0122692 0.419811 0.0239961
1999 0.489884 0.0122639 0.429245 0.0240662
