#sample=2781
0 0.00177086 0.000258903 0.99964 0.000359583
1 0.00217284 0.000365423 0.998921 0.000622592
2 0.00256379 0.000461181 0.997483 0.00095034
3 0.00207031 0.000337086 0.998562 0.000718778
4 0.00236656 0.000391582 0.998562 0.000718778
5 0.00262191 0.000412977 0.998202 0.000803473
6 0.00387823 0.000636266 0.995685 0.00124316
7 0.00350698 0.000606694 0.997123 0.00101577
8 0.00256155 0.000285357 0.999281 0.000508436
9 0.00444382 0.000678214 0.996764 0.0010772
10 0.00404625 0.000604303 0.997123 0.00101577
11 0.00399827 0.000503245 0.997843 0.000880002
12 0.00397156 0.000429507 0.997843 0.000880002
13 0.00529439 0.000670915 0.996404 0.00113526
14 0.00577754 0.000721503 0.995325 0.00129369
15 0.00612772 0.000737926 0.995325 0.00129369
16 0.00655938 0.000741047 0.996404 0.00113526
17 0.00607194 0.000578656 0.997483 0.00095034
18 0.00720639 0.000778938 0.996045 0.00119045
19 0.00666556 0.000613411 0.997483 0.00095034
20 0.00729211 0.000696101 0.997123 0.00101577
21 0.00740229 0.000622977 0.996404 0.00113526
22 0.00798583 0.000708851 0.996764 0.0010772
23 0.00841718 0.000677615 0.996404 0.00113526
24 0.00925271 0.000790427 0.995325 0.00129369
25 0.00914056 0.000681712 0.995685 0.00124316
26 0.00951517 0.00075311 0.996045 0.00119045
27 0.00981953 0.000719892 0.996404 0.00113526
28 0.00984266 0.000612525 0.996404 0.00113526
29 0.0103538 0.000672069 0.996404 0.00113526
30 0.0113176 0.000818711 0.995685 0.00124316
31 0.0113385 0.000748407 0.995685 0.00124316
32 0.0116378 0.000752628 0.995325 0.00129369
33 0.0120732 0.000829962 0.996404 0.00113526
34 0.0120274 0.000725973 0.996764 0.0010772
35 0.0130801 0.000816023 0.994966 0.00134229
36 0.0126713 0.000697313 0.996764 0.0010772
37 0.0137633 0.000814948 0.994966 0.00134229
38 0.0148035 0.000935687 0.994247 0.00143445
39 0.0146978 0.000822948 0.994966 0.00134229
40 0.0153388 0.000865519 0.994606 0.00138915
41 0.0152087 0.000823515 0.995325 0.00129369
42 0.0155107 0.000861558 0.994966 0.00134229
43 0.0154374 0.000742356 0.996045 0.00119045
44 0.0160696 0.000782669 0.995685 0.00124316
45 0.0170618 0.000840776 0.994966 0.00134229
46 0.0170422 0.000813636 0.995685 0.00124316
47 0.0172759 0.000778994 0.995325 0.00129369
48 0.0174903 0.000723566 0.996045 0.00119045
49 0.017596 0.000730064 0.996045 0.00119045
50 0.0180984 0.000716654 0.996764 0.0010772
51 0.0194194 0.00080893 0.995325 0.00129369
52 0.0187507 0.00071529 0.996045 0.00119045
53 0.0195351 0.000808773 0.995685 0.00124316
54 0.0208613 0.000882861 0.994966 0.00134229
55 0.0213749 0.00087104 0.994606 0.00138915
56 0.0215672 0.00087476 0.994247 0.00143445
57 0.0225355 0.000938656 0.993887 0.00147833
58 0.0218539 0.000751921 0.996045 0.00119045
59 0.0232157 0.000823077 0.995325 0.00129369
60 0.023335 0.000875944 0.996764 0.0010772
61 0.0239041 0.000847803 0.994966 0.00134229
62 0.0242679 0.000867679 0.994966 0.00134229
63 0.0252494 0.000895773 0.994966 0.00134229
64 0.0264279 0.000987108 0.993528 0.00152091
65 0.026306 0.000874056 0.995325 0.00129369
66 0.0269323 0.00087054 0.995685 0.00124316
67 0.0273574 0.000905763 0.994247 0.00143445
68 0.027502 0.000827757 0.996045 0.00119045
69 0.027946 0.000791129 0.995325 0.00129369
70 0.0283688 0.000823694 0.995685 0.00124316
71 0.0280806 0.000779234 0.995685 0.00124316
72 0.0303093 0.000924881 0.993887 0.00147833
73 0.029716 0.000878625 0.994966 0.00134229
74 0.0308634 0.000945726 0.995325 0.00129369
75 0.0317569 0.000934989 0.994966 0.00134229
76 0.0318067 0.000892761 0.994966 0.00134229
77 0.0322027 0.00084066 0.995685 0.00124316
78 0.0334129 0.000898369 0.995325 0.00129369
79 0.0336911 0.000891268 0.994966 0.00134229
80 0.0346636 0.000951531 0.994606 0.00138915
81 0.0347828 0.000985815 0.993887 0.00147833
82 0.0353188 0.000948331 0.994966 0.00134229
83 0.0358477 0.00103242 0.994966 0.00134229
84 0.0369083 0.0010117 0.994247 0.00143445
85 0.0374753 0.00102979 0.995325 0.00129369
86 0.0377302 0.0010115 0.994247 0.00143445
87 0.0378786 0.000975597 0.994966 0.00134229
88 0.0379708 0.000966049 0.995325 0.00129369
89 0.0394961 0.00100469 0.994247 0.00143445
90 0.0396793 0.000976267 0.994966 0.00134229
91 0.0398414 0.000929868 0.994966 0.00134229
92 0.0409603 0.00100994 0.994247 0.00143445
93 0.0411221 0.00102201 0.993887 0.00147833
94 0.0422913 0.000992154 0.994606 0.00138915
95 0.0424927 0.00105077 0.993528 0.00152091
96 0.0432784 0.00106089 0.994606 0.00138915
97 0.0436541 0.00103745 0.994966 0.00134229
98 0.0432002 0.000996018 0.994966 0.00134229
99 0.0445469 0.00107603 0.993887 0.00147833
100 0.0448778 0.00100677 0.994606 0.00138915
101 0.0448504 0.0010224 0.994247 0.00143445
102 0.0465173 0.00106167 0.994966 0.00134229
103 0.0462446 0.00102538 0.994247 0.00143445
104 0.0468167 0.0010293 0.994606 0.00138915
105 0.0475989 0.00107502 0.993887 0.00147833
106 0.0470493 0.0010839 0.994247 0.00143445
107 0.0481167 0.00110986 0.994247 0.00143445
108 0.0477357 0.00107763 0.994247 0.00143445
109 0.0476468 0.00102646 0.994606 0.00138915
110 0.0497054 0.00115075 0.993168 0.0015623
111 0.0485584 0.00112132 0.993168 0.0015623
112 0.0488794 0.00107498 0.995325 0.00129369
113 0.0484965 0.00107203 0.994606 0.00138915
114 0.0505455 0.00106258 0.994247 0.00143445
115 0.0494772 0.00103592 0.993887 0.00147833
116 0.0512113 0.00114262 0.994966 0.00134229
117 0.0502166 0.0010901 0.994606 0.00138915
118 0.0506746 0.00109024 0.994966 0.00134229
119 0.0516691 0.00109431 0.994247 0.00143445
120 0.0523947 0.00112449 0.995325 0.00129369
121 0.0508985 0.00102208 0.994247 0.00143445
122 0.052291 0.00113868 0.993168 0.0015623
123 0.0526882 0.00116757 0.994606 0.00138915
124 0.0526196 0.00111916 0.993528 0.00152091
125 0.0519322 0.00104607 0.994247 0.00143445
126 0.0546111 0.00120584 0.993528 0.00152091
127 0.0539163 0.00118196 0.994606 0.00138915
128 0.0538332 0.00113784 0.993887 0.00147833
129 0.0546302 0.00116342 0.993168 0.0015623
130 0.0538419 0.00109868 0.994966 0.00134229
131 0.054046 0.00112736 0.994966 0.00134229
132 0.0558526 0.0012011 0.993528 0.00152091
133 0.0550595 0.00112515 0.994247 0.00143445
134 0.0559008 0.0012137 0.993887 0.00147833
135 0.0553433 0.00116965 0.993887 0.00147833
136 0.0564833 0.00113495 0.995325 0.00129369
137 0.0564442 0.00117151 0.993528 0.00152091
138 0.0561577 0.00117441 0.993887 0.00147833
139 0.0585003 0.00128104 0.993887 0.00147833
140 0.0577248 0.00121243 0.993887 0.00147833
141 0.0578103 0.00125994 0.992449 0.00164188
142 0.0572729 0.00110688 0.995325 0.00129369
143 0.0575392 0.00117859 0.994606 0.00138915
144 0.0592423 0.0012885 0.993887 0.00147833
145 0.0577491 0.00110743 0.994966 0.00134229
146 0.0594417 0.00119448 0.994247 0.00143445
147 0.0589791 0.00120109 0.993887 0.00147833
148 0.0595544 0.00120385 0.993887 0.00147833
149 0.0601591 0.00118985 0.993887 0.00147833
150 0.0600489 0.00116048 0.994966 0.00134229
151 0.0607278 0.00125391 0.993528 0.00152091
152 0.0597707 0.00111225 0.995685 0.00124316
153 0.0615611 0.00123699 0.992449 0.00164188
154 0.0613291 0.00120522 0.993528 0.00152091
155 0.0619724 0.00121325 0.993168 0.0015623
156 0.0629548 0.00128024 0.993528 0.00152091
157 0.0625675 0.00124199 0.992449 0.00164188
158 0.0623935 0.00124084 0.993887 0.00147833
159 0.0630842 0.00122209 0.992808 0.0016026
160 0.0639724 0.00126241 0.994247 0.00143445
161 0.0641918 0.00127664 0.993887 0.00147833
162 0.0639224 0.00125473 0.993887 0.00147833
163 0.0646415 0.00123864 0.992808 0.0016026
164 0.063521 0.00116668 0.994247 0.00143445
165 0.063777 0.00123879 0.992808 0.0016026
166 0.0646467 0.00124164 0.993887 0.00147833
167 0.0646099 0.00124383 0.992808 0.0016026
168 0.064757 0.0012772 0.993887 0.00147833
169 0.0649541 0.0012673 0.992808 0.0016026
170 0.0651535 0.00119631 0.994606 0.00138915
171 0.065631 0.00129203 0.993528 0.00152091
172 0.0658765 0.00119671 0.993887 0.00147833
173 0.0663711 0.00114354 0.996404 0.00113526
174 0.0667961 0.00122909 0.993887 0.00147833
175 0.0678867 0.00124938 0.993528 0.00152091
176 0.0678209 0.00127796 0.993887 0.00147833
177 0.067645 0.00124537 0.994247 0.00143445
178 0.0681387 0.00124648 0.992808 0.0016026
179 0.0686772 0.00128683 0.993887 0.00147833
180 0.068851 0.00127846 0.993528 0.00152091
181 0.0689716 0.00131432 0.993168 0.0015623
182 0.068836 0.00124921 0.994247 0.00143445
183 0.0695961 0.00127212 0.993528 0.00152091
184 0.0696292 0.00126653 0.994247 0.00143445
185 0.0705139 0.00131769 0.993528 0.00152091
186 0.0700194 0.00130022 0.993168 0.0015623
187 0.0699076 0.00129896 0.993168 0.0015623
188 0.0713181 0.00136408 0.993528 0.00152091
189 0.0714882 0.00134585 0.993528 0.00152091
190 0.0727915 0.00139596 0.99173 0.00171766
191 0.0717254 0.00132169 0.994247 0.00143445
192 0.0727542 0.00133631 0.993887 0.00147833
193 0.0717726 0.00131941 0.994247 0.00143445
194 0.0718308 0.00128323 0.992449 0.00164188
195 0.0712562 0.00132134 0.994247 0.00143445
196 0.0724513 0.00137994 0.993168 0.0015623
197 0.0721262 0.00129971 0.993168 0.0015623
198 0.0724711 0.00137458 0.993528 0.00152091
199 0.0736551 0.00138809 0.992808 0.0016026
200 0.0730393 0.00134451 0.993887 0.00147833
201 0.0734247 0.00134015 0.994247 0.00143445
202 0.0739414 0.00130291 0.993528 0.00152091
203 0.0739961 0.00129754 0.994247 0.00143445
204 0.0748478 0.00135768 0.993168 0.0015623
205 0.0747665 0.00130786 0.992808 0.0016026
206 0.0761507 0.0014199 0.992089 0.00168021
207 0.0760272 0.00133009 0.994606 0.00138915
208 0.0772664 0.00135719 0.993528 0.00152091
209 0.0758596 0.00137069 0.993887 0.00147833
210 0.0775901 0.00134498 0.993887 0.00147833
211 0.0766307 0.00130966 0.993528 0.00152091
212 0.0780982 0.00136609 0.994247 0.00143445
213 0.0769533 0.00134281 0.993887 0.00147833
214 0.0781618 0.00134039 0.994966 0.00134229
215 0.0783162 0.00134874 0.992808 0.0016026
216 0.0781547 0.00136221 0.993887 0.00147833
217 0.0778188 0.00135044 0.993887 0.00147833
218 0.0793281 0.00138333 0.994247 0.00143445
219 0.0784357 0.00136959 0.993528 0.00152091
220 0.0777515 0.00137692 0.994247 0.00143445
221 0.079781 0.00134151 0.993528 0.00152091
222 0.0794195 0.00138081 0.992449 0.00164188
223 0.0786093 0.00133554 0.993887 0.00147833
224 0.0797104 0.00140785 0.993528 0.00152091
225 0.0814381 0.00140912 0.992449 0.00164188
226 0.081009 0.00138692 0.992808 0.0016026
227 0.0812049 0.00143143 0.993528 0.00152091
228 0.080593 0.00142295 0.992449 0.00164188
229 0.0810114 0.00141055 0.993168 0.0015623
230 0.0819456 0.0014232 0.992089 0.00168021
231 0.0812951 0.0013126 0.994247 0.00143445
232 0.0816949 0.00139397 0.992808 0.0016026
233 0.0829951 0.00144433 0.992089 0.00168021
234 0.0822197 0.00144444 0.990291 0.00185969
235 0.0826086 0.00142048 0.993887 0.00147833
236 0.0829449 0.00139744 0.992449 0.00164188
237 0.0839675 0.00144102 0.99173 0.00171766
238 0.0824732 0.0014329 0.992449 0.00164188
239 0.0829619 0.00138912 0.993887 0.00147833
240 0.0851704 0.00148273 0.992808 0.0016026
241 0.0858962 0.00147807 0.99137 0.00175429
242 0.0861274 0.001442 0.993168 0.0015623
243 0.0857097 0.00142154 0.993168 0.0015623
244 0.0855301 0.00140379 0.993528 0.00152091
245 0.0849131 0.00137827 0.994606 0.00138915
246 0.0858367 0.00143485 0.992449 0.00164188
247 0.0864449 0.00147755 0.993168 0.0015623
248 0.0869393 0.00144398 0.993168 0.0015623
249 0.0855397 0.00145934 0.992089 0.00168021
250 0.0862599 0.00146152 0.99173 0.00171766
251 0.08716 0.00148779 0.99101 0.00179014
252 0.0876093 0.0014974 0.99173 0.00171766
253 0.0887223 0.00157551 0.99101 0.00179014
254 0.0880916 0.00144791 0.99173 0.00171766
255 0.0887574 0.00149087 0.992089 0.00168021
256 0.0879007 0.00143464 0.99137 0.00175429
257 0.0886183 0.00147426 0.99101 0.00179014
258 0.0883979 0.00144049 0.993528 0.00152091
259 0.0905746 0.00150818 0.99101 0.00179014
260 0.0910858 0.00148902 0.99173 0.00171766
261 0.0916408 0.00150958 0.99137 0.00175429
262 0.0917383 0.00149063 0.992089 0.00168021
263 0.0907152 0.00144254 0.993168 0.0015623
264 0.0922072 0.00147732 0.99137 0.00175429
265 0.0928135 0.00152381 0.990651 0.00182526
266 0.0915375 0.00149608 0.99173 0.00171766
267 0.0929647 0.00151958 0.99137 0.00175429
268 0.0935048 0.00156242 0.989932 0.00189347
269 0.0936764 0.00150663 0.99173 0.00171766
270 0.0945743 0.00146635 0.990651 0.00182526
271 0.0960046 0.00151274 0.990291 0.00185969
272 0.0961364 0.00155792 0.99101 0.00179014
273 0.0970046 0.001532 0.99137 0.00175429
274 0.0973204 0.00150606 0.99137 0.00175429
275 0.0974159 0.00156021 0.989932 0.00189347
276 0.0975661 0.00155948 0.990291 0.00185969
277 0.0987871 0.00158208 0.986336 0.00220182
278 0.0983619 0.0015948 0.988493 0.00202273
279 0.0982749 0.00155514 0.989213 0.00195922
280 0.0994257 0.001567 0.989213 0.00195922
281 0.0989325 0.00158662 0.990291 0.00185969
282 0.0991749 0.00157926 0.99173 0.00171766
283 0.101453 0.00160212 0.988853 0.00199124
284 0.102765 0.00161654 0.988493 0.00202273
285 0.102364 0.00162177 0.987415 0.00211427
286 0.103734 0.0016024 0.988853 0.00199124
287 0.102469 0.00158695 0.987055 0.00214387
288 0.104213 0.00165303 0.988493 0.00202273
289 0.102758 0.00160661 0.987774 0.00208423
290 0.104689 0.00160572 0.988134 0.00205372
291 0.105473 0.00160473 0.990291 0.00185969
292 0.106604 0.00167347 0.98274 0.00247011
293 0.106313 0.0016418 0.987055 0.00214387
294 0.106034 0.00160099 0.988134 0.00205372
295 0.106347 0.00158678 0.988853 0.00199124
296 0.108656 0.00167342 0.986695 0.00217305
297 0.107686 0.00163294 0.987055 0.00214387
298 0.108817 0.00170317 0.986336 0.00220182
299 0.108826 0.00171332 0.986336 0.00220182
300 0.109101 0.00165635 0.984538 0.00234006
301 0.110276 0.00167508 0.985257 0.00228583
302 0.110617 0.00167413 0.985976 0.00223019
303 0.111412 0.00166573 0.986695 0.00217305
304 0.113041 0.001665 0.985257 0.00228583
305 0.113336 0.00171187 0.984898 0.00231312
306 0.115719 0.00172473 0.984178 0.00236668
307 0.115176 0.00172168 0.983459 0.00241899
308 0.11666 0.00174217 0.98238 0.00249526
309 0.115883 0.00173241 0.98238 0.00249526
310 0.115709 0.00170154 0.981302 0.00256909
311 0.11877 0.00169594 0.980583 0.00261707
312 0.119223 0.00179054 0.981302 0.00256909
313 0.120407 0.00176704 0.978425 0.0027556
314 0.119778 0.00173036 0.980223 0.00264071
315 0.121224 0.00172599 0.98274 0.00247011
316 0.123314 0.00180035 0.976987 0.00284388
317 0.123318 0.00179263 0.976627 0.00286549
318 0.124431 0.00181137 0.976987 0.00284388
319 0.125145 0.00183993 0.971953 0.00313146
320 0.126354 0.00184209 0.972672 0.0030922
321 0.130093 0.00188369 0.967997 0.00333818
322 0.130346 0.00180525 0.973031 0.00307235
323 0.132617 0.001926 0.964401 0.00351418
324 0.13227 0.00184955 0.966199 0.00342748
325 0.13177 0.00186488 0.967278 0.00337422
326 0.1338 0.00187932 0.96548 0.00346246
327 0.136939 0.00195465 0.959727 0.00372872
328 0.136554 0.00192758 0.95721 0.00383843
329 0.137683 0.00194908 0.958648 0.00377621
330 0.139132 0.00190785 0.958288 0.00379188
331 0.139133 0.00195303 0.958288 0.00379188
332 0.14024 0.00193899 0.954693 0.00394452
333 0.139711 0.0019141 0.958648 0.00377621
334 0.142912 0.00200262 0.94858 0.00418873
335 0.142872 0.00200402 0.947141 0.00424369
336 0.143002 0.00201203 0.950018 0.00413286
337 0.146712 0.00204899 0.94822 0.00420255
338 0.148435 0.0020744 0.941388 0.00445508
339 0.150831 0.00212407 0.941388 0.00445508
340 0.153639 0.00210194 0.935994 0.0046422
341 0.154198 0.00209754 0.935275 0.00466641
342 0.156292 0.00216794 0.929881 0.00484293
343 0.15663 0.00213432 0.93096 0.00480832
344 0.15799 0.00216999 0.928803 0.00487721
345 0.160687 0.00223271 0.926645 0.0049448
346 0.162888 0.0022525 0.916936 0.00523423
347 0.163709 0.00223499 0.918015 0.00520319
348 0.166301 0.00226057 0.915858 0.00526501
349 0.167463 0.00225662 0.911183 0.00539546
350 0.169239 0.00229524 0.907228 0.00550231
351 0.171451 0.00227478 0.904711 0.00556871
352 0.173723 0.00236599 0.900755 0.00567068
353 0.174456 0.00236847 0.895361 0.00580527
354 0.176177 0.00239401 0.88817 0.0059773
355 0.179184 0.00241198 0.881338 0.00613346
356 0.180186 0.00245264 0.880618 0.0061495
357 0.183193 0.00249077 0.873786 0.00629844
358 0.185124 0.00251888 0.873786 0.00629844
359 0.190172 0.0025762 0.86192 0.00654299
360 0.192029 0.0025782 0.856167 0.00665559
361 0.194094 0.00256854 0.851492 0.00674439
362 0.197302 0.00262719 0.844301 0.00687653
363 0.199261 0.0026604 0.842143 0.00691516
364 0.202511 0.00266296 0.837469 0.0069973
365 0.205314 0.00270022 0.8274 0.0071673
366 0.209162 0.00275086 0.820209 0.00728323
367 0.210267 0.00279728 0.819849 0.00728892
368 0.214209 0.00280277 0.811938 0.00741122
369 0.217136 0.00283507 0.80187 0.0075597
370 0.221266 0.00287471 0.793959 0.00767103
371 0.2231 0.0029432 0.786048 0.00777786
372 0.226711 0.00295455 0.783531 0.00781094
373 0.230467 0.00298994 0.769148 0.00799189
374 0.234499 0.00303204 0.767709 0.00800925
375 0.236164 0.0030573 0.756922 0.00813535
376 0.239435 0.0030728 0.754405 0.00816375
377 0.242688 0.00310252 0.748652 0.00822727
378 0.245748 0.0031413 0.740741 0.00831147
379 0.249011 0.0031635 0.735347 0.00836685
380 0.251624 0.00318094 0.727796 0.0084417
381 0.25657 0.00325596 0.713772 0.00857262
382 0.26041 0.0032543 0.704423 0.00865426
383 0.264401 0.00331107 0.700108 0.00869046
384 0.267564 0.00331275 0.692557 0.00875161
385 0.271962 0.00338039 0.683567 0.00882082
386 0.276266 0.00341564 0.673499 0.00889382
387 0.27927 0.00344923 0.667386 0.00893586
388 0.283235 0.00349927 0.661633 0.00897388
389 0.287974 0.00351079 0.650126 0.00904549
390 0.291098 0.00353174 0.645092 0.009075
391 0.294833 0.00357197 0.635383 0.0091288
392 0.298994 0.00359302 0.630708 0.00915328
393 0.301424 0.00362512 0.627472 0.00916968
394 0.304831 0.00364674 0.621359 0.00919947
395 0.308143 0.00368109 0.613448 0.00923571
396 0.311806 0.00371107 0.610572 0.00924825
397 0.31477 0.00373683 0.602661 0.009281
398 0.318284 0.00374959 0.594391 0.00931253
399 0.320271 0.00376459 0.592233 0.0093203
400 0.324506 0.00381945 0.582165 0.00935412
401 0.327558 0.00384088 0.583963 0.00934838
402 0.33119 0.00386691 0.571377 0.00938592
403 0.333131 0.00388986 0.566343 0.00939919
404 0.33596 0.00391934 0.567781 0.0093955
405 0.339684 0.0039461 0.56059 0.00941316
406 0.342743 0.00397254 0.556634 0.00942201
407 0.345754 0.00398588 0.549443 0.00943656
408 0.348516 0.00400972 0.546566 0.00944183
409 0.35133 0.00403911 0.539374 0.00945359
410 0.354046 0.00405556 0.537936 0.00945571
411 0.357021 0.00409711 0.530385 0.00946551
412 0.359273 0.00411268 0.53434 0.00946065
413 0.362315 0.00414104 0.527868 0.0094683
414 0.365172 0.00415471 0.524631 0.00947153
415 0.368078 0.00416841 0.516361 0.00947796
416 0.370496 0.00420439 0.512765 0.00947995
417 0.372417 0.00423145 0.511327 0.00948061
418 0.374679 0.00424305 0.50845 0.00948169
419 0.376177 0.00425045 0.503776 0.00948277
420 0.378265 0.0042632 0.503416 0.00948282
421 0.380408 0.00428172 0.503056 0.00948286
422 0.382518 0.00430045 0.503416 0.00948282
423 0.383962 0.00432356 0.495865 0.00948272
424 0.385852 0.00434298 0.496224 0.00948277
425 0.387956 0.00434755 0.494786 0.00948252
426 0.38936 0.00434422 0.49155 0.00948169
427 0.390928 0.0043518 0.490831 0.00948145
428 0.392813 0.00435933 0.488673 0.00948061
429 0.394819 0.00436575 0.483999 0.00947818
430 0.395898 0.0043799 0.481122 0.00947628
431 0.397274 0.00439744 0.478964 0.00947464
432 0.398675 0.00440581 0.476088 0.00947219
433 0.400603 0.00441895 0.472492 0.00946868
434 0.401156 0.00442495 0.468896 0.00946467
435 0.402728 0.00443816 0.471773 0.00946792
436 0.404485 0.00445403 0.468536 0.00946425
437 0.405611 0.00447074 0.471773 0.00946792
438 0.408306 0.00448349 0.469975 0.00946593
439 0.409765 0.00448971 0.469256 0.0094651
440 0.411575 0.0044918 0.4653 0.00946018
441 0.413223 0.00451199 0.463143 0.00945724
442 0.414132 0.00452541 0.459547 0.00945195
443 0.415996 0.00454048 0.461345 0.00945466
444 0.416626 0.0045646 0.456311 0.00944677
445 0.418402 0.00456617 0.458468 0.00945027
446 0.419654 0.00457568 0.457389 0.00944854
447 0.419637 0.00458676 0.458109 0.0094497
448 0.420521 0.00459127 0.457389 0.00944854
449 0.422164 0.00459837 0.455232 0.00944495
450 0.423002 0.00460037 0.450557 0.00943656
451 0.424529 0.00460977 0.450917 0.00943724
452 0.42567 0.00461187 0.449119 0.00943381
453 0.427536 0.00461171 0.446962 0.00942954
454 0.42813 0.00462368 0.441927 0.00941886
455 0.428736 0.00462501 0.443366 0.00942201
456 0.429292 0.0046337 0.446602 0.00942881
457 0.430315 0.0046385 0.445523 0.00942659
458 0.431648 0.00465142 0.444085 0.00942356
459 0.432488 0.00466579 0.440129 0.00941481
460 0.432722 0.00468069 0.438691 0.00941148
461 0.434672 0.00469292 0.435814 0.00940458
462 0.435648 0.00469444 0.439051 0.00941232
463 0.436589 0.004714 0.440129 0.00941481
464 0.437791 0.00471647 0.434017 0.0094001
465 0.438335 0.00472027 0.43977 0.00941399
466 0.439488 0.00472099 0.43977 0.00941399
467 0.440712 0.00472763 0.436174 0.00940546
468 0.441665 0.00471835 0.429342 0.00938787
469 0.442619 0.00472441 0.432578 0.00939643
470 0.443538 0.00473945 0.434736 0.00940191
471 0.444125 0.00474813 0.434017 0.0094001
472 0.445576 0.00474469 0.430061 0.00938981
473 0.446179 0.00475136 0.430421 0.00939077
474 0.447178 0.00474894 0.429702 0.00938884
475 0.448227 0.0047549 0.425746 0.00937789
476 0.44897 0.00475941 0.428263 0.00938493
477 0.449353 0.00477135 0.428263 0.00938493
478 0.450645 0.00476996 0.425746 0.00937789
479 0.451104 0.00478104 0.425027 0.00937583
480 0.451801 0.00479085 0.421791 0.00936631
481 0.451746 0.00479987 0.421791 0.00936631
482 0.452621 0.00480412 0.421072 0.00936414
483 0.45378 0.00480592 0.420712 0.00936305
484 0.455249 0.00481373 0.417835 0.00935412
485 0.455136 0.00482003 0.419274 0.00935863
486 0.456131 0.00482437 0.416037 0.00934838
487 0.456817 0.00482337 0.414959 0.00934487
488 0.457701 0.00482036 0.412801 0.00933772
489 0.45767 0.00483787 0.415678 0.00934721
490 0.458274 0.00483517 0.417476 0.00935298
491 0.459084 0.00483809 0.414239 0.00934251
492 0.45948 0.00484053 0.415318 0.00934605
493 0.459995 0.00484834 0.416037 0.00934838
494 0.460828 0.00485492 0.412801 0.00933772
495 0.461019 0.00485304 0.412801 0.00933772
496 0.461354 0.00485201 0.41388 0.00934132
497 0.462408 0.00485827 0.412442 0.00933651
498 0.463021 0.00486341 0.408846 0.00932412
499 0.463484 0.00487316 0.411363 0.00933284
500 0.463936 0.00487513 0.412082 0.00933529
501 0.464803 0.00487153 0.408486 0.00932285
502 0.466 0.00488544 0.408846 0.00932412
503 0.466535 0.00490274 0.409565 0.00932664
504 0.466382 0.004909 0.407048 0.00931773
505 0.467041 0.00491122 0.407767 0.0093203
506 0.467739 0.00491027 0.406688 0.00931644
507 0.467491 0.00491336 0.406688 0.00931644
508 0.467912 0.00491579 0.409565 0.00932664
509 0.468229 0.00491454 0.414239 0.00934251
510 0.468908 0.00490567 0.408127 0.00932158
511 0.469322 0.00490571 0.407048 0.00931773
512 0.469645 0.00491056 0.405609 0.00931253
513 0.469724 0.00492197 0.408127 0.00932158
514 0.470244 0.0049227 0.405609 0.00931253
515 0.470127 0.00492567 0.406688 0.00931644
516 0.47074 0.00492677 0.406329 0.00931514
517 0.471063 0.00492552 0.408486 0.00932285
518 0.471905 0.00492256 0.405609 0.00931253
519 0.471681 0.00493496 0.404531 0.00930857
520 0.471973 0.004937 0.40525 0.00931121
521 0.472115 0.00494677 0.40489 0.0093099
522 0.47214 0.00495056 0.412082 0.00933529
523 0.47275 0.00496001 0.406329 0.00931514
524 0.47336 0.00496544 0.405609 0.00931253
525 0.473547 0.00496777 0.40489 0.0093099
526 0.474406 0.00497059 0.401654 0.00929779
527 0.474271 0.00496704 0.402014 0.00929916
528 0.474606 0.00497749 0.403812 0.00930591
529 0.475457 0.00497518 0.40525 0.00931121
530 0.475734 0.00498122 0.40525 0.00931121
531 0.47625 0.0049805 0.404531 0.00930857
532 0.4761 0.00498236 0.403812 0.00930591
533 0.476448 0.00497695 0.402373 0.00930052
534 0.47633 0.00497886 0.407767 0.0093203
535 0.476759 0.00497814 0.40489 0.0093099
536 0.476792 0.00498079 0.402373 0.00930052
537 0.476592 0.00498323 0.40525 0.00931121
538 0.476633 0.00498241 0.403812 0.00930591
539 0.476643 0.00498906 0.40525 0.00931121
540 0.476515 0.0049893 0.404171 0.00930724
541 0.47632 0.00498756 0.40525 0.00931121
542 0.476662 0.00499521 0.409924 0.00932789
543 0.477106 0.00499445 0.40525 0.00931121
544 0.477005 0.00499247 0.402373 0.00930052
545 0.477499 0.00499827 0.401654 0.00929779
546 0.477725 0.00500893 0.40489 0.0093099
547 0.477899 0.00501198 0.400216 0.00929228
548 0.478198 0.0050038 0.399497 0.00928949
549 0.478423 0.00500557 0.400935 0.00929505
550 0.47874 0.00500181 0.401654 0.00929779
551 0.479408 0.00500401 0.400575 0.00929366
552 0.479563 0.00500496 0.39626 0.00927668
553 0.47991 0.0050059 0.39662 0.00927813
554 0.479669 0.00500531 0.39662 0.00927813
555 0.479963 0.00500486 0.397339 0.009281
556 0.480576 0.00500765 0.395541 0.00927378
557 0.48094 0.0050096 0.393384 0.00926494
558 0.481665 0.00501453 0.391945 0.00925895
559 0.481827 0.00502559 0.393384 0.00926494
560 0.482149 0.00502397 0.394822 0.00927086
561 0.482763 0.00502895 0.394822 0.00927086
562 0.483303 0.00504263 0.390507 0.00925287
563 0.483276 0.005049 0.394822 0.00927086
564 0.484092 0.00504644 0.394822 0.00927086
565 0.484182 0.00504811 0.394462 0.00926939
566 0.485366 0.00505106 0.391586 0.00925744
567 0.485074 0.00505413 0.395182 0.00927232
568 0.485547 0.00504846 0.394103 0.00926791
569 0.486053 0.00505539 0.391226 0.00925592
570 0.486438 0.00506555 0.393024 0.00926345
571 0.486625 0.00506683 0.393743 0.00926643
572 0.486901 0.00506522 0.395901 0.00927523
573 0.486983 0.00505591 0.394822 0.00927086
574 0.487094 0.00505568 0.393024 0.00926345
575 0.48721 0.00506577 0.393743 0.00926643
576 0.487508 0.00506299 0.392665 0.00926196
577 0.487343 0.00505621 0.391226 0.00925592
578 0.487631 0.00506203 0.38799 0.00924202
579 0.487401 0.00505737 0.391945 0.00925895
580 0.487652 0.00505177 0.393384 0.00926494
581 0.48783 0.00505256 0.390867 0.0092544
582 0.48808 0.00505693 0.392665 0.00926196
583 0.48843 0.00506068 0.391226 0.00925592
584 0.488428 0.00507188 0.393384 0.00926494
585 0.488588 0.00507681 0.389788 0.0092498
586 0.488901 0.00507217 0.391945 0.00925895
587 0.48935 0.00507317 0.390507 0.00925287
588 0.48968 0.0050692 0.389428 0.00924825
589 0.490486 0.00506988 0.389788 0.0092498
590 0.490867 0.00508597 0.390867 0.0092544
591 0.491943 0.00509213 0.387271 0.00923888
592 0.491988 0.00509326 0.387271 0.00923888
593 0.491448 0.00509186 0.38799 0.00924202
594 0.490894 0.00509197 0.386552 0.00923571
595 0.491124 0.00509684 0.38835 0.00924359
596 0.490932 0.0050999 0.386911 0.0092373
597 0.491711 0.00510364 0.38763 0.00924045
598 0.491603 0.00510991 0.386552 0.00923571
599 0.492272 0.00511575 0.38799 0.00924202
600 0.492347 0.00512043 0.389069 0.0092467
601 0.492311 0.00512492 0.388709 0.00924515
602 0.491887 0.00512517 0.38799 0.00924202
603 0.492385 0.00512528 0.385832 0.00923252
604 0.492669 0.00513051 0.385113 0.00922931
605 0.493313 0.00514117 0.386192 0.00923412
606 0.493151 0.00514472 0.384035 0.00922446
607 0.492892 0.0051398 0.390867 0.0092544
608 0.493251 0.00513581 0.386552 0.00923571
609 0.493846 0.00514201 0.38799 0.00924202
610 0.493689 0.00514057 0.385832 0.00923252
611 0.493999 0.0051413 0.38763 0.00924045
612 0.493874 0.00514938 0.386552 0.00923571
613 0.494085 0.00515381 0.389069 0.0092467
614 0.494227 0.00515063 0.385473 0.00923092
615 0.494399 0.00514603 0.382956 0.00921956
616 0.495043 0.00513928 0.383675 0.00922283
617 0.495214 0.0051435 0.384394 0.00922608
618 0.495798 0.00514436 0.385473 0.00923092
619 0.496154 0.00514448 0.384035 0.00922446
620 0.495505 0.00514709 0.383675 0.00922283
621 0.494868 0.00514894 0.383315 0.0092212
622 0.494864 0.00514807 0.38835 0.00924359
623 0.49528 0.0051471 0.382237 0.00921626
624 0.495334 0.00514685 0.383315 0.0092212
625 0.495014 0.00515152 0.384394 0.00922608
626 0.495127 0.00514504 0.382596 0.00921791
627 0.495591 0.00514576 0.382237 0.00921626
628 0.495289 0.00514103 0.384394 0.00922608
629 0.495471 0.00514134 0.384754 0.0092277
630 0.495698 0.00514385 0.384035 0.00922446
631 0.495445 0.00514293 0.382237 0.00921626
632 0.496616 0.00514286 0.386192 0.00923412
633 0.496939 0.00514047 0.386192 0.00923412
634 0.497146 0.00514068 0.384394 0.00922608
635 0.497512 0.00513793 0.384035 0.00922446
636 0.497212 0.00514169 0.383675 0.00922283
637 0.49737 0.00514445 0.381877 0.00921461
638 0.497762 0.00514672 0.380798 0.00920961
639 0.497395 0.00514285 0.381517 0.00921295
640 0.497509 0.00514519 0.383675 0.00922283
641 0.497829 0.00515068 0.384754 0.0092277
642 0.498384 0.00514831 0.384035 0.00922446
643 0.498217 0.00514933 0.382237 0.00921626
644 0.498134 0.00515154 0.383315 0.0092212
645 0.498736 0.00515128 0.381517 0.00921295
646 0.498592 0.0051444 0.382237 0.00921626
647 0.499024 0.00514032 0.382237 0.00921626
648 0.498908 0.0051414 0.378641 0.00919947
649 0.49897 0.00513586 0.379 0.00920117
650 0.499011 0.00513909 0.382596 0.00921791
651 0.498853 0.00514065 0.381877 0.00921461
652 0.498057 0.00513496 0.380439 0.00920793
653 0.49773 0.00514036 0.383675 0.00922283
654 0.497681 0.00513697 0.381877 0.00921461
655 0.49806 0.00513486 0.381158 0.00921128
656 0.498115 0.0051384 0.37972 0.00920456
657 0.497677 0.00513758 0.379 0.00920117
658 0.497992 0.00513561 0.380798 0.00920961
659 0.497937 0.00512741 0.381877 0.00921461
660 0.49726 0.00513055 0.37972 0.00920456
661 0.497007 0.0051361 0.385113 0.00922931
662 0.497378 0.00512969 0.381877 0.00921461
663 0.497864 0.00513478 0.385113 0.00922931
664 0.497707 0.00513742 0.384394 0.00922608
665 0.498442 0.00513367 0.381158 0.00921128
666 0.498426 0.00513503 0.383675 0.00922283
667 0.49843 0.00513341 0.380439 0.00920793
668 0.498383 0.00514234 0.378641 0.00919947
669 0.498299 0.00514496 0.381517 0.00921295
670 0.498395 0.00514543 0.381517 0.00921295
671 0.499103 0.00514441 0.380798 0.00920961
672 0.499083 0.00514652 0.377202 0.0091926
673 0.499153 0.00515396 0.378281 0.00919776
674 0.498801 0.00515177 0.380439 0.00920793
675 0.499114 0.0051479 0.379 0.00920117
676 0.499117 0.00515077 0.37936 0.00920287
677 0.499566 0.0051503 0.37936 0.00920287
678 0.500082 0.00515701 0.37936 0.00920287
679 0.500553 0.00515747 0.382956 0.00921956
680 0.500112 0.00515533 0.381517 0.00921295
681 0.499992 0.00515439 0.37936 0.00920287
682 0.50007 0.00514998 0.378641 0.00919947
683 0.499957 0.00515511 0.381158 0.00921128
684 0.499655 0.0051589 0.379 0.00920117
685 0.50014 0.00515831 0.37972 0.00920456
686 0.50037 0.00515504 0.380439 0.00920793
687 0.500621 0.00515384 0.376843 0.00919087
688 0.500877 0.00515144 0.376483 0.00918913
689 0.501091 0.0051474 0.375405 0.00918389
690 0.500977 0.0051453 0.377202 0.0091926
691 0.501291 0.00514509 0.375405 0.00918389
692 0.501165 0.00513754 0.376124 0.00918739
693 0.501342 0.00512698 0.372887 0.00917148
694 0.501743 0.00513107 0.37936 0.00920287
695 0.501572 0.00513518 0.377922 0.00919604
696 0.501176 0.0051368 0.380079 0.00920625
697 0.501244 0.00513966 0.376124 0.00918739
698 0.501232 0.00514725 0.37936 0.00920287
699 0.500841 0.00515134 0.385473 0.00923092
700 0.501505 0.00514142 0.381158 0.00921128
701 0.501166 0.00513944 0.376483 0.00918913
702 0.501339 0.00513825 0.37936 0.00920287
703 0.501233 0.00513732 0.380079 0.00920625
704 0.501391 0.0051365 0.381877 0.00921461
705 0.501289 0.00514425 0.384035 0.00922446
706 0.501563 0.00514249 0.381517 0.00921295
707 0.501504 0.00514926 0.385113 0.00922931
708 0.501471 0.0051476 0.381517 0.00921295
709 0.501234 0.00514109 0.378281 0.00919776
710 0.501057 0.00514211 0.382956 0.00921956
711 0.501989 0.00513503 0.381877 0.00921461
712 0.501968 0.0051259 0.382956 0.00921956
713 0.502222 0.00512754 0.381877 0.00921461
714 0.502118 0.00513159 0.378281 0.00919776
715 0.502223 0.00513385 0.382596 0.00921791
716 0.502425 0.0051364 0.378641 0.00919947
717 0.502094 0.00513912 0.381517 0.00921295
718 0.501762 0.00512959 0.377202 0.0091926
719 0.502312 0.00512934 0.376483 0.00918913
720 0.502341 0.00512905 0.375045 0.00918213
721 0.502334 0.00512723 0.376843 0.00919087
722 0.502141 0.00513103 0.373607 0.00917505
723 0.502092 0.00514043 0.375764 0.00918564
724 0.502173 0.00513277 0.378281 0.00919776
725 0.502017 0.00512722 0.377202 0.0091926
726 0.501948 0.00512774 0.378641 0.00919947
727 0.501925 0.00512392 0.378281 0.00919776
728 0.501627 0.00512128 0.377922 0.00919604
729 0.501932 0.00511919 0.376124 0.00918739
730 0.50208 0.00512276 0.377562 0.00919432
731 0.501647 0.00512898 0.37936 0.00920287
732 0.501519 0.00512619 0.382596 0.00921791
733 0.502158 0.00512624 0.381517 0.00921295
734 0.502346 0.00512526 0.382237 0.00921626
735 0.502246 0.00512792 0.385473 0.00923092
736 0.502599 0.00512997 0.384754 0.0092277
737 0.503104 0.00512415 0.383675 0.00922283
738 0.503038 0.00512851 0.382956 0.00921956
739 0.503618 0.00512645 0.377922 0.00919604
740 0.503862 0.00512623 0.37972 0.00920456
741 0.503885 0.00512763 0.381517 0.00921295
742 0.503295 0.0051241 0.375405 0.00918389
743 0.503127 0.00512446 0.376483 0.00918913
744 0.503181 0.00513107 0.375764 0.00918564
745 0.503176 0.00512045 0.373247 0.00917327
746 0.502748 0.00511515 0.374326 0.0091786
747 0.502371 0.00511789 0.374326 0.0091786
748 0.502492 0.00512454 0.373966 0.00917683
749 0.50224 0.00512698 0.375764 0.00918564
750 0.502321 0.00512206 0.375045 0.00918213
751 0.502387 0.00511898 0.373607 0.00917505
752 0.502399 0.00511994 0.375045 0.00918213
753 0.502213 0.0051169 0.378281 0.00919776
754 0.502435 0.00511304 0.372528 0.00916968
755 0.503026 0.00511415 0.375405 0.00918389
756 0.502846 0.00511581 0.376843 0.00919087
757 0.502855 0.00511918 0.372168 0.00916788
758 0.503426 0.00511382 0.368932 0.00915143
759 0.502951 0.00511988 0.371809 0.00916607
760 0.502853 0.00511869 0.371449 0.00916426
761 0.503336 0.0051117 0.374685 0.00918037
762 0.503338 0.00511216 0.372528 0.00916968
763 0.50285 0.00511133 0.373966 0.00917683
764 0.503459 0.00511651 0.375045 0.00918213
765 0.503759 0.00511922 0.377562 0.00919432
766 0.50351 0.00511455 0.382237 0.00921626
767 0.503633 0.00512104 0.385113 0.00922931
768 0.503588 0.00512241 0.37972 0.00920456
769 0.503776 0.00512094 0.377922 0.00919604
770 0.503454 0.00511824 0.377562 0.00919432
771 0.503481 0.00510839 0.374685 0.00918037
772 0.50373 0.00511418 0.376124 0.00918739
773 0.503827 0.0051076 0.374685 0.00918037
774 0.503985 0.00510866 0.373966 0.00917683
775 0.504033 0.00510604 0.378641 0.00919947
776 0.503796 0.00510236 0.377562 0.00919432
777 0.503826 0.00510879 0.375764 0.00918564
778 0.503697 0.00510868 0.378641 0.00919947
779 0.503654 0.00510897 0.376843 0.00919087
780 0.503518 0.00511316 0.377922 0.00919604
781 0.503674 0.00511314 0.376843 0.00919087
782 0.503812 0.00511143 0.376483 0.00918913
783 0.504024 0.00510802 0.375405 0.00918389
784 0.504083 0.0051074 0.373247 0.00917327
785 0.504172 0.00510976 0.373607 0.00917505
786 0.504356 0.00510676 0.375405 0.00918389
787 0.503877 0.00510508 0.377202 0.0091926
788 0.503791 0.00510144 0.378641 0.00919947
789 0.503497 0.00511268 0.377922 0.00919604
790 0.503572 0.00510917 0.375405 0.00918389
791 0.502874 0.00511232 0.37972 0.00920456
792 0.502578 0.00510341 0.376124 0.00918739
793 0.50312 0.00510414 0.377202 0.0091926
794 0.503619 0.00510891 0.374685 0.00918037
795 0.503691 0.00510316 0.375405 0.00918389
796 0.503474 0.00510528 0.375405 0.00918389
797 0.503722 0.00510631 0.375764 0.00918564
798 0.503548 0.00511599 0.376843 0.00919087
799 0.503516 0.00511369 0.375045 0.00918213
800 0.503593 0.00511549 0.374326 0.0091786
801 0.504276 0.00510712 0.373247 0.00917327
802 0.503833 0.00510978 0.371809 0.00916607
803 0.504155 0.00511352 0.373966 0.00917683
804 0.503907 0.00511602 0.369292 0.00915328
805 0.503802 0.00512024 0.373247 0.00917327
806 0.504225 0.00511492 0.372887 0.00917148
807 0.504401 0.0051162 0.372168 0.00916788
808 0.504204 0.00511836 0.371809 0.00916607
809 0.50414 0.00511418 0.377562 0.00919432
810 0.503955 0.00511378 0.375405 0.00918389
811 0.503531 0.00511234 0.378641 0.00919947
812 0.504085 0.0051127 0.375405 0.00918389
813 0.503939 0.00511443 0.374326 0.0091786
814 0.503859 0.00511374 0.378641 0.00919947
815 0.504118 0.00511631 0.372528 0.00916968
816 0.504234 0.00511312 0.377202 0.0091926
817 0.504148 0.00511161 0.374685 0.00918037
818 0.504631 0.00511185 0.375405 0.00918389
819 0.504643 0.00511641 0.375764 0.00918564
820 0.504934 0.00511877 0.375405 0.00918389
821 0.505173 0.00512488 0.376124 0.00918739
822 0.505202 0.00512006 0.37073 0.00916062
823 0.50516 0.00512642 0.371809 0.00916607
824 0.505113 0.00512884 0.374685 0.00918037
825 0.505137 0.00513327 0.373966 0.00917683
826 0.505314 0.00513476 0.376843 0.00919087
827 0.505006 0.00513811 0.375764 0.00918564
828 0.50487 0.00513399 0.375405 0.00918389
829 0.504775 0.00513874 0.375405 0.00918389
830 0.504344 0.0051389 0.378641 0.00919947
831 0.504312 0.00513208 0.372887 0.00917148
832 0.504711 0.00513381 0.373247 0.00917327
833 0.504438 0.00514204 0.375045 0.00918213
834 0.504684 0.00515013 0.381158 0.00921128
835 0.5047 0.00515595 0.378281 0.00919776
836 0.504688 0.00515192 0.375405 0.00918389
837 0.504944 0.00514549 0.376124 0.00918739
838 0.504738 0.00514599 0.378281 0.00919776
839 0.505008 0.0051433 0.373247 0.00917327
840 0.505047 0.00514285 0.376124 0.00918739
841 0.50528 0.00514437 0.372168 0.00916788
842 0.505281 0.0051366 0.373607 0.00917505
843 0.50514 0.00514085 0.375405 0.00918389
844 0.50492 0.00514724 0.373247 0.00917327
845 0.504749 0.0051448 0.37109 0.00916244
846 0.504709 0.00514066 0.37109 0.00916244
847 0.505026 0.00514065 0.372528 0.00916968
848 0.505058 0.00514124 0.37073 0.00916062
849 0.505079 0.00514239 0.373247 0.00917327
850 0.505165 0.00514191 0.369651 0.00915512
851 0.504787 0.00514495 0.371809 0.00916607
852 0.504563 0.00514202 0.372528 0.00916968
853 0.504491 0.00513282 0.368932 0.00915143
854 0.504134 0.00512845 0.373607 0.00917505
855 0.50402 0.00512803 0.370011 0.00915696
856 0.504111 0.00513021 0.374326 0.0091786
857 0.503645 0.00513116 0.374685 0.00918037
858 0.503715 0.00513584 0.377562 0.00919432
859 0.503414 0.00513366 0.382237 0.00921626
860 0.503354 0.00513403 0.376843 0.00919087
861 0.503274 0.00513714 0.375764 0.00918564
862 0.503602 0.00513243 0.377922 0.00919604
863 0.503253 0.00513539 0.382237 0.00921626
864 0.502981 0.00513687 0.37936 0.00920287
865 0.503261 0.00513512 0.377922 0.00919604
866 0.5032 0.00514101 0.378641 0.00919947
867 0.503641 0.00514278 0.381158 0.00921128
868 0.503262 0.00514108 0.37972 0.00920456
869 0.503439 0.00513842 0.376124 0.00918739
870 0.503395 0.00513554 0.375405 0.00918389
871 0.503208 0.00513187 0.377202 0.0091926
872 0.502955 0.00513689 0.374326 0.0091786
873 0.502894 0.0051385 0.377202 0.0091926
874 0.503032 0.00513675 0.373247 0.00917327
875 0.502954 0.0051331 0.372887 0.00917148
876 0.503227 0.00513195 0.376483 0.00918913
877 0.50293 0.0051231 0.376843 0.00919087
878 0.503168 0.00511843 0.374326 0.0091786
879 0.503042 0.0051271 0.377202 0.0091926
880 0.502664 0.00513478 0.375764 0.00918564
881 0.502617 0.00513218 0.376483 0.00918913
882 0.502661 0.00512455 0.378281 0.00919776
883 0.502201 0.00512888 0.378641 0.00919947
884 0.502364 0.00512395 0.37936 0.00920287
885 0.502238 0.00512225 0.375764 0.00918564
886 0.502486 0.00512511 0.379 0.00920117
887 0.50285 0.00511744 0.377922 0.00919604
888 0.503384 0.00512611 0.376843 0.00919087
889 0.503159 0.00513324 0.376843 0.00919087
890 0.503325 0.00513825 0.374326 0.0091786
891 0.503879 0.00513637 0.375764 0.00918564
892 0.503876 0.00514259 0.376124 0.00918739
893 0.504314 0.00514121 0.375045 0.00918213
894 0.504337 0.00514412 0.377922 0.00919604
895 0.504 0.00513855 0.378281 0.00919776
896 0.503865 0.00513958 0.37972 0.00920456
897 0.504336 0.00513903 0.378641 0.00919947
898 0.504391 0.00513386 0.374685 0.00918037
899 0.50393 0.0051414 0.377922 0.00919604
900 0.503773 0.00513967 0.380079 0.00920625
901 0.504333 0.00514608 0.381158 0.00921128
902 0.504771 0.00514539 0.378281 0.00919776
903 0.505 0.00513849 0.377202 0.0091926
904 0.504313 0.00514212 0.376843 0.00919087
905 0.504351 0.00514304 0.377562 0.00919432
906 0.504408 0.00514256 0.377922 0.00919604
907 0.504518 0.00514358 0.377922 0.00919604
908 0.504652 0.00514633 0.375045 0.00918213
909 0.504607 0.00513688 0.374326 0.0091786
910 0.504501 0.00513353 0.378281 0.00919776
911 0.504298 0.00513741 0.377922 0.00919604
912 0.503868 0.005141 0.37936 0.00920287
913 0.503958 0.00514617 0.376843 0.00919087
914 0.503845 0.00514616 0.380439 0.00920793
915 0.50347 0.00514297 0.380798 0.00920961
916 0.50336 0.00514792 0.378641 0.00919947
917 0.503623 0.00514428 0.381877 0.00921461
918 0.503981 0.00514742 0.377562 0.00919432
919 0.503827 0.00514568 0.37972 0.00920456
920 0.503596 0.00515364 0.380798 0.00920961
921 0.503832 0.00515003 0.380439 0.00920793
922 0.503875 0.00515293 0.380798 0.00920961
923 0.503916 0.00515025 0.381517 0.00921295
924 0.504084 0.00515274 0.381517 0.00921295
925 0.503959 0.00515483 0.381158 0.00921128
926 0.50409 0.00515774 0.381877 0.00921461
927 0.504023 0.00515837 0.37936 0.00920287
928 0.504264 0.00515867 0.380798 0.00920961
929 0.504152 0.0051552 0.37972 0.00920456
930 0.50397 0.00515363 0.380079 0.00920625
931 0.503729 0.00515078 0.37972 0.00920456
932 0.503232 0.00514483 0.382956 0.00921956
933 0.503494 0.00513857 0.384394 0.00922608
934 0.503886 0.00512976 0.380079 0.00920625
935 0.503859 0.00512952 0.378641 0.00919947
936 0.503892 0.00513373 0.380079 0.00920625
937 0.50383 0.00513245 0.379 0.00920117
938 0.503557 0.00513693 0.37936 0.00920287
939 0.503398 0.00514058 0.378641 0.00919947
940 0.503717 0.00514418 0.381517 0.00921295
941 0.503692 0.00514878 0.375045 0.00918213
942 0.503585 0.005145 0.380079 0.00920625
943 0.503946 0.00513747 0.37936 0.00920287
944 0.503743 0.00513186 0.377562 0.00919432
945 0.503836 0.00513922 0.375405 0.00918389
946 0.504016 0.00514411 0.377202 0.0091926
947 0.504039 0.0051403 0.37972 0.00920456
948 0.503457 0.00514049 0.384035 0.00922446
949 0.50301 0.00513979 0.381517 0.00921295
950 0.503226 0.00513379 0.381877 0.00921461
951 0.503113 0.00513285 0.378281 0.00919776
952 0.503094 0.00513402 0.377202 0.0091926
953 0.503468 0.00513487 0.379 0.00920117
954 0.503502 0.00513181 0.377562 0.00919432
955 0.503143 0.00511985 0.376124 0.00918739
956 0.503382 0.00511896 0.378641 0.00919947
957 0.503132 0.00513113 0.37936 0.00920287
958 0.502743 0.00512638 0.378281 0.00919776
959 0.502803 0.00513097 0.381877 0.00921461
960 0.502589 0.00513384 0.383675 0.00922283
961 0.502648 0.00513651 0.379 0.00920117
962 0.502992 0.00513744 0.37972 0.00920456
963 0.503235 0.00514328 0.377562 0.00919432
964 0.50338 0.00514054 0.37936 0.00920287
965 0.503275 0.00514175 0.379 0.00920117
966 0.502881 0.00515237 0.378641 0.00919947
967 0.503105 0.00515407 0.376483 0.00918913
968 0.502891 0.00514875 0.382237 0.00921626
969 0.502607 0.00514541 0.383315 0.0092212
970 0.502509 0.00514978 0.380079 0.00920625
971 0.502738 0.00515013 0.381517 0.00921295
972 0.502247 0.00514624 0.381158 0.00921128
973 0.502862 0.00514779 0.37972 0.00920456
974 0.502647 0.00514914 0.382237 0.00921626
975 0.503219 0.00514832 0.381158 0.00921128
976 0.503273 0.00515302 0.383315 0.0092212
977 0.503344 0.00515448 0.381158 0.00921128
978 0.503126 0.00515033 0.381877 0.00921461
979 0.50321 0.00515939 0.381517 0.00921295
980 0.503429 0.00515836 0.381877 0.00921461
981 0.503524 0.00515837 0.37936 0.00920287
982 0.503742 0.00515658 0.376483 0.00918913
983 0.503692 0.00515435 0.376843 0.00919087
984 0.503945 0.00516306 0.376124 0.00918739
985 0.504061 0.00516957 0.375045 0.00918213
986 0.504146 0.00517172 0.374685 0.00918037
987 0.504731 0.00517111 0.376843 0.00919087
988 0.505013 0.0051695 0.374685 0.00918037
989 0.504867 0.00516147 0.371809 0.00916607
990 0.504544 0.00515925 0.373247 0.00917327
991 0.504545 0.00516224 0.369651 0.00915512
992 0.504694 0.00516186 0.373247 0.00917327
993 0.504339 0.00516166 0.372168 0.00916788
994 0.504632 0.00516757 0.373247 0.00917327
995 0.504487 0.0051649 0.375045 0.00918213
996 0.504619 0.00517005 0.376124 0.00918739
997 0.504827 0.00516607 0.374326 0.0091786
998 0.504711 0.00516311 0.375405 0.00918389
999 0.504496 0.00516793 0.375045 0.00918213
1000 0.504671 0.00516598 0.375405 0.00918389
1001 0.504973 0.00516522 0.373966 0.00917683
1002 0.505109 0.00516416 0.371449 0.00916426
1003 0.504978 0.00516355 0.368932 0.00915143
1004 0.505139 0.00515391 0.373966 0.00917683
1005 0.505297 0.0051554 0.372528 0.00916968
1006 0.504867 0.00516035 0.372887 0.00917148
1007 0.504746 0.00515736 0.373247 0.00917327
1008 0.504819 0.00515332 0.376124 0.00918739
1009 0.504873 0.00515825 0.376843 0.00919087
1010 0.505241 0.00516422 0.374326 0.0091786
1011 0.505069 0.00516242 0.375764 0.00918564
1012 0.504867 0.00515168 0.371809 0.00916607
1013 0.504944 0.00514996 0.376483 0.00918913
1014 0.504568 0.00514969 0.37037 0.00915879
1015 0.504546 0.0051503 0.375405 0.00918389
1016 0.504433 0.00515097 0.376843 0.00919087
1017 0.504621 0.00515613 0.373966 0.00917683
1018 0.504375 0.00515566 0.376483 0.00918913
1019 0.504472 0.00515808 0.369651 0.00915512
1020 0.504265 0.00515494 0.373247 0.00917327
1021 0.504409 0.00515628 0.372528 0.00916968
1022 0.504681 0.00515064 0.371449 0.00916426
1023 0.5049 0.00514558 0.372887 0.00917148
1024 0.505382 0.00514631 0.368932 0.00915143
1025 0.505278 0.00514818 0.369651 0.00915512
1026 0.505407 0.0051518 0.370011 0.00915696
1027 0.505308 0.00515052 0.369292 0.00915328
1028 0.505165 0.00514536 0.364257 0.00912688
1029 0.505248 0.00514808 0.364977 0.00913072
1030 0.505574 0.00514999 0.368572 0.00914957
1031 0.505114 0.00515033 0.367134 0.0091421
1032 0.504703 0.00515277 0.367494 0.00914397
1033 0.505125 0.00515265 0.368932 0.00915143
1034 0.50489 0.00515201 0.369292 0.00915328
1035 0.505223 0.00515494 0.367853 0.00914585
1036 0.504884 0.00516249 0.37109 0.00916244
1037 0.505031 0.00516114 0.368932 0.00915143
1038 0.505235 0.00516551 0.373966 0.00917683
1039 0.505489 0.00516324 0.373607 0.00917505
1040 0.505015 0.00516801 0.37037 0.00915879
1041 0.504976 0.00516302 0.37109 0.00916244
1042 0.505025 0.00515852 0.373247 0.00917327
1043 0.505328 0.00516311 0.371809 0.00916607
1044 0.505258 0.00516058 0.37073 0.00916062
1045 0.50496 0.005149 0.371449 0.00916426
1046 0.504827 0.00514485 0.371449 0.00916426
1047 0.505489 0.00514552 0.369651 0.00915512
1048 0.505537 0.00515332 0.368932 0.00915143
1049 0.505888 0.00514672 0.37037 0.00915879
1050 0.505582 0.00514627 0.368932 0.00915143
1051 0.505427 0.00514323 0.370011 0.00915696
1052 0.505256 0.00514432 0.367494 0.00914397
1053 0.505381 0.00514245 0.371809 0.00916607
1054 0.505623 0.00514946 0.372887 0.00917148
1055 0.506301 0.00515216 0.372528 0.00916968
1056 0.50562 0.00514349 0.37109 0.00916244
1057 0.506299 0.00515092 0.373607 0.00917505
1058 0.505668 0.00515609 0.373966 0.00917683
1059 0.505272 0.00515573 0.376483 0.00918913
1060 0.505646 0.00515581 0.377562 0.00919432
1061 0.505892 0.00514668 0.373607 0.00917505
1062 0.505648 0.00515349 0.375405 0.00918389
1063 0.505507 0.00515318 0.377562 0.00919432
1064 0.505247 0.0051482 0.376124 0.00918739
1065 0.505468 0.00514774 0.372887 0.00917148
1066 0.505059 0.0051441 0.376483 0.00918913
1067 0.505263 0.00514653 0.376124 0.00918739
1068 0.505669 0.00515052 0.373966 0.00917683
1069 0.505609 0.00515056 0.373247 0.00917327
1070 0.505632 0.0051482 0.374326 0.0091786
1071 0.505572 0.00515061 0.373607 0.00917505
1072 0.50523 0.00513955 0.373966 0.00917683
1073 0.505178 0.00515013 0.372528 0.00916968
1074 0.504709 0.00514593 0.377922 0.00919604
1075 0.50453 0.00514259 0.376124 0.00918739
1076 0.504914 0.00515385 0.375045 0.00918213
1077 0.505556 0.00515532 0.375764 0.00918564
1078 0.505141 0.00515236 0.372528 0.00916968
1079 0.505282 0.0051444 0.373247 0.00917327
1080 0.505032 0.00514813 0.371809 0.00916607
1081 0.505047 0.00513951 0.376843 0.00919087
1082 0.504982 0.00514047 0.375764 0.00918564
1083 0.504986 0.00514007 0.376843 0.00919087
1084 0.504502 0.00513947 0.373966 0.00917683
1085 0.50438 0.00514306 0.373247 0.00917327
1086 0.504468 0.00513996 0.375045 0.00918213
1087 0.503999 0.00514193 0.377562 0.00919432
1088 0.503521 0.00514894 0.376124 0.00918739
1089 0.504221 0.00514968 0.378641 0.00919947
1090 0.504044 0.00515023 0.376483 0.00918913
1091 0.504372 0.00514862 0.374685 0.00918037
1092 0.503942 0.00514728 0.377202 0.0091926
1093 0.503926 0.00514368 0.374326 0.0091786
1094 0.504032 0.00514413 0.378281 0.00919776
1095 0.504343 0.00514445 0.375045 0.00918213
1096 0.504889 0.00514529 0.372887 0.00917148
1097 0.504643 0.00515049 0.376124 0.00918739
1098 0.504534 0.00515614 0.376483 0.00918913
1099 0.50461 0.00515165 0.374326 0.0091786
1100 0.504887 0.00515191 0.373966 0.00917683
1101 0.505361 0.00515553 0.373247 0.00917327
1102 0.505269 0.00515524 0.373966 0.00917683
1103 0.50488 0.00514953 0.376843 0.00919087
1104 0.504751 0.00514313 0.375764 0.00918564
1105 0.504626 0.00514729 0.375405 0.00918389
1106 0.504481 0.00515067 0.374326 0.0091786
1107 0.504952 0.00514495 0.372168 0.00916788
1108 0.504734 0.0051552 0.373247 0.00917327
1109 0.503941 0.00515418 0.376483 0.00918913
1110 0.50395 0.00515502 0.374685 0.00918037
1111 0.504057 0.00515301 0.374685 0.00918037
1112 0.50371 0.0051563 0.375764 0.00918564
1113 0.503585 0.00514422 0.378641 0.00919947
1114 0.503347 0.00514281 0.378281 0.00919776
1115 0.503894 0.00513762 0.376843 0.00919087
1116 0.503582 0.00513984 0.377922 0.00919604
1117 0.50379 0.00514011 0.375405 0.00918389
1118 0.50412 0.00513553 0.376124 0.00918739
1119 0.503898 0.00514502 0.377562 0.00919432
1120 0.503477 0.00513829 0.378281 0.00919776
1121 0.50345 0.00513417 0.377202 0.0091926
1122 0.503433 0.00513793 0.375764 0.00918564
1123 0.503485 0.00513258 0.375764 0.00918564
1124 0.503893 0.00514037 0.374326 0.0091786
1125 0.503613 0.00513989 0.373247 0.00917327
1126 0.503696 0.00514463 0.375405 0.00918389
1127 0.503309 0.00514346 0.375764 0.00918564
1128 0.503725 0.00514308 0.378641 0.00919947
1129 0.503624 0.00513213 0.379 0.00920117
1130 0.503144 0.00512551 0.375045 0.00918213
1131 0.503844 0.00513116 0.372168 0.00916788
1132 0.503803 0.00512393 0.370011 0.00915696
1133 0.504713 0.0051289 0.374685 0.00918037
1134 0.505116 0.00512546 0.371449 0.00916426
1135 0.504783 0.00512531 0.373607 0.00917505
1136 0.504907 0.00512252 0.369292 0.00915328
1137 0.504261 0.00512219 0.369292 0.00915328
1138 0.503916 0.00512548 0.37109 0.00916244
1139 0.504464 0.00512182 0.37109 0.00916244
1140 0.503815 0.00512538 0.370011 0.00915696
1141 0.503819 0.00512483 0.369292 0.00915328
1142 0.50335 0.00513353 0.373247 0.00917327
1143 0.504038 0.00513367 0.377922 0.00919604
1144 0.504596 0.00513566 0.375764 0.00918564
1145 0.504686 0.00513932 0.377562 0.00919432
1146 0.504533 0.005142 0.379 0.00920117
1147 0.504614 0.00514091 0.376124 0.00918739
1148 0.504935 0.00514202 0.372887 0.00917148
1149 0.504598 0.00513829 0.372528 0.00916968
1150 0.504901 0.00514967 0.373966 0.00917683
1151 0.504903 0.00515689 0.372887 0.00917148
1152 0.504643 0.00516338 0.375045 0.00918213
1153 0.504482 0.00516326 0.378281 0.00919776
1154 0.504433 0.00516264 0.376124 0.00918739
1155 0.504583 0.00516269 0.376843 0.00919087
1156 0.504522 0.00516128 0.375045 0.00918213
1157 0.505197 0.00516858 0.373247 0.00917327
1158 0.504755 0.00516837 0.375405 0.00918389
1159 0.504586 0.00516692 0.374326 0.0091786
1160 0.504461 0.00516838 0.373966 0.00917683
1161 0.504507 0.005173 0.379 0.00920117
1162 0.504728 0.00516811 0.376483 0.00918913
1163 0.505016 0.00516935 0.373966 0.00917683
1164 0.505303 0.00517153 0.371809 0.00916607
1165 0.505409 0.00517019 0.373607 0.00917505
1166 0.505268 0.00516293 0.374685 0.00918037
1167 0.505465 0.00516733 0.376483 0.00918913
1168 0.505687 0.00515792 0.372887 0.00917148
1169 0.505351 0.00516747 0.375405 0.00918389
1170 0.504783 0.00516468 0.373607 0.00917505
1171 0.504964 0.00516584 0.375764 0.00918564
1172 0.505599 0.00516516 0.376483 0.00918913
1173 0.505958 0.0051597 0.377202 0.0091926
1174 0.506223 0.00515921 0.373247 0.00917327
1175 0.505426 0.00516119 0.375764 0.00918564
1176 0.505574 0.00516588 0.37109 0.00916244
1177 0.505762 0.00516562 0.374685 0.00918037
1178 0.506143 0.00516778 0.371449 0.00916426
1179 0.506125 0.00517211 0.373607 0.00917505
1180 0.505774 0.00517827 0.375045 0.00918213
1181 0.505892 0.00516366 0.373607 0.00917505
1182 0.505543 0.00516913 0.373607 0.00917505
1183 0.505124 0.00516855 0.374685 0.00918037
1184 0.505378 0.00516781 0.376124 0.00918739
1185 0.505242 0.00516196 0.375045 0.00918213
1186 0.505187 0.00516277 0.372887 0.00917148
1187 0.505208 0.00515923 0.373607 0.00917505
1188 0.504926 0.00516559 0.372887 0.00917148
1189 0.504373 0.00516654 0.373607 0.00917505
1190 0.504401 0.00517291 0.375405 0.00918389
1191 0.50437 0.00516208 0.373966 0.00917683
1192 0.504459 0.00516487 0.379 0.00920117
1193 0.50469 0.00516472 0.37972 0.00920456
1194 0.504942 0.00517028 0.376124 0.00918739
1195 0.504935 0.00517696 0.375405 0.00918389
1196 0.504589 0.00517661 0.377562 0.00919432
1197 0.504572 0.0051752 0.375045 0.00918213
1198 0.504589 0.00517803 0.372887 0.00917148
1199 0.504539 0.00517606 0.375045 0.00918213
1200 0.504867 0.00517889 0.373607 0.00917505
1201 0.505078 0.00517294 0.374326 0.0091786
1202 0.505329 0.00517335 0.37073 0.00916062
1203 0.505157 0.00516181 0.370011 0.00915696
1204 0.504949 0.005163 0.365696 0.00913453
1205 0.504728 0.00516382 0.366055 0.00913643
1206 0.505452 0.00516942 0.366775 0.00914021
1207 0.505334 0.00516838 0.369292 0.00915328
1208 0.5052 0.00517206 0.371449 0.00916426
1209 0.505039 0.0051691 0.371449 0.00916426
1210 0.505042 0.00517104 0.371809 0.00916607
1211 0.505363 0.00517562 0.373966 0.00917683
1212 0.505007 0.00517912 0.375764 0.00918564
1213 0.504527 0.00517668 0.373966 0.00917683
1214 0.505405 0.00516596 0.37073 0.00916062
1215 0.505214 0.00515962 0.372528 0.00916968
1216 0.505114 0.00515695 0.371449 0.00916426
1217 0.505577 0.00515812 0.369651 0.00915512
1218 0.505762 0.00516214 0.371449 0.00916426
1219 0.505949 0.00517166 0.372168 0.00916788
1220 0.50612 0.00517288 0.371809 0.00916607
1221 0.50569 0.00517118 0.371809 0.00916607
1222 0.50529 0.00517334 0.375764 0.00918564
1223 0.505165 0.00517605 0.375405 0.00918389
1224 0.505159 0.00517578 0.375405 0.00918389
1225 0.505172 0.00517913 0.375045 0.00918213
1226 0.504802 0.0051821 0.375045 0.00918213
1227 0.505025 0.00518171 0.374326 0.0091786
1228 0.504864 0.0051793 0.376843 0.00919087
1229 0.504597 0.00517984 0.376843 0.00919087
1230 0.504756 0.00516878 0.378641 0.00919947
1231 0.505049 0.00516593 0.382596 0.00921791
1232 0.504732 0.00517763 0.381517 0.00921295
1233 0.504319 0.00518065 0.381877 0.00921461
1234 0.503674 0.0051765 0.384035 0.00922446
1235 0.503506 0.00516914 0.384394 0.00922608
1236 0.503518 0.00516999 0.382596 0.00921791
1237 0.503165 0.00517449 0.390507 0.00925287
1238 0.50303 0.00517189 0.389788 0.0092498
1239 0.503388 0.00516789 0.38835 0.00924359
1240 0.503508 0.00516554 0.389428 0.00924825
1241 0.503324 0.00516172 0.38835 0.00924359
1242 0.50341 0.00515698 0.38835 0.00924359
1243 0.503839 0.0051578 0.388709 0.00924515
1244 0.503546 0.00514776 0.386552 0.00923571
1245 0.503646 0.00515011 0.384754 0.0092277
1246 0.503608 0.00515279 0.384754 0.0092277
1247 0.503145 0.00514813 0.384394 0.00922608
1248 0.503453 0.00514443 0.384754 0.0092277
1249 0.503493 0.00515144 0.386911 0.0092373
1250 0.503931 0.00514667 0.382956 0.00921956
1251 0.503829 0.00515091 0.387271 0.00923888
1252 0.503913 0.00514606 0.386192 0.00923412
1253 0.503784 0.00514445 0.382956 0.00921956
1254 0.503981 0.00514275 0.382237 0.00921626
1255 0.504064 0.00514438 0.382237 0.00921626
1256 0.504535 0.00514776 0.380439 0.00920793
1257 0.505064 0.00514185 0.378281 0.00919776
1258 0.505035 0.00513819 0.378281 0.00919776
1259 0.50484 0.00513757 0.381517 0.00921295
1260 0.504543 0.00513604 0.381517 0.00921295
1261 0.505015 0.00514283 0.378641 0.00919947
1262 0.505041 0.00514669 0.378281 0.00919776
1263 0.504951 0.0051477 0.378641 0.00919947
1264 0.504832 0.00513971 0.37936 0.00920287
1265 0.504427 0.00513997 0.378641 0.00919947
1266 0.504654 0.005134 0.381877 0.00921461
1267 0.504678 0.00513978 0.381158 0.00921128
1268 0.505107 0.00514347 0.378281 0.00919776
1269 0.505394 0.00514936 0.376483 0.00918913
1270 0.505716 0.00514588 0.377562 0.00919432
1271 0.505752 0.00514663 0.376843 0.00919087
1272 0.505965 0.00514637 0.380079 0.00920625
1273 0.505579 0.00514775 0.376843 0.00919087
1274 0.505485 0.00514477 0.376124 0.00918739
1275 0.505678 0.00514786 0.376483 0.00918913
1276 0.50539 0.00515041 0.377562 0.00919432
1277 0.505497 0.00515147 0.376124 0.00918739
1278 0.505758 0.00515942 0.37972 0.00920456
1279 0.50502 0.00516735 0.377202 0.0091926
1280 0.505307 0.00516664 0.376483 0.00918913
1281 0.50515 0.00517026 0.373966 0.00917683
1282 0.505128 0.00517003 0.375045 0.00918213
1283 0.504492 0.00516993 0.378281 0.00919776
1284 0.505135 0.00516927 0.376843 0.00919087
1285 0.504835 0.00517198 0.377562 0.00919432
1286 0.505099 0.00516579 0.374326 0.0091786
1287 0.504635 0.00516567 0.375405 0.00918389
1288 0.504408 0.00515815 0.374685 0.00918037
1289 0.504678 0.00515626 0.377922 0.00919604
1290 0.505096 0.00515862 0.376843 0.00919087
1291 0.504925 0.00516171 0.376843 0.00919087
1292 0.5055 0.00516593 0.377202 0.0091926
1293 0.505385 0.00516175 0.377562 0.00919432
1294 0.505518 0.00515717 0.375405 0.00918389
1295 0.505127 0.00514989 0.377562 0.00919432
1296 0.505485 0.00515586 0.375045 0.00918213
1297 0.505209 0.00515457 0.375045 0.00918213
1298 0.505387 0.00516041 0.375045 0.00918213
1299 0.505591 0.0051614 0.375764 0.00918564
1300 0.506194 0.00516161 0.375405 0.00918389
1301 0.506258 0.00516729 0.377562 0.00919432
1302 0.505668 0.00516126 0.377202 0.0091926
1303 0.505667 0.00516225 0.375764 0.00918564
1304 0.505954 0.00516797 0.375405 0.00918389
1305 0.505539 0.00516188 0.377562 0.00919432
1306 0.506249 0.00516082 0.372887 0.00917148
1307 0.505923 0.00516206 0.376124 0.00918739
1308 0.505543 0.00515954 0.374685 0.00918037
1309 0.50561 0.00515607 0.373966 0.00917683
1310 0.505719 0.00515222 0.376843 0.00919087
1311 0.505397 0.00514823 0.374326 0.0091786
1312 0.505472 0.00515374 0.374326 0.0091786
1313 0.505102 0.00514521 0.37073 0.00916062
1314 0.505527 0.0051408 0.368932 0.00915143
1315 0.505595 0.00514488 0.37109 0.00916244
1316 0.505641 0.00514889 0.370011 0.00915696
1317 0.505796 0.0051484 0.370011 0.00915696
1318 0.505627 0.00515131 0.374326 0.0091786
1319 0.505816 0.00514679 0.373607 0.00917505
1320 0.505839 0.0051456 0.373607 0.00917505
1321 0.505624 0.00514718 0.37037 0.00915879
1322 0.505403 0.00515005 0.37109 0.00916244
1323 0.505485 0.00515147 0.370011 0.00915696
1324 0.504463 0.00515119 0.374685 0.00918037
1325 0.504873 0.00515306 0.37109 0.00916244
1326 0.504969 0.00515277 0.374326 0.0091786
1327 0.505337 0.00515991 0.373247 0.00917327
1328 0.505455 0.00515901 0.372168 0.00916788
1329 0.505145 0.00516044 0.375405 0.00918389
1330 0.505184 0.00515953 0.374326 0.0091786
1331 0.505369 0.0051638 0.376124 0.00918739
1332 0.5056 0.00516211 0.377562 0.00919432
1333 0.505731 0.0051719 0.376843 0.00919087
1334 0.50532 0.00516539 0.374685 0.00918037
1335 0.505571 0.00516495 0.372887 0.00917148
1336 0.505521 0.00515935 0.370011 0.00915696
1337 0.505186 0.00516536 0.372168 0.00916788
1338 0.505495 0.00516214 0.375405 0.00918389
1339 0.505494 0.00515893 0.373607 0.00917505
1340 0.505314 0.00516446 0.372528 0.00916968
1341 0.505609 0.00517071 0.372528 0.00916968
1342 0.505387 0.00516818 0.37109 0.00916244
1343 0.505378 0.00516042 0.372528 0.00916968
1344 0.505296 0.00515763 0.372168 0.00916788
1345 0.505338 0.00516743 0.372528 0.00916968
1346 0.505492 0.00516227 0.372168 0.00916788
1347 0.505661 0.0051589 0.373607 0.00917505
1348 0.505659 0.00516543 0.375405 0.00918389
1349 0.505454 0.00515769 0.377202 0.0091926
1350 0.50552 0.00515403 0.367494 0.00914397
1351 0.505524 0.00516125 0.375405 0.00918389
1352 0.505295 0.00515807 0.375405 0.00918389
1353 0.505907 0.00515402 0.372528 0.00916968
1354 0.505785 0.00515723 0.376843 0.00919087
1355 0.505824 0.00515735 0.376843 0.00919087
1356 0.505255 0.00515228 0.375764 0.00918564
1357 0.505185 0.00515501 0.375045 0.00918213
1358 0.50501 0.00515159 0.371449 0.00916426
1359 0.504705 0.00515973 0.373966 0.00917683
1360 0.504626 0.00515596 0.373607 0.00917505
1361 0.504828 0.00515453 0.373966 0.00917683
1362 0.505179 0.00516538 0.376843 0.00919087
1363 0.505287 0.00515661 0.372887 0.00917148
1364 0.50482 0.00515288 0.376124 0.00918739
1365 0.504362 0.00514947 0.376124 0.00918739
1366 0.504432 0.00515077 0.373966 0.00917683
1367 0.504519 0.00516047 0.377922 0.00919604
1368 0.504846 0.00515858 0.374326 0.0091786
1369 0.504106 0.0051598 0.376483 0.00918913
1370 0.503818 0.00516149 0.377202 0.0091926
1371 0.504326 0.00516278 0.377922 0.00919604
1372 0.504526 0.0051584 0.375045 0.00918213
1373 0.504345 0.00515514 0.375045 0.00918213
1374 0.50396 0.00515457 0.376483 0.00918913
1375 0.504202 0.00515092 0.372168 0.00916788
1376 0.503748 0.00515026 0.375405 0.00918389
1377 0.503496 0.00514541 0.377922 0.00919604
1378 0.50285 0.0051401 0.376843 0.00919087
1379 0.502683 0.0051427 0.377922 0.00919604
1380 0.50314 0.00514702 0.376483 0.00918913
1381 0.502965 0.00514616 0.378281 0.00919776
1382 0.503598 0.0051476 0.375045 0.00918213
1383 0.503146 0.00513891 0.374685 0.00918037
1384 0.503137 0.00514442 0.377562 0.00919432
1385 0.503423 0.00514306 0.376124 0.00918739
1386 0.503539 0.00514794 0.377562 0.00919432
1387 0.5038 0.0051491 0.377202 0.0091926
1388 0.503347 0.0051472 0.382237 0.00921626
1389 0.502737 0.00515127 0.382237 0.00921626
1390 0.502651 0.00515793 0.382956 0.00921956
1391 0.50243 0.00515107 0.383675 0.00922283
1392 0.502283 0.00514808 0.383315 0.0092212
1393 0.501881 0.0051488 0.382596 0.00921791
1394 0.501852 0.00515252 0.384394 0.00922608
1395 0.502364 0.00515042 0.376843 0.00919087
1396 0.502386 0.00514484 0.378281 0.00919776
1397 0.502204 0.00515213 0.380439 0.00920793
1398 0.502479 0.00514512 0.381158 0.00921128
1399 0.502469 0.0051438 0.380439 0.00920793
1400 0.502055 0.00514198 0.382237 0.00921626
1401 0.50218 0.00514474 0.385113 0.00922931
1402 0.50244 0.00514276 0.383315 0.0092212
1403 0.502756 0.00514323 0.382237 0.00921626
1404 0.502835 0.00514333 0.381158 0.00921128
1405 0.502565 0.00513731 0.381517 0.00921295
1406 0.502264 0.00514259 0.382596 0.00921791
1407 0.502444 0.00514493 0.37972 0.00920456
1408 0.502799 0.0051531 0.380439 0.00920793
1409 0.50315 0.00514936 0.380798 0.00920961
1410 0.50253 0.00515548 0.384754 0.0092277
1411 0.502784 0.00515712 0.384035 0.00922446
1412 0.502481 0.00516058 0.385113 0.00922931
1413 0.502222 0.00516365 0.383315 0.0092212
1414 0.50193 0.00516409 0.386192 0.00923412
1415 0.501856 0.00516534 0.390147 0.00925133
1416 0.502056 0.00516041 0.382596 0.00921791
1417 0.502476 0.00515719 0.380439 0.00920793
1418 0.502036 0.00515583 0.380798 0.00920961
1419 0.501772 0.00514744 0.381517 0.00921295
1420 0.501771 0.00515616 0.381158 0.00921128
1421 0.502128 0.00515191 0.380439 0.00920793
1422 0.502048 0.00515334 0.381517 0.00921295
1423 0.501853 0.00515537 0.382956 0.00921956
1424 0.502057 0.00515227 0.381517 0.00921295
1425 0.502208 0.00516153 0.382956 0.00921956
1426 0.501945 0.0051503 0.381877 0.00921461
1427 0.502326 0.00515641 0.382956 0.00921956
1428 0.502507 0.00515454 0.37972 0.00920456
1429 0.502488 0.0051515 0.380079 0.00920625
1430 0.502493 0.00515016 0.379 0.00920117
1431 0.502441 0.00515243 0.376124 0.00918739
1432 0.502738 0.00514812 0.378281 0.00919776
1433 0.502654 0.00514178 0.37936 0.00920287
1434 0.502176 0.00513819 0.380798 0.00920961
1435 0.502063 0.00514655 0.37972 0.00920456
1436 0.502176 0.00514282 0.37972 0.00920456
1437 0.501673 0.00514119 0.377922 0.00919604
1438 0.502067 0.00514442 0.375405 0.00918389
1439 0.502268 0.00514334 0.37037 0.00915879
1440 0.501756 0.00515171 0.372528 0.00916968
1441 0.501691 0.00515336 0.376124 0.00918739
1442 0.501365 0.00515184 0.374685 0.00918037
1443 0.501673 0.00514973 0.376483 0.00918913
1444 0.501994 0.00515579 0.377922 0.00919604
1445 0.502332 0.00514891 0.378281 0.00919776
1446 0.501951 0.00515135 0.37972 0.00920456
1447 0.50177 0.00515048 0.380798 0.00920961
1448 0.501332 0.00515203 0.381517 0.00921295
1449 0.501593 0.00515213 0.37936 0.00920287
1450 0.501451 0.00514214 0.376483 0.00918913
1451 0.501195 0.00514968 0.377202 0.0091926
1452 0.50114 0.00515681 0.378641 0.00919947
1453 0.50125 0.00515555 0.375405 0.00918389
1454 0.501297 0.00516202 0.378641 0.00919947
1455 0.500883 0.00516069 0.377562 0.00919432
1456 0.501107 0.00515796 0.380798 0.00920961
1457 0.50064 0.00515441 0.380798 0.00920961
1458 0.501031 0.00515674 0.378641 0.00919947
1459 0.500597 0.00515794 0.380798 0.00920961
1460 0.500337 0.00515184 0.37972 0.00920456
1461 0.500959 0.00515731 0.37936 0.00920287
1462 0.501713 0.00515987 0.375405 0.00918389
1463 0.501142 0.00516155 0.377202 0.0091926
1464 0.500741 0.00516232 0.377562 0.00919432
1465 0.500839 0.00516213 0.377562 0.00919432
1466 0.500722 0.00516019 0.37972 0.00920456
1467 0.501592 0.00515903 0.377922 0.00919604
1468 0.501475 0.00516384 0.380079 0.00920625
1469 0.501681 0.00516539 0.378641 0.00919947
1470 0.501829 0.00515943 0.381877 0.00921461
1471 0.502653 0.00516353 0.382596 0.00921791
1472 0.502986 0.00516235 0.382956 0.00921956
1473 0.502731 0.00515802 0.383315 0.0092212
1474 0.503176 0.00514233 0.382956 0.00921956
1475 0.50305 0.00515363 0.384394 0.00922608
1476 0.503416 0.00515797 0.381158 0.00921128
1477 0.503623 0.005156 0.380079 0.00920625
1478 0.503356 0.00514946 0.376124 0.00918739
1479 0.503259 0.00515277 0.377202 0.0091926
1480 0.503052 0.00515742 0.380798 0.00920961
1481 0.502972 0.00515894 0.376124 0.00918739
1482 0.503212 0.00516226 0.37972 0.00920456
1483 0.503012 0.00515437 0.375764 0.00918564
1484 0.502741 0.0051523 0.377202 0.0091926
1485 0.502842 0.00515329 0.379 0.00920117
1486 0.502877 0.00515165 0.379 0.00920117
1487 0.502883 0.00514919 0.375764 0.00918564
1488 0.503187 0.00515379 0.377922 0.00919604
1489 0.503156 0.00515691 0.377562 0.00919432
1490 0.503845 0.00515062 0.375764 0.00918564
1491 0.503741 0.00515521 0.380439 0.00920793
1492 0.503993 0.0051542 0.376483 0.00918913
1493 0.503973 0.00515782 0.37936 0.00920287
1494 0.503373 0.00515049 0.376483 0.00918913
1495 0.502602 0.00515436 0.379 0.00920117
1496 0.502696 0.00514913 0.378641 0.00919947
1497 0.502398 0.00515232 0.383675 0.00922283
1498 0.50245 0.0051484 0.380798 0.00920961
1499 0.502233 0.00515426 0.383315 0.0092212
1500 0.502062 0.00515549 0.383315 0.0092212
1501 0.502011 0.00514382 0.380439 0.00920793
1502 0.501682 0.00514659 0.384394 0.00922608
1503 0.502355 0.00514573 0.382237 0.00921626
1504 0.501983 0.00515285 0.386192 0.00923412
1505 0.502413 0.0051489 0.377922 0.00919604
1506 0.502454 0.00515132 0.380439 0.00920793
1507 0.502518 0.00514456 0.37936 0.00920287
1508 0.502384 0.00514212 0.380079 0.00920625
1509 0.502429 0.00514845 0.377562 0.00919432
1510 0.502988 0.00514839 0.382237 0.00921626
1511 0.502783 0.00515092 0.380798 0.00920961
1512 0.50272 0.0051519 0.377562 0.00919432
1513 0.502931 0.00515514 0.37972 0.00920456
1514 0.502441 0.00515869 0.384754 0.0092277
1515 0.502193 0.00516337 0.381158 0.00921128
1516 0.502354 0.00515489 0.383675 0.00922283
1517 0.502084 0.00515914 0.382596 0.00921791
1518 0.501683 0.0051606 0.386552 0.00923571
1519 0.502124 0.00515725 0.383675 0.00922283
1520 0.502421 0.00516252 0.381877 0.00921461
1521 0.501932 0.00515633 0.37972 0.00920456
1522 0.502129 0.00515847 0.380439 0.00920793
1523 0.502317 0.00516645 0.381158 0.00921128
1524 0.502679 0.00516186 0.380798 0.00920961
1525 0.502465 0.00516831 0.382596 0.00921791
1526 0.502345 0.00516964 0.380798 0.00920961
1527 0.502857 0.0051757 0.380439 0.00920793
1528 0.50285 0.00518233 0.381517 0.00921295
1529 0.50276 0.00517102 0.382596 0.00921791
1530 0.502954 0.00517063 0.380079 0.00920625
1531 0.503006 0.00517199 0.384754 0.0092277
1532 0.503004 0.00517196 0.381877 0.00921461
1533 0.503218 0.00517169 0.381158 0.00921128
1534 0.503538 0.00517693 0.380439 0.00920793
1535 0.503224 0.00517419 0.382956 0.00921956
1536 0.502899 0.00517048 0.382237 0.00921626
1537 0.502892 0.0051702 0.381517 0.00921295
1538 0.502973 0.00516973 0.382596 0.00921791
1539 0.503274 0.00516288 0.382596 0.00921791
1540 0.503218 0.00516552 0.380439 0.00920793
1541 0.50292 0.00516906 0.380798 0.00920961
1542 0.502958 0.0051667 0.382956 0.00921956
1543 0.503123 0.00516902 0.382237 0.00921626
1544 0.503038 0.00517171 0.383675 0.00922283
1545 0.503812 0.00516934 0.381158 0.00921128
1546 0.503528 0.00516691 0.381158 0.00921128
1547 0.5038 0.00516696 0.377202 0.0091926
1548 0.504108 0.00517647 0.378281 0.00919776
1549 0.50355 0.00518186 0.378641 0.00919947
1550 0.503529 0.00518331 0.378281 0.00919776
1551 0.503381 0.00518536 0.381158 0.00921128
1552 0.503542 0.00518435 0.379 0.00920117
1553 0.503369 0.00518567 0.379 0.00920117
1554 0.502836 0.00517892 0.37936 0.00920287
1555 0.502757 0.00517759 0.380798 0.00920961
1556 0.502629 0.00518009 0.381158 0.00921128
1557 0.502821 0.0051784 0.382237 0.00921626
1558 0.503018 0.0051831 0.381877 0.00921461
1559 0.502895 0.00518796 0.380439 0.00920793
1560 0.502957 0.0051874 0.381158 0.00921128
1561 0.502961 0.00518681 0.381877 0.00921461
1562 0.503352 0.00518201 0.37972 0.00920456
1563 0.503351 0.00518235 0.37936 0.00920287
1564 0.503552 0.00518007 0.383315 0.0092212
1565 0.50366 0.00518071 0.381877 0.00921461
1566 0.503377 0.00517089 0.382956 0.00921956
1567 0.503724 0.00517694 0.381517 0.00921295
1568 0.503637 0.00516996 0.378641 0.00919947
1569 0.503496 0.0051696 0.377202 0.0091926
1570 0.503381 0.00517251 0.382596 0.00921791
1571 0.503496 0.00517527 0.379 0.00920117
1572 0.503665 0.00517575 0.379 0.00920117
1573 0.503338 0.00517825 0.380439 0.00920793
1574 0.503615 0.00517881 0.37936 0.00920287
1575 0.503676 0.00517722 0.37936 0.00920287
1576 0.503836 0.00517945 0.376124 0.00918739
1577 0.503974 0.00517446 0.379 0.00920117
1578 0.503962 0.00517987 0.377922 0.00919604
1579 0.503642 0.00516766 0.37936 0.00920287
1580 0.504267 0.00516544 0.379 0.00920117
1581 0.504191 0.0051604 0.375045 0.00918213
1582 0.504304 0.00516049 0.377922 0.00919604
1583 0.504164 0.00516592 0.379 0.00920117
1584 0.504284 0.00516705 0.382596 0.00921791
1585 0.504419 0.00517459 0.383675 0.00922283
1586 0.503941 0.00516473 0.382237 0.00921626
1587 0.504033 0.00516513 0.380439 0.00920793
1588 0.504047 0.00516259 0.381158 0.00921128
1589 0.50453 0.0051665 0.378641 0.00919947
1590 0.50427 0.00516869 0.381877 0.00921461
1591 0.50466 0.00517121 0.37972 0.00920456
1592 0.504721 0.00517609 0.380439 0.00920793
1593 0.504844 0.00518689 0.381158 0.00921128
1594 0.504925 0.00518466 0.380439 0.00920793
1595 0.505198 0.00518248 0.378641 0.00919947
1596 0.505303 0.00518314 0.376843 0.00919087
1597 0.505044 0.00519061 0.378281 0.00919776
1598 0.50517 0.00519767 0.377922 0.00919604
1599 0.50526 0.00518581 0.37936 0.00920287
1600 0.505278 0.00518922 0.37936 0.00920287
1601 0.505377 0.00518208 0.381158 0.00921128
1602 0.505477 0.00518346 0.378641 0.00919947
1603 0.505864 0.0051858 0.374685 0.00918037
1604 0.505572 0.00518679 0.376483 0.00918913
1605 0.505081 0.00518695 0.378641 0.00919947
1606 0.505039 0.00518481 0.376124 0.00918739
1607 0.504886 0.00518818 0.379 0.00920117
1608 0.504856 0.00519127 0.383315 0.0092212
1609 0.504733 0.00518654 0.385113 0.00922931
1610 0.504651 0.00518024 0.383315 0.0092212
1611 0.50498 0.00518493 0.377202 0.0091926
1612 0.505546 0.00518546 0.380079 0.00920625
1613 0.505316 0.00518976 0.37972 0.00920456
1614 0.505266 0.00517964 0.377922 0.00919604
1615 0.505478 0.0051795 0.375764 0.00918564
1616 0.505789 0.00518114 0.375764 0.00918564
1617 0.50586 0.00518284 0.375405 0.00918389
1618 0.50675 0.00518391 0.376124 0.00918739
1619 0.506546 0.00518055 0.377562 0.00919432
1620 0.506702 0.00517988 0.373607 0.00917505
1621 0.506674 0.00517519 0.375045 0.00918213
1622 0.505971 0.0051782 0.37972 0.00920456
1623 0.505832 0.00518335 0.382237 0.00921626
1624 0.50564 0.00518909 0.382956 0.00921956
1625 0.505759 0.00519187 0.381517 0.00921295
1626 0.505629 0.00519513 0.381517 0.00921295
1627 0.505423 0.00519001 0.380079 0.00920625
1628 0.505234 0.00519521 0.382596 0.00921791
1629 0.505076 0.00519802 0.381877 0.00921461
1630 0.504919 0.00520525 0.377562 0.00919432
1631 0.504595 0.00520241 0.377202 0.0091926
1632 0.504529 0.00519464 0.383315 0.0092212
1633 0.505063 0.00518868 0.37972 0.00920456
1634 0.50555 0.00519391 0.37936 0.00920287
1635 0.505208 0.00519617 0.37936 0.00920287
1636 0.505 0.0052014 0.384394 0.00922608
1637 0.504781 0.00520799 0.383315 0.0092212
1638 0.504891 0.0052009 0.384394 0.00922608
1639 0.504735 0.0051974 0.383315 0.0092212
1640 0.504262 0.00519445 0.381877 0.00921461
1641 0.504392 0.00518959 0.378281 0.00919776
1642 0.504848 0.00519211 0.378641 0.00919947
1643 0.504409 0.00519314 0.37972 0.00920456
1644 0.504116 0.00518735 0.37936 0.00920287
1645 0.503724 0.00519249 0.383315 0.0092212
1646 0.503402 0.00519236 0.382596 0.00921791
1647 0.503391 0.00519303 0.383675 0.00922283
1648 0.503709 0.00519972 0.385473 0.00923092
1649 0.503787 0.00519194 0.385832 0.00923252
1650 0.503813 0.00519353 0.382596 0.00921791
1651 0.50406 0.00518601 0.384394 0.00922608
1652 0.50417 0.00518713 0.383675 0.00922283
1653 0.5038 0.00518524 0.381158 0.00921128
1654 0.504188 0.00517556 0.37972 0.00920456
1655 0.504496 0.00518188 0.381877 0.00921461
1656 0.504441 0.00518747 0.37936 0.00920287
1657 0.504153 0.00519475 0.381517 0.00921295
1658 0.504294 0.00519134 0.380798 0.00920961
1659 0.50401 0.00519051 0.385113 0.00922931
1660 0.503742 0.00518609 0.384394 0.00922608
1661 0.504166 0.00519173 0.381877 0.00921461
1662 0.504144 0.00518152 0.383675 0.00922283
1663 0.503642 0.00518057 0.380079 0.00920625
1664 0.503642 0.00518155 0.382596 0.00921791
1665 0.504167 0.00518074 0.381517 0.00921295
1666 0.504473 0.00517515 0.382956 0.00921956
1667 0.503919 0.00518135 0.382237 0.00921626
1668 0.503946 0.00516889 0.384394 0.00922608
1669 0.503604 0.00516699 0.387271 0.00923888
1670 0.503018 0.00517535 0.385113 0.00922931
1671 0.50297 0.00517878 0.388709 0.00924515
1672 0.502693 0.00518164 0.386911 0.0092373
1673 0.503001 0.00517871 0.385832 0.00923252
1674 0.503367 0.00517771 0.384035 0.00922446
1675 0.503222 0.00518141 0.384394 0.00922608
1676 0.503295 0.00518392 0.384035 0.00922446
1677 0.503706 0.00518297 0.378641 0.00919947
1678 0.503982 0.00518573 0.380079 0.00920625
1679 0.50444 0.00518141 0.37972 0.00920456
1680 0.504657 0.0051865 0.380798 0.00920961
1681 0.505062 0.00518936 0.381158 0.00921128
1682 0.504685 0.00518707 0.381158 0.00921128
1683 0.505067 0.00518092 0.381158 0.00921128
1684 0.504827 0.00518055 0.382237 0.00921626
1685 0.505038 0.00517699 0.381158 0.00921128
1686 0.505413 0.00517027 0.380439 0.00920793
1687 0.505286 0.00517287 0.381877 0.00921461
1688 0.505176 0.00517087 0.382956 0.00921956
1689 0.504611 0.00516715 0.385113 0.00922931
1690 0.50488 0.00517498 0.383315 0.0092212
1691 0.504676 0.00517238 0.383675 0.00922283
1692 0.504811 0.00517023 0.383675 0.00922283
1693 0.505013 0.00516124 0.377202 0.0091926
1694 0.504311 0.00516698 0.37972 0.00920456
1695 0.504291 0.00516468 0.384394 0.00922608
1696 0.504269 0.00516347 0.37972 0.00920456
1697 0.504955 0.00516502 0.375045 0.00918213
1698 0.504809 0.00517311 0.376124 0.00918739
1699 0.505071 0.00516526 0.37936 0.00920287
1700 0.504868 0.00515848 0.381877 0.00921461
1701 0.504866 0.00516233 0.37936 0.00920287
1702 0.504919 0.00516452 0.381877 0.00921461
1703 0.504476 0.00517056 0.385473 0.00923092
1704 0.504473 0.00516814 0.384394 0.00922608
1705 0.504551 0.00517388 0.38763 0.00924045
1706 0.504558 0.00517306 0.384754 0.0092277
1707 0.504504 0.00516787 0.383315 0.0092212
1708 0.504728 0.00517085 0.384754 0.0092277
1709 0.504874 0.0051743 0.383675 0.00922283
1710 0.505065 0.00518522 0.384754 0.0092277
1711 0.505002 0.00517813 0.380798 0.00920961
1712 0.504969 0.00518192 0.383675 0.00922283
1713 0.505166 0.00517734 0.384035 0.00922446
1714 0.505483 0.00517889 0.382956 0.00921956
1715 0.50576 0.00518144 0.380798 0.00920961
1716 0.506104 0.00518057 0.383315 0.0092212
1717 0.506191 0.00517339 0.381158 0.00921128
1718 0.505897 0.00517542 0.380079 0.00920625
1719 0.505823 0.00517288 0.381877 0.00921461
1720 0.505367 0.00517475 0.385113 0.00922931
1721 0.505873 0.00517954 0.382956 0.00921956
1722 0.506209 0.00517859 0.382596 0.00921791
1723 0.506002 0.00517838 0.382596 0.00921791
1724 0.506238 0.00518122 0.382237 0.00921626
1725 0.50577 0.00518389 0.37972 0.00920456
1726 0.50588 0.00517976 0.381158 0.00921128
1727 0.505967 0.00517647 0.380439 0.00920793
1728 0.506026 0.00516962 0.377922 0.00919604
1729 0.506031 0.00517499 0.379 0.00920117
1730 0.506065 0.00517436 0.378281 0.00919776
1731 0.506034 0.00517035 0.377922 0.00919604
1732 0.505817 0.00518602 0.381517 0.00921295
1733 0.506014 0.00518181 0.378281 0.00919776
1734 0.506091 0.00518084 0.378281 0.00919776
1735 0.505774 0.00517541 0.376124 0.00918739
1736 0.506203 0.00516536 0.380439 0.00920793
1737 0.506233 0.00517217 0.380798 0.00920961
1738 0.506466 0.00516591 0.375764 0.00918564
1739 0.506621 0.00516306 0.378641 0.00919947
1740 0.506079 0.0051676 0.383675 0.00922283
1741 0.506019 0.00517413 0.385113 0.00922931
1742 0.505649 0.00517079 0.385832 0.00923252
1743 0.505603 0.00517288 0.387271 0.00923888
1744 0.505663 0.00516575 0.383675 0.00922283
1745 0.505374 0.0051628 0.384035 0.00922446
1746 0.505344 0.00516341 0.384394 0.00922608
1747 0.505049 0.00516326 0.382237 0.00921626
1748 0.506254 0.00516446 0.379 0.00920117
1749 0.506109 0.00516404 0.382596 0.00921791
1750 0.506247 0.00515408 0.376843 0.00919087
1751 0.505862 0.00516633 0.381517 0.00921295
1752 0.505909 0.00516504 0.381158 0.00921128
1753 0.505973 0.00516004 0.375405 0.00918389
1754 0.505976 0.00516715 0.378641 0.00919947
1755 0.506018 0.00516771 0.376124 0.00918739
1756 0.506409 0.00517508 0.377562 0.00919432
1757 0.506098 0.00517227 0.380439 0.00920793
1758 0.50664 0.00518567 0.380798 0.00920961
1759 0.506291 0.00518596 0.378281 0.00919776
1760 0.506058 0.0051873 0.380079 0.00920625
1761 0.505629 0.00518407 0.37972 0.00920456
1762 0.505772 0.00517673 0.376843 0.00919087
1763 0.505701 0.00518073 0.379 0.00920117
1764 0.505783 0.00518301 0.376843 0.00919087
1765 0.505952 0.00518032 0.380079 0.00920625
1766 0.505792 0.00518903 0.382237 0.00921626
1767 0.505687 0.00519239 0.37936 0.00920287
1768 0.505542 0.00519221 0.378281 0.00919776
1769 0.504845 0.00520238 0.380079 0.00920625
1770 0.504836 0.00520223 0.378641 0.00919947
1771 0.504889 0.00520282 0.381517 0.00921295
1772 0.504385 0.00520298 0.386192 0.00923412
1773 0.504889 0.00519795 0.384394 0.00922608
1774 0.505276 0.00519546 0.382237 0.00921626
1775 0.50499 0.00519165 0.383315 0.0092212
1776 0.504964 0.00518797 0.37972 0.00920456
1777 0.505249 0.00518869 0.383675 0.00922283
1778 0.504967 0.00517838 0.379 0.00920117
1779 0.50507 0.00517934 0.381877 0.00921461
1780 0.50516 0.00518199 0.37936 0.00920287
1781 0.504584 0.00518519 0.383675 0.00922283
1782 0.504183 0.00518063 0.386192 0.00923412
1783 0.504699 0.00518506 0.382596 0.00921791
1784 0.504704 0.00517846 0.384035 0.00922446
1785 0.505056 0.00518053 0.384754 0.0092277
1786 0.505042 0.00517577 0.381517 0.00921295
1787 0.505322 0.00517885 0.384394 0.00922608
1788 0.50541 0.00516705 0.382956 0.00921956
1789 0.50521 0.00516606 0.380079 0.00920625
1790 0.505231 0.00516846 0.381158 0.00921128
1791 0.505465 0.00517052 0.378641 0.00919947
1792 0.504956 0.00516947 0.378281 0.00919776
1793 0.504425 0.00517215 0.376843 0.00919087
1794 0.504527 0.00517647 0.378641 0.00919947
1795 0.504829 0.00517482 0.381158 0.00921128
1796 0.504726 0.00517173 0.381517 0.00921295
1797 0.504879 0.00517508 0.37936 0.00920287
1798 0.504751 0.00518235 0.378641 0.00919947
1799 0.50451 0.00518251 0.375045 0.00918213
1800 0.504269 0.00518488 0.376843 0.00919087
1801 0.503896 0.00518434 0.378281 0.00919776
1802 0.503912 0.00517869 0.376124 0.00918739
1803 0.503486 0.00518385 0.377922 0.00919604
1804 0.503924 0.00518816 0.377922 0.00919604
1805 0.503828 0.00519157 0.378281 0.00919776
1806 0.503827 0.00518552 0.377922 0.00919604
1807 0.504068 0.00518615 0.378281 0.00919776
1808 0.504131 0.00518333 0.376124 0.00918739
1809 0.504593 0.00518807 0.376483 0.00918913
1810 0.504322 0.00518826 0.376124 0.00918739
1811 0.504311 0.00518699 0.374685 0.00918037
1812 0.504261 0.00518447 0.37936 0.00920287
1813 0.504506 0.00517484 0.375764 0.00918564
1814 0.504557 0.0051735 0.373966 0.00917683
1815 0.504188 0.00517454 0.377562 0.00919432
1816 0.504617 0.00516566 0.378641 0.00919947
1817 0.504796 0.00517239 0.377202 0.0091926
1818 0.505441 0.00516858 0.374685 0.00918037
1819 0.505418 0.00517293 0.374326 0.0091786
1820 0.505414 0.00517216 0.375405 0.00918389
1821 0.504654 0.0051664 0.375405 0.00918389
1822 0.504985 0.00515506 0.375045 0.00918213
1823 0.505266 0.00516298 0.377202 0.0091926
1824 0.505031 0.00516346 0.374685 0.00918037
1825 0.504458 0.00516396 0.373247 0.00917327
1826 0.504594 0.00516496 0.375045 0.00918213
1827 0.504545 0.00517457 0.375764 0.00918564
1828 0.504235 0.00516803 0.377922 0.00919604
1829 0.504605 0.00516484 0.377922 0.00919604
1830 0.504806 0.00516077 0.378641 0.00919947
1831 0.505027 0.00515452 0.375045 0.00918213
1832 0.504885 0.00515954 0.376124 0.00918739
1833 0.505131 0.00515724 0.375405 0.00918389
1834 0.505331 0.00515972 0.373607 0.00917505
1835 0.505149 0.00516023 0.377202 0.0091926
1836 0.505102 0.00516438 0.376124 0.00918739
1837 0.504931 0.00515938 0.374685 0.00918037
1838 0.50504 0.00516244 0.377562 0.00919432
1839 0.50523 0.00516028 0.378281 0.00919776
1840 0.504972 0.00515557 0.376124 0.00918739
1841 0.50539 0.00515841 0.376124 0.00918739
1842 0.505231 0.00516061 0.376843 0.00919087
1843 0.505305 0.00515543 0.375405 0.00918389
1844 0.505747 0.00515121 0.375405 0.00918389
1845 0.505657 0.00514684 0.375045 0.00918213
1846 0.50591 0.00515203 0.374326 0.0091786
1847 0.505689 0.00515556 0.376124 0.00918739
1848 0.505456 0.00516215 0.376843 0.00919087
1849 0.504929 0.00516434 0.377562 0.00919432
1850 0.504645 0.00516189 0.380439 0.00920793
1851 0.504863 0.00516116 0.380079 0.00920625
1852 0.505009 0.0051654 0.37972 0.00920456
1853 0.504933 0.00517073 0.380798 0.00920961
1854 0.504925 0.00516662 0.375764 0.00918564
1855 0.505269 0.00516408 0.377202 0.0091926
1856 0.505109 0.00517049 0.378641 0.00919947
1857 0.504184 0.00517037 0.37972 0.00920456
1858 0.504559 0.0051728 0.381517 0.00921295
1859 0.505331 0.00517413 0.380439 0.00920793
1860 0.504985 0.00516288 0.37972 0.00920456
1861 0.504942 0.00515886 0.375405 0.00918389
1862 0.504511 0.00515553 0.378281 0.00919776
1863 0.504036 0.00515885 0.376483 0.00918913
1864 0.50425 0.00516156 0.376483 0.00918913
1865 0.504175 0.00515701 0.377202 0.0091926
1866 0.504039 0.00515956 0.377562 0.00919432
1867 0.504034 0.00515963 0.374685 0.00918037
1868 0.504013 0.00515731 0.376124 0.00918739
1869 0.50426 0.0051553 0.376843 0.00919087
1870 0.504346 0.00515539 0.374685 0.00918037
1871 0.504657 0.00515431 0.378281 0.00919776
1872 0.504526 0.00515517 0.377562 0.00919432
1873 0.5038 0.0051598 0.380798 0.00920961
1874 0.503854 0.00515795 0.380439 0.00920793
1875 0.503692 0.00515955 0.37972 0.00920456
1876 0.503333 0.00515953 0.37972 0.00920456
1877 0.503391 0.00515576 0.376483 0.00918913
1878 0.503515 0.0051625 0.377922 0.00919604
1879 0.503761 0.00517339 0.378641 0.00919947
1880 0.503622 0.00517379 0.380798 0.00920961
1881 0.503718 0.0051687 0.378641 0.00919947
1882 0.504034 0.00517564 0.376843 0.00919087
1883 0.503607 0.0051698 0.375045 0.00918213
1884 0.503734 0.00516626 0.379 0.00920117
1885 0.503386 0.00516419 0.380079 0.00920625
1886 0.503277 0.00516359 0.37936 0.00920287
1887 0.503023 0.00516171 0.377562 0.00919432
1888 0.503414 0.00516341 0.377562 0.00919432
1889 0.503029 0.00516425 0.37936 0.00920287
1890 0.502754 0.00516377 0.37936 0.00920287
1891 0.503004 0.00516286 0.380439 0.00920793
1892 0.503477 0.00517049 0.380439 0.00920793
1893 0.503707 0.00516684 0.380798 0.00920961
1894 0.504474 0.00517094 0.377922 0.00919604
1895 0.504404 0.00517043 0.382596 0.00921791
1896 0.504663 0.00517412 0.376483 0.00918913
1897 0.505001 0.00517228 0.378641 0.00919947
1898 0.505033 0.00517269 0.376843 0.00919087
1899 0.504632 0.00517732 0.37936 0.00920287
1900 0.504612 0.00515929 0.378281 0.00919776
1901 0.504391 0.00515647 0.376843 0.00919087
1902 0.504457 0.00516311 0.376124 0.00918739
1903 0.504598 0.00516503 0.376483 0.00918913
1904 0.504967 0.00516354 0.371449 0.00916426
1905 0.50454 0.00516261 0.376843 0.00919087
1906 0.504402 0.00516669 0.378281 0.00919776
1907 0.504799 0.00516941 0.372168 0.00916788
1908 0.504194 0.00517291 0.374685 0.00918037
1909 0.50444 0.00516534 0.375405 0.00918389
1910 0.505002 0.00516751 0.378281 0.00919776
1911 0.504739 0.00516257 0.374685 0.00918037
1912 0.504686 0.0051656 0.37936 0.00920287
1913 0.504886 0.00516268 0.378641 0.00919947
1914 0.50457 0.00516128 0.376124 0.00918739
1915 0.504471 0.0051627 0.377922 0.00919604
1916 0.504237 0.0051655 0.375764 0.00918564
1917 0.504843 0.00516506 0.377922 0.00919604
1918 0.504909 0.00516919 0.376483 0.00918913
1919 0.50435 0.0051714 0.375405 0.00918389
1920 0.504129 0.00516637 0.379 0.00920117
1921 0.504335 0.00516514 0.378281 0.00919776
1922 0.504076 0.00516813 0.37936 0.00920287
1923 0.504295 0.00516985 0.381877 0.00921461
1924 0.504284 0.00517502 0.382956 0.00921956
1925 0.504328 0.00517334 0.380798 0.00920961
1926 0.50419 0.00518441 0.383675 0.00922283
1927 0.504013 0.0051801 0.384035 0.00922446
1928 0.504127 0.0051822 0.380079 0.00920625
1929 0.503927 0.00518555 0.383315 0.0092212
1930 0.504636 0.0051783 0.382956 0.00921956
1931 0.504586 0.0051749 0.382956 0.00921956
1932 0.504035 0.00517211 0.382956 0.00921956
1933 0.504197 0.00518156 0.386552 0.00923571
1934 0.504317 0.00517534 0.383675 0.00922283
1935 0.503578 0.00516485 0.380439 0.00920793
1936 0.503928 0.00516866 0.377922 0.00919604
1937 0.504142 0.00516038 0.381517 0.00921295
1938 0.503975 0.00516015 0.381158 0.00921128
1939 0.504127 0.00515318 0.378641 0.00919947
1940 0.50419 0.00516212 0.380439 0.00920793
1941 0.503765 0.00515541 0.382596 0.00921791
1942 0.504052 0.00515025 0.381517 0.00921295
1943 0.503528 0.00514843 0.382237 0.00921626
1944 0.503576 0.00515324 0.382956 0.00921956
1945 0.503902 0.00515239 0.381877 0.00921461
1946 0.50392 0.00515231 0.382596 0.00921791
1947 0.503522 0.00515555 0.37936 0.00920287
1948 0.503792 0.0051551 0.381158 0.00921128
1949 0.503967 0.00514844 0.380798 0.00920961
1950 0.503846 0.00515463 0.381517 0.00921295
1951 0.504524 0.00515399 0.381158 0.00921128
1952 0.504216 0.00515068 0.380439 0.00920793
1953 0.504353 0.00514818 0.382956 0.00921956
1954 0.504282 0.00514836 0.382237 0.00921626
1955 0.503693 0.00515084 0.381517 0.00921295
1956 0.503856 0.00515009 0.381877 0.00921461
1957 0.504151 0.00514674 0.378641 0.00919947
1958 0.504453 0.00514838 0.378641 0.00919947
1959 0.50453 0.0051529 0.37972 0.00920456
1960 0.504193 0.0051591 0.380798 0.00920961
1961 0.504503 0.00515916 0.37936 0.00920287
1962 0.50438 0.00515006 0.37936 0.00920287
1963 0.504216 0.00514627 0.378641 0.00919947
1964 0.504464 0.00515295 0.377202 0.0091926
1965 0.504133 0.00514988 0.378641 0.00919947
1966 0.504358 0.00514674 0.381158 0.00921128
1967 0.504477 0.00514732 0.380798 0.00920961
1968 0.504965 0.00514673 0.376124 0.00918739
1969 0.504397 0.00515245 0.373966 0.00917683
1970 0.504874 0.00515268 0.377562 0.00919432
1971 0.504897 0.00514731 0.375764 0.00918564
1972 0.50506 0.00515581 0.373247 0.00917327
1973 0.504581 0.00515658 0.376843 0.00919087
1974 0.504344 0.00515237 0.379 0.00920117
1975 0.504125 0.00515401 0.377562 0.00919432
1976 0.503581 0.00516368 0.377922 0.00919604
1977 0.503727 0.00516023 0.377922 0.00919604
1978 0.503714 0.00516132 0.37936 0.00920287
1979 0.504099 0.00516388 0.376483 0.00918913
1980 0.503979 0.00516586 0.376483 0.00918913
1981 0.503353 0.00516454 0.377202 0.0091926
1982 0.503196 0.00516399 0.378281 0.00919776
1983 0.502917 0.00515707 0.380439 0.00920793
1984 0.502392 0.00515568 0.382596 0.00921791
1985 0.502891 0.00516284 0.382237 0.00921626
1986 0.502726 0.00516562 0.384754 0.0092277
1987 0.502412 0.00516211 0.380798 0.00920961
1988 0.502445 0.00516796 0.37936 0.00920287
1989 0.502664 0.00517133 0.37972 0.00920456
1990 0.502387 0.00517173 0.381158 0.00921128
1991 0.502381 0.00517887 0.385113 0.00922931
1992 0.502456 0.0051857 0.382956 0.00921956
1993 0.50253 0.00518804 0.380439 0.00920793
1994 0.502935 0.00518337 0.37936 0.00920287
1995 0.502655 0.00517308 0.381158 0.00921128
1996 0.50293 0.00517653 0.377922 0.00919604
1997 0.502713 0.00518111 0.37936 0.00920287
1998 0.502734 0.00517792 0.378641 0.00919947
1999 0.502526 0.00518617 0.381877 0.00921461
