#sample=10000
0 0.00132908 2.82572e-05 1 0
1 0.00131962 5.55164e-06 1 0
2 0.00134702 7.0329e-06 1 0
3 0.00138026 8.15168e-06 1 0
4 0.00142292 9.56715e-06 1 0
5 0.00146412 1.03153e-05 1 0
6 0.00153103 1.2262e-05 1 0
7 0.00159589 1.38201e-05 1 0
8 0.00167926 1.5521e-05 1 0
9 0.00176795 1.74722e-05 1 0
10 0.00185355 1.87773e-05 1 0
11 0.00195454 2.09602e-05 1 0
12 0.00205237 2.24481e-05 1 0
13 0.00214935 2.41315e-05 1 0
14 0.00228327 3.10201e-05 1 0
15 0.00240888 2.8508e-05 1 0
16 0.00253782 3.01738e-05 1 0
17 0.00272129 4.11576e-05 1 0
18 0.00285552 3.48339e-05 1 0
19 0.00299922 3.77465e-05 1 0
20 0.00315742 3.90685e-05 1 0
21 0.00334996 4.16043e-05 1 0
22 0.00353934 4.4292e-05 1 0
23 0.00374586 4.67022e-05 1 0
24 0.00391574 4.90041e-05 1 0
25 0.00415535 5.20851e-05 1 0
26 0.0043679 5.81996e-05 1 0
27 0.00455343 5.78697e-05 1 0
28 0.00472416 5.87931e-05 1 0
29 0.00493346 6.13405e-05 1 0
30 0.0051486 6.48142e-05 1 0
31 0.00533207 6.65105e-05 1 0
32 0.00560318 6.97276e-05 1 0
33 0.00583334 7.20212e-05 1 0
34 0.00608653 7.82624e-05 1 0
35 0.0063281 7.81923e-05 1 0
36 0.00657337 8.06235e-05 1 0
37 0.00681274 8.8531e-05 1 0
38 0.00698381 8.6188e-05 1 0
39 0.00729702 8.97673e-05 1 0
40 0.00752294 9.36707e-05 1 0
41 0.00774417 9.94045e-05 1 0
42 0.00802513 0.000100096 1 0
43 0.00825339 0.000101593 1 0
44 0.00855546 0.000105337 1 0
45 0.00886163 0.000108165 1 0
46 0.00913575 0.000112574 1 0
47 0.0094362 0.00011609 1 0
48 0.0096851 0.000118287 1 0
49 0.0100125 0.000128094 0.9999 0.0001
50 0.0102468 0.000124772 1 0
51 0.0105167 0.00013268 0.9999 0.0001
52 0.0107733 0.000130562 1 0
53 0.0110387 0.000133337 1 0
54 0.011444 0.000143926 1 0
55 0.0117381 0.000145375 1 0
56 0.0119628 0.000143593 1 0
57 0.0123419 0.000149085 1 0
58 0.0127113 0.000157119 1 0
59 0.0129536 0.000157332 1 0
60 0.0132451 0.000158976 1 0
61 0.0135583 0.00016401 1 0
62 0.0139196 0.000168245 1 0
63 0.0142985 0.000174453 1 0
64 0.0144761 0.000173647 1 0
65 0.0148109 0.000177212 1 0
66 0.015253 0.000184523 1 0
67 0.0155745 0.00018928 1 0
68 0.015855 0.00018923 1 0
69 0.0162639 0.000196782 1 0
70 0.0166227 0.000199503 1 0
71 0.0169288 0.000204353 0.9999 0.0001
72 0.0172566 0.000207198 1 0
73 0.0176034 0.000211159 1 0
74 0.01797 0.000214709 1 0
75 0.0182603 0.000217599 1 0
76 0.018699 0.000226084 0.9999 0.0001
77 0.019088 0.000233538 0.9999 0.0001
78 0.0194992 0.00023574 1 0
79 0.0199271 0.000239346 1 0
80 0.0202637 0.000243832 0.9999 0.0001
81 0.0206406 0.000245421 1 0
82 0.0213196 0.000259387 0.9998 0.000141414
83 0.0216746 0.000258082 1 0
84 0.022188 0.000269145 0.9998 0.000141414
85 0.0225753 0.000273573 0.9999 0.0001
86 0.0230138 0.000271249 1 0
87 0.0234662 0.000275915 1 0
88 0.0240767 0.000283185 1 0
89 0.0245982 0.000292698 0.9999 0.0001
90 0.0250148 0.000295937 0.9999 0.0001
91 0.0254476 0.00029863 1 0
92 0.0259585 0.000302501 1 0
93 0.0265357 0.000318098 0.9997 0.000173188
94 0.0269856 0.000314723 1 0
95 0.0275608 0.000320103 1 0
96 0.0281418 0.000328349 1 0
97 0.0287739 0.000337799 0.9999 0.0001
98 0.0293653 0.000347981 0.9997 0.000173188
99 0.0298993 0.000350782 0.9999 0.0001
100 0.0305442 0.000357332 0.9998 0.000141414
101 0.0311529 0.000365645 0.9998 0.000141414
102 0.0318351 0.000370186 0.9999 0.0001
103 0.0324462 0.000380335 0.9998 0.000141414
104 0.0329817 0.000382944 0.9999 0.0001
105 0.0335373 0.000388094 1 0
106 0.0342185 0.000394729 1 0
107 0.0349408 0.000406178 0.9997 0.000173188
108 0.0355162 0.000409667 0.9998 0.000141414
109 0.0362867 0.000419408 0.9999 0.0001
110 0.0368683 0.000423887 0.9997 0.000173188
111 0.0375496 0.000433353 0.9995 0.000223562
112 0.0380813 0.000438811 0.9999 0.0001
113 0.0387211 0.000444357 0.9996 0.00019997
114 0.0392666 0.000449277 0.9997 0.000173188
115 0.039844 0.000455097 0.9997 0.000173188
116 0.0405945 0.000467549 0.9995 0.000223562
117 0.0412428 0.000474071 0.9996 0.00019997
118 0.0419093 0.000479917 0.9996 0.00019997
119 0.0424908 0.000486696 0.9995 0.000223562
120 0.0433157 0.000496942 0.9993 0.000264496
121 0.0438975 0.000502121 0.9992 0.000282744
122 0.0445409 0.000508433 0.9994 0.000244888
123 0.04532 0.000515209 0.9992 0.000282744
124 0.046016 0.000525336 0.9992 0.000282744
125 0.0467986 0.000537682 0.9989 0.000331497
126 0.0475078 0.000545048 0.9984 0.0003997
127 0.0481501 0.000550099 0.9988 0.00034622
128 0.0487957 0.000556496 0.9987 0.000360339
129 0.0495771 0.000572929 0.9981 0.000435497
130 0.0502093 0.000577111 0.9986 0.000373922
131 0.0509104 0.000584612 0.998 0.000446788
132 0.0515944 0.000592657 0.9985 0.000387027
133 0.0524198 0.000598973 0.9983 0.000411981
134 0.0531406 0.000609935 0.9982 0.000423903
135 0.053945 0.000617476 0.998 0.000446788
136 0.0546003 0.000626271 0.9978 0.000468549
137 0.0552304 0.000631589 0.9981 0.000435497
138 0.0559363 0.000641391 0.9975 0.0004994
139 0.0566188 0.00064457 0.9975 0.0004994
140 0.0573342 0.000651861 0.998 0.000446788
141 0.0581508 0.000662642 0.9973 0.000518939
142 0.0587981 0.000665399 0.9973 0.000518939
143 0.0594881 0.000673169 0.9972 0.000528435
144 0.0603898 0.00068314 0.9975 0.0004994
145 0.0612159 0.000691482 0.9968 0.000564808
146 0.0620083 0.000700711 0.9968 0.000564808
147 0.0628313 0.000709197 0.9966 0.000582132
148 0.0635872 0.0007196 0.9963 0.00060718
149 0.0645145 0.000724794 0.9959 0.00063903
150 0.0653361 0.000732976 0.9959 0.00063903
151 0.0662085 0.000742513 0.9957 0.000654365
152 0.0669887 0.000746186 0.9959 0.00063903
153 0.0679568 0.000757319 0.9954 0.000676705
154 0.0688124 0.000765649 0.995 0.000705372
155 0.0696801 0.000771853 0.9949 0.000712355
156 0.0706519 0.000782778 0.9947 0.000726116
157 0.0715129 0.000789304 0.9944 0.000746271
158 0.0725021 0.000797986 0.9944 0.000746271
159 0.0734538 0.000805361 0.9942 0.000759403
160 0.0742346 0.000812819 0.994 0.000772308
161 0.0754316 0.0008238 0.9934 0.000809759
162 0.0763807 0.000834789 0.9927 0.000851319
163 0.0771986 0.000839094 0.9923 0.000874155
164 0.0780713 0.000842648 0.9918 0.000901863
165 0.0791718 0.000855671 0.9906 0.000965017
166 0.0801905 0.000861196 0.9917 0.0009073
167 0.0810448 0.000870177 0.9913 0.000928718
168 0.0818179 0.000877416 0.9906 0.000965017
169 0.0828758 0.000886533 0.9896 0.00101454
170 0.0836594 0.000895004 0.9892 0.00103366
171 0.0847163 0.000901752 0.9892 0.00103366
172 0.0858839 0.000915021 0.9886 0.00106166
173 0.0867597 0.00091952 0.9882 0.0010799
174 0.0877841 0.000925915 0.9886 0.00106166
175 0.0889517 0.000933121 0.9876 0.00110668
176 0.0901149 0.000945317 0.9865 0.00115408
177 0.0910216 0.000949255 0.9851 0.00121159
178 0.0920345 0.000958611 0.9841 0.00125095
179 0.0932368 0.000969196 0.9832 0.00128528
180 0.0942616 0.000979979 0.9834 0.00127774
181 0.0953011 0.000986661 0.9824 0.00131499
182 0.0966951 0.000998699 0.9818 0.00133681
183 0.0978645 0.00100888 0.9802 0.00139319
184 0.0991022 0.00101861 0.9792 0.00142721
185 0.100356 0.00103005 0.9779 0.00147016
186 0.10139 0.00103486 0.9773 0.00148953
187 0.102849 0.00104601 0.9752 0.00155523
188 0.104117 0.00105385 0.9763 0.0015212
189 0.105363 0.00106114 0.9737 0.00160034
190 0.106768 0.00106965 0.9738 0.00159738
191 0.107885 0.00107563 0.9724 0.00163832
192 0.109118 0.00108498 0.9705 0.00169212
193 0.110576 0.00109653 0.9694 0.0017224
194 0.111891 0.0011085 0.9681 0.00175743
195 0.113365 0.0011142 0.9663 0.00180465
196 0.114794 0.00112908 0.9637 0.00187045
197 0.11626 0.00113677 0.9625 0.00189993
198 0.11774 0.00114736 0.9597 0.00196672
199 0.119045 0.00115547 0.9577 0.00201283
200 0.120695 0.00117087 0.9558 0.00205549
201 0.122013 0.00117855 0.9531 0.00211435
202 0.123348 0.00118629 0.9519 0.00213988
203 0.124676 0.00119584 0.9504 0.00217128
204 0.126093 0.00120278 0.9468 0.00224443
205 0.127651 0.00121564 0.9441 0.0022974
206 0.12929 0.00122733 0.9412 0.00235262
207 0.130724 0.00123422 0.9406 0.00236384
208 0.131898 0.00124255 0.9386 0.00240075
209 0.13356 0.00125351 0.9336 0.00248992
210 0.135291 0.00126529 0.9315 0.00252615
211 0.136894 0.00127427 0.9305 0.00254315
212 0.138393 0.00128096 0.928 0.00258501
213 0.139965 0.00128894 0.9247 0.00263888
214 0.141598 0.00129817 0.9223 0.00267712
215 0.142839 0.00130209 0.9199 0.00271462
216 0.144436 0.00130948 0.918 0.00274378
217 0.146135 0.00131756 0.9148 0.00279193
218 0.147649 0.00132714 0.9137 0.00280821
219 0.149508 0.00133362 0.9131 0.00281703
220 0.15082 0.00134365 0.9077 0.00289463
221 0.152178 0.00134804 0.9059 0.00291982
222 0.153814 0.00135853 0.9063 0.00291425
223 0.155562 0.00136526 0.901 0.00298677
224 0.157184 0.00137807 0.8969 0.00304105
225 0.15882 0.00138356 0.8951 0.0030644
226 0.160219 0.00139074 0.8921 0.0031027
227 0.162064 0.00139811 0.8903 0.00312531
228 0.163888 0.00140611 0.888 0.00315382
229 0.166032 0.00141669 0.8836 0.0032072
230 0.167577 0.00142718 0.88 0.00324978
231 0.169373 0.00143788 0.8743 0.00331528
232 0.170763 0.00144678 0.8711 0.00335106
233 0.172337 0.00145349 0.8656 0.00341099
234 0.17426 0.00146287 0.8645 0.00342274
235 0.175843 0.00147198 0.8596 0.00347419
236 0.177812 0.00147996 0.8593 0.00347729
237 0.179117 0.00148249 0.8575 0.0034958
238 0.180417 0.00148951 0.8561 0.00351006
239 0.182236 0.00149904 0.8497 0.00357383
240 0.184218 0.00150936 0.8451 0.00361827
241 0.185987 0.00151677 0.8383 0.00368194
242 0.188012 0.00152551 0.8354 0.00370838
243 0.189774 0.00153438 0.8338 0.00372279
244 0.191292 0.00154063 0.8305 0.00375212
245 0.193221 0.00154897 0.8271 0.0037818
246 0.195172 0.00155432 0.8215 0.00382952
247 0.196794 0.00156251 0.8187 0.00385286
248 0.198507 0.00157003 0.8136 0.00389449
249 0.200069 0.00157211 0.8118 0.00390891
250 0.201969 0.0015817 0.8072 0.00394517
251 0.203726 0.00158835 0.8048 0.00396374
252 0.205587 0.00159628 0.8007 0.00399494
253 0.207424 0.00160579 0.7953 0.00403502
254 0.209491 0.00161022 0.7901 0.00407257
255 0.211377 0.00161638 0.7855 0.00410496
256 0.213324 0.00161754 0.7805 0.00413929
257 0.215197 0.0016253 0.7781 0.00415545
258 0.216719 0.00162766 0.7776 0.00415879
259 0.218164 0.0016302 0.7709 0.00420275
260 0.219979 0.00164218 0.7666 0.00423016
261 0.221689 0.00164822 0.764 0.00424643
262 0.223269 0.0016554 0.7598 0.00427226
263 0.224694 0.00165953 0.7571 0.00428857
264 0.226382 0.00166562 0.7536 0.00430936
265 0.228259 0.00167058 0.7501 0.00432977
266 0.229993 0.00167699 0.7436 0.00436667
267 0.231593 0.00168064 0.7411 0.00438052
268 0.233512 0.00168315 0.739 0.00439202
269 0.23549 0.00168913 0.7371 0.00440231
270 0.237031 0.00169356 0.7313 0.00443306
271 0.238808 0.00169552 0.724 0.00447039
272 0.240658 0.00170348 0.7183 0.0044985
273 0.242735 0.00170923 0.7141 0.00451865
274 0.244485 0.00171387 0.7106 0.00453507
275 0.246705 0.00171579 0.7071 0.00455116
276 0.249012 0.00172277 0.7043 0.0045638
277 0.250797 0.00172738 0.7002 0.00458193
278 0.252744 0.00173655 0.6938 0.00460937
279 0.254688 0.00174391 0.6861 0.00464099
280 0.256498 0.00175031 0.6796 0.00466654
281 0.258141 0.00175122 0.679 0.00466884
282 0.259855 0.00175546 0.6718 0.00469582
283 0.261879 0.00175818 0.6698 0.00470308
284 0.263195 0.00176206 0.6653 0.00471909
285 0.26535 0.00176759 0.6602 0.00473665
286 0.266894 0.00177615 0.6564 0.00474933
287 0.268441 0.00178016 0.6526 0.00476168
288 0.269959 0.00178144 0.6479 0.00477649
289 0.272043 0.00178767 0.6444 0.00478719
290 0.273872 0.00179116 0.6423 0.00479347
291 0.275374 0.0018001 0.6374 0.00480775
292 0.277161 0.00180329 0.6339 0.00481761
293 0.278461 0.00180823 0.6317 0.00482367
294 0.280048 0.00181537 0.6232 0.00484608
295 0.281566 0.00182227 0.6202 0.00485361
296 0.283109 0.00182394 0.6171 0.00486119
297 0.284539 0.00182369 0.6122 0.00487273
298 0.286245 0.00182599 0.6079 0.00488243
299 0.287949 0.00183069 0.6037 0.00489153
300 0.289854 0.00183055 0.6021 0.00489489
301 0.291753 0.00183377 0.5966 0.00490604
302 0.293023 0.00183675 0.5952 0.00490878
303 0.294858 0.00183892 0.5906 0.00491748
304 0.296579 0.00184309 0.585 0.00492747
305 0.298331 0.00184557 0.5813 0.00493371
306 0.300184 0.00184522 0.5789 0.0049376
307 0.301717 0.00185189 0.5728 0.00494697
308 0.303241 0.00185176 0.5675 0.00495448
309 0.304193 0.00186087 0.5687 0.00495283
310 0.305797 0.00186358 0.5639 0.00495925
311 0.307719 0.00186656 0.5602 0.00496388
312 0.30885 0.00186555 0.5598 0.00496436
313 0.31018 0.00186848 0.5581 0.00496638
314 0.312287 0.0018697 0.5486 0.00497657
315 0.314168 0.00187222 0.55 0.00497519
316 0.315824 0.00187594 0.5456 0.00497941
317 0.317565 0.00188114 0.5409 0.00498349
318 0.319215 0.0018882 0.5334 0.00498908
319 0.320521 0.00189408 0.5303 0.00499106
320 0.321953 0.00189636 0.5292 0.00499172
321 0.323561 0.001896 0.5275 0.00499268
322 0.325238 0.0019 0.5232 0.00499486
323 0.326547 0.00189574 0.521 0.00499584
324 0.327885 0.00190216 0.5161 0.00499766
325 0.329456 0.00190699 0.5173 0.00499726
326 0.330927 0.00190681 0.5104 0.00499917
327 0.331779 0.00190576 0.507 0.00499976
328 0.333903 0.00190863 0.5036 0.00500012
329 0.335807 0.00190597 0.5003 0.00500025
330 0.336966 0.00191179 0.4967 0.00500014
331 0.338365 0.00191617 0.4889 0.00499902
332 0.339876 0.00191614 0.4875 0.00499869
333 0.341238 0.00192426 0.4864 0.0049984
334 0.342105 0.00192381 0.4831 0.00499739
335 0.343722 0.00192655 0.4822 0.00499708
336 0.344468 0.00192846 0.4773 0.00499509
337 0.345666 0.00193348 0.4771 0.004995
338 0.347384 0.0019306 0.4714 0.00499206
339 0.348946 0.0019337 0.4684 0.00499025
340 0.350608 0.0019399 0.4657 0.00498847
341 0.351938 0.00193691 0.4621 0.00498586
342 0.353303 0.00194448 0.4584 0.00498291
343 0.354223 0.00194286 0.4568 0.00498155
344 0.35552 0.00194352 0.4545 0.0049795
345 0.357197 0.0019454 0.4522 0.00497735
346 0.358762 0.00194554 0.4507 0.00497588
347 0.360423 0.00194859 0.4438 0.00496856
348 0.361781 0.00195032 0.4442 0.00496901
349 0.363086 0.0019488 0.439 0.0049629
350 0.364503 0.00194993 0.4406 0.00496484
351 0.365165 0.00194888 0.4371 0.00496053
352 0.366531 0.00195424 0.4322 0.00495407
353 0.367207 0.00195654 0.4326 0.00495461
354 0.368386 0.00195562 0.4294 0.00495015
355 0.369581 0.00195699 0.4259 0.00494503
356 0.370787 0.00195865 0.4272 0.00494697
357 0.372425 0.00195727 0.4195 0.00493502
358 0.373421 0.00196309 0.415 0.00492747
359 0.375202 0.0019632 0.411 0.0049204
360 0.376271 0.00196272 0.4126 0.00492327
361 0.377384 0.00196704 0.4075 0.00491394
362 0.378823 0.00196464 0.4045 0.0049082
363 0.380545 0.00196589 0.4007 0.00490065
364 0.381272 0.00196481 0.4015 0.00490226
365 0.382706 0.00195756 0.3978 0.00489468
366 0.38394 0.00195627 0.3933 0.00488507
367 0.38463 0.00195167 0.3913 0.00488066
368 0.385936 0.0019501 0.3919 0.00488199
369 0.387339 0.00194876 0.3871 0.00487111
370 0.388625 0.00195405 0.385 0.0048662
371 0.389554 0.0019515 0.3824 0.00485998
372 0.390331 0.00195868 0.3772 0.0048471
373 0.391355 0.00195567 0.3737 0.0048381
374 0.392606 0.00195279 0.3751 0.00484173
375 0.393769 0.00195313 0.3754 0.0048425
376 0.39473 0.00195366 0.3748 0.00484095
377 0.395812 0.00195967 0.369 0.00482558
378 0.396347 0.00195964 0.3662 0.00481789
379 0.397847 0.0019588 0.3649 0.00481426
380 0.399365 0.00196286 0.3632 0.00480946
381 0.40025 0.00196676 0.36 0.00480024
382 0.401666 0.0019682 0.3599 0.00479995
383 0.40244 0.00196395 0.3592 0.0047979
384 0.403787 0.00196914 0.3593 0.00479819
385 0.404717 0.00196918 0.3551 0.00478568
386 0.406315 0.00197056 0.3527 0.00477834
387 0.407498 0.00196965 0.3527 0.00477834
388 0.408965 0.0019705 0.3489 0.00476646
389 0.409912 0.00196759 0.347 0.0047604
390 0.411014 0.00197243 0.3428 0.00474669
391 0.411846 0.00197774 0.3407 0.00473968
392 0.412366 0.00197771 0.337 0.00472709
393 0.413164 0.00198038 0.3366 0.0047257
394 0.413688 0.0019798 0.3362 0.00472432
395 0.41439 0.00197652 0.3354 0.00472154
396 0.415245 0.00198281 0.3326 0.00471168
397 0.41624 0.00197906 0.3289 0.00469837
398 0.417072 0.00198107 0.3289 0.00469837
399 0.418245 0.00198351 0.3273 0.00469251
400 0.418313 0.00198898 0.3276 0.00469362
401 0.419214 0.00199197 0.3264 0.00468919
402 0.420075 0.00199175 0.3267 0.0046903
403 0.421178 0.00198988 0.3227 0.00467532
404 0.421707 0.00199141 0.319 0.00466112
405 0.422696 0.00199229 0.3222 0.00467342
406 0.423791 0.00199649 0.3203 0.00466615
407 0.424678 0.00199522 0.3181 0.00465762
408 0.425986 0.00199013 0.3133 0.00463858
409 0.426914 0.00199294 0.3111 0.00462967
410 0.428103 0.00199453 0.3113 0.00463048
411 0.42923 0.0019917 0.3074 0.0046144
412 0.430215 0.00199753 0.3067 0.00461147
413 0.430969 0.00199112 0.3056 0.00460684
414 0.431474 0.00198884 0.3064 0.00461021
415 0.432449 0.00198823 0.302 0.00459148
416 0.432961 0.00198624 0.3035 0.00459792
417 0.433634 0.00198836 0.3005 0.00458498
418 0.434101 0.00198843 0.3 0.0045828
419 0.43456 0.00198394 0.2989 0.00457799
420 0.435805 0.0019812 0.2966 0.00456781
421 0.436936 0.00198774 0.2923 0.00454842
422 0.437573 0.00198417 0.2932 0.00455252
423 0.43825 0.00198728 0.2945 0.0045584
424 0.438539 0.00198224 0.2906 0.00454062
425 0.439425 0.0019868 0.2906 0.00454062
426 0.440306 0.00198752 0.2851 0.00451485
427 0.440809 0.00198418 0.2867 0.00452243
428 0.440808 0.00198898 0.2887 0.00453181
429 0.441127 0.00198721 0.2867 0.00452243
430 0.441611 0.00198603 0.2852 0.00451532
431 0.442445 0.00198583 0.2858 0.00451817
432 0.443047 0.00198357 0.2826 0.00450286
433 0.443271 0.00198129 0.2817 0.0044985
434 0.443638 0.00198138 0.2837 0.00450816
435 0.444598 0.00198082 0.2784 0.00448234
436 0.445561 0.00198348 0.2794 0.00448727
437 0.446503 0.00198775 0.2778 0.00447937
438 0.446556 0.00198796 0.276 0.00447039
439 0.447731 0.00198214 0.2756 0.00446838
440 0.448195 0.00198742 0.2753 0.00446688
441 0.448211 0.00198493 0.2734 0.00445727
442 0.448818 0.00198149 0.2749 0.00446486
443 0.449226 0.00197921 0.2739 0.00445981
444 0.449998 0.0019733 0.2713 0.00444653
445 0.450198 0.00197652 0.2677 0.00442782
446 0.450659 0.00198017 0.2719 0.00444961
447 0.451331 0.00197853 0.2748 0.00446436
448 0.451609 0.00198005 0.2715 0.00444756
449 0.452782 0.00198653 0.2704 0.00444189
450 0.453283 0.00198878 0.2672 0.0044252
451 0.454198 0.0019897 0.2682 0.00443044
452 0.454968 0.00199184 0.2663 0.00442045
453 0.455634 0.00199577 0.2648 0.00441249
454 0.456078 0.00200125 0.2629 0.00440231
455 0.45665 0.00200312 0.2625 0.00440015
456 0.457195 0.00199826 0.2611 0.00439256
457 0.457267 0.00199978 0.2603 0.0043882
458 0.458012 0.0019959 0.2582 0.00437666
459 0.459018 0.00199715 0.2566 0.00436779
460 0.459603 0.00199102 0.2574 0.00437223
461 0.459997 0.00199116 0.2573 0.00437168
462 0.459738 0.00198391 0.257 0.00437001
463 0.459934 0.00198548 0.2585 0.00437832
464 0.46025 0.00198853 0.258 0.00437556
465 0.46053 0.00198688 0.2587 0.00437942
466 0.460892 0.00198291 0.2581 0.00437611
467 0.461002 0.00198619 0.2563 0.00436611
468 0.4619 0.00198549 0.2542 0.00435432
469 0.462882 0.00198801 0.254 0.00435319
470 0.463591 0.00198166 0.2523 0.00434354
471 0.463869 0.00198635 0.2539 0.00435263
472 0.464398 0.00198188 0.2536 0.00435093
473 0.464807 0.00198666 0.2531 0.00434809
474 0.465058 0.00198587 0.2499 0.00432977
475 0.465525 0.00198557 0.247 0.00431288
476 0.466293 0.00198916 0.2473 0.00431464
477 0.467289 0.00198478 0.2443 0.00429693
478 0.467157 0.00198689 0.2453 0.00430286
479 0.467567 0.00198826 0.2423 0.00428496
480 0.467842 0.00199138 0.2427 0.00428737
481 0.467916 0.00199602 0.2417 0.00428135
482 0.46909 0.00199399 0.2415 0.00428014
483 0.46925 0.00199911 0.2429 0.00428857
484 0.46961 0.00199543 0.2407 0.0042753
485 0.470388 0.00199535 0.2405 0.00427408
486 0.470688 0.00199479 0.2418 0.00428195
487 0.471341 0.00199192 0.2401 0.00427165
488 0.471848 0.00199438 0.2394 0.00426739
489 0.471909 0.00199344 0.2414 0.00427954
490 0.472211 0.00198781 0.2363 0.0042483
491 0.472071 0.00198369 0.2337 0.00423205
492 0.472883 0.00198999 0.2343 0.00423582
493 0.472997 0.0019901 0.2349 0.00423958
494 0.47319 0.00199154 0.2342 0.00423519
495 0.473743 0.00198974 0.2305 0.00421174
496 0.473527 0.00199643 0.2332 0.0042289
497 0.473734 0.0020022 0.2338 0.00423268
498 0.474585 0.00200031 0.2333 0.00422953
499 0.475083 0.00200221 0.2288 0.00420081
500 0.475433 0.00200914 0.2293 0.00420404
501 0.475916 0.00200207 0.2318 0.00422003
502 0.476047 0.00200449 0.2283 0.00419758
503 0.477096 0.00200667 0.2294 0.00420468
504 0.477576 0.00200257 0.2283 0.00419758
505 0.478236 0.00201309 0.2279 0.00419499
506 0.478222 0.00201086 0.2313 0.00421685
507 0.478265 0.00201211 0.2275 0.00419239
508 0.478507 0.00200989 0.2245 0.00417273
509 0.478553 0.00201271 0.2266 0.00418653
510 0.478637 0.00200669 0.2265 0.00418587
511 0.47864 0.00200454 0.2266 0.00418653
512 0.478822 0.00201119 0.2261 0.00418326
513 0.478901 0.00200888 0.2257 0.00418063
514 0.478857 0.00201105 0.2259 0.00418195
515 0.478995 0.00200938 0.227 0.00418914
516 0.479424 0.00201356 0.2259 0.00418195
517 0.478943 0.00201202 0.2255 0.00417932
518 0.479419 0.00201763 0.2245 0.00417273
519 0.479705 0.00201682 0.2267 0.00418718
520 0.480136 0.00202191 0.228 0.00419564
521 0.480055 0.00202274 0.2301 0.00420918
522 0.48044 0.00201847 0.2276 0.00419304
523 0.481108 0.00202294 0.2261 0.00418326
524 0.481153 0.00202074 0.2264 0.00418522
525 0.481149 0.0020104 0.2258 0.00418129
526 0.481374 0.00201075 0.2234 0.00416545
527 0.482249 0.00201482 0.2253 0.00417801
528 0.482761 0.00201109 0.2236 0.00416678
529 0.483337 0.00201515 0.2221 0.00415679
530 0.483603 0.00201758 0.2217 0.00415411
531 0.483736 0.00201305 0.2202 0.00414402
532 0.483724 0.00201841 0.2212 0.00415076
533 0.483799 0.00201501 0.2208 0.00414807
534 0.484428 0.00201357 0.2217 0.00415411
535 0.484159 0.00201414 0.2222 0.00415746
536 0.484765 0.00201587 0.22 0.00414267
537 0.485624 0.00201057 0.2208 0.00414807
538 0.485318 0.00200512 0.2177 0.00412703
539 0.485953 0.00200767 0.2196 0.00413996
540 0.486254 0.00200889 0.2193 0.00413793
541 0.486265 0.00200487 0.2164 0.00411811
542 0.48634 0.00200549 0.2148 0.00410704
543 0.486221 0.00199585 0.2163 0.00411742
544 0.486904 0.00199551 0.215 0.00410843
545 0.487127 0.00200242 0.2151 0.00410912
546 0.487118 0.00200661 0.2152 0.00410982
547 0.487245 0.00200632 0.2148 0.00410704
548 0.487121 0.00200591 0.217 0.00412223
549 0.487617 0.00200626 0.2165 0.00411879
550 0.487481 0.00200361 0.2154 0.0041112
551 0.488025 0.00200729 0.2124 0.00409027
552 0.487762 0.00200803 0.2124 0.00409027
553 0.487337 0.00200906 0.2145 0.00410496
554 0.487451 0.00200639 0.2143 0.00410356
555 0.487619 0.00200826 0.214 0.00410147
556 0.487529 0.00200468 0.2139 0.00410078
557 0.48738 0.00199916 0.2126 0.00409167
558 0.487719 0.00199598 0.2115 0.00408392
559 0.488259 0.00199385 0.2089 0.00406543
560 0.488235 0.00199833 0.2124 0.00409027
561 0.488205 0.00199653 0.2128 0.00409308
562 0.488617 0.00199575 0.2133 0.00409658
563 0.488952 0.00200083 0.2119 0.00408675
564 0.489016 0.00199658 0.2127 0.00409238
565 0.489111 0.00200159 0.2137 0.00409938
566 0.489355 0.00199849 0.2114 0.00408322
567 0.48942 0.00199889 0.2124 0.00409027
568 0.48993 0.00200411 0.2089 0.00406543
569 0.490377 0.00200353 0.2088 0.00406472
570 0.489922 0.00200348 0.208 0.00405897
571 0.490277 0.00199986 0.2091 0.00406686
572 0.490031 0.00199935 0.2126 0.00409167
573 0.489843 0.00199925 0.21 0.00407329
574 0.489654 0.0020038 0.2125 0.00409097
575 0.489287 0.00199923 0.2107 0.00407826
576 0.489388 0.00199768 0.212 0.00408745
577 0.489878 0.00199592 0.2099 0.00407257
578 0.490007 0.00199821 0.2083 0.00406113
579 0.490033 0.00199915 0.2088 0.00406472
580 0.489799 0.00199516 0.2076 0.00405609
581 0.489571 0.00199681 0.2095 0.00406972
582 0.489919 0.00199407 0.2105 0.00407684
583 0.489862 0.00199498 0.2098 0.00407186
584 0.49001 0.00199236 0.2054 0.00404014
585 0.489307 0.00199336 0.2109 0.00407968
586 0.489901 0.00199567 0.2087 0.004064
587 0.489694 0.00199601 0.2102 0.00407471
588 0.489706 0.00199727 0.2103 0.00407542
589 0.490136 0.00199996 0.2088 0.00406472
590 0.490396 0.00199843 0.208 0.00405897
591 0.490318 0.00200174 0.2087 0.004064
592 0.490473 0.00200851 0.2093 0.00406829
593 0.490544 0.00200593 0.2079 0.00405825
594 0.490273 0.00200178 0.2076 0.00405609
595 0.490753 0.00200092 0.2091 0.00406686
596 0.491062 0.00200039 0.2114 0.00408322
597 0.49122 0.00200095 0.2113 0.00408251
598 0.491166 0.00199885 0.21 0.00407329
599 0.491596 0.00199474 0.2071 0.00405248
600 0.491784 0.00199634 0.2074 0.00405465
601 0.492132 0.00199664 0.2068 0.00405031
602 0.492333 0.00199764 0.2054 0.00404014
603 0.492335 0.00199939 0.2064 0.00404741
604 0.492853 0.0019965 0.2057 0.00404232
605 0.493211 0.00199226 0.2037 0.00402769
606 0.49262 0.00199538 0.2068 0.00405031
607 0.492745 0.00199824 0.2095 0.00406972
608 0.492509 0.00199414 0.2056 0.0040416
609 0.492775 0.00200358 0.2083 0.00406113
610 0.492947 0.00200142 0.2048 0.00403576
611 0.492933 0.00199881 0.2075 0.00405537
612 0.493404 0.00199624 0.2024 0.00401809
613 0.492854 0.00200061 0.2057 0.00404232
614 0.493183 0.00199476 0.2032 0.004024
615 0.493776 0.00199667 0.2008 0.00400619
616 0.493855 0.0019923 0.2029 0.00402179
617 0.493592 0.00199414 0.2012 0.00400917
618 0.494203 0.00199045 0.2028 0.00402105
619 0.493476 0.0019873 0.2027 0.00402031
620 0.493771 0.00198843 0.202 0.00401512
621 0.493423 0.00199038 0.2017 0.00401289
622 0.493531 0.00199654 0.2048 0.00403576
623 0.493234 0.00199378 0.2042 0.00403136
624 0.493212 0.00199164 0.203 0.00402253
625 0.493579 0.00198953 0.2045 0.00403356
626 0.493607 0.00199242 0.2033 0.00402474
627 0.493191 0.00198554 0.2032 0.004024
628 0.493157 0.00198862 0.2039 0.00402916
629 0.493512 0.00199529 0.2016 0.00401215
630 0.49305 0.00199598 0.2048 0.00403576
631 0.493066 0.001992 0.2042 0.00403136
632 0.493166 0.00199505 0.2039 0.00402916
633 0.492787 0.00199261 0.2051 0.00403795
634 0.49243 0.00199152 0.206 0.00404451
635 0.492536 0.00198681 0.205 0.00403722
636 0.492933 0.00198569 0.2035 0.00402621
637 0.492885 0.00198409 0.2036 0.00402695
638 0.492966 0.00199068 0.2055 0.00404087
639 0.492845 0.00199102 0.2054 0.00404014
640 0.492741 0.00198784 0.2055 0.00404087
641 0.492976 0.00199001 0.2024 0.00401809
642 0.492369 0.00199227 0.2032 0.004024
643 0.492306 0.00199286 0.2021 0.00401587
644 0.492574 0.00199473 0.2055 0.00404087
645 0.492904 0.00199756 0.2059 0.00404378
646 0.493046 0.00199436 0.2062 0.00404596
647 0.493183 0.00199335 0.2073 0.00405393
648 0.493864 0.00199541 0.2026 0.00401957
649 0.493631 0.00199886 0.2027 0.00402031
650 0.493836 0.00199749 0.2054 0.00404014
651 0.494219 0.00199933 0.204 0.00402989
652 0.494015 0.002002 0.2046 0.00403429
653 0.493983 0.00200546 0.2031 0.00402326
654 0.494037 0.00200624 0.2044 0.00403283
655 0.494413 0.00200681 0.2032 0.004024
656 0.494123 0.0020062 0.2056 0.0040416
657 0.493763 0.00200002 0.2063 0.00404669
658 0.494134 0.00199888 0.2061 0.00404523
659 0.494371 0.0019951 0.2036 0.00402695
660 0.494894 0.00199316 0.2045 0.00403356
661 0.49449 0.00199652 0.2042 0.00403136
662 0.494451 0.00200009 0.2044 0.00403283
663 0.494693 0.00200009 0.2043 0.00403209
664 0.494221 0.0019994 0.2008 0.00400619
665 0.493903 0.00199602 0.2043 0.00403209
666 0.494215 0.0019997 0.2036 0.00402695
667 0.494396 0.00200074 0.2014 0.00401066
668 0.494641 0.00200805 0.2048 0.00403576
669 0.495265 0.00200907 0.2032 0.004024
670 0.495424 0.00201311 0.2019 0.00401438
671 0.495705 0.00200998 0.201 0.00400768
672 0.496091 0.00200747 0.2013 0.00400992
673 0.495777 0.00200104 0.2043 0.00403209
674 0.495675 0.00199655 0.2052 0.00403868
675 0.495723 0.00199675 0.2033 0.00402474
676 0.495869 0.00200214 0.2038 0.00402842
677 0.496094 0.00200605 0.2043 0.00403209
678 0.496366 0.0020032 0.2025 0.00401883
679 0.49629 0.00200312 0.2018 0.00401364
680 0.496028 0.00200499 0.2019 0.00401438
681 0.496137 0.00199908 0.2038 0.00402842
682 0.496342 0.00199904 0.2006 0.00400469
683 0.496603 0.00200286 0.2012 0.00400917
684 0.496673 0.00200044 0.2016 0.00401215
685 0.496826 0.0020008 0.1997 0.00399795
686 0.49693 0.00199484 0.2003 0.00400245
687 0.496845 0.00199728 0.2015 0.00401141
688 0.496604 0.00199085 0.2006 0.00400469
689 0.496628 0.00199432 0.1994 0.00399569
690 0.496798 0.0019933 0.1984 0.00398815
691 0.496311 0.00199904 0.2002 0.0040017
692 0.496805 0.00199482 0.1964 0.00397294
693 0.496932 0.00200225 0.198 0.00398512
694 0.496992 0.00199926 0.2013 0.00400992
695 0.496406 0.00199202 0.2011 0.00400843
696 0.496529 0.00199712 0.2006 0.00400469
697 0.496913 0.00199854 0.1987 0.00399042
698 0.496606 0.00199272 0.1998 0.0039987
699 0.496806 0.00199299 0.1994 0.00399569
700 0.495859 0.00199235 0.2015 0.00401141
701 0.495712 0.00198929 0.2015 0.00401141
702 0.495207 0.00198599 0.2002 0.0040017
703 0.495079 0.00199127 0.2016 0.00401215
704 0.495068 0.00198762 0.2003 0.00400245
705 0.4954 0.00198728 0.1988 0.00399117
706 0.495753 0.00199 0.1983 0.00398739
707 0.496036 0.0019857 0.1981 0.00398588
708 0.495715 0.00199177 0.1989 0.00399193
709 0.495386 0.00199366 0.2046 0.00403429
710 0.49548 0.0019962 0.2056 0.0040416
711 0.495789 0.00199613 0.2036 0.00402695
712 0.495333 0.00199404 0.2041 0.00403063
713 0.49532 0.00199796 0.2045 0.00403356
714 0.494858 0.00200331 0.2046 0.00403429
715 0.49513 0.0020003 0.2049 0.00403649
716 0.495272 0.00200493 0.2065 0.00404814
717 0.495584 0.00200663 0.2065 0.00404814
718 0.495865 0.00200454 0.2034 0.00402548
719 0.495846 0.00200632 0.2064 0.00404741
720 0.496147 0.00200852 0.2035 0.00402621
721 0.49664 0.00201259 0.2057 0.00404232
722 0.496409 0.00201047 0.2016 0.00401215
723 0.496256 0.00200432 0.2033 0.00402474
724 0.496187 0.00200486 0.2017 0.00401289
725 0.496205 0.00200479 0.2011 0.00400843
726 0.496256 0.0020014 0.2012 0.00400917
727 0.496371 0.00199953 0.1999 0.00399945
728 0.495885 0.0020017 0.2 0.0040002
729 0.495768 0.00199793 0.2006 0.00400469
730 0.495543 0.00199528 0.202 0.00401512
731 0.495446 0.00198961 0.1994 0.00399569
732 0.495445 0.00199072 0.2017 0.00401289
733 0.495575 0.00198764 0.2025 0.00401883
734 0.49611 0.00198646 0.2028 0.00402105
735 0.495977 0.001992 0.2 0.0040002
736 0.496049 0.00199561 0.2015 0.00401141
737 0.496365 0.00199879 0.2034 0.00402548
738 0.496223 0.00199659 0.2023 0.00401735
739 0.496905 0.00199741 0.204 0.00402989
740 0.497028 0.00200109 0.2028 0.00402105
741 0.497745 0.00199551 0.2008 0.00400619
742 0.497522 0.00199866 0.1997 0.00399795
743 0.496859 0.00200201 0.2016 0.00401215
744 0.497187 0.00199556 0.2017 0.00401289
745 0.49749 0.00199711 0.2003 0.00400245
746 0.49786 0.00199688 0.1975 0.00398133
747 0.497344 0.00199367 0.1976 0.00398209
748 0.497744 0.00199458 0.1967 0.00397523
749 0.497662 0.00199487 0.1994 0.00399569
750 0.49817 0.00199476 0.1983 0.00398739
751 0.49807 0.00199446 0.1986 0.00398966
752 0.498001 0.0019942 0.1981 0.00398588
753 0.498463 0.00199512 0.1953 0.00396451
754 0.498499 0.00198994 0.1948 0.00396066
755 0.499117 0.00199245 0.1963 0.00397218
756 0.499274 0.00199135 0.1984 0.00398815
757 0.499156 0.00198882 0.1959 0.00396912
758 0.498963 0.00199225 0.198 0.00398512
759 0.498749 0.00199772 0.1974 0.00398057
760 0.498432 0.00199336 0.1965 0.00397371
761 0.498322 0.0019928 0.1987 0.00399042
762 0.498384 0.00199889 0.1982 0.00398664
763 0.498129 0.00199735 0.1993 0.00399494
764 0.497948 0.00199896 0.2 0.0040002
765 0.497674 0.00199707 0.2001 0.00400095
766 0.498224 0.00198965 0.1973 0.00397981
767 0.498043 0.0019931 0.1973 0.00397981
768 0.498331 0.0019956 0.1991 0.00399343
769 0.498539 0.00199779 0.2 0.0040002
770 0.498554 0.00199811 0.1973 0.00397981
771 0.498266 0.00200361 0.1994 0.00399569
772 0.498385 0.00200675 0.2034 0.00402548
773 0.498899 0.00200478 0.2011 0.00400843
774 0.49881 0.00200196 0.1997 0.00399795
775 0.499434 0.00200137 0.1972 0.00397905
776 0.49901 0.00200478 0.198 0.00398512
777 0.498926 0.00200735 0.1986 0.00398966
778 0.498964 0.0019993 0.1958 0.00396835
779 0.498696 0.00200121 0.1979 0.00398436
780 0.4987 0.00200062 0.1975 0.00398133
781 0.498591 0.00200461 0.1992 0.00399419
782 0.498604 0.00200136 0.1998 0.0039987
783 0.49929 0.00199943 0.1978 0.0039836
784 0.499344 0.00200021 0.1983 0.00398739
785 0.499698 0.00199587 0.1988 0.00399117
786 0.499463 0.00199574 0.1978 0.0039836
787 0.499387 0.00199638 0.1968 0.003976
788 0.499635 0.00199645 0.1963 0.00397218
789 0.499909 0.00199719 0.1965 0.00397371
790 0.500492 0.00199767 0.1934 0.00394984
791 0.500283 0.00199745 0.1955 0.00396605
792 0.500662 0.00199846 0.1949 0.00396144
793 0.499763 0.00199701 0.1975 0.00398133
794 0.499427 0.00200005 0.1974 0.00398057
795 0.499882 0.00200619 0.1971 0.00397828
796 0.499572 0.00200866 0.1965 0.00397371
797 0.499895 0.00201027 0.1968 0.003976
798 0.499516 0.00200658 0.1973 0.00397981
799 0.499758 0.00200932 0.1961 0.00397065
800 0.499492 0.00201288 0.1956 0.00396682
801 0.499045 0.00201464 0.1966 0.00397447
802 0.499242 0.00201456 0.1994 0.00399569
803 0.49993 0.00201545 0.1959 0.00396912
804 0.499309 0.0020174 0.198 0.00398512
805 0.499305 0.00201202 0.1951 0.00396297
806 0.499435 0.00200983 0.1959 0.00396912
807 0.499254 0.00201052 0.197 0.00397752
808 0.499297 0.00201159 0.1956 0.00396682
809 0.499157 0.00200674 0.1963 0.00397218
810 0.499128 0.00201118 0.1983 0.00398739
811 0.499285 0.00200751 0.1991 0.00399343
812 0.498995 0.00200959 0.2008 0.00400619
813 0.49916 0.0020138 0.2016 0.00401215
814 0.49907 0.00201438 0.2 0.0040002
815 0.499794 0.00200797 0.1963 0.00397218
816 0.500045 0.00200839 0.1961 0.00397065
817 0.500272 0.00200972 0.1956 0.00396682
818 0.499735 0.00201037 0.1969 0.00397676
819 0.499899 0.00201204 0.1982 0.00398664
820 0.500285 0.00201834 0.1976 0.00398209
821 0.499976 0.00201615 0.196 0.00396988
822 0.499797 0.0020265 0.1996 0.0039972
823 0.500093 0.00202327 0.1983 0.00398739
824 0.500363 0.00202185 0.1956 0.00396682
825 0.500514 0.00202166 0.197 0.00397752
826 0.501047 0.00202115 0.1957 0.00396758
827 0.50102 0.0020244 0.1986 0.00398966
828 0.500682 0.00202345 0.1963 0.00397218
829 0.50064 0.00202211 0.1978 0.0039836
830 0.500613 0.00201509 0.1963 0.00397218
831 0.500106 0.00201372 0.1962 0.00397141
832 0.500091 0.0020096 0.1982 0.00398664
833 0.500164 0.00200496 0.1955 0.00396605
834 0.500335 0.00200949 0.1964 0.00397294
835 0.499928 0.00201157 0.2002 0.0040017
836 0.49965 0.00200513 0.196 0.00396988
837 0.499681 0.00200339 0.1952 0.00396374
838 0.500017 0.00200633 0.1959 0.00396912
839 0.499714 0.00200805 0.1981 0.00398588
840 0.500032 0.00200403 0.1947 0.00395989
841 0.500241 0.00200613 0.1962 0.00397141
842 0.499852 0.0020109 0.1977 0.00398285
843 0.49961 0.00200231 0.1946 0.00395912
844 0.499333 0.00200176 0.1998 0.0039987
845 0.499158 0.00200035 0.1972 0.00397905
846 0.500001 0.00199873 0.1958 0.00396835
847 0.499718 0.00200399 0.1977 0.00398285
848 0.49931 0.00200455 0.1974 0.00398057
849 0.499595 0.00200631 0.1977 0.00398285
850 0.499275 0.0020057 0.1997 0.00399795
851 0.499162 0.00200628 0.1993 0.00399494
852 0.499147 0.00200557 0.1974 0.00398057
853 0.499455 0.00200672 0.1987 0.00399042
854 0.49956 0.00200368 0.1989 0.00399193
855 0.499507 0.00200674 0.1997 0.00399795
856 0.499688 0.00200989 0.199 0.00399268
857 0.500308 0.00201642 0.2008 0.00400619
858 0.500201 0.00201567 0.1989 0.00399193
859 0.500147 0.00201674 0.1986 0.00398966
860 0.500123 0.00201854 0.2004 0.0040032
861 0.50042 0.00201959 0.196 0.00396988
862 0.500346 0.00201752 0.1973 0.00397981
863 0.500704 0.00201947 0.1955 0.00396605
864 0.501027 0.00202003 0.1942 0.00395603
865 0.501504 0.00201558 0.1928 0.00394517
866 0.501418 0.00201137 0.1925 0.00394283
867 0.501607 0.0020115 0.1906 0.00392794
868 0.501197 0.00201214 0.1942 0.00395603
869 0.501692 0.00201437 0.1925 0.00394283
870 0.501133 0.00200922 0.1942 0.00395603
871 0.500378 0.00200767 0.1932 0.00394828
872 0.50046 0.00200794 0.1937 0.00395216
873 0.500959 0.00200671 0.1929 0.00394595
874 0.500965 0.00200846 0.1905 0.00392715
875 0.501441 0.00200857 0.1925 0.00394283
876 0.501842 0.00200696 0.1916 0.0039358
877 0.501959 0.00200251 0.1901 0.003924
878 0.501849 0.00200626 0.1917 0.00393658
879 0.501825 0.00200435 0.191 0.00393109
880 0.501462 0.00200509 0.191 0.00393109
881 0.501275 0.00200283 0.1916 0.0039358
882 0.500262 0.00200772 0.1929 0.00394595
883 0.500485 0.0020087 0.1958 0.00396835
884 0.500177 0.00200303 0.1945 0.00395835
885 0.500336 0.00200418 0.193 0.00394673
886 0.500408 0.00200043 0.1921 0.00393971
887 0.500704 0.0020023 0.1919 0.00393815
888 0.500579 0.00200184 0.1891 0.00391608
889 0.500246 0.00200664 0.1907 0.00392873
890 0.500822 0.00201048 0.1944 0.00395758
891 0.50028 0.00200579 0.1943 0.00395681
892 0.500325 0.0020104 0.1944 0.00395758
893 0.500525 0.00200881 0.1924 0.00394205
894 0.500783 0.00200946 0.1942 0.00395603
895 0.500709 0.00200626 0.1915 0.00393501
896 0.500401 0.00200668 0.1938 0.00395294
897 0.50026 0.00200195 0.1945 0.00395835
898 0.500079 0.00200054 0.1938 0.00395294
899 0.499805 0.00200005 0.1936 0.00395139
900 0.499722 0.00199635 0.1936 0.00395139
901 0.499865 0.00199704 0.1927 0.00394439
902 0.499309 0.00199219 0.1925 0.00394283
903 0.499432 0.0019932 0.1938 0.00395294
904 0.499868 0.00199414 0.1941 0.00395526
905 0.499389 0.00199527 0.1961 0.00397065
906 0.499331 0.00199168 0.1988 0.00399117
907 0.499718 0.00199481 0.1977 0.00398285
908 0.500132 0.00198805 0.1957 0.00396758
909 0.500028 0.00199271 0.1969 0.00397676
910 0.499931 0.00199848 0.1942 0.00395603
911 0.500068 0.00199643 0.1945 0.00395835
912 0.499937 0.00199548 0.1957 0.00396758
913 0.499861 0.00199729 0.1946 0.00395912
914 0.500012 0.0019961 0.194 0.00395449
915 0.499945 0.00199886 0.1946 0.00395912
916 0.499588 0.00199331 0.1958 0.00396835
917 0.500092 0.00199549 0.1963 0.00397218
918 0.500081 0.00199703 0.1963 0.00397218
919 0.500231 0.00199651 0.1982 0.00398664
920 0.499285 0.00199914 0.1988 0.00399117
921 0.499863 0.00199363 0.1981 0.00398588
922 0.500273 0.00199436 0.1965 0.00397371
923 0.500235 0.00199231 0.1954 0.00396528
924 0.499839 0.00199581 0.1971 0.00397828
925 0.499577 0.00199415 0.196 0.00396988
926 0.499114 0.00199301 0.1995 0.00399644
927 0.49902 0.00199726 0.1973 0.00397981
928 0.499066 0.00200166 0.1962 0.00397141
929 0.49917 0.00199891 0.1963 0.00397218
930 0.499156 0.00199439 0.1975 0.00398133
931 0.499604 0.00200134 0.1984 0.00398815
932 0.499797 0.00199705 0.1954 0.00396528
933 0.500243 0.00199867 0.1982 0.00398664
934 0.499859 0.00199915 0.1992 0.00399419
935 0.499275 0.00199818 0.2001 0.00400095
936 0.499092 0.00199592 0.1996 0.0039972
937 0.499637 0.00199389 0.1974 0.00398057
938 0.499374 0.0019936 0.1981 0.00398588
939 0.499248 0.00199716 0.1987 0.00399042
940 0.49945 0.00199519 0.1991 0.00399343
941 0.498842 0.00199283 0.1996 0.0039972
942 0.498898 0.00198961 0.1971 0.00397828
943 0.498631 0.0019879 0.199 0.00399268
944 0.498929 0.00199309 0.2003 0.00400245
945 0.498301 0.00199031 0.1997 0.00399795
946 0.498409 0.00199183 0.2003 0.00400245
947 0.498526 0.00198931 0.198 0.00398512
948 0.498527 0.00199012 0.1949 0.00396144
949 0.498869 0.00198881 0.1977 0.00398285
950 0.499203 0.0019866 0.1976 0.00398209
951 0.499367 0.00199225 0.1993 0.00399494
952 0.499206 0.00199441 0.2001 0.00400095
953 0.499484 0.0020006 0.1963 0.00397218
954 0.499537 0.00200215 0.1956 0.00396682
955 0.499819 0.00200396 0.195 0.00396221
956 0.500065 0.00200312 0.1956 0.00396682
957 0.500507 0.0020054 0.1954 0.00396528
958 0.500026 0.00200293 0.1979 0.00398436
959 0.500377 0.00199377 0.194 0.00395449
960 0.500853 0.00199562 0.1955 0.00396605
961 0.501571 0.00199345 0.1939 0.00395371
962 0.501628 0.00198892 0.1968 0.003976
963 0.502363 0.00198752 0.1904 0.00392636
964 0.502246 0.00198784 0.1892 0.00391687
965 0.50207 0.00198867 0.1905 0.00392715
966 0.50166 0.00199005 0.1913 0.00393344
967 0.501641 0.00199128 0.1918 0.00393736
968 0.501793 0.00199288 0.1944 0.00395758
969 0.50229 0.00199462 0.1892 0.00391687
970 0.502116 0.00199513 0.191 0.00393109
971 0.502384 0.00199346 0.1891 0.00391608
972 0.502802 0.0019924 0.191 0.00393109
973 0.502819 0.00198637 0.1925 0.00394283
974 0.502647 0.00197838 0.1902 0.00392478
975 0.502506 0.00197688 0.1916 0.0039358
976 0.502083 0.00197445 0.1916 0.0039358
977 0.502255 0.00197195 0.19 0.00392321
978 0.503189 0.00197354 0.1895 0.00391925
979 0.502876 0.00196834 0.1904 0.00392636
980 0.502889 0.00197457 0.188 0.00390732
981 0.503119 0.00197312 0.1896 0.00392004
982 0.502703 0.00197524 0.1913 0.00393344
983 0.502741 0.00197423 0.1913 0.00393344
984 0.502635 0.00197321 0.1885 0.0039113
985 0.503269 0.0019684 0.1863 0.00389368
986 0.503199 0.00197158 0.185 0.00388317
987 0.503131 0.0019753 0.1851 0.00388398
988 0.502991 0.0019718 0.183 0.00386686
989 0.503353 0.00197292 0.1846 0.00387992
990 0.503434 0.00197447 0.1837 0.00387259
991 0.502752 0.00197675 0.1884 0.00391051
992 0.502732 0.00198003 0.1878 0.00390572
993 0.502892 0.00198323 0.1922 0.00394049
994 0.502788 0.00198062 0.1916 0.0039358
995 0.502572 0.0019865 0.1898 0.00392162
996 0.501924 0.00198491 0.1893 0.00391766
997 0.502436 0.00198543 0.1904 0.00392636
998 0.502595 0.00198663 0.1905 0.00392715
999 0.502623 0.00199198 0.1883 0.00390971
1000 0.502562 0.00199125 0.1892 0.00391687
1001 0.502118 0.0019935 0.1908 0.00392951
1002 0.501647 0.00199201 0.1934 0.00394984
1003 0.501926 0.00199385 0.1911 0.00393187
1004 0.501965 0.00199357 0.1899 0.00392241
1005 0.501811 0.00199096 0.1887 0.0039129
1006 0.501569 0.00199307 0.1929 0.00394595
1007 0.501372 0.00198828 0.1921 0.00393971
1008 0.501539 0.00198202 0.1903 0.00392557
1009 0.50133 0.00198837 0.1924 0.00394205
1010 0.501592 0.00198533 0.1923 0.00394127
1011 0.50137 0.00198594 0.189 0.00391528
1012 0.501482 0.00198534 0.1891 0.00391608
1013 0.501075 0.00198767 0.1926 0.00394361
1014 0.500926 0.00198798 0.1936 0.00395139
1015 0.501324 0.00198726 0.192 0.00393893
1016 0.500881 0.00198747 0.1932 0.00394828
1017 0.50121 0.0019865 0.1918 0.00393736
1018 0.501001 0.00198795 0.194 0.00395449
1019 0.501609 0.00199296 0.194 0.00395449
1020 0.501336 0.00199586 0.1948 0.00396066
1021 0.501985 0.001997 0.1947 0.00395989
1022 0.501168 0.00200021 0.1978 0.0039836
1023 0.50126 0.00199753 0.1942 0.00395603
1024 0.501211 0.00199838 0.1939 0.00395371
1025 0.50158 0.00200105 0.1961 0.00397065
1026 0.501097 0.00200155 0.1948 0.00396066
1027 0.500918 0.0020007 0.1962 0.00397141
1028 0.500819 0.00200176 0.1968 0.003976
1029 0.501283 0.00200567 0.195 0.00396221
1030 0.501528 0.00201033 0.1934 0.00394984
1031 0.501474 0.00201175 0.1951 0.00396297
1032 0.501587 0.0020139 0.1954 0.00396528
1033 0.501089 0.00201021 0.1971 0.00397828
1034 0.501004 0.00201087 0.197 0.00397752
1035 0.501093 0.00200967 0.1976 0.00398209
1036 0.500727 0.00201022 0.1994 0.00399569
1037 0.500794 0.00201213 0.1986 0.00398966
1038 0.50102 0.00200686 0.1978 0.0039836
1039 0.501135 0.00200845 0.198 0.00398512
1040 0.501225 0.00200639 0.193 0.00394673
1041 0.500708 0.00200212 0.1964 0.00397294
1042 0.500714 0.00200073 0.1954 0.00396528
1043 0.500706 0.0020044 0.193 0.00394673
1044 0.500906 0.00200458 0.1951 0.00396297
1045 0.500944 0.00200704 0.1948 0.00396066
1046 0.500135 0.00199761 0.197 0.00397752
1047 0.50025 0.00199464 0.1995 0.00399644
1048 0.500272 0.00198939 0.2007 0.00400544
1049 0.499954 0.00199597 0.2017 0.00401289
1050 0.500022 0.00199873 0.1992 0.00399419
1051 0.499783 0.00199502 0.1995 0.00399644
1052 0.499474 0.00200226 0.2027 0.00402031
1053 0.499391 0.00200494 0.1997 0.00399795
1054 0.499513 0.00199085 0.1982 0.00398664
1055 0.499947 0.00198892 0.1955 0.00396605
1056 0.499436 0.00199058 0.1968 0.003976
1057 0.498907 0.00198981 0.1944 0.00395758
1058 0.499355 0.00199279 0.1957 0.00396758
1059 0.4993 0.00198823 0.1968 0.003976
1060 0.499735 0.00198919 0.1962 0.00397141
1061 0.499506 0.0019892 0.196 0.00396988
1062 0.499856 0.00199422 0.1965 0.00397371
1063 0.499526 0.00199204 0.1945 0.00395835
1064 0.499478 0.00199348 0.1941 0.00395526
1065 0.499419 0.00199773 0.1972 0.00397905
1066 0.499648 0.00200015 0.1936 0.00395139
1067 0.499467 0.00200232 0.1974 0.00398057
1068 0.499806 0.00200221 0.1959 0.00396912
1069 0.49962 0.00199836 0.1955 0.00396605
1070 0.499369 0.00199541 0.1973 0.00397981
1071 0.499048 0.00199782 0.1999 0.00399945
1072 0.49879 0.00199609 0.1983 0.00398739
1073 0.498782 0.00200426 0.2008 0.00400619
1074 0.49873 0.00200703 0.2027 0.00402031
1075 0.498866 0.00200253 0.199 0.00399268
1076 0.498932 0.00200536 0.1991 0.00399343
1077 0.499198 0.00200158 0.1978 0.0039836
1078 0.499543 0.00200203 0.1992 0.00399419
1079 0.499396 0.00200125 0.1985 0.00398891
1080 0.499249 0.00199965 0.1978 0.0039836
1081 0.499092 0.00200054 0.1987 0.00399042
1082 0.499018 0.00199625 0.1979 0.00398436
1083 0.499443 0.00199634 0.2006 0.00400469
1084 0.498886 0.00199351 0.1984 0.00398815
1085 0.49849 0.0019911 0.1981 0.00398588
1086 0.498408 0.00199086 0.1966 0.00397447
1087 0.498433 0.00198385 0.1966 0.00397447
1088 0.498433 0.00199063 0.1993 0.00399494
1089 0.498531 0.00198874 0.1966 0.00397447
1090 0.498975 0.00198744 0.1952 0.00396374
1091 0.498895 0.00198929 0.1962 0.00397141
1092 0.499291 0.00198828 0.1957 0.00396758
1093 0.499395 0.00199046 0.1965 0.00397371
1094 0.499445 0.00199291 0.1968 0.003976
1095 0.500041 0.0019914 0.1918 0.00393736
1096 0.500378 0.001986 0.1943 0.00395681
1097 0.500295 0.00198084 0.1944 0.00395758
1098 0.499977 0.00197899 0.1951 0.00396297
1099 0.500034 0.00197839 0.1947 0.00395989
1100 0.500115 0.00197298 0.1941 0.00395526
1101 0.500418 0.00197333 0.1916 0.0039358
1102 0.500217 0.00197663 0.1928 0.00394517
1103 0.50043 0.00197976 0.1944 0.00395758
1104 0.500908 0.00197925 0.1891 0.00391608
1105 0.50126 0.00197695 0.1896 0.00392004
1106 0.500622 0.00197842 0.1929 0.00394595
1107 0.500003 0.00197439 0.1933 0.00394906
1108 0.499923 0.00197993 0.1945 0.00395835
1109 0.499545 0.00198029 0.1943 0.00395681
1110 0.499561 0.00197986 0.193 0.00394673
1111 0.499527 0.00197619 0.1944 0.00395758
1112 0.499941 0.00197641 0.1931 0.00394751
1113 0.500391 0.00197296 0.1923 0.00394127
1114 0.499959 0.00197776 0.1908 0.00392951
1115 0.500092 0.00197376 0.1895 0.00391925
1116 0.499845 0.00197737 0.1936 0.00395139
1117 0.499889 0.00198331 0.1905 0.00392715
1118 0.499993 0.00198841 0.1937 0.00395216
1119 0.500446 0.00199164 0.1906 0.00392794
1120 0.500356 0.00199323 0.1933 0.00394906
1121 0.500978 0.0019902 0.1918 0.00393736
1122 0.501181 0.00199225 0.1931 0.00394751
1123 0.50041 0.00199222 0.1922 0.00394049
1124 0.500207 0.00199155 0.1931 0.00394751
1125 0.500697 0.00199045 0.19 0.00392321
1126 0.500749 0.00199285 0.1938 0.00395294
1127 0.500442 0.0019923 0.1948 0.00396066
1128 0.500644 0.00199057 0.1979 0.00398436
1129 0.499649 0.00199523 0.1971 0.00397828
1130 0.499516 0.00199452 0.1982 0.00398664
1131 0.499404 0.00199066 0.196 0.00396988
1132 0.499607 0.00199334 0.2002 0.0040017
1133 0.49909 0.0019964 0.1983 0.00398739
1134 0.499107 0.00199469 0.1961 0.00397065
1135 0.498975 0.00199801 0.1975 0.00398133
1136 0.498865 0.00199518 0.1978 0.0039836
1137 0.498829 0.00199013 0.1974 0.00398057
1138 0.498923 0.00199172 0.1977 0.00398285
1139 0.49857 0.00199836 0.1961 0.00397065
1140 0.498455 0.00200321 0.1992 0.00399419
1141 0.497665 0.00200075 0.1992 0.00399419
1142 0.498097 0.00199689 0.2003 0.00400245
1143 0.497904 0.00199758 0.2025 0.00401883
1144 0.498549 0.00199913 0.2021 0.00401587
1145 0.498345 0.00199921 0.2018 0.00401364
1146 0.498221 0.00199665 0.2019 0.00401438
1147 0.498372 0.00199858 0.198 0.00398512
1148 0.498227 0.00199965 0.1982 0.00398664
1149 0.498524 0.00200436 0.1981 0.00398588
1150 0.498576 0.00200568 0.2024 0.00401809
1151 0.498685 0.00200304 0.2007 0.00400544
1152 0.498374 0.0020054 0.2013 0.00400992
1153 0.498342 0.00200279 0.2018 0.00401364
1154 0.498856 0.00200466 0.2004 0.0040032
1155 0.498514 0.00201019 0.2016 0.00401215
1156 0.498697 0.00200669 0.199 0.00399268
1157 0.499128 0.00200804 0.1968 0.003976
1158 0.49957 0.00200554 0.1984 0.00398815
1159 0.499723 0.0020083 0.1967 0.00397523
1160 0.499369 0.00200257 0.1957 0.00396758
1161 0.499557 0.00200124 0.1965 0.00397371
1162 0.499927 0.00200399 0.1969 0.00397676
1163 0.500329 0.00200647 0.1964 0.00397294
1164 0.500247 0.00201065 0.1975 0.00398133
1165 0.499771 0.00200483 0.1949 0.00396144
1166 0.499274 0.00200595 0.1969 0.00397676
1167 0.498919 0.0020069 0.1967 0.00397523
1168 0.499304 0.00200297 0.198 0.00398512
1169 0.499745 0.00200933 0.1974 0.00398057
1170 0.500029 0.00200887 0.199 0.00399268
1171 0.499728 0.00201117 0.1975 0.00398133
1172 0.499429 0.00201028 0.1997 0.00399795
1173 0.499756 0.00200793 0.1973 0.00397981
1174 0.49938 0.00200323 0.1952 0.00396374
1175 0.499258 0.00200928 0.1943 0.00395681
1176 0.499444 0.00200366 0.1939 0.00395371
1177 0.499558 0.00199684 0.1937 0.00395216
1178 0.498546 0.00200162 0.1973 0.00397981
1179 0.498398 0.00199825 0.1965 0.00397371
1180 0.498471 0.00199571 0.1935 0.00395061
1181 0.498712 0.00200157 0.1976 0.00398209
1182 0.498897 0.0019957 0.1956 0.00396682
1183 0.498973 0.00199156 0.195 0.00396221
1184 0.49863 0.00199307 0.1951 0.00396297
1185 0.498958 0.0019912 0.1972 0.00397905
1186 0.49901 0.00199674 0.1971 0.00397828
1187 0.499321 0.00199215 0.1952 0.00396374
1188 0.499117 0.00199982 0.1956 0.00396682
1189 0.49956 0.00200175 0.1956 0.00396682
1190 0.49974 0.00199549 0.1928 0.00394517
1191 0.499763 0.00198971 0.1932 0.00394828
1192 0.499458 0.00198806 0.1941 0.00395526
1193 0.499812 0.00198985 0.1922 0.00394049
1194 0.499934 0.00199629 0.1947 0.00395989
1195 0.49919 0.00199377 0.1942 0.00395603
1196 0.49906 0.00199949 0.1948 0.00396066
1197 0.499685 0.00199828 0.1947 0.00395989
1198 0.499572 0.00199247 0.1977 0.00398285
1199 0.499281 0.00199551 0.1957 0.00396758
1200 0.49898 0.00199199 0.1947 0.00395989
1201 0.499255 0.00198919 0.1969 0.00397676
1202 0.499503 0.00199554 0.1969 0.00397676
1203 0.499432 0.0019951 0.1952 0.00396374
1204 0.499767 0.00199076 0.1965 0.00397371
1205 0.499729 0.00199561 0.1948 0.00396066
1206 0.499364 0.00199465 0.1947 0.00395989
1207 0.499671 0.00199141 0.1957 0.00396758
1208 0.499832 0.00199371 0.1971 0.00397828
1209 0.499377 0.00199032 0.197 0.00397752
1210 0.498895 0.00199145 0.1982 0.00398664
1211 0.498998 0.00198791 0.1948 0.00396066
1212 0.49926 0.00199132 0.1955 0.00396605
1213 0.499718 0.00199483 0.1942 0.00395603
1214 0.499275 0.00199706 0.1967 0.00397523
1215 0.49932 0.00199959 0.1969 0.00397676
1216 0.499876 0.00199991 0.196 0.00396988
1217 0.500275 0.00200153 0.1971 0.00397828
1218 0.500729 0.00200074 0.1958 0.00396835
1219 0.500564 0.00200484 0.1962 0.00397141
1220 0.50005 0.00200572 0.1955 0.00396605
1221 0.499763 0.00200534 0.1952 0.00396374
1222 0.499511 0.0020046 0.1952 0.00396374
1223 0.49948 0.00199865 0.1963 0.00397218
1224 0.499427 0.00200507 0.1949 0.00396144
1225 0.499509 0.0020061 0.1995 0.00399644
1226 0.499218 0.00200691 0.1938 0.00395294
1227 0.499407 0.00200574 0.1966 0.00397447
1228 0.499161 0.00200357 0.199 0.00399268
1229 0.499339 0.00200518 0.1993 0.00399494
1230 0.499667 0.00200539 0.1982 0.00398664
1231 0.499861 0.00200988 0.1974 0.00398057
1232 0.50004 0.00201306 0.1994 0.00399569
1233 0.50058 0.00201322 0.2005 0.00400395
1234 0.500517 0.00201046 0.2005 0.00400395
1235 0.499564 0.00200721 0.1997 0.00399795
1236 0.499329 0.00200154 0.1992 0.00399419
1237 0.49915 0.00200279 0.1993 0.00399494
1238 0.499405 0.00200106 0.1953 0.00396451
1239 0.499626 0.00199523 0.1968 0.003976
1240 0.499759 0.00199086 0.1984 0.00398815
1241 0.499949 0.00198466 0.1981 0.00398588
1242 0.500003 0.00198368 0.1961 0.00397065
1243 0.499936 0.00198666 0.1975 0.00398133
1244 0.499371 0.00198288 0.1934 0.00394984
1245 0.499975 0.00198413 0.1962 0.00397141
1246 0.499676 0.00198986 0.1985 0.00398891
1247 0.500444 0.00198831 0.1986 0.00398966
1248 0.500455 0.00198866 0.1958 0.00396835
1249 0.500239 0.00198666 0.1986 0.00398966
1250 0.500465 0.00198998 0.1996 0.0039972
1251 0.499527 0.00199176 0.1994 0.00399569
1252 0.499688 0.00199161 0.1994 0.00399569
1253 0.499665 0.00198738 0.1985 0.00398891
1254 0.499759 0.00199067 0.1975 0.00398133
1255 0.499573 0.00199267 0.1944 0.00395758
1256 0.499942 0.00198541 0.1943 0.00395681
1257 0.499998 0.0019869 0.1964 0.00397294
1258 0.499667 0.00199348 0.1981 0.00398588
1259 0.499619 0.001993 0.1999 0.00399945
1260 0.49914 0.00199126 0.2002 0.0040017
1261 0.499152 0.00199221 0.1995 0.00399644
1262 0.498612 0.00199215 0.1991 0.00399343
1263 0.498633 0.00199039 0.198 0.00398512
1264 0.498511 0.00199373 0.1993 0.00399494
1265 0.498369 0.00199221 0.1988 0.00399117
1266 0.498772 0.00198946 0.2007 0.00400544
1267 0.497707 0.00198685 0.2025 0.00401883
1268 0.498246 0.0019843 0.1986 0.00398966
1269 0.498025 0.00198549 0.2014 0.00401066
1270 0.497916 0.00198777 0.2003 0.00400245
1271 0.498254 0.00198331 0.1992 0.00399419
1272 0.498777 0.00199042 0.2001 0.00400095
1273 0.498217 0.00198639 0.1991 0.00399343
1274 0.498285 0.00198784 0.1961 0.00397065
1275 0.498616 0.00198902 0.1983 0.00398739
1276 0.499155 0.00198821 0.1972 0.00397905
1277 0.499467 0.001989 0.1975 0.00398133
1278 0.500073 0.00198971 0.1955 0.00396605
1279 0.499673 0.00199206 0.1947 0.00395989
1280 0.499651 0.00199104 0.1969 0.00397676
1281 0.499762 0.00199241 0.1971 0.00397828
1282 0.500002 0.00199273 0.1967 0.00397523
1283 0.49966 0.00199234 0.1945 0.00395835
1284 0.500089 0.00199667 0.1976 0.00398209
1285 0.499946 0.00199898 0.1982 0.00398664
1286 0.500244 0.00200198 0.1963 0.00397218
1287 0.499744 0.00199702 0.1992 0.00399419
1288 0.499487 0.00199003 0.1964 0.00397294
1289 0.500099 0.00199304 0.1934 0.00394984
1290 0.500268 0.00199505 0.1946 0.00395912
1291 0.500298 0.0019963 0.1956 0.00396682
1292 0.500791 0.00199899 0.1959 0.00396912
1293 0.500639 0.00199933 0.1985 0.00398891
1294 0.500309 0.00199578 0.1983 0.00398739
1295 0.500093 0.00199766 0.1977 0.00398285
1296 0.500468 0.00199652 0.1964 0.00397294
1297 0.500262 0.00199723 0.1991 0.00399343
1298 0.500355 0.00199605 0.1978 0.0039836
1299 0.500446 0.00199999 0.1992 0.00399419
1300 0.500388 0.00199589 0.1974 0.00398057
1301 0.50066 0.00199894 0.1993 0.00399494
1302 0.500588 0.00200363 0.1965 0.00397371
1303 0.501378 0.00200374 0.1933 0.00394906
1304 0.501371 0.00201444 0.1938 0.00395294
1305 0.501098 0.0020166 0.1965 0.00397371
1306 0.50084 0.0020136 0.1966 0.00397447
1307 0.501211 0.00200989 0.194 0.00395449
1308 0.500914 0.00200534 0.1961 0.00397065
1309 0.501229 0.00200319 0.1969 0.00397676
1310 0.501427 0.00200265 0.1934 0.00394984
1311 0.501154 0.0020055 0.195 0.00396221
1312 0.501148 0.00200488 0.1946 0.00395912
1313 0.501139 0.00200716 0.1939 0.00395371
1314 0.501153 0.00201197 0.1968 0.003976
1315 0.501101 0.00201471 0.1957 0.00396758
1316 0.501244 0.00201608 0.1977 0.00398285
1317 0.500847 0.0020101 0.1992 0.00399419
1318 0.500621 0.00200662 0.1977 0.00398285
1319 0.500245 0.00200505 0.1978 0.0039836
1320 0.499805 0.00200437 0.1993 0.00399494
1321 0.500044 0.00200681 0.2012 0.00400917
1322 0.499883 0.0020107 0.1984 0.00398815
1323 0.499586 0.00201193 0.2005 0.00400395
1324 0.499608 0.00201073 0.1991 0.00399343
1325 0.499637 0.00200809 0.1991 0.00399343
1326 0.499508 0.00200754 0.2001 0.00400095
1327 0.499316 0.00200243 0.1989 0.00399193
1328 0.499328 0.00199914 0.1977 0.00398285
1329 0.498529 0.0019991 0.2 0.0040002
1330 0.498956 0.00199717 0.1972 0.00397905
1331 0.498298 0.00200043 0.2003 0.00400245
1332 0.498351 0.00200132 0.1991 0.00399343
1333 0.497811 0.00199305 0.2009 0.00400693
1334 0.498286 0.0019916 0.1983 0.00398739
1335 0.498716 0.00199676 0.1975 0.00398133
1336 0.498373 0.0020006 0.1981 0.00398588
1337 0.498819 0.00199604 0.1958 0.00396835
1338 0.49906 0.00199595 0.1954 0.00396528
1339 0.498915 0.0019932 0.1937 0.00395216
1340 0.499318 0.00199181 0.1967 0.00397523
1341 0.499508 0.00199053 0.1973 0.00397981
1342 0.49968 0.00199102 0.1951 0.00396297
1343 0.499583 0.0019981 0.1973 0.00397981
1344 0.499314 0.00199828 0.1958 0.00396835
1345 0.49913 0.00200073 0.197 0.00397752
1346 0.49865 0.00199908 0.1968 0.003976
1347 0.49898 0.00200042 0.2001 0.00400095
1348 0.499009 0.00200297 0.1968 0.003976
1349 0.499208 0.00199521 0.1981 0.00398588
1350 0.499175 0.00199107 0.1988 0.00399117
1351 0.499831 0.00199378 0.1982 0.00398664
1352 0.49984 0.00200054 0.1988 0.00399117
1353 0.499778 0.00199961 0.2007 0.00400544
1354 0.500079 0.00199632 0.1992 0.00399419
1355 0.499615 0.00199353 0.1985 0.00398891
1356 0.499793 0.00199526 0.198 0.00398512
1357 0.49977 0.00199231 0.1968 0.003976
1358 0.499354 0.0019931 0.1994 0.00399569
1359 0.499471 0.00198526 0.1978 0.0039836
1360 0.499487 0.00198134 0.199 0.00399268
1361 0.499653 0.00198905 0.1969 0.00397676
1362 0.499943 0.00198843 0.1972 0.00397905
1363 0.499615 0.00198505 0.1982 0.00398664
1364 0.500135 0.00198499 0.1984 0.00398815
1365 0.500514 0.0019862 0.1946 0.00395912
1366 0.500209 0.00198821 0.1982 0.00398664
1367 0.499769 0.00198487 0.1963 0.00397218
1368 0.500019 0.0019881 0.1953 0.00396451
1369 0.500343 0.00198604 0.1948 0.00396066
1370 0.500529 0.0019913 0.1953 0.00396451
1371 0.500651 0.00199089 0.1929 0.00394595
1372 0.501113 0.00198609 0.1926 0.00394361
1373 0.50093 0.00198538 0.1927 0.00394439
1374 0.500788 0.00198038 0.1915 0.00393501
1375 0.50071 0.00198269 0.1916 0.0039358
1376 0.500599 0.00198165 0.1925 0.00394283
1377 0.500657 0.00197817 0.1926 0.00394361
1378 0.500829 0.00197383 0.194 0.00395449
1379 0.501199 0.00197633 0.1932 0.00394828
1380 0.500604 0.00197822 0.1934 0.00394984
1381 0.50076 0.00197914 0.1904 0.00392636
1382 0.501263 0.00197472 0.1917 0.00393658
1383 0.50114 0.00197465 0.1919 0.00393815
1384 0.501648 0.00197492 0.1902 0.00392478
1385 0.501521 0.001973 0.1899 0.00392241
1386 0.50107 0.00198039 0.193 0.00394673
1387 0.500754 0.00198138 0.1947 0.00395989
1388 0.500605 0.00198454 0.194 0.00395449
1389 0.500317 0.0019896 0.1955 0.00396605
1390 0.50096 0.00198831 0.1941 0.00395526
1391 0.50131 0.0019883 0.1922 0.00394049
1392 0.501177 0.00199119 0.1925 0.00394283
1393 0.50132 0.0019905 0.1925 0.00394283
1394 0.500869 0.0019914 0.1931 0.00394751
1395 0.500735 0.00199281 0.1934 0.00394984
1396 0.500973 0.00198851 0.192 0.00393893
1397 0.500677 0.00199125 0.1927 0.00394439
1398 0.500615 0.00199286 0.1912 0.00393266
1399 0.500457 0.00199372 0.1913 0.00393344
1400 0.500035 0.00199853 0.1942 0.00395603
1401 0.499724 0.00200103 0.1936 0.00395139
1402 0.500051 0.00199643 0.1912 0.00393266
1403 0.500266 0.0019939 0.1918 0.00393736
1404 0.500354 0.00199221 0.189 0.00391528
1405 0.500168 0.00199172 0.196 0.00396988
1406 0.499825 0.00199109 0.1936 0.00395139
1407 0.499644 0.001993 0.1939 0.00395371
1408 0.499906 0.00199181 0.1957 0.00396758
1409 0.500388 0.00199711 0.1957 0.00396758
1410 0.500731 0.00199897 0.197 0.00397752
1411 0.500992 0.00200241 0.1962 0.00397141
1412 0.501069 0.00199955 0.1975 0.00398133
1413 0.500412 0.00199883 0.1986 0.00398966
1414 0.500722 0.00199589 0.1949 0.00396144
1415 0.499997 0.00199946 0.1993 0.00399494
1416 0.500281 0.00199816 0.1985 0.00398891
1417 0.499865 0.00200032 0.1983 0.00398739
1418 0.499695 0.0020008 0.1996 0.0039972
1419 0.499731 0.00199812 0.1961 0.00397065
1420 0.499716 0.0019989 0.1971 0.00397828
1421 0.499778 0.00199755 0.1954 0.00396528
1422 0.499086 0.00200474 0.197 0.00397752
1423 0.499129 0.00200557 0.1948 0.00396066
1424 0.499147 0.00200583 0.1966 0.00397447
1425 0.498733 0.00200684 0.1968 0.003976
1426 0.498124 0.00200988 0.1973 0.00397981
1427 0.498688 0.00201458 0.1995 0.00399644
1428 0.49857 0.00200892 0.1988 0.00399117
1429 0.498923 0.00201451 0.198 0.00398512
1430 0.498967 0.00201098 0.1967 0.00397523
1431 0.498962 0.0020077 0.1964 0.00397294
1432 0.498981 0.00200751 0.1955 0.00396605
1433 0.498847 0.00200592 0.1956 0.00396682
1434 0.4991 0.00200681 0.1948 0.00396066
1435 0.499296 0.0020056 0.1943 0.00395681
1436 0.498475 0.00200993 0.1952 0.00396374
1437 0.49862 0.00200995 0.1919 0.00393815
1438 0.499046 0.0020123 0.1957 0.00396758
1439 0.499071 0.00201022 0.1945 0.00395835
1440 0.498835 0.00201295 0.1954 0.00396528
1441 0.498573 0.00201201 0.1952 0.00396374
1442 0.498882 0.00201225 0.1965 0.00397371
1443 0.498856 0.00201049 0.1957 0.00396758
1444 0.498869 0.00201221 0.1956 0.00396682
1445 0.498588 0.00201771 0.196 0.00396988
1446 0.498894 0.00202427 0.1971 0.00397828
1447 0.498779 0.0020206 0.1965 0.00397371
1448 0.498708 0.00201846 0.198 0.00398512
1449 0.498771 0.00201907 0.1978 0.0039836
1450 0.498851 0.00201938 0.198 0.00398512
1451 0.499565 0.00201923 0.1937 0.00395216
1452 0.49965 0.00201137 0.1942 0.00395603
1453 0.499478 0.00200975 0.1931 0.00394751
1454 0.499388 0.00201213 0.1973 0.00397981
1455 0.498722 0.00201748 0.1998 0.0039987
1456 0.499193 0.00201592 0.1972 0.00397905
1457 0.499286 0.00201509 0.1993 0.00399494
1458 0.499013 0.00201496 0.1971 0.00397828
1459 0.498808 0.00201474 0.196 0.00396988
1460 0.498784 0.00201683 0.2004 0.0040032
1461 0.498628 0.0020185 0.2025 0.00401883
1462 0.499036 0.00201824 0.2026 0.00401957
1463 0.49897 0.00201235 0.1986 0.00398966
1464 0.498969 0.00200805 0.1975 0.00398133
1465 0.499121 0.00200712 0.1967 0.00397523
1466 0.498976 0.00201043 0.1977 0.00398285
1467 0.499191 0.00201584 0.1951 0.00396297
1468 0.498997 0.00200924 0.196 0.00396988
1469 0.499033 0.00200526 0.1947 0.00395989
1470 0.499482 0.00200487 0.1943 0.00395681
1471 0.499076 0.00200433 0.1961 0.00397065
1472 0.499281 0.00200345 0.1954 0.00396528
1473 0.499456 0.00200068 0.194 0.00395449
1474 0.499207 0.00200395 0.1963 0.00397218
1475 0.500676 0.00200388 0.1941 0.00395526
1476 0.500503 0.00200377 0.1948 0.00396066
1477 0.500816 0.00199972 0.194 0.00395449
1478 0.500721 0.00199683 0.193 0.00394673
1479 0.499981 0.00199852 0.1963 0.00397218
1480 0.500069 0.00199343 0.1962 0.00397141
1481 0.500022 0.00199537 0.1965 0.00397371
1482 0.500209 0.00199903 0.1954 0.00396528
1483 0.500545 0.00200392 0.1948 0.00396066
1484 0.499921 0.00200766 0.1942 0.00395603
1485 0.499682 0.00200483 0.1944 0.00395758
1486 0.499896 0.00199932 0.1951 0.00396297
1487 0.500118 0.00199859 0.1952 0.00396374
1488 0.499943 0.00199884 0.1931 0.00394751
1489 0.500174 0.00199755 0.1929 0.00394595
1490 0.499932 0.00199846 0.1938 0.00395294
1491 0.499941 0.00199592 0.1925 0.00394283
1492 0.500461 0.00200126 0.1909 0.0039303
1493 0.499713 0.00199984 0.1941 0.00395526
1494 0.499879 0.00199458 0.1941 0.00395526
1495 0.499879 0.00199785 0.1957 0.00396758
1496 0.499892 0.00200126 0.1952 0.00396374
1497 0.500402 0.00199489 0.1922 0.00394049
1498 0.500597 0.00200155 0.1939 0.00395371
1499 0.500112 0.00200363 0.197 0.00397752
1500 0.500454 0.00200209 0.1976 0.00398209
1501 0.500235 0.00200279 0.1985 0.00398891
1502 0.499905 0.0019972 0.1981 0.00398588
1503 0.49949 0.00200152 0.1975 0.00398133
1504 0.499439 0.00199787 0.1953 0.00396451
1505 0.499967 0.00200084 0.1961 0.00397065
1506 0.499669 0.00200625 0.1964 0.00397294
1507 0.499487 0.00200237 0.1946 0.00395912
1508 0.499099 0.00200668 0.1968 0.003976
1509 0.498852 0.00200917 0.198 0.00398512
1510 0.498483 0.0020068 0.1983 0.00398739
1511 0.498368 0.00199933 0.1973 0.00397981
1512 0.498198 0.00200645 0.1998 0.0039987
1513 0.498351 0.00200626 0.2016 0.00401215
1514 0.498351 0.00201326 0.2019 0.00401438
1515 0.498566 0.00201714 0.2023 0.00401735
1516 0.498425 0.00201788 0.2011 0.00400843
1517 0.498297 0.00201628 0.1983 0.00398739
1518 0.498475 0.00201967 0.198 0.00398512
1519 0.498303 0.00201825 0.1988 0.00399117
1520 0.498512 0.00201625 0.2007 0.00400544
1521 0.497931 0.00201891 0.2017 0.00401289
1522 0.498018 0.00201748 0.1999 0.00399945
1523 0.498299 0.00202081 0.1995 0.00399644
1524 0.49814 0.00202239 0.2015 0.00401141
1525 0.498273 0.00201671 0.1992 0.00399419
1526 0.497744 0.00201587 0.1996 0.0039972
1527 0.497963 0.00201142 0.2034 0.00402548
1528 0.497872 0.00201921 0.2065 0.00404814
1529 0.498367 0.00201915 0.2056 0.0040416
1530 0.498989 0.00201387 0.203 0.00402253
1531 0.498885 0.00201565 0.2022 0.00401661
1532 0.498827 0.00201634 0.2004 0.0040032
1533 0.498537 0.00202058 0.2002 0.0040017
1534 0.498436 0.00201867 0.1996 0.0039972
1535 0.498691 0.00202051 0.2029 0.00402179
1536 0.49836 0.00201966 0.2001 0.00400095
1537 0.498318 0.00202173 0.202 0.00401512
1538 0.497722 0.00202624 0.2006 0.00400469
1539 0.497269 0.00202533 0.2038 0.00402842
1540 0.497606 0.00202459 0.1989 0.00399193
1541 0.497568 0.00202515 0.1999 0.00399945
1542 0.498393 0.0020251 0.201 0.00400768
1543 0.498249 0.00202173 0.2015 0.00401141
1544 0.498494 0.0020255 0.2007 0.00400544
1545 0.499088 0.00202774 0.1996 0.0039972
1546 0.498658 0.00202921 0.2021 0.00401587
1547 0.498818 0.00202456 0.1995 0.00399644
1548 0.498466 0.00202735 0.2025 0.00401883
1549 0.498595 0.00202457 0.2015 0.00401141
1550 0.49846 0.00202592 0.2033 0.00402474
1551 0.498738 0.00202622 0.203 0.00402253
1552 0.49826 0.00202434 0.2005 0.00400395
1553 0.498073 0.00202549 0.2013 0.00400992
1554 0.498229 0.002024 0.2027 0.00402031
1555 0.498382 0.00202575 0.2023 0.00401735
1556 0.498104 0.00202278 0.2011 0.00400843
1557 0.498393 0.00201917 0.1989 0.00399193
1558 0.498281 0.00202829 0.2015 0.00401141
1559 0.498212 0.00202443 0.2023 0.00401735
1560 0.497858 0.00202341 0.2019 0.00401438
1561 0.497597 0.00202015 0.2026 0.00401957
1562 0.497847 0.00202386 0.2027 0.00402031
1563 0.497535 0.00202214 0.205 0.00403722
1564 0.497234 0.00202487 0.2024 0.00401809
1565 0.497573 0.00202189 0.2054 0.00404014
1566 0.497842 0.00201856 0.2059 0.00404378
1567 0.497604 0.00201666 0.2053 0.00403941
1568 0.49788 0.00201831 0.205 0.00403722
1569 0.497582 0.00201915 0.2025 0.00401883
1570 0.49788 0.00201863 0.2021 0.00401587
1571 0.498478 0.00202021 0.2005 0.00400395
1572 0.499172 0.0020145 0.1998 0.0039987
1573 0.498984 0.00202382 0.1993 0.00399494
1574 0.498978 0.00202556 0.1996 0.0039972
1575 0.498571 0.00202256 0.2011 0.00400843
1576 0.498928 0.00200801 0.198 0.00398512
1577 0.498488 0.00201356 0.2016 0.00401215
1578 0.497916 0.00201181 0.2023 0.00401735
1579 0.497706 0.00201499 0.1997 0.00399795
1580 0.498071 0.00201305 0.202 0.00401512
1581 0.498257 0.00201228 0.2 0.0040002
1582 0.498391 0.00201224 0.1988 0.00399117
1583 0.497946 0.00201658 0.1996 0.0039972
1584 0.498303 0.00201321 0.1991 0.00399343
1585 0.498127 0.0020132 0.2 0.0040002
1586 0.498507 0.00201676 0.2004 0.0040032
1587 0.498731 0.00201523 0.201 0.00400768
1588 0.498333 0.0020135 0.2011 0.00400843
1589 0.498008 0.00201588 0.2002 0.0040017
1590 0.498212 0.00201806 0.1998 0.0039987
1591 0.497998 0.0020163 0.2003 0.00400245
1592 0.497863 0.00201107 0.2001 0.00400095
1593 0.497786 0.00200695 0.1985 0.00398891
1594 0.498517 0.00201449 0.199 0.00399268
1595 0.498555 0.00201064 0.1988 0.00399117
1596 0.49848 0.00201451 0.2011 0.00400843
1597 0.497848 0.00201653 0.2019 0.00401438
1598 0.497746 0.00201983 0.1991 0.00399343
1599 0.497981 0.00201905 0.2001 0.00400095
1600 0.49849 0.00201739 0.199 0.00399268
1601 0.498641 0.00201823 0.1984 0.00398815
1602 0.498718 0.00201214 0.1975 0.00398133
1603 0.49862 0.00200932 0.1964 0.00397294
1604 0.498661 0.00200787 0.1963 0.00397218
1605 0.498542 0.00200429 0.1981 0.00398588
1606 0.49823 0.00201196 0.1986 0.00398966
1607 0.498393 0.00201442 0.1964 0.00397294
1608 0.498003 0.00200814 0.1954 0.00396528
1609 0.497957 0.00200564 0.2 0.0040002
1610 0.49771 0.00200132 0.1997 0.00399795
1611 0.497932 0.00200601 0.1985 0.00398891
1612 0.497808 0.00200819 0.2023 0.00401735
1613 0.49801 0.00200985 0.201 0.00400768
1614 0.498246 0.00201084 0.2016 0.00401215
1615 0.497503 0.00201171 0.2046 0.00403429
1616 0.497728 0.00200767 0.198 0.00398512
1617 0.497757 0.00200529 0.2022 0.00401661
1618 0.497793 0.00200726 0.1989 0.00399193
1619 0.497777 0.00200466 0.2016 0.00401215
1620 0.497281 0.00200372 0.2001 0.00400095
1621 0.497257 0.00200714 0.2024 0.00401809
1622 0.497652 0.0020051 0.203 0.00402253
1623 0.498038 0.00199542 0.1996 0.0039972
1624 0.498122 0.00199502 0.1971 0.00397828
1625 0.498279 0.00200248 0.1981 0.00398588
1626 0.498403 0.0020021 0.199 0.00399268
1627 0.498638 0.00200059 0.1977 0.00398285
1628 0.49861 0.00200286 0.1975 0.00398133
1629 0.498035 0.00200408 0.1995 0.00399644
1630 0.497764 0.00200195 0.1986 0.00398966
1631 0.49754 0.00199712 0.2001 0.00400095
1632 0.49776 0.00199869 0.1988 0.00399117
1633 0.498 0.00200484 0.1986 0.00398966
1634 0.498647 0.00200075 0.1972 0.00397905
1635 0.49844 0.00199849 0.1966 0.00397447
1636 0.498618 0.00200102 0.1961 0.00397065
1637 0.499186 0.00200033 0.1929 0.00394595
1638 0.499521 0.00199697 0.1929 0.00394595
1639 0.49974 0.0019987 0.194 0.00395449
1640 0.500159 0.00199676 0.1941 0.00395526
1641 0.499467 0.00200054 0.1971 0.00397828
1642 0.499837 0.00200464 0.1944 0.00395758
1643 0.499724 0.00200768 0.1957 0.00396758
1644 0.499923 0.00201196 0.2004 0.0040032
1645 0.49942 0.00200923 0.1958 0.00396835
1646 0.499476 0.00200363 0.198 0.00398512
1647 0.499597 0.00199842 0.1972 0.00397905
1648 0.500294 0.00199937 0.1949 0.00396144
1649 0.500339 0.00200339 0.197 0.00397752
1650 0.500197 0.00200263 0.1939 0.00395371
1651 0.500693 0.00200022 0.1971 0.00397828
1652 0.501035 0.00200441 0.1932 0.00394828
1653 0.500994 0.00200238 0.1939 0.00395371
1654 0.501024 0.00200828 0.1962 0.00397141
1655 0.500665 0.00201232 0.1944 0.00395758
1656 0.500081 0.00200933 0.1971 0.00397828
1657 0.500062 0.00201105 0.1995 0.00399644
1658 0.499954 0.00201059 0.1994 0.00399569
1659 0.499807 0.0020166 0.2003 0.00400245
1660 0.499703 0.00201772 0.199 0.00399268
1661 0.499769 0.00201876 0.1982 0.00398664
1662 0.499177 0.00202557 0.2011 0.00400843
1663 0.49924 0.0020246 0.1998 0.0039987
1664 0.49919 0.00201716 0.1978 0.0039836
1665 0.499449 0.00201289 0.1991 0.00399343
1666 0.499709 0.00201319 0.1984 0.00398815
1667 0.499296 0.00201079 0.1991 0.00399343
1668 0.499637 0.00201177 0.1993 0.00399494
1669 0.499681 0.00201362 0.1998 0.0039987
1670 0.499865 0.00201419 0.1992 0.00399419
1671 0.500109 0.00200825 0.1962 0.00397141
1672 0.500184 0.0020095 0.1979 0.00398436
1673 0.500516 0.00201169 0.1944 0.00395758
1674 0.500986 0.00201328 0.1954 0.00396528
1675 0.500431 0.00201487 0.196 0.00396988
1676 0.499847 0.00201194 0.1949 0.00396144
1677 0.500337 0.002013 0.1948 0.00396066
1678 0.499576 0.00201078 0.1974 0.00398057
1679 0.499557 0.00201321 0.197 0.00397752
1680 0.499706 0.00201375 0.1983 0.00398739
1681 0.499429 0.00201509 0.1998 0.0039987
1682 0.500082 0.00201348 0.1986 0.00398966
1683 0.500039 0.00201722 0.1963 0.00397218
1684 0.499497 0.00201812 0.1972 0.00397905
1685 0.499253 0.00200846 0.1949 0.00396144
1686 0.499688 0.00200059 0.1938 0.00395294
1687 0.499693 0.00199496 0.1964 0.00397294
1688 0.499564 0.0019973 0.1996 0.0039972
1689 0.499934 0.00199752 0.1967 0.00397523
1690 0.499857 0.00200222 0.1955 0.00396605
1691 0.500454 0.00200265 0.1939 0.00395371
1692 0.500385 0.00200402 0.192 0.00393893
1693 0.500269 0.0020025 0.1912 0.00393266
1694 0.500511 0.00199478 0.194 0.00395449
1695 0.500454 0.00199472 0.1934 0.00394984
1696 0.500276 0.0019944 0.1915 0.00393501
1697 0.500256 0.00199156 0.1922 0.00394049
1698 0.499834 0.00199402 0.1961 0.00397065
1699 0.499872 0.00199681 0.1962 0.00397141
1700 0.499458 0.00199543 0.1954 0.00396528
1701 0.500187 0.00198932 0.1944 0.00395758
1702 0.499935 0.00199462 0.1949 0.00396144
1703 0.499666 0.0019966 0.1953 0.00396451
1704 0.500111 0.00199815 0.1947 0.00395989
1705 0.49961 0.00199647 0.1937 0.00395216
1706 0.499272 0.00199943 0.1972 0.00397905
1707 0.49972 0.00200153 0.1986 0.00398966
1708 0.499796 0.00199951 0.196 0.00396988
1709 0.499085 0.00199786 0.1962 0.00397141
1710 0.498885 0.00199578 0.1944 0.00395758
1711 0.499188 0.00200314 0.1957 0.00396758
1712 0.499146 0.00199975 0.1927 0.00394439
1713 0.499438 0.00200216 0.1948 0.00396066
1714 0.499298 0.00200378 0.1953 0.00396451
1715 0.49962 0.00200547 0.1958 0.00396835
1716 0.499557 0.00200828 0.1953 0.00396451
1717 0.499679 0.00200805 0.1923 0.00394127
1718 0.49953 0.00201107 0.1951 0.00396297
1719 0.499447 0.00201045 0.1948 0.00396066
1720 0.499892 0.0020098 0.1965 0.00397371
1721 0.500144 0.00200954 0.1944 0.00395758
1722 0.499718 0.00200671 0.1967 0.00397523
1723 0.499638 0.00200485 0.1972 0.00397905
1724 0.50048 0.00200885 0.1963 0.00397218
1725 0.500515 0.00201353 0.196 0.00396988
1726 0.500257 0.00201139 0.1963 0.00397218
1727 0.500369 0.00200662 0.1954 0.00396528
1728 0.500155 0.00200368 0.1954 0.00396528
1729 0.499991 0.00200136 0.196 0.00396988
1730 0.499915 0.00200074 0.1972 0.00397905
1731 0.500049 0.00199984 0.1968 0.003976
1732 0.499374 0.00200115 0.2009 0.00400693
1733 0.499346 0.00200299 0.1977 0.00398285
1734 0.499225 0.00199699 0.199 0.00399268
1735 0.498665 0.00199272 0.1956 0.00396682
1736 0.498933 0.00199223 0.1956 0.00396682
1737 0.498274 0.00199343 0.1982 0.00398664
1738 0.49845 0.00198916 0.1965 0.00397371
1739 0.498848 0.00199291 0.1958 0.00396835
1740 0.499059 0.00198878 0.1968 0.003976
1741 0.498903 0.00198663 0.1952 0.00396374
1742 0.49842 0.00198221 0.1954 0.00396528
1743 0.498373 0.00198394 0.1943 0.00395681
1744 0.49806 0.00198737 0.1952 0.00396374
1745 0.498119 0.00198623 0.1984 0.00398815
1746 0.498383 0.00198245 0.1954 0.00396528
1747 0.498035 0.00198402 0.1962 0.00397141
1748 0.49821 0.00198557 0.1941 0.00395526
1749 0.498023 0.00198986 0.1961 0.00397065
1750 0.498138 0.00198606 0.1968 0.003976
1751 0.498423 0.00198626 0.1946 0.00395912
1752 0.498035 0.00198844 0.1965 0.00397371
1753 0.497704 0.00198894 0.1963 0.00397218
1754 0.497966 0.00198999 0.1968 0.003976
1755 0.497844 0.00198822 0.1977 0.00398285
1756 0.498836 0.00198924 0.196 0.00396988
1757 0.498899 0.00198527 0.1955 0.00396605
1758 0.498785 0.00198745 0.1972 0.00397905
1759 0.498584 0.001997 0.1972 0.00397905
1760 0.499112 0.00199297 0.1993 0.00399494
1761 0.498559 0.00200107 0.198 0.00398512
1762 0.498632 0.00200011 0.1994 0.00399569
1763 0.498908 0.00199933 0.1978 0.0039836
1764 0.498663 0.00200486 0.1987 0.00399042
1765 0.498088 0.00200653 0.2014 0.00401066
1766 0.498647 0.00200704 0.1958 0.00396835
1767 0.498162 0.0020115 0.1987 0.00399042
1768 0.498717 0.00201066 0.1996 0.0039972
1769 0.498769 0.00201157 0.1981 0.00398588
1770 0.498649 0.00201347 0.1998 0.0039987
1771 0.499235 0.00201321 0.1969 0.00397676
1772 0.499652 0.002008 0.1988 0.00399117
1773 0.500085 0.00200377 0.1965 0.00397371
1774 0.500003 0.00201265 0.1984 0.00398815
1775 0.500055 0.00201174 0.1966 0.00397447
1776 0.500123 0.00201481 0.1976 0.00398209
1777 0.500085 0.00201041 0.1953 0.00396451
1778 0.500344 0.00201422 0.1953 0.00396451
1779 0.499782 0.00200869 0.197 0.00397752
1780 0.500111 0.0020083 0.1963 0.00397218
1781 0.499998 0.00201446 0.196 0.00396988
1782 0.500025 0.00201191 0.1963 0.00397218
1783 0.499488 0.00201015 0.196 0.00396988
1784 0.499255 0.00201157 0.1973 0.00397981
1785 0.499253 0.00201309 0.1965 0.00397371
1786 0.499147 0.00201284 0.1965 0.00397371
1787 0.499515 0.00200967 0.1963 0.00397218
1788 0.499503 0.00201024 0.194 0.00395449
1789 0.49968 0.00201225 0.1944 0.00395758
1790 0.499869 0.00201666 0.1986 0.00398966
1791 0.499709 0.00201457 0.1965 0.00397371
1792 0.499137 0.00201618 0.1989 0.00399193
1793 0.498548 0.00201518 0.2008 0.00400619
1794 0.498286 0.00201255 0.1996 0.0039972
1795 0.49831 0.002014 0.1988 0.00399117
1796 0.498709 0.00201334 0.2001 0.00400095
1797 0.498788 0.00201093 0.2004 0.0040032
1798 0.49869 0.00200333 0.1988 0.00399117
1799 0.498665 0.00200785 0.1974 0.00398057
1800 0.498526 0.00201172 0.1978 0.0039836
1801 0.498035 0.00201072 0.1991 0.00399343
1802 0.498565 0.00200655 0.1982 0.00398664
1803 0.49842 0.00201495 0.1987 0.00399042
1804 0.49866 0.00201734 0.1979 0.00398436
1805 0.498157 0.00201639 0.2001 0.00400095
1806 0.498766 0.00201816 0.1984 0.00398815
1807 0.49898 0.0020141 0.1984 0.00398815
1808 0.499901 0.00201743 0.1977 0.00398285
1809 0.499568 0.00202205 0.1976 0.00398209
1810 0.49992 0.00203143 0.196 0.00396988
1811 0.499808 0.00202821 0.198 0.00398512
1812 0.499762 0.00202268 0.1996 0.0039972
1813 0.499568 0.00201923 0.1969 0.00397676
1814 0.499991 0.00202336 0.1972 0.00397905
1815 0.500424 0.00202174 0.1964 0.00397294
1816 0.500263 0.00202121 0.1947 0.00395989
1817 0.50014 0.00202328 0.1968 0.003976
1818 0.499875 0.00202689 0.1966 0.00397447
1819 0.499496 0.00202217 0.1961 0.00397065
1820 0.499232 0.00201916 0.1972 0.00397905
1821 0.49965 0.00201763 0.1979 0.00398436
1822 0.499656 0.00202019 0.2015 0.00401141
1823 0.499333 0.00201703 0.2 0.0040002
1824 0.499076 0.0020143 0.2003 0.00400245
1825 0.499343 0.00201529 0.2013 0.00400992
1826 0.499199 0.00201921 0.2019 0.00401438
1827 0.499246 0.00202127 0.2016 0.00401215
1828 0.499609 0.00202385 0.2048 0.00403576
1829 0.499873 0.00202724 0.2044 0.00403283
1830 0.499775 0.00202592 0.2035 0.00402621
1831 0.499585 0.00202884 0.2037 0.00402769
1832 0.499706 0.00202353 0.2031 0.00402326
1833 0.499053 0.00202205 0.2026 0.00401957
1834 0.499144 0.00202162 0.2018 0.00401364
1835 0.499006 0.00201981 0.2011 0.00400843
1836 0.498463 0.00202231 0.2015 0.00401141
1837 0.498633 0.00201953 0.2005 0.00400395
1838 0.498893 0.00201572 0.2023 0.00401735
1839 0.499357 0.00201013 0.2001 0.00400095
1840 0.499582 0.0020063 0.2011 0.00400843
1841 0.50023 0.00201143 0.198 0.00398512
1842 0.500054 0.00200917 0.1996 0.0039972
1843 0.49935 0.00201235 0.201 0.00400768
1844 0.499153 0.00201363 0.1996 0.0039972
1845 0.498618 0.00202174 0.2024 0.00401809
1846 0.498305 0.0020187 0.2006 0.00400469
1847 0.49765 0.00201888 0.2045 0.00403356
1848 0.497519 0.00201965 0.201 0.00400768
1849 0.497706 0.00201651 0.2024 0.00401809
1850 0.497903 0.00201682 0.2027 0.00402031
1851 0.498047 0.00201882 0.2033 0.00402474
1852 0.497725 0.00202235 0.2065 0.00404814
1853 0.496996 0.00202148 0.2036 0.00402695
1854 0.496997 0.00201686 0.2023 0.00401735
1855 0.496914 0.00201425 0.2029 0.00402179
1856 0.497016 0.00201663 0.2021 0.00401587
1857 0.496737 0.00201396 0.2055 0.00404087
1858 0.496881 0.00201653 0.2018 0.00401364
1859 0.496813 0.0020221 0.2019 0.00401438
1860 0.496655 0.00202153 0.203 0.00402253
1861 0.496353 0.00202223 0.2033 0.00402474
1862 0.496545 0.00202386 0.2055 0.00404087
1863 0.496602 0.00202084 0.2046 0.00403429
1864 0.496907 0.00201979 0.2043 0.00403209
1865 0.497292 0.00202024 0.2051 0.00403795
1866 0.497004 0.00201803 0.2044 0.00403283
1867 0.496798 0.00202019 0.2063 0.00404669
1868 0.497471 0.0020131 0.207 0.00405176
1869 0.497241 0.00201083 0.2051 0.00403795
1870 0.497807 0.00201061 0.2023 0.00401735
1871 0.497825 0.0020081 0.2033 0.00402474
1872 0.497955 0.00201277 0.2026 0.00401957
1873 0.497967 0.00201069 0.2026 0.00401957
1874 0.497623 0.00200931 0.2039 0.00402916
1875 0.497756 0.00200839 0.2043 0.00403209
1876 0.497778 0.00200866 0.2013 0.00400992
1877 0.498093 0.00201885 0.2021 0.00401587
1878 0.498434 0.00201622 0.2008 0.00400619
1879 0.498495 0.00200948 0.2005 0.00400395
1880 0.498614 0.0020174 0.2022 0.00401661
1881 0.498956 0.00201378 0.1998 0.0039987
1882 0.499303 0.00201736 0.1979 0.00398436
1883 0.499393 0.00202053 0.1984 0.00398815
1884 0.499348 0.00201447 0.1964 0.00397294
1885 0.499937 0.00201755 0.1979 0.00398436
1886 0.500272 0.00202241 0.1982 0.00398664
1887 0.500305 0.00202335 0.1993 0.00399494
1888 0.500234 0.00201636 0.1986 0.00398966
1889 0.499922 0.00202168 0.1983 0.00398739
1890 0.499983 0.00201599 0.1962 0.00397141
1891 0.49958 0.00201546 0.1975 0.00398133
1892 0.49928 0.00201284 0.199 0.00399268
1893 0.499313 0.00201497 0.2001 0.00400095
1894 0.499079 0.00201283 0.1984 0.00398815
1895 0.499215 0.0020059 0.1962 0.00397141
1896 0.499253 0.00200184 0.1967 0.00397523
1897 0.499469 0.00200497 0.1956 0.00396682
1898 0.499419 0.00200771 0.1994 0.00399569
1899 0.499378 0.00201522 0.2002 0.0040017
1900 0.499109 0.00202059 0.2033 0.00402474
1901 0.499063 0.00201664 0.2028 0.00402105
1902 0.499054 0.00201376 0.1999 0.00399945
1903 0.498935 0.00200844 0.2008 0.00400619
1904 0.499258 0.00200537 0.2 0.0040002
1905 0.499265 0.00200968 0.199 0.00399268
1906 0.499851 0.00201001 0.1984 0.00398815
1907 0.499453 0.00201144 0.1988 0.00399117
1908 0.499148 0.00200433 0.1996 0.0039972
1909 0.4994 0.00200713 0.1997 0.00399795
1910 0.499435 0.00200629 0.1995 0.00399644
1911 0.499112 0.00200118 0.1964 0.00397294
1912 0.499893 0.00200475 0.1998 0.0039987
1913 0.49991 0.00200908 0.1995 0.00399644
1914 0.499678 0.00200768 0.1983 0.00398739
1915 0.499345 0.00200628 0.2003 0.00400245
1916 0.499229 0.00201195 0.1996 0.0039972
1917 0.499012 0.00200905 0.1991 0.00399343
1918 0.498794 0.00200622 0.2007 0.00400544
1919 0.498848 0.00200405 0.2 0.0040002
1920 0.498111 0.00200659 0.1999 0.00399945
1921 0.49848 0.00200606 0.203 0.00402253
1922 0.498561 0.00200913 0.2018 0.00401364
1923 0.49869 0.00200726 0.1995 0.00399644
1924 0.498732 0.00200904 0.2012 0.00400917
1925 0.498984 0.00201297 0.1991 0.00399343
1926 0.499668 0.00200751 0.1967 0.00397523
1927 0.499689 0.00200314 0.1973 0.00397981
1928 0.500259 0.00200569 0.1983 0.00398739
1929 0.49974 0.00200761 0.1951 0.00396297
1930 0.499641 0.00200257 0.1976 0.00398209
1931 0.499947 0.0020071 0.1996 0.0039972
1932 0.499847 0.0020045 0.1991 0.00399343
1933 0.499812 0.00200215 0.1974 0.00398057
1934 0.499853 0.00199861 0.1978 0.0039836
1935 0.499645 0.00199779 0.1966 0.00397447
1936 0.499402 0.0019967 0.1965 0.00397371
1937 0.499125 0.00199394 0.1982 0.00398664
1938 0.499308 0.00199734 0.1974 0.00398057
1939 0.498935 0.00199478 0.1997 0.00399795
1940 0.499464 0.00199521 0.1975 0.00398133
1941 0.499377 0.00199407 0.1966 0.00397447
1942 0.499292 0.0019954 0.1974 0.00398057
1943 0.499155 0.00200024 0.1974 0.00398057
1944 0.498833 0.00199969 0.1971 0.00397828
1945 0.498805 0.00200198 0.1968 0.003976
1946 0.497965 0.00200443 0.1989 0.00399193
1947 0.498002 0.00200714 0.1993 0.00399494
1948 0.497893 0.00200851 0.2018 0.00401364
1949 0.497699 0.0020056 0.2009 0.00400693
1950 0.497755 0.002008 0.2022 0.00401661
1951 0.497418 0.00200553 0.205 0.00403722
1952 0.497631 0.00200737 0.2014 0.00401066
1953 0.497435 0.00200466 0.2027 0.00402031
1954 0.498009 0.00200745 0.202 0.00401512
1955 0.497739 0.00200739 0.2019 0.00401438
1956 0.498126 0.00199902 0.2006 0.00400469
1957 0.498729 0.00200278 0.2019 0.00401438
1958 0.498607 0.00200152 0.2007 0.00400544
1959 0.498333 0.00199793 0.2001 0.00400095
1960 0.498253 0.00199661 0.2029 0.00402179
1961 0.498585 0.00199081 0.1986 0.00398966
1962 0.498875 0.00198953 0.1984 0.00398815
1963 0.49902 0.00199013 0.1992 0.00399419
1964 0.498978 0.00199245 0.1974 0.00398057
1965 0.498721 0.00199316 0.1988 0.00399117
1966 0.498429 0.00198921 0.2007 0.00400544
1967 0.498118 0.00199596 0.1969 0.00397676
1968 0.498441 0.00199227 0.1979 0.00398436
1969 0.49835 0.00199626 0.1984 0.00398815
1970 0.498331 0.00199781 0.2009 0.00400693
1971 0.497793 0.00199724 0.2013 0.00400992
1972 0.497781 0.00199427 0.2016 0.00401215
1973 0.497628 0.00199018 0.2007 0.00400544
1974 0.497885 0.00199256 0.2011 0.00400843
1975 0.497597 0.00199819 0.2003 0.00400245
1976 0.49804 0.00200164 0.2035 0.00402621
1977 0.497981 0.00200649 0.2017 0.00401289
1978 0.497503 0.00200421 0.2046 0.00403429
1979 0.497429 0.00200812 0.2033 0.00402474
1980 0.498008 0.00200385 0.2018 0.00401364
1981 0.498221 0.00200702 0.2024 0.00401809
1982 0.497505 0.0020035 0.2037 0.00402769
1983 0.497536 0.00200809 0.2038 0.00402842
1984 0.497648 0.00200878 0.2047 0.00403502
1985 0.497352 0.00200484 0.2038 0.00402842
1986 0.497137 0.00200325 0.2051 0.00403795
1987 0.497043 0.00200348 0.2023 0.00401735
1988 0.49757 0.00200868 0.2001 0.00400095
1989 0.498134 0.00200826 0.1995 0.00399644
1990 0.497779 0.00200307 0.1986 0.00398966
1991 0.497293 0.00199419 0.1987 0.00399042
1992 0.497654 0.00199394 0.1984 0.00398815
1993 0.497281 0.00199141 0.2017 0.00401289
1994 0.497321 0.00199333 0.202 0.00401512
1995 0.497644 0.00198604 0.1996 0.0039972
1996 0.497626 0.00198868 0.1985 0.00398891
1997 0.497882 0.00199004 0.1994 0.00399569
1998 0.497793 0.00198837 0.1995 0.00399644
1999 0.49773 0.0019926 0.2015 0.00401141
