#sample=10000
0 0.00100284 5.52029e-06 1 0
1 0.00110595 1.51283e-05 1 0
2 0.00130139 2.35455e-05 1 0
3 0.00142412 2.79497e-05 1 0
4 0.00164538 6.5498e-05 0.9999 0.0001
5 0.00182574 3.78571e-05 1 0
6 0.00204825 4.33331e-05 1 0
7 0.00226387 4.63964e-05 1 0
8 0.00253518 7.56559e-05 0.9999 0.0001
9 0.00289426 7.37343e-05 0.9999 0.0001
10 0.00323218 0.000115892 0.9998 0.000141414
11 0.00337131 6.50537e-05 1 0
12 0.00373761 0.000106847 0.9998 0.000141414
13 0.00401343 7.4443e-05 1 0
14 0.0042942 7.85637e-05 1 0
15 0.00484166 0.000113885 0.9998 0.000141414
16 0.00514603 0.000157211 0.9997 0.000173188
17 0.00535435 0.000101713 1 0
18 0.00554142 9.52236e-05 1 0
19 0.00605681 0.000128531 0.9998 0.000141414
20 0.00626738 0.0001532 0.9997 0.000173188
21 0.00647347 0.000143815 0.9998 0.000141414
22 0.0067096 0.000110059 1 0
23 0.00741614 0.000194413 0.9994 0.000244888
24 0.00760344 0.000132167 0.9999 0.0001
25 0.00765364 0.000119451 1 0
26 0.00806392 0.000136645 0.9999 0.0001
27 0.00849324 0.000173933 0.9997 0.000173188
28 0.00848888 0.000128404 1 0
29 0.00889596 0.000164238 0.9998 0.000141414
30 0.00920992 0.00014859 0.9999 0.0001
31 0.00940726 0.000145402 1 0
32 0.00949471 0.000142082 1 0
33 0.00986961 0.000189729 0.9998 0.000141414
34 0.0101977 0.000159189 0.9999 0.0001
35 0.010374 0.000151186 1 0
36 0.0106498 0.000159198 1 0
37 0.0111284 0.000194752 0.9998 0.000141414
38 0.0110303 0.000171451 0.9999 0.0001
39 0.0114492 0.000186483 0.9999 0.0001
40 0.0118569 0.000185751 0.9998 0.000141414
41 0.011714 0.000172745 0.9999 0.0001
42 0.012122 0.000178815 0.9999 0.0001
43 0.0126217 0.000229678 0.9996 0.00019997
44 0.0125898 0.000182891 1 0
45 0.0127489 0.000187892 0.9998 0.000141414
46 0.0129781 0.000205549 0.9999 0.0001
47 0.0132825 0.00021221 0.9998 0.000141414
48 0.013622 0.000205159 0.9998 0.000141414
49 0.0139032 0.000221096 0.9996 0.00019997
50 0.0140443 0.000226232 0.9997 0.000173188
51 0.0141846 0.000220604 0.9998 0.000141414
52 0.0146629 0.000227149 0.9997 0.000173188
53 0.0145929 0.000203762 0.9999 0.0001
54 0.0150888 0.000251825 0.9994 0.000244888
55 0.0149298 0.000229116 0.9998 0.000141414
56 0.0153291 0.000225175 0.9997 0.000173188
57 0.0152334 0.00021749 0.9997 0.000173188
58 0.0160447 0.000242998 0.9998 0.000141414
59 0.0160051 0.000235506 0.9998 0.000141414
60 0.0164421 0.000244251 0.9997 0.000173188
61 0.0164659 0.000224026 0.9999 0.0001
62 0.0166638 0.000239265 0.9996 0.00019997
63 0.017308 0.000264051 0.9994 0.000244888
64 0.0174305 0.000277582 0.9995 0.000223562
65 0.0177896 0.000264408 0.9996 0.00019997
66 0.0176472 0.000256927 0.9996 0.00019997
67 0.0179997 0.000251888 0.9997 0.000173188
68 0.0181249 0.000269224 0.9997 0.000173188
69 0.0179063 0.000247191 0.9998 0.000141414
70 0.0181985 0.000251063 0.9996 0.00019997
71 0.0181146 0.000247421 0.9998 0.000141414
72 0.0188094 0.00026836 0.9995 0.000223562
73 0.018737 0.000254668 0.9998 0.000141414
74 0.0187346 0.000255192 0.9997 0.000173188
75 0.0190527 0.000275356 0.9996 0.00019997
76 0.0193685 0.00027282 0.9995 0.000223562
77 0.0195312 0.000267431 0.9997 0.000173188
78 0.019818 0.00026082 0.9999 0.0001
79 0.0197213 0.000255855 0.9999 0.0001
80 0.0200693 0.00026161 0.9999 0.0001
81 0.0204997 0.000295179 0.9995 0.000223562
82 0.020914 0.000289615 0.9994 0.000244888
83 0.021181 0.000302325 0.9993 0.000264496
84 0.0211477 0.000283836 0.9998 0.000141414
85 0.0215418 0.000292486 0.9994 0.000244888
86 0.0217033 0.000286877 0.9996 0.00019997
87 0.0215049 0.000290782 0.9997 0.000173188
88 0.0219238 0.000306635 0.9994 0.000244888
89 0.0222708 0.000312476 0.9994 0.000244888
90 0.022247 0.000291682 0.9997 0.000173188
91 0.0222751 0.000282539 0.9997 0.000173188
92 0.0228318 0.000314929 0.9994 0.000244888
93 0.0226412 0.000302193 0.9996 0.00019997
94 0.0229696 0.00030711 0.9993 0.000264496
95 0.0235089 0.000323123 0.9993 0.000264496
96 0.0233353 0.000313012 0.9995 0.000223562
97 0.0236598 0.000326969 0.9992 0.000282744
98 0.0237358 0.000319093 0.9994 0.000244888
99 0.0238299 0.000317644 0.9992 0.000282744
100 0.024484 0.000313436 0.9993 0.000264496
101 0.0242869 0.000317678 0.9996 0.00019997
102 0.0243381 0.000334599 0.9992 0.000282744
103 0.0241843 0.000312293 0.9997 0.000173188
104 0.0242753 0.00031022 0.9995 0.000223562
105 0.0244273 0.00031775 0.9994 0.000244888
106 0.0245169 0.000331864 0.9994 0.000244888
107 0.0246527 0.000315714 0.9997 0.000173188
108 0.0250006 0.000337786 0.9991 0.00029988
109 0.0246634 0.000309388 0.9998 0.000141414
110 0.0245937 0.000316827 0.9996 0.00019997
111 0.0248644 0.000311026 0.9999 0.0001
112 0.0254978 0.000329282 0.9995 0.000223562
113 0.0252217 0.000326704 0.9993 0.000264496
114 0.0255614 0.000324013 0.9996 0.00019997
115 0.0254956 0.000328009 0.9996 0.00019997
116 0.0258016 0.000343481 0.9989 0.000331497
117 0.0253358 0.000320939 0.9995 0.000223562
118 0.0259067 0.000333406 0.9993 0.000264496
119 0.025812 0.000332966 0.9993 0.000264496
120 0.025806 0.000328621 0.9996 0.00019997
121 0.0259878 0.000343128 0.9995 0.000223562
122 0.0259109 0.000343356 0.9989 0.000331497
123 0.0258104 0.000316156 0.9997 0.000173188
124 0.0259664 0.000326532 0.9994 0.000244888
125 0.026337 0.000340059 0.9994 0.000244888
126 0.0262173 0.000331677 0.9996 0.00019997
127 0.0263141 0.000342538 0.9995 0.000223562
128 0.0267027 0.000341346 0.9994 0.000244888
129 0.0266112 0.000335387 0.9994 0.000244888
130 0.0263434 0.000331788 0.9995 0.000223562
131 0.0262881 0.000339645 0.9991 0.00029988
132 0.0268378 0.000335184 0.9996 0.00019997
133 0.0269795 0.000339131 0.9995 0.000223562
134 0.0269916 0.000336574 0.9995 0.000223562
135 0.0272358 0.000353883 0.9992 0.000282744
136 0.0268945 0.000346656 0.9989 0.000331497
137 0.0264489 0.000340509 0.9995 0.000223562
138 0.0272431 0.000344686 0.9993 0.000264496
139 0.0274875 0.000347694 0.9992 0.000282744
140 0.0269663 0.000328762 0.9997 0.000173188
141 0.0274179 0.000347061 0.999 0.000316085
142 0.0276444 0.000341478 0.9995 0.000223562
143 0.0282288 0.000367074 0.9992 0.000282744
144 0.0277545 0.000361675 0.999 0.000316085
145 0.0278592 0.000343563 0.9993 0.000264496
146 0.027896 0.000350428 0.9994 0.000244888
147 0.0277679 0.000338775 0.9997 0.000173188
148 0.0278449 0.000351859 0.9995 0.000223562
149 0.0279963 0.000353124 0.9991 0.00029988
150 0.0281959 0.000354173 0.9993 0.000264496
151 0.0281736 0.000364133 0.999 0.000316085
152 0.0284199 0.000356916 0.9993 0.000264496
153 0.0285427 0.00035626 0.9992 0.000282744
154 0.0283065 0.000354337 0.9995 0.000223562
155 0.0284613 0.000367014 0.999 0.000316085
156 0.028516 0.000354827 0.9997 0.000173188
157 0.0286503 0.000355756 0.9995 0.000223562
158 0.0288147 0.000358827 0.9993 0.000264496
159 0.029007 0.000364169 0.9993 0.000264496
160 0.028816 0.000354117 0.9997 0.000173188
161 0.0290568 0.000371304 0.9995 0.000223562
162 0.0290207 0.000362628 0.9991 0.00029988
163 0.0291212 0.000364516 0.9994 0.000244888
164 0.0292002 0.000364906 0.9995 0.000223562
165 0.0297688 0.00037572 0.999 0.000316085
166 0.0296867 0.00037223 0.9991 0.00029988
167 0.0298307 0.000365007 0.9996 0.00019997
168 0.0299697 0.000371909 0.9994 0.000244888
169 0.0300296 0.000370835 0.9992 0.000282744
170 0.0302044 0.000374763 0.9995 0.000223562
171 0.0301623 0.000366547 0.9998 0.000141414
172 0.0300653 0.000366869 0.9995 0.000223562
173 0.0301145 0.000391469 0.9993 0.000264496
174 0.03026 0.000377528 0.9991 0.00029988
175 0.0304368 0.000387958 0.999 0.000316085
176 0.0303137 0.000385078 0.999 0.000316085
177 0.0307427 0.000381988 0.9993 0.000264496
178 0.030541 0.000377958 0.9993 0.000264496
179 0.0306444 0.000374811 0.9993 0.000264496
180 0.0306246 0.000381444 0.999 0.000316085
181 0.0303936 0.000376718 0.9994 0.000244888
182 0.0306325 0.000383469 0.999 0.000316085
183 0.0304064 0.000367786 0.9995 0.000223562
184 0.0309584 0.000375223 0.9995 0.000223562
185 0.0312021 0.000389648 0.999 0.000316085
186 0.031241 0.000383233 0.9992 0.000282744
187 0.0312539 0.000384907 0.999 0.000316085
188 0.0318599 0.000396067 0.9992 0.000282744
189 0.0313696 0.000381868 0.9995 0.000223562
190 0.0314413 0.000382914 0.9993 0.000264496
191 0.0315677 0.000375358 0.9997 0.000173188
192 0.0317893 0.00038727 0.9991 0.00029988
193 0.031549 0.000384373 0.9994 0.000244888
194 0.0317282 0.00038075 0.9993 0.000264496
195 0.0327273 0.00040363 0.9993 0.000264496
196 0.0325327 0.000395826 0.9995 0.000223562
197 0.0327529 0.000396408 0.9995 0.000223562
198 0.0323905 0.000392883 0.9992 0.000282744
199 0.0326294 0.00039546 0.9995 0.000223562
200 0.0328193 0.000396251 0.9995 0.000223562
201 0.032805 0.000395944 0.9993 0.000264496
202 0.03293 0.000392973 0.9994 0.000244888
203 0.0334411 0.000407069 0.9992 0.000282744
204 0.0334951 0.000401395 0.999 0.000316085
205 0.0334312 0.000405928 0.9989 0.000331497
206 0.033665 0.000406544 0.9991 0.00029988
207 0.0338175 0.000408465 0.9993 0.000264496
208 0.0334203 0.000404296 0.9997 0.000173188
209 0.0334774 0.000401237 0.9989 0.000331497
210 0.0335856 0.00039735 0.9997 0.000173188
211 0.033491 0.000396961 0.9996 0.00019997
212 0.033828 0.000406829 0.9993 0.000264496
213 0.0342736 0.000414684 0.9991 0.00029988
214 0.0344074 0.000409068 0.9995 0.000223562
215 0.0346546 0.000412366 0.9995 0.000223562
216 0.0343543 0.000409494 0.9991 0.00029988
217 0.0350088 0.000414841 0.9997 0.000173188
218 0.0352004 0.000421309 0.9992 0.000282744
219 0.0348743 0.000414849 0.9994 0.000244888
220 0.0352018 0.000418127 0.9993 0.000264496
221 0.0350742 0.000415324 0.9993 0.000264496
222 0.0354385 0.000423094 0.9993 0.000264496
223 0.0354098 0.000430656 0.9988 0.00034622
224 0.0357568 0.000433185 0.9991 0.00029988
225 0.035849 0.000438614 0.9989 0.000331497
226 0.0355401 0.000419726 0.9996 0.00019997
227 0.0361052 0.000432407 0.9989 0.000331497
228 0.0357354 0.000419663 0.9994 0.000244888
229 0.0359218 0.000431296 0.9991 0.00029988
230 0.0365568 0.000440565 0.999 0.000316085
231 0.0364596 0.000440185 0.999 0.000316085
232 0.0370211 0.000445968 0.9988 0.00034622
233 0.0375039 0.000452016 0.9987 0.000360339
234 0.0373061 0.000446893 0.9988 0.00034622
235 0.0374341 0.000443532 0.9989 0.000331497
236 0.0377317 0.000451641 0.9991 0.00029988
237 0.0376426 0.000451732 0.9992 0.000282744
238 0.0377968 0.000451347 0.9991 0.00029988
239 0.0381479 0.000456602 0.9989 0.000331497
240 0.0384319 0.000449144 0.9992 0.000282744
241 0.0385193 0.000454564 0.999 0.000316085
242 0.0388524 0.000461235 0.9991 0.00029988
243 0.0389609 0.000459754 0.9988 0.00034622
244 0.0382313 0.000444374 0.9994 0.000244888
245 0.0380789 0.000446982 0.9993 0.000264496
246 0.03918 0.000455136 0.9991 0.00029988
247 0.0390687 0.000457364 0.9991 0.00029988
248 0.0391789 0.000457982 0.9991 0.00029988
249 0.0389861 0.000455402 0.9995 0.000223562
250 0.0393796 0.000464083 0.9988 0.00034622
251 0.0395941 0.000459632 0.9994 0.000244888
252 0.0399037 0.00047793 0.9987 0.000360339
253 0.0401759 0.000466795 0.9992 0.000282744
254 0.0404144 0.000473219 0.999 0.000316085
255 0.0409026 0.00048274 0.9985 0.000387027
256 0.0410617 0.000472806 0.9993 0.000264496
257 0.0412264 0.000481586 0.999 0.000316085
258 0.0413507 0.000477 0.9994 0.000244888
259 0.041506 0.000485859 0.9991 0.00029988
260 0.0417804 0.000485898 0.9992 0.000282744
261 0.0418772 0.00049629 0.9987 0.000360339
262 0.0421862 0.000497062 0.999 0.000316085
263 0.0424993 0.000496455 0.9988 0.00034622
264 0.04239 0.000493897 0.9992 0.000282744
265 0.0424677 0.000488433 0.9993 0.000264496
266 0.0428953 0.000496254 0.9992 0.000282744
267 0.0430505 0.000503703 0.9988 0.00034622
268 0.0433334 0.000507275 0.999 0.000316085
269 0.0435603 0.000500563 0.9992 0.000282744
270 0.0440675 0.0005065 0.9986 0.000373922
271 0.0440325 0.000506501 0.9994 0.000244888
272 0.0442706 0.000504298 0.9994 0.000244888
273 0.0444836 0.000510065 0.9991 0.00029988
274 0.0452289 0.000524364 0.9986 0.000373922
275 0.0448414 0.0005166 0.9988 0.00034622
276 0.0449267 0.000515976 0.9991 0.00029988
277 0.0453734 0.000523577 0.9989 0.000331497
278 0.0455578 0.000527382 0.9991 0.00029988
279 0.0465665 0.000533283 0.999 0.000316085
280 0.0461199 0.00052786 0.9992 0.000282744
281 0.0462093 0.000525447 0.9993 0.000264496
282 0.0464187 0.00052772 0.999 0.000316085
283 0.0470643 0.000539038 0.9987 0.000360339
284 0.0476388 0.000542951 0.9987 0.000360339
285 0.0480646 0.000549956 0.9988 0.00034622
286 0.0479689 0.000545961 0.9991 0.00029988
287 0.0484834 0.000550443 0.9987 0.000360339
288 0.0484118 0.000548863 0.9987 0.000360339
289 0.0485023 0.000552658 0.999 0.000316085
290 0.0488362 0.000552553 0.9986 0.000373922
291 0.049507 0.000560113 0.9987 0.000360339
292 0.0492096 0.000557334 0.9988 0.00034622
293 0.0493218 0.000553694 0.9991 0.00029988
294 0.0504161 0.000567541 0.9985 0.000387027
295 0.0500721 0.000562533 0.9994 0.000244888
296 0.0510963 0.000586576 0.9983 0.000411981
297 0.0509491 0.000584035 0.998 0.000446788
298 0.0507157 0.000574473 0.9988 0.00034622
299 0.0515877 0.000581343 0.9985 0.000387027
300 0.0520837 0.000592273 0.9979 0.000457799
301 0.0523431 0.000595674 0.9981 0.000435497
302 0.0525352 0.000595256 0.9982 0.000423903
303 0.0530383 0.000600123 0.9986 0.000373922
304 0.052684 0.000592655 0.9988 0.00034622
305 0.052923 0.000592602 0.9985 0.000387027
306 0.0536656 0.00059997 0.9977 0.000479055
307 0.0546222 0.000611156 0.9983 0.000411981
308 0.054941 0.00061368 0.9982 0.000423903
309 0.0548225 0.000612102 0.9981 0.000435497
310 0.0552056 0.000617928 0.998 0.000446788
311 0.0552263 0.000618387 0.9983 0.000411981
312 0.056628 0.000633638 0.9971 0.000537762
313 0.0562893 0.000632671 0.9977 0.000479055
314 0.056781 0.00063166 0.9982 0.000423903
315 0.0566977 0.000631551 0.9978 0.000468549
316 0.0576434 0.000645265 0.9974 0.000509264
317 0.0577739 0.000648964 0.9975 0.0004994
318 0.0578672 0.00064692 0.9976 0.000489334
319 0.0582129 0.000649759 0.9968 0.000564808
320 0.0588124 0.00066514 0.9972 0.000528435
321 0.0600225 0.000670302 0.9966 0.000582132
322 0.0605243 0.000685505 0.9957 0.000654365
323 0.0608435 0.000680051 0.9962 0.0006153
324 0.0616946 0.00069057 0.9952 0.00069119
325 0.0620246 0.000692208 0.996 0.000631221
326 0.062428 0.000692771 0.997 0.000546928
327 0.0627732 0.000696603 0.9965 0.000590601
328 0.0635046 0.000698744 0.9968 0.000564808
329 0.0640224 0.000710581 0.996 0.000631221
330 0.0645592 0.000713383 0.9956 0.000661897
331 0.065301 0.000720484 0.9953 0.000683987
332 0.0656807 0.000728043 0.9944 0.000746271
333 0.0665552 0.000730984 0.9951 0.000698318
334 0.0663846 0.000736196 0.9946 0.000732897
335 0.0668353 0.00073617 0.9943 0.000752866
336 0.0676838 0.000743687 0.9947 0.000726116
337 0.0681254 0.000750301 0.9926 0.000857087
338 0.0692525 0.00076801 0.9931 0.000827833
339 0.0698265 0.000774434 0.9921 0.000885346
340 0.0701843 0.000772774 0.9923 0.000874155
341 0.0711521 0.000786023 0.9906 0.000965017
342 0.0714558 0.000784798 0.9913 0.000928718
343 0.0724151 0.000798865 0.9911 0.000939238
344 0.0735351 0.000811241 0.9897 0.0010097
345 0.074646 0.000821979 0.9889 0.00104775
346 0.075469 0.000830628 0.9893 0.00102891
347 0.0756233 0.000823537 0.9896 0.00101454
348 0.0772869 0.000848033 0.988 0.00108891
349 0.0774955 0.000850773 0.9871 0.00112849
350 0.0783545 0.000852992 0.9876 0.00110668
351 0.0787809 0.000855483 0.9876 0.00110668
352 0.0798722 0.000873037 0.9863 0.00116248
353 0.0811605 0.000881978 0.9859 0.00117909
354 0.0818048 0.000882658 0.9847 0.00122749
355 0.0828357 0.000896178 0.9836 0.00127014
356 0.082968 0.000896216 0.9839 0.00125866
357 0.0843591 0.000919003 0.9796 0.00141371
358 0.0851322 0.000917441 0.981 0.00136532
359 0.0858715 0.000929489 0.9788 0.00144058
360 0.0872977 0.00094224 0.9774 0.00148632
361 0.0884838 0.000952786 0.9791 0.00143057
362 0.0897374 0.00096309 0.9771 0.00149592
363 0.0909674 0.000978201 0.9751 0.00155828
364 0.0924993 0.000997864 0.972 0.00164981
365 0.0925596 0.000991782 0.9745 0.00157646
366 0.0932984 0.00101254 0.9709 0.00168095
367 0.0947365 0.00102477 0.9695 0.00171967
368 0.0957705 0.00103699 0.9687 0.00174136
369 0.0968936 0.00103736 0.9677 0.00176805
370 0.0987419 0.00105508 0.9649 0.00184042
371 0.100226 0.00107167 0.9624 0.00190236
372 0.101259 0.0010747 0.9644 0.001853
373 0.101908 0.00108231 0.9607 0.00194317
374 0.10411 0.00111024 0.9588 0.00198762
375 0.104812 0.001115 0.9562 0.0020466
376 0.106984 0.00114348 0.9508 0.00216296
377 0.108194 0.00114558 0.9495 0.00218985
378 0.110287 0.0011681 0.9473 0.00223445
379 0.111999 0.00118115 0.9436 0.00230704
380 0.113759 0.00119706 0.942 0.00233755
381 0.116203 0.00121993 0.938 0.00241168
382 0.118393 0.00122298 0.9357 0.00245299
383 0.120273 0.00124497 0.9318 0.00252101
384 0.122623 0.00126817 0.9276 0.00259162
385 0.125755 0.00129394 0.9241 0.00264851
386 0.128274 0.00131175 0.9187 0.00273309
387 0.131496 0.00133602 0.9133 0.00281409
388 0.134582 0.00136241 0.9097 0.00286625
389 0.135647 0.0013782 0.9056 0.00292399
390 0.13794 0.00140332 0.9019 0.00297465
391 0.141004 0.00142831 0.8942 0.00307597
392 0.144414 0.00144741 0.8895 0.00313528
393 0.147811 0.00146764 0.8835 0.0032084
394 0.150738 0.00150037 0.8794 0.00325678
395 0.155105 0.00153441 0.871 0.00335217
396 0.15757 0.0015547 0.8676 0.00338942
397 0.162127 0.00157903 0.8633 0.00343548
398 0.166197 0.00160591 0.8503 0.00356795
399 0.170274 0.00163568 0.8429 0.00363913
400 0.174773 0.00167798 0.8314 0.00374417
401 0.17898 0.0016962 0.8259 0.00379214
402 0.183499 0.00172844 0.8196 0.0038454
403 0.187461 0.00176144 0.8114 0.0039121
404 0.191006 0.00178487 0.8044 0.00396682
405 0.19538 0.00180973 0.794 0.00404451
406 0.199136 0.00184571 0.7893 0.00407826
407 0.20344 0.00187355 0.7792 0.00414807
408 0.20818 0.00190552 0.7698 0.00420982
409 0.211947 0.00192997 0.7651 0.00423958
410 0.21649 0.0019539 0.7549 0.00430168
411 0.220733 0.00197736 0.7451 0.00435827
412 0.223451 0.0019933 0.7399 0.00438711
413 0.226741 0.00201093 0.7393 0.00439038
414 0.230144 0.00202735 0.7303 0.00443826
415 0.232712 0.00204682 0.7236 0.00447239
416 0.236755 0.002072 0.7164 0.00450768
417 0.239514 0.00208698 0.7102 0.00453692
418 0.241114 0.00209775 0.706 0.00455615
419 0.244776 0.00212029 0.6996 0.00458455
420 0.248398 0.00214025 0.6935 0.00461063
421 0.252469 0.00215579 0.6842 0.00464857
422 0.255968 0.00218072 0.6791 0.00466846
423 0.258819 0.00219989 0.6728 0.00469214
424 0.261918 0.00221733 0.6676 0.00471097
425 0.264072 0.00222254 0.6651 0.00471979
426 0.266571 0.0022383 0.6642 0.00472293
427 0.269269 0.00225639 0.6598 0.004738
428 0.272611 0.00227371 0.6552 0.00475327
429 0.275453 0.00227572 0.6472 0.00477865
430 0.278424 0.00228974 0.6425 0.00479288
431 0.28127 0.00230292 0.6397 0.00480111
432 0.283653 0.0023189 0.6337 0.00481817
433 0.286484 0.00232605 0.6259 0.00483914
434 0.289533 0.00233414 0.6193 0.00485583
435 0.291709 0.0023485 0.6159 0.00486406
436 0.294582 0.00235772 0.6106 0.00487639
437 0.29676 0.00236701 0.6077 0.00488287
438 0.299148 0.00237103 0.6049 0.00488897
439 0.301573 0.00238695 0.6007 0.00489779
440 0.30445 0.00239805 0.5969 0.00490545
441 0.306756 0.00241006 0.5934 0.00491224
442 0.309324 0.00242025 0.5905 0.00491766
443 0.311613 0.00243842 0.5873 0.00492344
444 0.313779 0.00244129 0.5793 0.00493696
445 0.314933 0.00245233 0.5754 0.00494307
446 0.316517 0.00245262 0.5738 0.00494548
447 0.318625 0.00245511 0.5732 0.00494637
448 0.32049 0.00245792 0.5709 0.00494972
449 0.322302 0.00245842 0.5619 0.00496178
450 0.324567 0.00246316 0.5632 0.00496014
451 0.327275 0.00247125 0.5549 0.00497002
452 0.329715 0.00248524 0.5545 0.00497046
453 0.331391 0.00249426 0.5506 0.00497458
454 0.332155 0.00249639 0.549 0.00497618
455 0.334216 0.00250243 0.5453 0.00497969
456 0.336103 0.00251114 0.5441 0.00498076
457 0.337841 0.00251353 0.5391 0.00498494
458 0.339825 0.00252193 0.5398 0.00498438
459 0.341408 0.00252399 0.5292 0.00499172
460 0.343558 0.0025226 0.5257 0.00499364
461 0.346024 0.00252904 0.5229 0.004995
462 0.347877 0.00253027 0.5188 0.00499671
463 0.349983 0.00254511 0.5177 0.00499712
464 0.352297 0.00254947 0.5155 0.00499785
465 0.353554 0.0025561 0.5106 0.00499913
466 0.354168 0.00255723 0.5086 0.00499951
467 0.356662 0.00256911 0.5076 0.00499967
468 0.358403 0.00257537 0.5024 0.00500019
469 0.359683 0.00257807 0.5015 0.00500023
470 0.361543 0.00259285 0.5006 0.00500025
471 0.363878 0.00260028 0.495 0.005
472 0.365573 0.00260982 0.4918 0.00499958
473 0.367267 0.00261229 0.486 0.00499829
474 0.36865 0.00260733 0.4833 0.00499746
475 0.370538 0.00261281 0.4817 0.0049969
476 0.372588 0.00261262 0.4774 0.00499514
477 0.373643 0.0026113 0.4789 0.0049958
478 0.374777 0.00262647 0.4761 0.00499453
479 0.376737 0.00262749 0.474 0.00499349
480 0.377117 0.00263036 0.4735 0.00499322
481 0.378309 0.00263553 0.4745 0.00499374
482 0.379197 0.00263893 0.4688 0.00499051
483 0.380194 0.00263454 0.4689 0.00499057
484 0.381707 0.00263526 0.4665 0.00498901
485 0.383177 0.00262959 0.4624 0.00498609
486 0.383388 0.00262242 0.4608 0.00498486
487 0.384053 0.00262436 0.4574 0.00498207
488 0.386342 0.00263579 0.4572 0.0049819
489 0.387843 0.00264822 0.4551 0.00498005
490 0.388608 0.00265056 0.4534 0.00497849
491 0.388839 0.00265238 0.453 0.00497811
492 0.389823 0.00265108 0.4537 0.00497877
493 0.391048 0.00265953 0.4533 0.00497839
494 0.392966 0.00266007 0.4496 0.00497478
495 0.393351 0.00265917 0.446 0.004971
496 0.393307 0.00265861 0.4494 0.00497458
497 0.394814 0.00266068 0.4464 0.00497144
498 0.397379 0.00267071 0.4389 0.00496278
499 0.398225 0.00266895 0.4349 0.00495769
500 0.399122 0.00267856 0.4391 0.00496302
501 0.399922 0.00267634 0.4395 0.00496351
502 0.400751 0.00268476 0.4359 0.00495899
503 0.402502 0.00268664 0.4343 0.0049569
504 0.403849 0.00268558 0.4345 0.00495716
505 0.405171 0.00269275 0.4308 0.00495213
506 0.405959 0.00269587 0.4312 0.00495269
507 0.408212 0.00270047 0.4256 0.00494458
508 0.409413 0.0027004 0.4229 0.00494045
509 0.410689 0.00269973 0.4229 0.00494045
510 0.411008 0.00269955 0.4229 0.00494045
511 0.41242 0.00270535 0.4222 0.00493935
512 0.413836 0.00270528 0.4217 0.00493856
513 0.414618 0.00271438 0.4201 0.00493599
514 0.414584 0.00271059 0.4186 0.00493354
515 0.415865 0.00271188 0.4158 0.00492884
516 0.417259 0.00270997 0.4168 0.00493054
517 0.418657 0.00271148 0.4129 0.0049238
518 0.419327 0.00271366 0.4112 0.00492076
519 0.42046 0.00271981 0.4107 0.00491985
520 0.421667 0.00272203 0.4096 0.00491785
521 0.422389 0.00272165 0.4017 0.00490266
522 0.423878 0.00272127 0.4012 0.00490166
523 0.424903 0.00271543 0.3987 0.00489655
524 0.42509 0.0027155 0.3968 0.00489258
525 0.425319 0.0027115 0.3949 0.00488854
526 0.425811 0.0027083 0.3949 0.00488854
527 0.426762 0.00271039 0.3928 0.00488397
528 0.427961 0.00271169 0.3931 0.00488463
529 0.428712 0.00270601 0.3897 0.00487707
530 0.429518 0.00271116 0.3898 0.00487729
531 0.431499 0.00271353 0.3865 0.00486972
532 0.432136 0.00271504 0.3858 0.00486808
533 0.433869 0.00271997 0.382 0.00485901
534 0.434466 0.00270628 0.3814 0.00485755
535 0.434751 0.00270534 0.384 0.00486382
536 0.435775 0.0027079 0.3826 0.00486046
537 0.436164 0.00271431 0.3834 0.00486239
538 0.437453 0.00271902 0.3797 0.00485336
539 0.438477 0.00271976 0.3798 0.00485361
540 0.43904 0.00272727 0.3766 0.00484557
541 0.439547 0.00272061 0.3782 0.00484962
542 0.440353 0.00272124 0.3764 0.00484506
543 0.441333 0.00272326 0.3775 0.00484786
544 0.442518 0.00272003 0.3729 0.004836
545 0.443027 0.0027175 0.3725 0.00483495
546 0.443633 0.00271867 0.3721 0.00483389
547 0.444862 0.00272194 0.3689 0.00482531
548 0.445553 0.00273176 0.369 0.00482558
549 0.447014 0.00273919 0.3671 0.00482038
550 0.447747 0.00273877 0.365 0.00481454
551 0.448199 0.00273387 0.3659 0.00481706
552 0.448644 0.00272879 0.3655 0.00481594
553 0.44866 0.00274096 0.3681 0.00482313
554 0.449814 0.0027417 0.3688 0.00482504
555 0.450376 0.00273686 0.3638 0.00481116
556 0.450917 0.00273472 0.3634 0.00481003
557 0.451216 0.00273716 0.3612 0.00480372
558 0.450864 0.00273452 0.3646 0.00481342
559 0.451397 0.00273744 0.3641 0.00481201
560 0.452397 0.00274233 0.3581 0.00479466
561 0.453126 0.00273656 0.3601 0.00480053
562 0.453668 0.00274004 0.3591 0.00479761
563 0.452972 0.00274107 0.3592 0.0047979
564 0.453854 0.00273716 0.3533 0.00478019
565 0.454474 0.00272919 0.3544 0.00478355
566 0.454824 0.00272895 0.3566 0.00479019
567 0.45446 0.00273053 0.3548 0.00478477
568 0.454102 0.00273217 0.3563 0.00478929
569 0.454159 0.00273683 0.3544 0.00478355
570 0.454546 0.00273078 0.3535 0.0047808
571 0.455041 0.0027294 0.3545 0.00478385
572 0.45578 0.00273647 0.3526 0.00477803
573 0.455999 0.00274543 0.3539 0.00478203
574 0.456443 0.00275128 0.3544 0.00478355
575 0.45719 0.00274673 0.3542 0.00478294
576 0.456451 0.0027459 0.3566 0.00479019
577 0.457126 0.00274162 0.3539 0.00478203
578 0.457562 0.00274451 0.356 0.00478839
579 0.457691 0.00274179 0.3554 0.00478658
580 0.458228 0.00274293 0.3571 0.00479169
581 0.458972 0.0027358 0.3522 0.0047768
582 0.459796 0.00273236 0.352 0.00477618
583 0.459484 0.00273185 0.3499 0.00476962
584 0.460282 0.00273363 0.3505 0.0047715
585 0.459603 0.0027398 0.3521 0.00477649
586 0.460565 0.00273772 0.3485 0.00476519
587 0.460692 0.00273911 0.3503 0.00477088
588 0.461899 0.00273908 0.3496 0.00476867
589 0.461194 0.0027446 0.3487 0.00476583
590 0.461101 0.0027466 0.349 0.00476678
591 0.461868 0.0027396 0.348 0.0047636
592 0.462433 0.00273988 0.3465 0.00475879
593 0.463614 0.00273677 0.346 0.00475717
594 0.463662 0.00273687 0.346 0.00475717
595 0.464186 0.00273375 0.3442 0.0047513
596 0.464498 0.00273121 0.3432 0.00474801
597 0.465078 0.0027378 0.3391 0.00473428
598 0.465983 0.00273993 0.3382 0.00473121
599 0.467192 0.00274118 0.3391 0.00473428
600 0.467897 0.0027387 0.3363 0.00472467
601 0.468596 0.00273577 0.3366 0.0047257
602 0.46841 0.00272979 0.3337 0.00471558
603 0.468536 0.00273323 0.3346 0.00471874
604 0.469786 0.00272341 0.3312 0.00470668
605 0.469662 0.00273379 0.3315 0.00470776
606 0.470719 0.00273823 0.3324 0.00471097
607 0.470947 0.00273526 0.3329 0.00471275
608 0.471061 0.00274161 0.3295 0.00470055
609 0.470791 0.00274506 0.3345 0.00471839
610 0.471815 0.00274074 0.3327 0.00471204
611 0.472049 0.00273892 0.3331 0.00471346
612 0.471677 0.00272989 0.3312 0.00470668
613 0.471526 0.0027238 0.3325 0.00471133
614 0.472235 0.00273387 0.3315 0.00470776
615 0.472902 0.00273901 0.3345 0.00471839
616 0.472966 0.00274129 0.3328 0.00471239
617 0.473451 0.00273843 0.3298 0.00470164
618 0.473855 0.00274057 0.3279 0.00469472
619 0.474783 0.00273127 0.3274 0.00469288
620 0.474954 0.00273264 0.3261 0.00468808
621 0.474422 0.00274103 0.33 0.00470236
622 0.474532 0.00274302 0.3298 0.00470164
623 0.475214 0.00274895 0.3314 0.0047074
624 0.475687 0.00274514 0.3295 0.00470055
625 0.47744 0.00275333 0.3285 0.00469691
626 0.477893 0.00276319 0.3257 0.00468659
627 0.478447 0.00275776 0.3252 0.00468473
628 0.479412 0.00275701 0.3256 0.00468622
629 0.479546 0.00276201 0.3246 0.00468249
630 0.47976 0.00276331 0.3231 0.00467684
631 0.478864 0.00275473 0.3223 0.00467381
632 0.478589 0.00275588 0.3253 0.0046851
633 0.479437 0.00275386 0.3224 0.00467419
634 0.47918 0.00275561 0.3245 0.00468211
635 0.479038 0.00276331 0.3277 0.00469398
636 0.479161 0.00275447 0.3233 0.0046776
637 0.480158 0.00275531 0.3215 0.00467076
638 0.481226 0.00275166 0.32 0.00466499
639 0.481556 0.00275319 0.3219 0.00467228
640 0.482787 0.00275107 0.3194 0.00466267
641 0.482787 0.00275329 0.3208 0.00466807
642 0.481982 0.00275118 0.3224 0.00467419
643 0.482371 0.00274644 0.3201 0.00466538
644 0.482523 0.00275018 0.3191 0.00466151
645 0.48196 0.00275004 0.3206 0.00466731
646 0.482548 0.00275072 0.3211 0.00466922
647 0.482896 0.00274869 0.319 0.00466112
648 0.483358 0.00275165 0.3209 0.00466846
649 0.483186 0.00274564 0.3191 0.00466151
650 0.483739 0.00274605 0.3149 0.00464499
651 0.484812 0.0027523 0.3147 0.0046442
652 0.484747 0.00275048 0.3159 0.00464897
653 0.485571 0.00274903 0.3148 0.00464459
654 0.4847 0.0027503 0.3166 0.00465173
655 0.484363 0.00275245 0.3183 0.0046584
656 0.484387 0.00275439 0.3165 0.00465134
657 0.484521 0.00274828 0.3144 0.004643
658 0.484322 0.00275651 0.3154 0.00464698
659 0.4839 0.0027533 0.3157 0.00464817
660 0.483665 0.00275598 0.3153 0.00464658
661 0.483385 0.00275609 0.3167 0.00465213
662 0.482588 0.00275533 0.3169 0.00465291
663 0.482657 0.00275235 0.3197 0.00466384
664 0.482813 0.0027516 0.3191 0.00466151
665 0.482625 0.00275638 0.318 0.00465723
666 0.482294 0.00275253 0.317 0.00465331
667 0.482237 0.00274914 0.3205 0.00466692
668 0.482344 0.00275156 0.3246 0.00468249
669 0.48371 0.00275267 0.321 0.00466884
670 0.48397 0.00275752 0.3215 0.00467076
671 0.483868 0.00276267 0.3177 0.00465605
672 0.484081 0.00276334 0.3179 0.00465684
673 0.484467 0.00276192 0.3211 0.00466922
674 0.485963 0.00276573 0.321 0.00466884
675 0.48607 0.00276581 0.317 0.00465331
676 0.486375 0.00276463 0.317 0.00465331
677 0.487841 0.00276526 0.3158 0.00464857
678 0.488469 0.00276657 0.3134 0.00463899
679 0.488879 0.00277076 0.3118 0.00463252
680 0.48907 0.00276926 0.3101 0.00462557
681 0.489297 0.00276911 0.3093 0.00462228
682 0.489509 0.00276902 0.3081 0.00461731
683 0.489127 0.00276809 0.3098 0.00462434
684 0.490225 0.00278629 0.3122 0.00463414
685 0.490119 0.00278165 0.3119 0.00463292
686 0.489964 0.00277439 0.3122 0.00463414
687 0.490231 0.00277187 0.3094 0.00462269
688 0.490912 0.00277163 0.3104 0.00462681
689 0.491198 0.00277814 0.3088 0.00462022
690 0.490709 0.0027738 0.3097 0.00462393
691 0.491656 0.00277023 0.3063 0.00460979
692 0.491401 0.00277146 0.3101 0.00462557
693 0.49108 0.00276421 0.3096 0.00462352
694 0.490683 0.00276905 0.3114 0.00463089
695 0.491341 0.00277488 0.3113 0.00463048
696 0.490614 0.00277817 0.3128 0.00463657
697 0.490631 0.00278357 0.3102 0.00462598
698 0.490792 0.00278688 0.3091 0.00462146
699 0.489713 0.00278899 0.3137 0.00464019
700 0.489805 0.00278369 0.3136 0.00463979
701 0.490424 0.002789 0.3152 0.00464619
702 0.491249 0.00278766 0.3119 0.00463292
703 0.491059 0.00279327 0.3133 0.00463858
704 0.49131 0.00279493 0.3174 0.00465488
705 0.491527 0.0027913 0.3109 0.00462885
706 0.490683 0.00279133 0.3152 0.00464619
707 0.490495 0.0027911 0.3154 0.00464698
708 0.489792 0.00279259 0.3163 0.00465055
709 0.490482 0.00279168 0.3136 0.00463979
710 0.489993 0.00279074 0.3141 0.0046418
711 0.490954 0.0027898 0.3106 0.00462762
712 0.491228 0.00278939 0.3108 0.00462844
713 0.490706 0.00278563 0.3111 0.00462967
714 0.490921 0.00278075 0.3085 0.00461897
715 0.490429 0.00278561 0.3093 0.00462228
716 0.491026 0.00278937 0.3082 0.00461773
717 0.49138 0.00279474 0.3108 0.00462844
718 0.491219 0.00280054 0.3087 0.0046198
719 0.491475 0.00280023 0.3123 0.00463455
720 0.491282 0.00280471 0.312 0.00463333
721 0.491589 0.00280348 0.3114 0.00463089
722 0.491279 0.00280599 0.3118 0.00463252
723 0.49193 0.00280544 0.3088 0.00462022
724 0.492827 0.0028023 0.3092 0.00462187
725 0.493743 0.00280045 0.3079 0.00461648
726 0.493699 0.00280029 0.3068 0.00461189
727 0.494474 0.00280655 0.3052 0.00460515
728 0.495446 0.00280001 0.3058 0.00460768
729 0.495353 0.00280637 0.3065 0.00461063
730 0.495104 0.00279945 0.3088 0.00462022
731 0.494888 0.00280132 0.3065 0.00461063
732 0.494471 0.00279516 0.3063 0.00460979
733 0.495209 0.00279603 0.3082 0.00461773
734 0.495558 0.00279038 0.3056 0.00460684
735 0.496498 0.00278529 0.3073 0.00461398
736 0.49571 0.00278208 0.3064 0.00461021
737 0.49568 0.00278089 0.3068 0.00461189
738 0.494725 0.00278697 0.3081 0.00461731
739 0.495175 0.00279329 0.3079 0.00461648
740 0.494883 0.00278272 0.3041 0.00460048
741 0.494503 0.00278814 0.3061 0.00460895
742 0.494635 0.00279016 0.3061 0.00460895
743 0.494627 0.00278825 0.3079 0.00461648
744 0.495473 0.00278629 0.3064 0.00461021
745 0.495267 0.00278528 0.3029 0.00459535
746 0.494668 0.00278054 0.3022 0.00459234
747 0.494275 0.00278734 0.3036 0.00459835
748 0.494051 0.00279022 0.3081 0.00461731
749 0.494577 0.0027936 0.3067 0.00461147
750 0.495008 0.00279351 0.3086 0.00461939
751 0.494724 0.00279201 0.3071 0.00461314
752 0.494843 0.0027906 0.3049 0.00460388
753 0.494451 0.00278757 0.3036 0.00459835
754 0.4941 0.00278655 0.3054 0.004606
755 0.494594 0.00279146 0.306 0.00460853
756 0.494929 0.00278538 0.3021 0.00459191
757 0.495654 0.00278527 0.3016 0.00458975
758 0.495512 0.00278745 0.3043 0.00460133
759 0.49573 0.00277984 0.3041 0.00460048
760 0.495097 0.00277371 0.3029 0.00459535
761 0.494968 0.00277613 0.3029 0.00459535
762 0.494718 0.00277958 0.3027 0.00459449
763 0.494529 0.00278296 0.3004 0.00458455
764 0.495474 0.00277712 0.3026 0.00459407
765 0.496011 0.00276996 0.3027 0.00459449
766 0.495664 0.00277296 0.3035 0.00459792
767 0.494959 0.00276918 0.2996 0.00458106
768 0.495917 0.00277499 0.3039 0.00459963
769 0.496652 0.00277657 0.2974 0.00457137
770 0.496419 0.00278297 0.3034 0.00459749
771 0.495573 0.00278217 0.3012 0.00458802
772 0.495432 0.00278145 0.3023 0.00459277
773 0.495821 0.00278086 0.3059 0.00460811
774 0.495296 0.00278692 0.3106 0.00462762
775 0.495249 0.0027844 0.3075 0.00461481
776 0.495717 0.00279202 0.3098 0.00462434
777 0.494975 0.00278329 0.3081 0.00461731
778 0.495378 0.00278295 0.3093 0.00462228
779 0.495245 0.00277684 0.3093 0.00462228
780 0.496254 0.00278503 0.3059 0.00460811
781 0.496479 0.00277893 0.308 0.0046169
782 0.496763 0.00278101 0.3043 0.00460133
783 0.497329 0.00278309 0.3048 0.00460346
784 0.497252 0.0027843 0.3051 0.00460473
785 0.49674 0.00277905 0.3031 0.00459621
786 0.496927 0.00276605 0.3018 0.00459062
787 0.496172 0.0027604 0.3047 0.00460303
788 0.496826 0.00276053 0.3018 0.00459062
789 0.49755 0.00275558 0.2991 0.00457887
790 0.497507 0.00275732 0.298 0.00457402
791 0.497354 0.00275783 0.2984 0.00457579
792 0.497363 0.00275457 0.3005 0.00458498
793 0.497179 0.00274917 0.2998 0.00458193
794 0.497508 0.00274949 0.2993 0.00457974
795 0.498113 0.00274824 0.3015 0.00458932
796 0.497563 0.002751 0.3001 0.00458324
797 0.497652 0.00275462 0.2992 0.0045793
798 0.498005 0.00276018 0.2996 0.00458106
799 0.498326 0.00275301 0.3006 0.00458542
800 0.498829 0.00275788 0.298 0.00457402
801 0.499141 0.00274998 0.2934 0.00455343
802 0.498705 0.00275101 0.2964 0.00456692
803 0.49869 0.00275142 0.2954 0.00456245
804 0.497842 0.00275165 0.2986 0.00457667
805 0.497843 0.00274543 0.2963 0.00456648
806 0.497302 0.00274618 0.2974 0.00457137
807 0.496396 0.00274488 0.297 0.00456959
808 0.49652 0.00274619 0.295 0.00456066
809 0.497361 0.00274159 0.2953 0.004562
810 0.497407 0.00274398 0.2963 0.00456648
811 0.497292 0.00274888 0.2972 0.00457048
812 0.497999 0.00274698 0.296 0.00456514
813 0.499014 0.00274641 0.2924 0.00454888
814 0.499844 0.00274944 0.2932 0.00455252
815 0.499164 0.00275431 0.2956 0.00456335
816 0.499557 0.00275112 0.2922 0.00454796
817 0.498853 0.00275358 0.2948 0.00455976
818 0.498602 0.00275338 0.2961 0.00456558
819 0.498514 0.00274969 0.2918 0.00454613
820 0.497985 0.00274834 0.2937 0.00455479
821 0.498588 0.00274468 0.2939 0.00455569
822 0.499234 0.00274763 0.2977 0.0045727
823 0.499022 0.00274585 0.2993 0.00457974
824 0.499116 0.00275159 0.2968 0.0045687
825 0.498626 0.0027466 0.3001 0.00458324
826 0.498646 0.00275217 0.2995 0.00458062
827 0.497891 0.00275425 0.3002 0.00458368
828 0.498513 0.00274801 0.2965 0.00456737
829 0.497794 0.00274833 0.2968 0.0045687
830 0.497472 0.00275022 0.2982 0.00457491
831 0.497358 0.00275983 0.2996 0.00458106
832 0.497893 0.00275515 0.2985 0.00457623
833 0.498185 0.00275843 0.2996 0.00458106
834 0.497896 0.00275494 0.3001 0.00458324
835 0.498382 0.00275028 0.2989 0.00457799
836 0.496748 0.00274691 0.2983 0.00457535
837 0.49759 0.00274893 0.297 0.00456959
838 0.49808 0.00275683 0.3 0.0045828
839 0.497678 0.00275789 0.301 0.00458716
840 0.497918 0.00275977 0.3026 0.00459407
841 0.498573 0.00275637 0.3006 0.00458542
842 0.498642 0.00275702 0.2996 0.00458106
843 0.499127 0.00276041 0.2993 0.00457974
844 0.498623 0.00275911 0.2976 0.00457225
845 0.498642 0.00276057 0.3017 0.00459019
846 0.498633 0.00276018 0.297 0.00456959
847 0.498847 0.00275874 0.2945 0.0045584
848 0.499275 0.00275224 0.2963 0.00456648
849 0.499671 0.00276131 0.2981 0.00457447
850 0.499781 0.00275905 0.2988 0.00457755
851 0.498977 0.00275442 0.2973 0.00457093
852 0.499777 0.00275525 0.2979 0.00457358
853 0.49953 0.00276133 0.2977 0.0045727
854 0.50011 0.0027536 0.2947 0.00455931
855 0.5008 0.00275023 0.2966 0.00456781
856 0.500321 0.00274731 0.2964 0.00456692
857 0.500197 0.00275456 0.2984 0.00457579
858 0.500508 0.00275608 0.2951 0.00456111
859 0.500416 0.00275791 0.297 0.00456959
860 0.499695 0.00274718 0.297 0.00456959
861 0.500097 0.00275086 0.3001 0.00458324
862 0.500662 0.00274874 0.2952 0.00456155
863 0.500224 0.00274758 0.2926 0.00454979
864 0.500123 0.00274882 0.293 0.00455161
865 0.499665 0.00274279 0.2913 0.00454384
866 0.49991 0.0027427 0.2922 0.00454796
867 0.499222 0.00273994 0.2939 0.00455569
868 0.499119 0.00274529 0.2931 0.00455207
869 0.498577 0.00274355 0.2949 0.00456021
870 0.498579 0.00274556 0.2963 0.00456648
871 0.49839 0.00274049 0.2914 0.0045443
872 0.497992 0.00273766 0.294 0.00455615
873 0.497926 0.00274098 0.2928 0.0045507
874 0.497615 0.00274277 0.2969 0.00456915
875 0.498112 0.00273923 0.2926 0.00454979
876 0.498643 0.00273789 0.2909 0.004542
877 0.497885 0.00274252 0.2927 0.00455025
878 0.498198 0.00274392 0.2921 0.00454751
879 0.497719 0.00274989 0.2918 0.00454613
880 0.49829 0.00275547 0.2942 0.00455705
881 0.49929 0.00274779 0.2928 0.0045507
882 0.500026 0.00274073 0.2921 0.00454751
883 0.499642 0.00273857 0.2911 0.00454292
884 0.500037 0.00273645 0.2918 0.00454613
885 0.50033 0.00273127 0.2879 0.00452807
886 0.500044 0.00273717 0.2888 0.00453227
887 0.499305 0.00273476 0.2944 0.00455795
888 0.498994 0.00273027 0.2932 0.00455252
889 0.499134 0.00273731 0.2937 0.00455479
890 0.49975 0.00274853 0.291 0.00454246
891 0.499378 0.00275232 0.2947 0.00455931
892 0.499253 0.00274697 0.2955 0.0045629
893 0.499005 0.00274888 0.2929 0.00455116
894 0.499748 0.0027423 0.2896 0.00453599
895 0.500701 0.00273876 0.2869 0.00452337
896 0.501124 0.00273999 0.2864 0.00452101
897 0.500812 0.00274195 0.2884 0.00453041
898 0.500702 0.00274183 0.2909 0.004542
899 0.49959 0.00274316 0.2928 0.0045507
900 0.500306 0.00274513 0.2882 0.00452947
901 0.500095 0.00274743 0.2922 0.00454796
902 0.499804 0.00275053 0.29 0.00453785
903 0.500146 0.00274779 0.2909 0.004542
904 0.500353 0.00274379 0.2922 0.00454796
905 0.500136 0.00274284 0.2893 0.0045346
906 0.500176 0.00274205 0.2906 0.00454062
907 0.49955 0.00273941 0.291 0.00454246
908 0.499643 0.00273703 0.2925 0.00454933
909 0.500171 0.00273639 0.2866 0.00452196
910 0.501047 0.00273819 0.2889 0.00453274
911 0.500249 0.00274229 0.2909 0.004542
912 0.500679 0.0027453 0.2896 0.00453599
913 0.501208 0.00274651 0.2906 0.00454062
914 0.501292 0.00273773 0.2888 0.00453227
915 0.502135 0.00273613 0.2915 0.00454476
916 0.502415 0.00273639 0.2898 0.00453692
917 0.503967 0.00274175 0.2843 0.00451103
918 0.503908 0.00274537 0.2859 0.00451865
919 0.503277 0.00274864 0.2893 0.0045346
920 0.50347 0.00274443 0.2884 0.00453041
921 0.503186 0.00274868 0.2913 0.00454384
922 0.502892 0.00274548 0.2918 0.00454613
923 0.502291 0.00274713 0.2917 0.00454568
924 0.502794 0.00275422 0.2892 0.00453414
925 0.502526 0.00275039 0.2897 0.00453646
926 0.501694 0.00274598 0.2941 0.0045566
927 0.502092 0.00274185 0.2933 0.00455298
928 0.502176 0.00274214 0.2937 0.00455479
929 0.502761 0.00274337 0.2929 0.00455116
930 0.503055 0.00274447 0.2899 0.00453738
931 0.502101 0.00274061 0.2923 0.00454842
932 0.500869 0.00274007 0.2961 0.00456558
933 0.501286 0.00273906 0.2919 0.00454659
934 0.501486 0.00274297 0.2911 0.00454292
935 0.501858 0.00275173 0.2953 0.004562
936 0.50136 0.0027464 0.2958 0.00456424
937 0.50132 0.00274884 0.2946 0.00455886
938 0.501198 0.00274993 0.2918 0.00454613
939 0.50118 0.00275074 0.2916 0.00454522
940 0.502 0.00275434 0.2912 0.00454338
941 0.501947 0.00275812 0.2956 0.00456335
942 0.501506 0.00275949 0.2965 0.00456737
943 0.502007 0.0027601 0.2944 0.00455795
944 0.502237 0.00276726 0.2943 0.0045575
945 0.503043 0.00277143 0.2933 0.00455298
946 0.501475 0.00276892 0.2986 0.00457667
947 0.501922 0.00277136 0.2975 0.00457181
948 0.502171 0.00277539 0.3008 0.00458629
949 0.501311 0.00277329 0.3036 0.00459835
950 0.500717 0.00277232 0.3015 0.00458932
951 0.501091 0.00276732 0.302 0.00459148
952 0.50149 0.00277213 0.2982 0.00457491
953 0.502152 0.00277043 0.2986 0.00457667
954 0.50174 0.00277028 0.2987 0.00457711
955 0.501332 0.00276386 0.298 0.00457402
956 0.501151 0.00276085 0.2936 0.00455434
957 0.500806 0.00275881 0.2968 0.0045687
958 0.500357 0.00275702 0.2945 0.0045584
959 0.500651 0.00275759 0.2932 0.00455252
960 0.500931 0.0027593 0.2955 0.0045629
961 0.501151 0.00275632 0.2968 0.0045687
962 0.501464 0.00276199 0.295 0.00456066
963 0.501694 0.00276294 0.2926 0.00454979
964 0.50207 0.00275549 0.2931 0.00455207
965 0.501863 0.00275547 0.2918 0.00454613
966 0.501924 0.00275435 0.2955 0.0045629
967 0.501048 0.00275847 0.2942 0.00455705
968 0.501768 0.00276512 0.292 0.00454705
969 0.501777 0.00275975 0.291 0.00454246
970 0.502327 0.00276241 0.293 0.00455161
971 0.502743 0.00276712 0.2925 0.00454933
972 0.502664 0.00275715 0.2926 0.00454979
973 0.502517 0.00275545 0.2884 0.00453041
974 0.501884 0.00274815 0.2907 0.00454108
975 0.501765 0.00274659 0.2935 0.00455388
976 0.501507 0.0027486 0.2924 0.00454888
977 0.50251 0.00274479 0.2879 0.00452807
978 0.502972 0.0027382 0.2869 0.00452337
979 0.503153 0.00274186 0.2879 0.00452807
980 0.503239 0.00273737 0.2876 0.00452666
981 0.503517 0.00273272 0.2861 0.00451959
982 0.502614 0.00273079 0.2865 0.00452148
983 0.503051 0.00273257 0.2891 0.00453367
984 0.502793 0.00273629 0.2857 0.0045177
985 0.502868 0.00274178 0.2884 0.00453041
986 0.50291 0.00273715 0.2896 0.00453599
987 0.503598 0.00273841 0.2869 0.00452337
988 0.502905 0.00274248 0.2868 0.0045229
989 0.503688 0.00274526 0.2862 0.00452007
990 0.503355 0.00274426 0.2847 0.00451294
991 0.502675 0.00274351 0.2868 0.0045229
992 0.503284 0.00274645 0.2846 0.00451246
993 0.502362 0.00274214 0.2831 0.00450527
994 0.502303 0.00274843 0.2855 0.00451675
995 0.502305 0.00274426 0.2863 0.00452054
996 0.502144 0.00275095 0.2876 0.00452666
997 0.501949 0.00275499 0.2877 0.00452713
998 0.502248 0.00275013 0.2859 0.00451865
999 0.503434 0.00274806 0.2849 0.00451389
