#sample=90
0 0.00056779 4.91906e-05 1 0
1 0.000571516 4.88246e-05 1 0
2 0.000594773 4.9519e-05 1 0
3 0.000593449 4.94877e-05 1 0
4 0.000678712 5.61368e-05 1 0
5 0.000676799 5.6114e-05 1 0
6 0.000684384 5.82104e-05 1 0
7 0.000694962 5.81505e-05 1 0
8 0.000728896 5.70402e-05 1 0
9 0.000872828 0.000128239 1 0
10 0.000927405 0.000129898 1 0
11 0.00106433 0.000168072 1 0
12 0.00115304 0.000123372 1 0
13 0.00118715 0.000136731 1 0
14 0.00140201 0.000212394 1 0
15 0.00156604 0.000224632 1 0
16 0.0015381 0.000145339 1 0
17 0.00162505 0.000149299 1 0
18 0.00190267 0.000171617 1 0
19 0.0019407 0.000148428 1 0
20 0.00299045 0.000979401 1 0
21 0.00553668 0.00275476 1 0
22 0.00567523 0.00218897 1 0
23 0.00494556 0.00238514 1 0
24 0.00472113 0.00166005 1 0
25 0.00909205 0.00379245 1 0
26 0.00995749 0.00394758 1 0
27 0.00731839 0.00238799 1 0
28 0.0052679 0.00162249 1 0
29 0.00545073 0.00148133 1 0
30 0.00522571 0.00136434 1 0
31 0.00706594 0.00222716 1 0
32 0.0111454 0.00403749 1 0
33 0.0142434 0.00450252 1 0
34 0.00884846 0.00218453 1 0
35 0.010657 0.00285194 1 0
36 0.00711644 0.00196133 1 0
37 0.0064325 0.0014737 1 0
38 0.00895195 0.00184238 1 0
39 0.0134413 0.00323597 1 0
40 0.00879012 0.00206198 1 0
41 0.00976697 0.00274117 1 0
42 0.0133916 0.00449972 1 0
43 0.0118239 0.00321329 1 0
44 0.0144423 0.0039168 1 0
45 0.0107136 0.00254836 1 0
46 0.0213993 0.00533368 1 0
47 0.0186591 0.00444691 1 0
48 0.0167509 0.0042639 1 0
49 0.0109279 0.00206051 1 0
50 0.0151506 0.00483043 0.988889 0.0111111
51 0.0127609 0.0040178 1 0
52 0.02688 0.00643525 0.988889 0.0111111
53 0.0132379 0.00393197 1 0
54 0.0170782 0.00411446 1 0
55 0.0095742 0.0018172 1 0
56 0.0194384 0.00509158 0.988889 0.0111111
57 0.0156444 0.00399664 1 0
58 0.0139708 0.00298009 1 0
59 0.0268272 0.00669437 0.977778 0.015625
60 0.0313266 0.00739304 0.988889 0.0111111
61 0.0205084 0.00561761 0.988889 0.0111111
62 0.0260963 0.007054 0.977778 0.015625
63 0.0243199 0.00586222 0.988889 0.0111111
64 0.0208508 0.00456144 1 0
65 0.021199 0.00423806 1 0
66 0.0192229 0.00523768 0.988889 0.0111111
67 0.0238942 0.00441656 1 0
68 0.0334818 0.006436 1 0
69 0.0201308 0.0038334 1 0
70 0.0205908 0.0037183 1 0
71 0.0235385 0.00544645 0.988889 0.0111111
72 0.0286648 0.00692903 0.988889 0.0111111
73 0.0210787 0.00535758 0.988889 0.0111111
74 0.0194686 0.00396495 1 0
75 0.0207531 0.00562561 0.988889 0.0111111
76 0.0237005 0.00557776 1 0
77 0.0188084 0.00427448 1 0
78 0.0129503 0.00173372 1 0
79 0.0274321 0.00599602 1 0
80 0.0161119 0.00374606 1 0
81 0.0267031 0.00751595 0.977778 0.015625
82 0.0183659 0.00496635 0.988889 0.0111111
83 0.0228983 0.00504548 0.988889 0.0111111
84 0.0277944 0.00616413 0.988889 0.0111111
85 0.0331788 0.00707233 0.988889 0.0111111
86 0.0267238 0.00568846 1 0
87 0.0312923 0.00713265 1 0
88 0.021268 0.00403601 1 0
89 0.024122 0.00517109 1 0
90 0.0239219 0.00516649 1 0
91 0.0317373 0.00676808 1 0
92 0.0398024 0.00868384 0.988889 0.0111111
93 0.0351825 0.00746438 0.988889 0.0111111
94 0.0231969 0.00604228 0.988889 0.0111111
95 0.026892 0.00577669 1 0
96 0.0281585 0.005958 1 0
97 0.0300385 0.00708507 0.988889 0.0111111
98 0.0315793 0.00660078 0.988889 0.0111111
99 0.0281767 0.0058152 0.988889 0.0111111
100 0.0311069 0.00679662 0.988889 0.0111111
101 0.0301188 0.00554556 1 0
102 0.0325692 0.00563798 1 0
103 0.043713 0.0084467 0.988889 0.0111111
104 0.0255904 0.00433707 1 0
105 0.0282344 0.00486517 1 0
106 0.0311985 0.00572874 1 0
107 0.028092 0.00556716 0.988889 0.0111111
108 0.0278238 0.00560321 1 0
109 0.0349029 0.0071009 1 0
110 0.0258521 0.00443678 1 0
111 0.0363884 0.00675504 0.977778 0.015625
112 0.0392702 0.006417 0.988889 0.0111111
113 0.0309928 0.00542942 1 0
114 0.0434227 0.00783317 0.988889 0.0111111
115 0.0466419 0.00826143 0.977778 0.015625
116 0.0486589 0.00849385 0.988889 0.0111111
117 0.0374605 0.00794346 0.977778 0.015625
118 0.0516257 0.00923061 0.988889 0.0111111
119 0.0515061 0.00891326 0.966667 0.0190275
120 0.04594 0.00788182 0.988889 0.0111111
121 0.0369662 0.00648863 1 0
122 0.0454778 0.00775809 0.988889 0.0111111
123 0.0355225 0.00685751 0.988889 0.0111111
124 0.0342468 0.00757507 0.977778 0.015625
125 0.044994 0.0079531 0.988889 0.0111111
126 0.0424988 0.00868632 0.988889 0.0111111
127 0.033491 0.00621384 1 0
128 0.035504 0.00700928 0.988889 0.0111111
129 0.0467932 0.00826994 0.966667 0.0190275
130 0.0531343 0.0089088 0.977778 0.015625
131 0.0347011 0.00622597 1 0
132 0.0437488 0.00826549 0.977778 0.015625
133 0.0403462 0.00719804 0.977778 0.015625
134 0.0449246 0.0077944 0.988889 0.0111111
135 0.0416921 0.00757141 0.988889 0.0111111
136 0.0447144 0.00771462 0.977778 0.015625
137 0.035447 0.00724434 0.977778 0.015625
138 0.0558876 0.0102915 0.966667 0.0190275
139 0.0461424 0.00778097 0.988889 0.0111111
140 0.0520786 0.00971999 0.977778 0.015625
141 0.0509295 0.00988549 0.955556 0.0218445
142 0.037421 0.00632928 0.988889 0.0111111
143 0.0441989 0.00772539 0.988889 0.0111111
144 0.0446567 0.008826 0.977778 0.015625
145 0.0509257 0.00947418 0.966667 0.0190275
146 0.0520513 0.00934977 0.966667 0.0190275
147 0.0489929 0.00941484 0.977778 0.015625
148 0.0460377 0.00723931 1 0
149 0.0402775 0.00686698 0.988889 0.0111111
150 0.0400092 0.00735201 0.988889 0.0111111
151 0.0371641 0.00702079 0.988889 0.0111111
152 0.040464 0.0067533 1 0
153 0.0606795 0.01045 0.944444 0.0242805
154 0.0482086 0.00820962 0.988889 0.0111111
155 0.0434161 0.00792231 0.977778 0.015625
156 0.0524708 0.00758051 1 0
157 0.0449897 0.0066964 1 0
158 0.0577051 0.00952962 0.977778 0.015625
159 0.0434185 0.00756542 1 0
160 0.0367679 0.00668367 0.988889 0.0111111
161 0.0525509 0.00836077 0.966667 0.0190275
162 0.0471927 0.00688343 1 0
163 0.0442382 0.00684819 1 0
164 0.0456329 0.00821698 0.977778 0.015625
165 0.0490652 0.00759651 1 0
166 0.0546973 0.00856348 0.988889 0.0111111
167 0.056644 0.0086451 0.977778 0.015625
168 0.0453295 0.00646918 1 0
169 0.053224 0.00838559 0.977778 0.015625
170 0.0468884 0.007618 0.988889 0.0111111
171 0.0495124 0.00785365 0.988889 0.0111111
172 0.0628784 0.0105862 0.955556 0.0218445
173 0.0600332 0.0100633 0.966667 0.0190275
174 0.0539623 0.0082018 0.977778 0.015625
175 0.0567174 0.00940761 0.977778 0.015625
176 0.0478659 0.00785834 0.977778 0.015625
177 0.0645717 0.00997333 0.966667 0.0190275
178 0.0554179 0.00838048 0.977778 0.015625
179 0.0559967 0.00963904 0.966667 0.0190275
180 0.0708185 0.0110084 0.944444 0.0242805
181 0.0707431 0.0107616 0.966667 0.0190275
182 0.0532902 0.00935581 0.966667 0.0190275
183 0.0670037 0.0110065 0.944444 0.0242805
184 0.0596 0.00916675 0.966667 0.0190275
185 0.0602787 0.00929052 0.977778 0.015625
186 0.0666902 0.010587 0.944444 0.0242805
187 0.0549928 0.0088185 0.977778 0.015625
188 0.0588959 0.00896865 0.988889 0.0111111
189 0.0489151 0.00681306 0.988889 0.0111111
190 0.0658172 0.0103998 0.944444 0.0242805
191 0.0712004 0.00985014 0.988889 0.0111111
192 0.0774342 0.0110864 0.955556 0.0218445
193 0.0703241 0.0108636 0.955556 0.0218445
194 0.0735104 0.0114487 0.966667 0.0190275
195 0.0633839 0.00953981 0.955556 0.0218445
196 0.0628236 0.00960335 0.977778 0.015625
197 0.0744537 0.0110003 0.955556 0.0218445
198 0.0660471 0.00994945 0.966667 0.0190275
199 0.0720122 0.0114286 0.988889 0.0111111
200 0.0725775 0.0117319 0.944444 0.0242805
201 0.0598379 0.00948186 0.977778 0.015625
202 0.0604824 0.00928681 0.966667 0.0190275
203 0.0606045 0.00875027 0.977778 0.015625
204 0.0652627 0.00886602 0.988889 0.0111111
205 0.0492986 0.00730375 0.988889 0.0111111
206 0.0606172 0.00890822 0.988889 0.0111111
207 0.0606364 0.00985495 0.966667 0.0190275
208 0.0699579 0.0117575 0.922222 0.028389
209 0.0724254 0.0112847 0.955556 0.0218445
210 0.074023 0.0117554 0.944444 0.0242805
211 0.0635562 0.00964372 0.977778 0.015625
212 0.0628157 0.0089742 0.966667 0.0190275
213 0.061155 0.0098072 0.966667 0.0190275
214 0.0615866 0.00869085 0.977778 0.015625
215 0.0906573 0.0134948 0.922222 0.028389
216 0.0787384 0.0120748 0.944444 0.0242805
217 0.0771673 0.00995548 0.955556 0.0218445
218 0.0899249 0.0125101 0.922222 0.028389
219 0.0720015 0.0102704 0.977778 0.015625
220 0.0923369 0.0132955 0.933333 0.026441
221 0.0908408 0.0116865 0.944444 0.0242805
222 0.0807425 0.0106908 0.977778 0.015625
223 0.0878172 0.0114981 0.944444 0.0242805
224 0.0902251 0.0129885 0.922222 0.028389
225 0.0835681 0.0116616 0.944444 0.0242805
226 0.0705279 0.0106314 0.933333 0.026441
227 0.0741605 0.0104676 0.933333 0.026441
228 0.0787406 0.0106373 0.955556 0.0218445
229 0.0811248 0.0120461 0.933333 0.026441
230 0.08318 0.0122469 0.933333 0.026441
231 0.0887221 0.0116449 0.955556 0.0218445
232 0.0727934 0.00975861 0.966667 0.0190275
233 0.101926 0.0135976 0.922222 0.028389
234 0.0799105 0.0108574 0.955556 0.0218445
235 0.0716529 0.0109712 0.955556 0.0218445
236 0.0765135 0.0109255 0.955556 0.0218445
237 0.0905702 0.0120071 0.944444 0.0242805
238 0.0703237 0.0104699 0.944444 0.0242805
239 0.0733375 0.010906 0.944444 0.0242805
240 0.0904481 0.0108092 0.944444 0.0242805
241 0.0833053 0.0103326 0.966667 0.0190275
242 0.0817296 0.0110617 0.944444 0.0242805
243 0.0894079 0.0116504 0.944444 0.0242805
244 0.0784964 0.0110603 0.944444 0.0242805
245 0.106211 0.0127632 0.933333 0.026441
246 0.0800663 0.0112905 0.955556 0.0218445
247 0.0946389 0.0127295 0.933333 0.026441
248 0.07141 0.0089813 0.977778 0.015625
249 0.0832918 0.0114227 0.955556 0.0218445
250 0.093216 0.01291 0.933333 0.026441
251 0.102976 0.0149327 0.9 0.0317999
252 0.0940172 0.0132023 0.944444 0.0242805
253 0.0871121 0.0120588 0.933333 0.026441
254 0.0888904 0.0118726 0.955556 0.0218445
255 0.0978077 0.0135383 0.9 0.0317999
256 0.0848913 0.0116524 0.944444 0.0242805
257 0.0792221 0.01031 0.955556 0.0218445
258 0.0859301 0.0110038 0.966667 0.0190275
259 0.0752219 0.0100465 0.977778 0.015625
260 0.106145 0.013519 0.922222 0.028389
261 0.0898597 0.0130677 0.9 0.0317999
262 0.0807526 0.0118856 0.922222 0.028389
263 0.0858249 0.0123419 0.922222 0.028389
264 0.106887 0.0140903 0.877778 0.0347194
265 0.0876867 0.011692 0.933333 0.026441
266 0.103974 0.0138036 0.911111 0.0301658
267 0.0760698 0.0109491 0.922222 0.028389
268 0.086992 0.0119085 0.933333 0.026441
269 0.0724162 0.0102784 0.955556 0.0218445
270 0.0914396 0.0135855 0.911111 0.0301658
271 0.0860878 0.0129751 0.922222 0.028389
272 0.0838526 0.0104431 0.966667 0.0190275
273 0.102313 0.0141003 0.888889 0.0333125
274 0.0709562 0.0094519 0.977778 0.015625
275 0.0920443 0.011846 0.955556 0.0218445
276 0.102024 0.0124359 0.922222 0.028389
277 0.0890849 0.0129176 0.911111 0.0301658
278 0.106408 0.0147506 0.877778 0.0347194
279 0.0971381 0.0115438 0.944444 0.0242805
280 0.0833531 0.0111752 0.966667 0.0190275
281 0.100012 0.013818 0.933333 0.026441
282 0.0985483 0.0135628 0.922222 0.028389
283 0.0973928 0.0129846 0.9 0.0317999
284 0.104551 0.0127972 0.922222 0.028389
285 0.0947267 0.0130487 0.911111 0.0301658
286 0.0906041 0.0122541 0.955556 0.0218445
287 0.0928425 0.0139983 0.922222 0.028389
288 0.107295 0.013901 0.911111 0.0301658
289 0.0995995 0.0143336 0.922222 0.028389
290 0.0970624 0.0125028 0.933333 0.026441
291 0.118511 0.014378 0.888889 0.0333125
292 0.0846019 0.0117967 0.955556 0.0218445
293 0.0985806 0.0140653 0.911111 0.0301658
294 0.108424 0.0145457 0.911111 0.0301658
295 0.104777 0.0140836 0.9 0.0317999
296 0.116439 0.0165722 0.844444 0.0384179
297 0.105215 0.0129911 0.9 0.0317999
298 0.104142 0.0138498 0.922222 0.028389
299 0.13296 0.0162129 0.866667 0.036033
300 0.116047 0.0153244 0.866667 0.036033
301 0.128998 0.0151465 0.866667 0.036033
302 0.117089 0.0139946 0.888889 0.0333125
303 0.11647 0.0144703 0.888889 0.0333125
304 0.100261 0.0134163 0.922222 0.028389
305 0.0985871 0.013409 0.911111 0.0301658
306 0.10866 0.0136224 0.922222 0.028389
307 0.108041 0.0132613 0.944444 0.0242805
308 0.117429 0.0137028 0.877778 0.0347194
309 0.112794 0.0141637 0.922222 0.028389
310 0.100281 0.012407 0.933333 0.026441
311 0.100753 0.0130284 0.933333 0.026441
312 0.102377 0.0131696 0.9 0.0317999
313 0.132125 0.0159966 0.844444 0.0384179
314 0.121902 0.0148433 0.877778 0.0347194
315 0.0953364 0.012026 0.922222 0.028389
316 0.130273 0.0154958 0.866667 0.036033
317 0.102858 0.0113647 0.922222 0.028389
318 0.096952 0.0122081 0.922222 0.028389
319 0.112767 0.0125833 0.911111 0.0301658
320 0.117375 0.0139727 0.866667 0.036033
321 0.114427 0.0132146 0.922222 0.028389
322 0.140488 0.0161272 0.844444 0.0384179
323 0.124812 0.0145355 0.888889 0.0333125
324 0.101214 0.0132415 0.911111 0.0301658
325 0.11556 0.0134055 0.888889 0.0333125
326 0.125478 0.0150057 0.877778 0.0347194
327 0.119692 0.014884 0.877778 0.0347194
328 0.139038 0.0164869 0.844444 0.0384179
329 0.113898 0.0140359 0.888889 0.0333125
330 0.120419 0.015156 0.888889 0.0333125
331 0.120557 0.0154579 0.877778 0.0347194
332 0.107335 0.013986 0.888889 0.0333125
333 0.114208 0.0139777 0.911111 0.0301658
334 0.118333 0.0139447 0.9 0.0317999
335 0.094967 0.0118398 0.933333 0.026441
336 0.117204 0.0148304 0.9 0.0317999
337 0.126362 0.0142381 0.9 0.0317999
338 0.119978 0.0138119 0.888889 0.0333125
339 0.134533 0.0152681 0.855556 0.0372631
340 0.120735 0.0131492 0.9 0.0317999
341 0.130535 0.0142378 0.9 0.0317999
342 0.130108 0.0154784 0.866667 0.036033
343 0.141398 0.0162702 0.844444 0.0384179
344 0.145034 0.0165181 0.833333 0.0395038
345 0.140483 0.0168586 0.844444 0.0384179
346 0.143262 0.0160367 0.877778 0.0347194
347 0.141464 0.0164639 0.866667 0.036033
348 0.134172 0.0169062 0.866667 0.036033
349 0.13897 0.0178272 0.855556 0.0372631
350 0.14995 0.017347 0.822222 0.0405264
351 0.148939 0.0176454 0.811111 0.0414905
352 0.142101 0.0161529 0.855556 0.0372631
353 0.146342 0.0173867 0.811111 0.0414905
354 0.133462 0.0166615 0.855556 0.0372631
355 0.150776 0.0184986 0.844444 0.0384179
356 0.152048 0.0173038 0.8 0.0423999
357 0.143873 0.0179969 0.844444 0.0384179
358 0.154812 0.0176503 0.8 0.0423999
359 0.159434 0.0189141 0.777778 0.0440683
360 0.17515 0.0190531 0.788889 0.0432582
361 0.163696 0.0189043 0.844444 0.0384179
362 0.156897 0.017258 0.833333 0.0395038
363 0.156291 0.0180357 0.833333 0.0395038
364 0.165092 0.0181127 0.8 0.0423999
365 0.16696 0.0189688 0.8 0.0423999
366 0.158825 0.0183976 0.811111 0.0414905
367 0.145372 0.0171209 0.833333 0.0395038
368 0.162348 0.0188465 0.8 0.0423999
369 0.182681 0.020478 0.766667 0.0448329
370 0.179517 0.0202154 0.8 0.0423999
371 0.183169 0.0207453 0.733333 0.0468749
372 0.172092 0.0201641 0.788889 0.0432582
373 0.185093 0.0208769 0.755556 0.0455542
374 0.192801 0.0214773 0.755556 0.0455542
375 0.194263 0.0227159 0.733333 0.0468749
376 0.201299 0.0240043 0.7 0.0485752
377 0.206095 0.0239637 0.733333 0.0468749
378 0.208861 0.024722 0.722222 0.0474776
379 0.21211 0.024646 0.733333 0.0468749
380 0.211818 0.0250394 0.677778 0.0495366
381 0.214523 0.0251652 0.722222 0.0474776
382 0.224514 0.0265323 0.677778 0.0495366
383 0.241981 0.026593 0.666667 0.0499688
384 0.256429 0.0276446 0.644444 0.0507401
385 0.2498 0.0274409 0.644444 0.0507401
386 0.262144 0.0280551 0.6 0.0519291
387 0.272974 0.0294926 0.611111 0.0516747
388 0.282291 0.0301909 0.611111 0.0516747
389 0.295329 0.0313708 0.577778 0.0523547
390 0.30383 0.0318554 0.6 0.0519291
391 0.314865 0.0326329 0.577778 0.0523547
392 0.319832 0.0333386 0.577778 0.0523547
393 0.324416 0.0343877 0.566667 0.0525267
394 0.331492 0.0343885 0.555556 0.0526717
395 0.328544 0.0343352 0.555556 0.0526717
396 0.342373 0.0350651 0.555556 0.0526717
397 0.347825 0.0355442 0.533333 0.052882
398 0.349675 0.0359815 0.555556 0.0526717
399 0.361029 0.0364007 0.544444 0.0527901
400 0.364946 0.036764 0.533333 0.052882
401 0.368266 0.0370017 0.533333 0.052882
402 0.371926 0.0372075 0.522222 0.0529475
403 0.374347 0.0373962 0.522222 0.0529475
404 0.37975 0.0378526 0.522222 0.0529475
405 0.37948 0.0380756 0.533333 0.052882
406 0.388167 0.0386434 0.522222 0.0529475
407 0.388818 0.0385964 0.522222 0.0529475
408 0.392279 0.0388803 0.522222 0.0529475
409 0.393762 0.0392143 0.533333 0.052882
410 0.394757 0.0393499 0.522222 0.0529475
411 0.395936 0.0394051 0.522222 0.0529475
412 0.397643 0.0395416 0.522222 0.0529475
413 0.401159 0.0398018 0.522222 0.0529475
414 0.405499 0.0399898 0.522222 0.0529475
415 0.408881 0.0402561 0.522222 0.0529475
416 0.411626 0.0404363 0.522222 0.0529475
417 0.41356 0.0405566 0.522222 0.0529475
418 0.415411 0.0407006 0.522222 0.0529475
419 0.417632 0.040907 0.522222 0.0529475
420 0.417655 0.0409996 0.522222 0.0529475
421 0.41967 0.0411136 0.522222 0.0529475
422 0.419156 0.0411957 0.522222 0.0529475
423 0.420946 0.041274 0.522222 0.0529475
424 0.42237 0.0414136 0.522222 0.0529475
425 0.421236 0.041331 0.522222 0.0529475
426 0.424109 0.0415703 0.522222 0.0529475
427 0.423074 0.0415689 0.522222 0.0529475
428 0.424349 0.0417253 0.522222 0.0529475
429 0.42576 0.0418181 0.522222 0.0529475
430 0.425056 0.0417857 0.522222 0.0529475
431 0.425791 0.0417756 0.522222 0.0529475
432 0.427228 0.0419178 0.522222 0.0529475
433 0.428315 0.042009 0.522222 0.0529475
434 0.428779 0.0420823 0.522222 0.0529475
435 0.430001 0.0421781 0.522222 0.0529475
436 0.431157 0.0423649 0.522222 0.0529475
437 0.430179 0.0421608 0.522222 0.0529475
438 0.43131 0.0422534 0.522222 0.0529475
439 0.431886 0.0423385 0.522222 0.0529475
440 0.432653 0.042433 0.522222 0.0529475
441 0.433321 0.042413 0.522222 0.0529475
442 0.433246 0.0424358 0.522222 0.0529475
443 0.434781 0.0424798 0.522222 0.0529475
444 0.434345 0.0424836 0.522222 0.0529475
445 0.436785 0.0425536 0.522222 0.0529475
446 0.437852 0.0425793 0.522222 0.0529475
447 0.438456 0.0425979 0.522222 0.0529475
448 0.438893 0.0427007 0.522222 0.0529475
449 0.439851 0.042789 0.522222 0.0529475
450 0.439886 0.0428106 0.522222 0.0529475
451 0.440792 0.0430156 0.522222 0.0529475
452 0.438872 0.0428628 0.522222 0.0529475
453 0.440485 0.0429231 0.522222 0.0529475
454 0.440035 0.0429138 0.522222 0.0529475
455 0.439532 0.0428609 0.522222 0.0529475
456 0.440603 0.0430146 0.522222 0.0529475
457 0.441879 0.0429926 0.522222 0.0529475
458 0.442016 0.0430079 0.522222 0.0529475
459 0.443451 0.0430859 0.522222 0.0529475
460 0.445218 0.0431823 0.522222 0.0529475
461 0.446761 0.0432587 0.522222 0.0529475
462 0.448272 0.0434452 0.522222 0.0529475
463 0.448587 0.0434666 0.522222 0.0529475
464 0.450045 0.0436201 0.522222 0.0529475
465 0.450352 0.0436312 0.522222 0.0529475
466 0.45102 0.0436993 0.522222 0.0529475
467 0.451485 0.0437605 0.522222 0.0529475
468 0.452357 0.0438724 0.522222 0.0529475
469 0.452693 0.0439429 0.522222 0.0529475
470 0.454571 0.0441099 0.522222 0.0529475
471 0.45487 0.0441522 0.522222 0.0529475
472 0.456659 0.0443294 0.522222 0.0529475
473 0.456761 0.0442961 0.522222 0.0529475
474 0.457635 0.0443535 0.522222 0.0529475
475 0.457363 0.044366 0.522222 0.0529475
476 0.459775 0.0445247 0.522222 0.0529475
477 0.459602 0.0444332 0.522222 0.0529475
478 0.459841 0.044444 0.522222 0.0529475
479 0.460676 0.0444426 0.522222 0.0529475
480 0.461234 0.0444918 0.522222 0.0529475
481 0.46036 0.0444271 0.522222 0.0529475
482 0.461839 0.0444513 0.522222 0.0529475
483 0.461471 0.0444237 0.522222 0.0529475
484 0.463261 0.0445674 0.522222 0.0529475
485 0.463664 0.0444416 0.522222 0.0529475
486 0.464038 0.0445777 0.522222 0.0529475
487 0.464806 0.0445904 0.522222 0.0529475
488 0.465278 0.0446304 0.522222 0.0529475
489 0.465829 0.0446124 0.522222 0.0529475
490 0.466439 0.0446922 0.522222 0.0529475
491 0.467004 0.044623 0.522222 0.0529475
492 0.467443 0.0447297 0.522222 0.0529475
493 0.468079 0.0447516 0.522222 0.0529475
494 0.469491 0.0448371 0.522222 0.0529475
495 0.469792 0.0447456 0.522222 0.0529475
496 0.470078 0.0448062 0.522222 0.0529475
497 0.471289 0.0448642 0.522222 0.0529475
498 0.470654 0.0448915 0.522222 0.0529475
499 0.469893 0.0448993 0.522222 0.0529475
500 0.470333 0.0449546 0.522222 0.0529475
501 0.469241 0.0448128 0.522222 0.0529475
502 0.469699 0.0449437 0.522222 0.0529475
503 0.470096 0.0450152 0.522222 0.0529475
504 0.470167 0.0450966 0.522222 0.0529475
505 0.471003 0.0450626 0.522222 0.0529475
506 0.470595 0.0451158 0.522222 0.0529475
507 0.470929 0.0451176 0.522222 0.0529475
508 0.470199 0.0452259 0.522222 0.0529475
509 0.470817 0.0451843 0.522222 0.0529475
510 0.470144 0.0451875 0.522222 0.0529475
511 0.470569 0.0451472 0.522222 0.0529475
512 0.470734 0.0451451 0.522222 0.0529475
513 0.47092 0.0450302 0.522222 0.0529475
514 0.470877 0.0450601 0.522222 0.0529475
515 0.47123 0.0450199 0.522222 0.0529475
516 0.470722 0.0449914 0.522222 0.0529475
517 0.471091 0.0449388 0.522222 0.0529475
518 0.470962 0.0449554 0.522222 0.0529475
519 0.471024 0.0449483 0.522222 0.0529475
520 0.470912 0.0450091 0.522222 0.0529475
521 0.471046 0.0450327 0.522222 0.0529475
522 0.471691 0.0450116 0.522222 0.0529475
523 0.471224 0.0449699 0.522222 0.0529475
524 0.471461 0.0450774 0.522222 0.0529475
525 0.471253 0.0449586 0.522222 0.0529475
526 0.470886 0.0449436 0.522222 0.0529475
527 0.47107 0.0449353 0.522222 0.0529475
528 0.471562 0.0449928 0.522222 0.0529475
529 0.471613 0.0448819 0.522222 0.0529475
530 0.472117 0.0449173 0.522222 0.0529475
531 0.471664 0.0448635 0.522222 0.0529475
532 0.471334 0.0448974 0.522222 0.0529475
533 0.470942 0.0447765 0.522222 0.0529475
534 0.470429 0.0448083 0.522222 0.0529475
535 0.470658 0.0448355 0.522222 0.0529475
536 0.470445 0.0448878 0.522222 0.0529475
537 0.469662 0.0447725 0.522222 0.0529475
538 0.47025 0.0448353 0.522222 0.0529475
539 0.469745 0.0447655 0.522222 0.0529475
540 0.46915 0.0447152 0.522222 0.0529475
541 0.468478 0.0446446 0.522222 0.0529475
542 0.46766 0.0445655 0.522222 0.0529475
543 0.468526 0.0446382 0.522222 0.0529475
544 0.468233 0.0447224 0.522222 0.0529475
545 0.468879 0.0446287 0.522222 0.0529475
546 0.468728 0.0445821 0.522222 0.0529475
547 0.466691 0.0445159 0.522222 0.0529475
548 0.466092 0.0446268 0.522222 0.0529475
549 0.466131 0.0444719 0.522222 0.0529475
550 0.465756 0.0445398 0.522222 0.0529475
551 0.466007 0.0445005 0.522222 0.0529475
552 0.466104 0.0445369 0.522222 0.0529475
553 0.466531 0.0444983 0.522222 0.0529475
554 0.466994 0.0445929 0.522222 0.0529475
555 0.466127 0.0446999 0.522222 0.0529475
556 0.467616 0.0448461 0.522222 0.0529475
557 0.466591 0.0447672 0.522222 0.0529475
558 0.466825 0.0447044 0.522222 0.0529475
559 0.468428 0.04468 0.522222 0.0529475
560 0.469971 0.0448018 0.522222 0.0529475
561 0.470166 0.0447698 0.522222 0.0529475
562 0.469207 0.0448763 0.522222 0.0529475
563 0.469878 0.0449365 0.522222 0.0529475
564 0.469803 0.0449837 0.522222 0.0529475
565 0.470545 0.0450254 0.522222 0.0529475
566 0.470691 0.0450194 0.522222 0.0529475
567 0.470008 0.045018 0.522222 0.0529475
568 0.470417 0.0451221 0.522222 0.0529475
569 0.471071 0.0450258 0.522222 0.0529475
570 0.470775 0.0450676 0.522222 0.0529475
571 0.469455 0.0449738 0.522222 0.0529475
572 0.470086 0.0451105 0.522222 0.0529475
573 0.4705 0.0450039 0.522222 0.0529475
574 0.471524 0.0451241 0.522222 0.0529475
575 0.471144 0.045083 0.522222 0.0529475
576 0.471787 0.0451618 0.522222 0.0529475
577 0.470891 0.0449915 0.522222 0.0529475
578 0.470972 0.0450446 0.522222 0.0529475
579 0.471398 0.04504 0.522222 0.0529475
580 0.471121 0.045084 0.522222 0.0529475
581 0.471284 0.0450403 0.522222 0.0529475
582 0.471097 0.0451218 0.522222 0.0529475
583 0.47152 0.0450932 0.522222 0.0529475
584 0.47162 0.0451097 0.522222 0.0529475
585 0.471481 0.045087 0.522222 0.0529475
586 0.472494 0.0451368 0.522222 0.0529475
587 0.472883 0.0451195 0.522222 0.0529475
588 0.473085 0.0451661 0.522222 0.0529475
589 0.47229 0.0451098 0.522222 0.0529475
590 0.474245 0.0451105 0.522222 0.0529475
591 0.47318 0.0450798 0.522222 0.0529475
592 0.473511 0.045158 0.522222 0.0529475
593 0.472835 0.0451753 0.522222 0.0529475
594 0.47291 0.0452303 0.522222 0.0529475
595 0.473893 0.0452204 0.522222 0.0529475
596 0.473567 0.0452556 0.522222 0.0529475
597 0.473496 0.0451938 0.522222 0.0529475
598 0.473305 0.0452449 0.522222 0.0529475
599 0.473803 0.0452692 0.522222 0.0529475
600 0.473578 0.0452291 0.522222 0.0529475
601 0.473643 0.0451513 0.522222 0.0529475
602 0.474531 0.0452357 0.522222 0.0529475
603 0.473949 0.0453142 0.522222 0.0529475
604 0.47446 0.0452888 0.522222 0.0529475
605 0.474679 0.0453007 0.522222 0.0529475
606 0.475126 0.0453621 0.522222 0.0529475
607 0.475096 0.045413 0.522222 0.0529475
608 0.47437 0.0453543 0.522222 0.0529475
609 0.474655 0.0453304 0.522222 0.0529475
610 0.473798 0.0452829 0.522222 0.0529475
611 0.47424 0.0453157 0.522222 0.0529475
612 0.474098 0.0452916 0.522222 0.0529475
613 0.474166 0.0452765 0.522222 0.0529475
614 0.474162 0.0453031 0.522222 0.0529475
615 0.474195 0.0452947 0.522222 0.0529475
616 0.474105 0.045307 0.522222 0.0529475
617 0.474336 0.045309 0.522222 0.0529475
618 0.474894 0.0452338 0.522222 0.0529475
619 0.475787 0.0453128 0.522222 0.0529475
620 0.47487 0.0452912 0.522222 0.0529475
621 0.473921 0.045234 0.522222 0.0529475
622 0.474254 0.045391 0.522222 0.0529475
623 0.474522 0.0453142 0.522222 0.0529475
624 0.475052 0.0453495 0.522222 0.0529475
625 0.475285 0.0453866 0.522222 0.0529475
626 0.475112 0.0453939 0.522222 0.0529475
627 0.475316 0.0454068 0.522222 0.0529475
628 0.47463 0.0453449 0.522222 0.0529475
629 0.475659 0.0453764 0.522222 0.0529475
630 0.474834 0.045329 0.522222 0.0529475
631 0.474365 0.0453147 0.522222 0.0529475
632 0.474952 0.0453485 0.522222 0.0529475
633 0.474869 0.0452801 0.522222 0.0529475
634 0.475024 0.0454394 0.522222 0.0529475
635 0.475282 0.0454026 0.522222 0.0529475
636 0.475037 0.0455399 0.522222 0.0529475
637 0.474353 0.0454894 0.522222 0.0529475
638 0.473712 0.0455014 0.522222 0.0529475
639 0.47368 0.0454357 0.522222 0.0529475
640 0.474702 0.045453 0.522222 0.0529475
641 0.475283 0.0454326 0.522222 0.0529475
642 0.475246 0.045545 0.522222 0.0529475
643 0.475495 0.04557 0.522222 0.0529475
644 0.474884 0.0455343 0.522222 0.0529475
645 0.474613 0.0456002 0.522222 0.0529475
646 0.474679 0.045598 0.522222 0.0529475
647 0.474268 0.0455492 0.522222 0.0529475
648 0.474594 0.0456576 0.522222 0.0529475
649 0.474159 0.0455871 0.522222 0.0529475
650 0.473554 0.0455948 0.522222 0.0529475
651 0.473158 0.0455967 0.522222 0.0529475
652 0.474254 0.045678 0.522222 0.0529475
653 0.474578 0.0456306 0.522222 0.0529475
654 0.474433 0.0456473 0.522222 0.0529475
655 0.474058 0.0456496 0.522222 0.0529475
656 0.474194 0.0455792 0.522222 0.0529475
657 0.475109 0.0455464 0.522222 0.0529475
658 0.475093 0.0455356 0.522222 0.0529475
659 0.474866 0.0455075 0.522222 0.0529475
660 0.474352 0.0455048 0.522222 0.0529475
661 0.474573 0.045583 0.522222 0.0529475
662 0.475454 0.0455999 0.522222 0.0529475
663 0.475929 0.0455398 0.522222 0.0529475
664 0.475338 0.0455537 0.522222 0.0529475
665 0.474372 0.0455641 0.522222 0.0529475
666 0.474846 0.0455664 0.522222 0.0529475
667 0.47575 0.0455381 0.522222 0.0529475
668 0.476017 0.045515 0.522222 0.0529475
669 0.476147 0.0454779 0.522222 0.0529475
670 0.475963 0.0455244 0.522222 0.0529475
671 0.476669 0.0454904 0.522222 0.0529475
672 0.477706 0.0456023 0.522222 0.0529475
673 0.477685 0.0456078 0.522222 0.0529475
674 0.477787 0.045642 0.522222 0.0529475
675 0.477944 0.0455948 0.522222 0.0529475
676 0.478037 0.0456636 0.522222 0.0529475
677 0.477882 0.045642 0.522222 0.0529475
678 0.477891 0.0456027 0.522222 0.0529475
679 0.477915 0.0456202 0.522222 0.0529475
680 0.478269 0.045641 0.522222 0.0529475
681 0.478731 0.0455488 0.522222 0.0529475
682 0.478731 0.0456224 0.522222 0.0529475
683 0.47865 0.0455957 0.522222 0.0529475
684 0.479235 0.0456214 0.522222 0.0529475
685 0.479699 0.0456117 0.522222 0.0529475
686 0.479861 0.045542 0.522222 0.0529475
687 0.481052 0.0454941 0.522222 0.0529475
688 0.480234 0.0455657 0.522222 0.0529475
689 0.480094 0.0456119 0.522222 0.0529475
690 0.480237 0.0456865 0.522222 0.0529475
691 0.480932 0.0456187 0.522222 0.0529475
692 0.480944 0.0456288 0.522222 0.0529475
693 0.481155 0.0455578 0.522222 0.0529475
694 0.480353 0.0456565 0.522222 0.0529475
695 0.481338 0.0456374 0.511111 0.0529868
696 0.479951 0.0457142 0.522222 0.0529475
697 0.479008 0.0457105 0.522222 0.0529475
698 0.479709 0.0457102 0.522222 0.0529475
699 0.480387 0.0456953 0.522222 0.0529475
700 0.479581 0.0457585 0.522222 0.0529475
701 0.479776 0.0457083 0.522222 0.0529475
702 0.479436 0.0457272 0.522222 0.0529475
703 0.479811 0.0457247 0.522222 0.0529475
704 0.478637 0.0456589 0.522222 0.0529475
705 0.478395 0.0456399 0.522222 0.0529475
706 0.478639 0.0456479 0.522222 0.0529475
707 0.478413 0.045671 0.522222 0.0529475
708 0.479113 0.0456984 0.522222 0.0529475
709 0.478716 0.0456471 0.522222 0.0529475
710 0.478772 0.0456091 0.522222 0.0529475
711 0.478644 0.0456507 0.522222 0.0529475
712 0.478898 0.0455836 0.522222 0.0529475
713 0.479295 0.0456199 0.522222 0.0529475
714 0.479833 0.0456747 0.522222 0.0529475
715 0.48019 0.0456586 0.522222 0.0529475
716 0.4805 0.0456979 0.522222 0.0529475
717 0.480098 0.0456943 0.522222 0.0529475
718 0.4804 0.0456817 0.522222 0.0529475
719 0.480925 0.0456092 0.522222 0.0529475
720 0.4811 0.0456398 0.522222 0.0529475
721 0.481615 0.0455859 0.522222 0.0529475
722 0.481512 0.0457362 0.522222 0.0529475
723 0.480952 0.0456873 0.522222 0.0529475
724 0.480357 0.0456763 0.522222 0.0529475
725 0.480409 0.0457268 0.522222 0.0529475
726 0.479515 0.045753 0.522222 0.0529475
727 0.48005 0.0456558 0.522222 0.0529475
728 0.480034 0.0457543 0.522222 0.0529475
729 0.480712 0.0456428 0.522222 0.0529475
730 0.480625 0.0456214 0.522222 0.0529475
731 0.480049 0.0455816 0.522222 0.0529475
732 0.480424 0.0457125 0.522222 0.0529475
733 0.480197 0.0456824 0.522222 0.0529475
734 0.479918 0.0457566 0.522222 0.0529475
735 0.480478 0.0455985 0.522222 0.0529475
736 0.480041 0.0455663 0.522222 0.0529475
737 0.479738 0.045548 0.522222 0.0529475
738 0.479641 0.0455547 0.522222 0.0529475
739 0.480176 0.0455149 0.522222 0.0529475
740 0.480803 0.045644 0.522222 0.0529475
741 0.479707 0.045624 0.522222 0.0529475
742 0.479883 0.045649 0.522222 0.0529475
743 0.480458 0.0455885 0.522222 0.0529475
744 0.480809 0.0455772 0.522222 0.0529475
745 0.480674 0.0456833 0.522222 0.0529475
746 0.481342 0.0455812 0.522222 0.0529475
747 0.482248 0.0456147 0.522222 0.0529475
748 0.482864 0.0456329 0.522222 0.0529475
749 0.482691 0.045608 0.522222 0.0529475
750 0.482809 0.0456429 0.522222 0.0529475
751 0.482518 0.0456748 0.522222 0.0529475
752 0.482773 0.0456557 0.522222 0.0529475
753 0.482959 0.0455902 0.522222 0.0529475
754 0.483505 0.0455544 0.522222 0.0529475
755 0.482716 0.0454537 0.522222 0.0529475
756 0.481943 0.0454632 0.522222 0.0529475
757 0.482304 0.0454262 0.522222 0.0529475
758 0.482543 0.0455287 0.522222 0.0529475
759 0.482383 0.0454309 0.522222 0.0529475
760 0.483235 0.0454662 0.511111 0.0529868
761 0.482736 0.0454535 0.522222 0.0529475
762 0.481742 0.0455057 0.522222 0.0529475
763 0.481452 0.0454947 0.522222 0.0529475
764 0.481547 0.0455056 0.522222 0.0529475
765 0.481377 0.0455607 0.522222 0.0529475
766 0.481307 0.0455506 0.522222 0.0529475
767 0.481142 0.0455191 0.522222 0.0529475
768 0.480269 0.0455209 0.522222 0.0529475
769 0.481656 0.045481 0.522222 0.0529475
770 0.482235 0.0454846 0.522222 0.0529475
771 0.483263 0.0454373 0.522222 0.0529475
772 0.482584 0.0454638 0.522222 0.0529475
773 0.482713 0.0454542 0.522222 0.0529475
774 0.483369 0.0454251 0.522222 0.0529475
775 0.483933 0.0453667 0.522222 0.0529475
776 0.484996 0.0454011 0.522222 0.0529475
777 0.484805 0.0453589 0.522222 0.0529475
778 0.483253 0.0454574 0.522222 0.0529475
779 0.482287 0.0454079 0.522222 0.0529475
780 0.481863 0.0454019 0.522222 0.0529475
781 0.48115 0.0453627 0.522222 0.0529475
782 0.481343 0.0454153 0.522222 0.0529475
783 0.482426 0.0454817 0.522222 0.0529475
784 0.482251 0.0454523 0.522222 0.0529475
785 0.482954 0.0454373 0.522222 0.0529475
786 0.483234 0.0453925 0.522222 0.0529475
787 0.48308 0.045393 0.522222 0.0529475
788 0.482109 0.0454484 0.522222 0.0529475
789 0.483079 0.0454203 0.522222 0.0529475
790 0.48283 0.045415 0.522222 0.0529475
791 0.482249 0.0454211 0.522222 0.0529475
792 0.482123 0.0454836 0.522222 0.0529475
793 0.482376 0.0454373 0.522222 0.0529475
794 0.481712 0.0455068 0.522222 0.0529475
795 0.481595 0.0453635 0.522222 0.0529475
796 0.481258 0.0454597 0.522222 0.0529475
797 0.481364 0.0454964 0.522222 0.0529475
798 0.481668 0.0454979 0.522222 0.0529475
799 0.481366 0.0454888 0.522222 0.0529475
800 0.481581 0.0454845 0.522222 0.0529475
801 0.481387 0.0455202 0.522222 0.0529475
802 0.482048 0.0455697 0.522222 0.0529475
803 0.482345 0.0454719 0.522222 0.0529475
804 0.48403 0.0453589 0.522222 0.0529475
805 0.48397 0.0453777 0.522222 0.0529475
806 0.483501 0.0452907 0.522222 0.0529475
807 0.482741 0.0452693 0.522222 0.0529475
808 0.48344 0.0452841 0.522222 0.0529475
809 0.483004 0.0451994 0.522222 0.0529475
810 0.483391 0.0452484 0.522222 0.0529475
811 0.482726 0.0452566 0.522222 0.0529475
812 0.483179 0.0452462 0.522222 0.0529475
813 0.483689 0.0452335 0.522222 0.0529475
814 0.483759 0.0453101 0.522222 0.0529475
815 0.483032 0.0453154 0.522222 0.0529475
816 0.483122 0.0453492 0.522222 0.0529475
817 0.484147 0.0452841 0.522222 0.0529475
818 0.483548 0.0453501 0.522222 0.0529475
819 0.483551 0.0452805 0.522222 0.0529475
820 0.482527 0.0452994 0.522222 0.0529475
821 0.482107 0.0452659 0.522222 0.0529475
822 0.482087 0.0453318 0.522222 0.0529475
823 0.482055 0.0453156 0.522222 0.0529475
824 0.482249 0.0453441 0.522222 0.0529475
825 0.481902 0.0453192 0.522222 0.0529475
826 0.481851 0.045334 0.522222 0.0529475
827 0.481483 0.0453375 0.522222 0.0529475
828 0.481113 0.0453536 0.522222 0.0529475
829 0.480987 0.0453511 0.522222 0.0529475
830 0.480944 0.0454207 0.522222 0.0529475
831 0.479327 0.0453976 0.522222 0.0529475
832 0.479128 0.0453503 0.522222 0.0529475
833 0.478769 0.045427 0.522222 0.0529475
834 0.478949 0.0454324 0.522222 0.0529475
835 0.478313 0.0454247 0.522222 0.0529475
836 0.478919 0.0454374 0.522222 0.0529475
837 0.479466 0.0454532 0.522222 0.0529475
838 0.479087 0.0454758 0.522222 0.0529475
839 0.479589 0.0454169 0.522222 0.0529475
840 0.479538 0.0454307 0.522222 0.0529475
841 0.479686 0.0454725 0.522222 0.0529475
842 0.480129 0.0455509 0.522222 0.0529475
843 0.479705 0.0455475 0.522222 0.0529475
844 0.479436 0.0455923 0.522222 0.0529475
845 0.479468 0.0456052 0.522222 0.0529475
846 0.479152 0.045536 0.522222 0.0529475
847 0.479682 0.0454872 0.522222 0.0529475
848 0.479405 0.0455214 0.522222 0.0529475
849 0.478502 0.0454644 0.522222 0.0529475
850 0.478226 0.0454677 0.522222 0.0529475
851 0.477937 0.045424 0.522222 0.0529475
852 0.477632 0.0454833 0.522222 0.0529475
853 0.477107 0.0454345 0.522222 0.0529475
854 0.477607 0.0454281 0.522222 0.0529475
855 0.477333 0.0453905 0.522222 0.0529475
856 0.478322 0.0453888 0.522222 0.0529475
857 0.478414 0.0453945 0.522222 0.0529475
858 0.479227 0.0454544 0.522222 0.0529475
859 0.478758 0.0454006 0.522222 0.0529475
860 0.4792 0.0454219 0.522222 0.0529475
861 0.478307 0.0454247 0.522222 0.0529475
862 0.477918 0.0454384 0.522222 0.0529475
863 0.478218 0.0454383 0.522222 0.0529475
864 0.478245 0.0454423 0.522222 0.0529475
865 0.478882 0.0454016 0.522222 0.0529475
866 0.479438 0.045393 0.522222 0.0529475
867 0.479374 0.0454095 0.522222 0.0529475
868 0.479808 0.0453876 0.522222 0.0529475
869 0.479169 0.0453464 0.522222 0.0529475
870 0.480041 0.0453648 0.522222 0.0529475
871 0.480269 0.0454037 0.522222 0.0529475
872 0.480216 0.0454214 0.522222 0.0529475
873 0.480508 0.0454249 0.522222 0.0529475
874 0.47975 0.045448 0.522222 0.0529475
875 0.480203 0.0454364 0.522222 0.0529475
876 0.479912 0.0455102 0.522222 0.0529475
877 0.479713 0.04554 0.522222 0.0529475
878 0.480463 0.0455469 0.522222 0.0529475
879 0.479418 0.0455255 0.522222 0.0529475
880 0.479401 0.0455985 0.522222 0.0529475
881 0.478855 0.0455353 0.522222 0.0529475
882 0.478665 0.045521 0.522222 0.0529475
883 0.477823 0.0454682 0.522222 0.0529475
884 0.476813 0.0454688 0.522222 0.0529475
885 0.477226 0.0455839 0.522222 0.0529475
886 0.477307 0.0455978 0.522222 0.0529475
887 0.477953 0.0455823 0.522222 0.0529475
888 0.477048 0.0456261 0.522222 0.0529475
889 0.477086 0.0456017 0.522222 0.0529475
890 0.476983 0.0455993 0.522222 0.0529475
891 0.477076 0.0456072 0.522222 0.0529475
892 0.478302 0.0456873 0.522222 0.0529475
893 0.477586 0.0456241 0.522222 0.0529475
894 0.47824 0.045696 0.522222 0.0529475
895 0.478697 0.0457092 0.522222 0.0529475
896 0.478754 0.0457536 0.522222 0.0529475
897 0.479246 0.0456836 0.522222 0.0529475
898 0.479213 0.0457097 0.522222 0.0529475
899 0.47768 0.0457432 0.522222 0.0529475
900 0.477673 0.0458053 0.522222 0.0529475
901 0.477495 0.0456773 0.522222 0.0529475
902 0.478062 0.0456928 0.522222 0.0529475
903 0.478894 0.0457037 0.522222 0.0529475
904 0.478467 0.045741 0.522222 0.0529475
905 0.477651 0.0456883 0.522222 0.0529475
906 0.478129 0.0457576 0.522222 0.0529475
907 0.478564 0.045693 0.522222 0.0529475
908 0.478882 0.0457578 0.522222 0.0529475
909 0.478056 0.0457509 0.522222 0.0529475
910 0.478378 0.0457489 0.522222 0.0529475
911 0.478736 0.0457221 0.522222 0.0529475
912 0.478312 0.045704 0.522222 0.0529475
913 0.47867 0.0456455 0.522222 0.0529475
914 0.479089 0.0456297 0.522222 0.0529475
915 0.477761 0.0456095 0.522222 0.0529475
916 0.476836 0.0457149 0.522222 0.0529475
917 0.476831 0.0456354 0.522222 0.0529475
918 0.476632 0.0456155 0.522222 0.0529475
919 0.476331 0.0455645 0.522222 0.0529475
920 0.475585 0.0454796 0.522222 0.0529475
921 0.475602 0.0454928 0.522222 0.0529475
922 0.475055 0.0455783 0.522222 0.0529475
923 0.475239 0.0456215 0.522222 0.0529475
924 0.475544 0.0457311 0.522222 0.0529475
925 0.475634 0.045755 0.522222 0.0529475
926 0.475617 0.0457677 0.522222 0.0529475
927 0.476054 0.0457774 0.522222 0.0529475
928 0.476105 0.0457094 0.522222 0.0529475
929 0.475769 0.0455841 0.522222 0.0529475
930 0.47637 0.0455774 0.522222 0.0529475
931 0.476168 0.045519 0.522222 0.0529475
932 0.477686 0.0455694 0.522222 0.0529475
933 0.47622 0.0454343 0.522222 0.0529475
934 0.475311 0.0454315 0.522222 0.0529475
935 0.475218 0.0453131 0.522222 0.0529475
936 0.475394 0.045318 0.522222 0.0529475
937 0.475275 0.0452505 0.522222 0.0529475
938 0.475134 0.0452481 0.522222 0.0529475
939 0.476095 0.0452446 0.522222 0.0529475
940 0.477047 0.0452381 0.522222 0.0529475
941 0.475886 0.0451497 0.522222 0.0529475
942 0.474737 0.0451594 0.522222 0.0529475
943 0.474729 0.0451688 0.522222 0.0529475
944 0.474332 0.0450573 0.522222 0.0529475
945 0.475583 0.0451052 0.522222 0.0529475
946 0.476756 0.045255 0.522222 0.0529475
947 0.476697 0.045232 0.522222 0.0529475
948 0.476564 0.0453514 0.522222 0.0529475
949 0.47546 0.0453117 0.522222 0.0529475
950 0.475974 0.045389 0.522222 0.0529475
951 0.476998 0.0453725 0.522222 0.0529475
952 0.476843 0.0453504 0.522222 0.0529475
953 0.47669 0.0452624 0.522222 0.0529475
954 0.477165 0.0452912 0.522222 0.0529475
955 0.477167 0.0453163 0.522222 0.0529475
956 0.476619 0.0453438 0.522222 0.0529475
957 0.476123 0.0452484 0.522222 0.0529475
958 0.475922 0.0453211 0.522222 0.0529475
959 0.476841 0.0453794 0.522222 0.0529475
960 0.476527 0.0453449 0.522222 0.0529475
961 0.476699 0.0452982 0.522222 0.0529475
962 0.476815 0.0452872 0.522222 0.0529475
963 0.477922 0.0453884 0.522222 0.0529475
964 0.477299 0.0453811 0.522222 0.0529475
965 0.476878 0.0453335 0.522222 0.0529475
966 0.477638 0.0453472 0.522222 0.0529475
967 0.478426 0.045288 0.522222 0.0529475
968 0.477915 0.0452639 0.522222 0.0529475
969 0.479067 0.0452646 0.522222 0.0529475
970 0.479377 0.0452029 0.522222 0.0529475
971 0.479868 0.0452776 0.522222 0.0529475
972 0.479075 0.0452849 0.522222 0.0529475
973 0.480021 0.0452439 0.522222 0.0529475
974 0.480166 0.0452453 0.522222 0.0529475
975 0.480023 0.0453219 0.522222 0.0529475
976 0.479793 0.0453444 0.522222 0.0529475
977 0.479278 0.0452925 0.522222 0.0529475
978 0.479307 0.0452647 0.522222 0.0529475
979 0.479286 0.0453147 0.522222 0.0529475
980 0.47882 0.0453117 0.522222 0.0529475
981 0.478929 0.0453183 0.522222 0.0529475
982 0.479544 0.0453042 0.522222 0.0529475
983 0.480427 0.045295 0.522222 0.0529475
984 0.480009 0.0453504 0.522222 0.0529475
985 0.479714 0.0452111 0.522222 0.0529475
986 0.47917 0.0452364 0.522222 0.0529475
987 0.479033 0.0452865 0.522222 0.0529475
988 0.478881 0.0452962 0.522222 0.0529475
989 0.478434 0.0452123 0.522222 0.0529475
990 0.478809 0.0451648 0.522222 0.0529475
991 0.478747 0.0452417 0.522222 0.0529475
992 0.47794 0.0452923 0.522222 0.0529475
993 0.478532 0.0452742 0.522222 0.0529475
994 0.478701 0.0453414 0.522222 0.0529475
995 0.478607 0.0452798 0.522222 0.0529475
996 0.478815 0.0453314 0.522222 0.0529475
997 0.478948 0.0452758 0.522222 0.0529475
998 0.480055 0.0453076 0.522222 0.0529475
999 0.479892 0.0453689 0.522222 0.0529475
