#sample=989
0 0.00132905 0.000221401 1 0
1 0.00108685 3.88453e-05 1 0
2 0.0015495 0.000488989 0.998989 0.00101112
3 0.00111582 3.96503e-05 1 0
4 0.00167441 0.000498593 0.998989 0.00101112
5 0.00184477 0.000610626 0.998989 0.00101112
6 0.00168183 0.000535574 0.998989 0.00101112
7 0.00184615 0.000488375 0.998989 0.00101112
8 0.00175232 0.000406194 0.998989 0.00101112
9 0.00144721 0.000182432 1 0
10 0.00167444 0.000334493 1 0
11 0.00181442 0.000406281 0.998989 0.00101112
12 0.00160334 0.000110905 1 0
13 0.00165401 7.9354e-05 1 0
14 0.00186826 0.000204429 1 0
15 0.00179527 6.08122e-05 1 0
16 0.00212901 0.000279362 1 0
17 0.00228543 0.00031328 1 0
18 0.00256134 0.000464255 0.998989 0.00101112
19 0.0024724 0.000250329 1 0
20 0.00309457 0.000580206 0.998989 0.00101112
21 0.00346963 0.000735952 0.997978 0.00142922
22 0.0029909 0.000346995 0.998989 0.00101112
23 0.00282861 8.88158e-05 1 0
24 0.00299099 9.86746e-05 1 0
25 0.00394574 0.000631435 0.997978 0.00142922
26 0.00399166 0.000742866 0.998989 0.00101112
27 0.00387932 0.000478093 0.998989 0.00101112
28 0.00445712 0.000666369 0.997978 0.00142922
29 0.00434715 0.000467934 1 0
30 0.00438187 0.000494967 0.998989 0.00101112
31 0.00519551 0.000825444 0.997978 0.00142922
32 0.00464013 0.000367006 0.998989 0.00101112
33 0.00522858 0.000642191 0.998989 0.00101112
34 0.00483661 0.000195602 1 0
35 0.00497716 0.00019014 1 0
36 0.0055281 0.000484727 0.998989 0.00101112
37 0.00543776 0.000240116 1 0
38 0.00558662 0.000220706 1 0
39 0.00651003 0.000690422 0.997978 0.00142922
40 0.00625181 0.00045058 0.998989 0.00101112
41 0.00681303 0.000602612 0.997978 0.00142922
42 0.00684142 0.000553622 0.998989 0.00101112
43 0.00724118 0.000748339 0.998989 0.00101112
44 0.00726486 0.000502108 0.998989 0.00101112
45 0.00692232 0.00021089 1 0
46 0.0078773 0.000740775 0.998989 0.00101112
47 0.00737285 0.000232183 1 0
48 0.00820474 0.000573471 0.998989 0.00101112
49 0.00847081 0.000642388 0.998989 0.00101112
50 0.00886451 0.00072451 0.997978 0.00142922
51 0.00854115 0.000444308 0.998989 0.00101112
52 0.00838394 0.000252249 1 0
53 0.0089484 0.00040379 1 0
54 0.0096536 0.000659522 0.997978 0.00142922
55 0.00961796 0.000649937 0.998989 0.00101112
56 0.00977976 0.000501238 0.998989 0.00101112
57 0.0101168 0.000582084 0.997978 0.00142922
58 0.0104087 0.000776503 0.998989 0.00101112
59 0.0104404 0.000595618 0.998989 0.00101112
60 0.0109233 0.000690885 0.997978 0.00142922
61 0.0109106 0.000655386 0.998989 0.00101112
62 0.0110002 0.000557276 0.998989 0.00101112
63 0.0114932 0.00063335 0.997978 0.00142922
64 0.0121655 0.000896287 0.997978 0.00142922
65 0.0124286 0.000998702 0.997978 0.00142922
66 0.0118753 0.000557749 0.998989 0.00101112
67 0.012302 0.000682587 0.998989 0.00101112
68 0.012896 0.000852084 0.997978 0.00142922
69 0.0130125 0.000796869 0.997978 0.00142922
70 0.0130529 0.000669229 0.998989 0.00101112
71 0.0134827 0.000736137 0.997978 0.00142922
72 0.013001 0.000432273 1 0
73 0.0135668 0.000546715 0.998989 0.00101112
74 0.0137074 0.000509376 1 0
75 0.0141096 0.000680638 0.998989 0.00101112
76 0.0148563 0.000887848 0.997978 0.00142922
77 0.0150406 0.000779883 0.998989 0.00101112
78 0.0148991 0.000602556 1 0
79 0.0154787 0.000793284 0.998989 0.00101112
80 0.0153632 0.000530393 1 0
81 0.0159009 0.000618345 1 0
82 0.0165599 0.000775374 0.998989 0.00101112
83 0.0170466 0.00103263 0.997978 0.00142922
84 0.0165365 0.000599075 1 0
85 0.0170856 0.000821597 0.998989 0.00101112
86 0.0170125 0.000612262 1 0
87 0.0177057 0.000774876 0.998989 0.00101112
88 0.0182905 0.000932129 0.997978 0.00142922
89 0.0184876 0.000754928 0.998989 0.00101112
90 0.0192494 0.000965021 0.997978 0.00142922
91 0.0189779 0.000709184 1 0
92 0.0200992 0.00107131 0.997978 0.00142922
93 0.020796 0.00110262 0.997978 0.00142922
94 0.0208691 0.000985549 0.997978 0.00142922
95 0.0213816 0.00105458 0.997978 0.00142922
96 0.0212627 0.000897609 0.998989 0.00101112
97 0.0216669 0.000885483 0.998989 0.00101112
98 0.0218186 0.000766887 0.998989 0.00101112
99 0.0229844 0.00106434 0.998989 0.00101112
100 0.0239086 0.00104639 0.997978 0.00142922
101 0.0249059 0.00122234 0.996967 0.00174954
102 0.0254348 0.00115686 0.996967 0.00174954
103 0.0263431 0.00128442 0.996967 0.00174954
104 0.0265603 0.00118859 0.996967 0.00174954
105 0.0275737 0.00129176 0.996967 0.00174954
106 0.0290611 0.00155766 0.995956 0.00201917
107 0.029602 0.00154452 0.995956 0.00201917
108 0.0301323 0.00144165 0.994944 0.00225636
109 0.0311611 0.00162391 0.994944 0.00225636
110 0.0312985 0.00150903 0.994944 0.00225636
111 0.0324758 0.00162718 0.993933 0.00247046
112 0.0334509 0.00175534 0.991911 0.00284974
113 0.0344686 0.00184435 0.991911 0.00284974
114 0.0351247 0.00176339 0.991911 0.00284974
115 0.036551 0.001979 0.993933 0.00247046
116 0.037384 0.00193659 0.989889 0.00318285
117 0.0382036 0.00193916 0.988878 0.0033365
118 0.0391848 0.002011 0.9909 0.00302106
119 0.0399848 0.00203545 0.989889 0.00318285
120 0.0411837 0.00209781 0.989889 0.00318285
121 0.0421526 0.00209215 0.9909 0.00302106
122 0.0436159 0.00218919 0.986855 0.00362345
123 0.0445959 0.00222592 0.986855 0.00362345
124 0.0451479 0.00223125 0.982811 0.00413507
125 0.0464147 0.00223651 0.982811 0.00413507
126 0.0469993 0.00227947 0.982811 0.00413507
127 0.0481945 0.00230167 0.9818 0.00425276
128 0.049553 0.00229496 0.983822 0.00401367
129 0.0506805 0.00235336 0.983822 0.00401367
130 0.0520558 0.00239118 0.982811 0.00413507
131 0.0536371 0.00246517 0.982811 0.00413507
132 0.0549519 0.00249095 0.980789 0.00436705
133 0.0566113 0.00259939 0.979778 0.00447819
134 0.0582995 0.00264398 0.978766 0.00458641
135 0.059623 0.00270601 0.976744 0.00479488
136 0.0612802 0.00274547 0.974722 0.00499383
137 0.0624011 0.002761 0.973711 0.00509009
138 0.0642307 0.0028479 0.973711 0.00509009
139 0.0661149 0.00288268 0.968655 0.00554356
140 0.0683496 0.00295321 0.967644 0.00562932
141 0.0700452 0.00298153 0.964611 0.00587805
142 0.0721393 0.00303465 0.965622 0.00579651
143 0.0734152 0.00310608 0.964611 0.00587805
144 0.0748548 0.00318776 0.960566 0.00619183
145 0.0767303 0.00327822 0.960566 0.00619183
146 0.0781113 0.00325729 0.956522 0.00648791
147 0.0801825 0.00327232 0.956522 0.00648791
148 0.0815753 0.00331512 0.955511 0.00655945
149 0.0843695 0.0034392 0.952477 0.00676861
150 0.0867668 0.00346654 0.949444 0.00697016
151 0.0885815 0.00347117 0.952477 0.00676861
152 0.0909771 0.00353862 0.946411 0.00716475
153 0.0935737 0.00360065 0.938322 0.00765357
154 0.0964119 0.00369479 0.935288 0.00782683
155 0.098602 0.00374144 0.933266 0.00793959
156 0.100704 0.00376756 0.933266 0.00793959
157 0.102414 0.00380476 0.933266 0.00793959
158 0.104055 0.0038457 0.930233 0.00810483
159 0.106015 0.00395541 0.931244 0.00805025
160 0.108419 0.00399065 0.926188 0.0083183
161 0.109409 0.0040053 0.92821 0.00821251
162 0.111919 0.00405938 0.922144 0.00852448
163 0.113994 0.00413417 0.922144 0.00852448
164 0.116493 0.00418913 0.916077 0.00882121
165 0.118505 0.00422767 0.916077 0.00882121
166 0.12089 0.00428283 0.91001 0.00910419
167 0.122766 0.00435426 0.899899 0.00954856
168 0.12495 0.00440391 0.90091 0.00950555
169 0.126521 0.00443142 0.899899 0.00954856
170 0.128317 0.00447918 0.888777 0.0100027
171 0.130167 0.00451496 0.888777 0.0100027
172 0.132398 0.00456805 0.886754 0.0100817
173 0.134953 0.00462652 0.881699 0.0102749
174 0.137504 0.00466552 0.877654 0.010425
175 0.139658 0.0046817 0.870576 0.010679
176 0.142 0.00474412 0.871587 0.0106434
177 0.14429 0.00475696 0.861476 0.0109902
178 0.145885 0.00478732 0.85541 0.0111887
179 0.147515 0.00480934 0.853387 0.0112533
180 0.149168 0.00481998 0.851365 0.0113172
181 0.151467 0.00487029 0.847321 0.0114429
182 0.154108 0.00492305 0.846309 0.0114739
183 0.155969 0.00495261 0.83822 0.0117155
184 0.157479 0.00496597 0.841254 0.0116262
185 0.159916 0.00500425 0.832154 0.0118899
186 0.162538 0.00506254 0.826087 0.0120587
187 0.164724 0.00510214 0.825076 0.0120863
188 0.16656 0.00515134 0.822042 0.0121682
189 0.169346 0.0051891 0.816987 0.0123018
190 0.17082 0.00522048 0.811931 0.012432
191 0.173094 0.00525927 0.81092 0.0124576
192 0.176103 0.0053184 0.807887 0.0125336
193 0.177837 0.00534504 0.804853 0.0126084
194 0.179975 0.00539415 0.799798 0.0127305
195 0.182532 0.00545066 0.791709 0.0129193
196 0.183759 0.00547824 0.789687 0.0129653
197 0.185501 0.00550467 0.791709 0.0129193
198 0.188232 0.00554754 0.779575 0.0131881
199 0.19059 0.00555399 0.778564 0.0132097
200 0.192212 0.00558765 0.776542 0.0132526
201 0.193511 0.0056023 0.775531 0.0132739
202 0.196151 0.00563872 0.771486 0.013358
203 0.199798 0.00570343 0.763397 0.0135209
204 0.201641 0.00573046 0.766431 0.0134606
205 0.204154 0.00575583 0.759353 0.0135998
206 0.206668 0.00579551 0.754297 0.0136961
207 0.208764 0.00583683 0.746208 0.0138449
208 0.21034 0.00588133 0.744186 0.0138811
209 0.212652 0.00592481 0.742164 0.0139169
210 0.214592 0.00595996 0.736097 0.014022
211 0.21676 0.00598268 0.73913 0.0139699
212 0.218769 0.00601045 0.736097 0.014022
213 0.221002 0.00606523 0.726997 0.0141733
214 0.222485 0.00611106 0.73003 0.0141237
215 0.224863 0.00613006 0.721941 0.0142541
216 0.226537 0.00615609 0.717897 0.0143171
217 0.229209 0.00618438 0.71183 0.014409
218 0.230563 0.00621543 0.707786 0.0144685
219 0.2328 0.0062764 0.703741 0.0145266
220 0.234345 0.00629047 0.70273 0.0145409
221 0.237229 0.00633016 0.696663 0.014625
222 0.239366 0.00634578 0.699697 0.0145833
223 0.240423 0.00633599 0.698686 0.0145973
224 0.243296 0.00637232 0.69363 0.0146659
225 0.245332 0.00639067 0.692619 0.0146794
226 0.247744 0.00641528 0.688574 0.0147324
227 0.25073 0.00643712 0.682508 0.0148096
228 0.253613 0.00648174 0.674419 0.0149079
229 0.255039 0.0064785 0.673407 0.0149198
230 0.257497 0.00649547 0.671385 0.0149435
231 0.25935 0.00651029 0.669363 0.0149668
232 0.26167 0.00652864 0.667341 0.0149898
233 0.263298 0.006548 0.660263 0.0150679
234 0.265014 0.00655753 0.653185 0.0151422
235 0.266787 0.00659279 0.660263 0.0150679
236 0.268408 0.0066238 0.658241 0.0150895
237 0.270411 0.00664254 0.656218 0.0151108
238 0.27221 0.0066476 0.652174 0.0151525
239 0.274615 0.00667678 0.644085 0.0152323
240 0.276932 0.00669195 0.645096 0.0152226
241 0.27942 0.00672872 0.645096 0.0152226
242 0.281204 0.00674489 0.642063 0.0152515
243 0.282947 0.00675386 0.645096 0.0152226
244 0.285514 0.00677917 0.632963 0.0153344
245 0.287546 0.00680941 0.63094 0.015352
246 0.289337 0.00683925 0.63094 0.015352
247 0.290535 0.00685015 0.623862 0.0154113
248 0.292771 0.00687416 0.622851 0.0154195
249 0.294617 0.00689724 0.618807 0.0154515
250 0.296432 0.00690757 0.617796 0.0154594
251 0.298026 0.00692503 0.619818 0.0154436
252 0.300551 0.00694657 0.608696 0.0155267
253 0.302369 0.00697384 0.607685 0.0155338
254 0.303547 0.00698284 0.60364 0.0155616
255 0.305407 0.00700774 0.599596 0.0155884
256 0.306959 0.00702505 0.59454 0.0156202
257 0.308669 0.00704032 0.59454 0.0156202
258 0.310226 0.0070531 0.591507 0.0156385
259 0.312106 0.00707805 0.586451 0.0156675
260 0.313771 0.00709584 0.587462 0.0156619
261 0.315766 0.00712546 0.577351 0.0157156
262 0.316375 0.00713018 0.581395 0.0156949
263 0.317669 0.00714551 0.581395 0.0156949
264 0.318843 0.00716285 0.580384 0.0157002
265 0.320305 0.00719869 0.579373 0.0157054
266 0.322287 0.00722054 0.573306 0.0157352
267 0.324572 0.00724493 0.571284 0.0157446
268 0.32588 0.00727212 0.575329 0.0157256
269 0.328373 0.00729511 0.569262 0.0157538
270 0.329727 0.00730671 0.565217 0.0157712
271 0.3305 0.0073175 0.568251 0.0157582
272 0.331679 0.00733449 0.56724 0.0157626
273 0.333319 0.00734696 0.569262 0.0157538
274 0.334711 0.00734776 0.56724 0.0157626
275 0.335983 0.00737395 0.565217 0.0157712
276 0.337486 0.007396 0.564206 0.0157754
277 0.339333 0.00742753 0.560162 0.0157915
278 0.340333 0.00742985 0.555106 0.0158102
279 0.342373 0.00742905 0.559151 0.0157954
280 0.343135 0.0074354 0.557128 0.0158029
281 0.34487 0.00744158 0.55814 0.0157992
282 0.346429 0.00746915 0.553084 0.0158172
283 0.348216 0.00749454 0.556117 0.0158066
284 0.349803 0.0075112 0.554095 0.0158137
285 0.351027 0.00750058 0.550051 0.0158272
286 0.352146 0.00749757 0.549039 0.0158304
287 0.353172 0.00748839 0.552073 0.0158206
288 0.355087 0.00748986 0.546006 0.0158396
289 0.355939 0.00750678 0.546006 0.0158396
290 0.357183 0.00750444 0.543984 0.0158455
291 0.358132 0.00752625 0.544995 0.0158426
292 0.360318 0.00753605 0.543984 0.0158455
293 0.361025 0.00754245 0.541962 0.015851
294 0.362347 0.00755976 0.536906 0.0158637
295 0.363767 0.00755772 0.537917 0.0158613
296 0.364891 0.00755205 0.535895 0.0158661
297 0.366322 0.00755805 0.533873 0.0158706
298 0.367451 0.00756605 0.535895 0.0158661
299 0.368277 0.00757635 0.533873 0.0158706
300 0.369785 0.00756433 0.529828 0.0158788
301 0.371149 0.00759536 0.534884 0.0158684
302 0.372821 0.00760613 0.528817 0.0158807
303 0.373915 0.00761656 0.530839 0.0158768
304 0.374923 0.00763798 0.527806 0.0158825
305 0.375776 0.00764188 0.523761 0.0158891
306 0.37713 0.00765929 0.52275 0.0158906
307 0.378417 0.00766294 0.525784 0.015886
308 0.37901 0.00767484 0.525784 0.015886
309 0.380283 0.0076768 0.527806 0.0158825
310 0.381521 0.00768345 0.526795 0.0158843
311 0.382727 0.00770369 0.523761 0.0158891
312 0.384146 0.00770943 0.519717 0.0158947
313 0.385099 0.00772042 0.515672 0.0158993
314 0.386478 0.0077201 0.517695 0.0158972
315 0.387358 0.00773114 0.519717 0.0158947
316 0.387915 0.00773793 0.517695 0.0158972
317 0.388663 0.00773567 0.511628 0.0159028
318 0.389982 0.00773992 0.515672 0.0158993
319 0.391012 0.00775136 0.512639 0.015902
320 0.39224 0.00777367 0.510617 0.0159035
321 0.393426 0.00777205 0.510617 0.0159035
322 0.393929 0.00777811 0.510617 0.0159035
323 0.39507 0.00779595 0.509606 0.0159042
324 0.396193 0.00780431 0.509606 0.0159042
325 0.397444 0.0078032 0.508595 0.0159048
326 0.399108 0.00782977 0.506572 0.0159057
327 0.400192 0.00784165 0.505561 0.0159061
328 0.401485 0.00784871 0.506572 0.0159057
329 0.40246 0.00785439 0.503539 0.0159067
330 0.403207 0.0078495 0.502528 0.0159069
331 0.404322 0.00785335 0.500506 0.0159071
332 0.404866 0.00785977 0.493428 0.0159057
333 0.405255 0.00787865 0.49545 0.0159065
334 0.406353 0.0078864 0.49545 0.0159065
335 0.407585 0.00789501 0.497472 0.0159069
336 0.408529 0.00789762 0.49545 0.0159065
337 0.409871 0.00790624 0.494439 0.0159061
338 0.410865 0.00789538 0.490394 0.0159042
339 0.411931 0.00791466 0.491405 0.0159048
340 0.412666 0.00791699 0.489383 0.0159035
341 0.413754 0.00792327 0.491405 0.0159048
342 0.414669 0.00792827 0.484328 0.0158993
343 0.415115 0.00793315 0.487361 0.015902
344 0.416331 0.00794941 0.490394 0.0159042
345 0.417237 0.00795996 0.485339 0.0159003
346 0.417673 0.00796701 0.484328 0.0158993
347 0.418523 0.00797618 0.485339 0.0159003
348 0.419805 0.007982 0.483316 0.0158983
349 0.420508 0.00800128 0.482305 0.0158972
350 0.422037 0.00800491 0.47725 0.0158906
351 0.422809 0.00801003 0.484328 0.0158993
352 0.423852 0.00801843 0.481294 0.015896
353 0.424795 0.00801517 0.485339 0.0159003
354 0.425883 0.00802438 0.481294 0.015896
355 0.426344 0.00803286 0.480283 0.0158947
356 0.427548 0.00803694 0.47725 0.0158906
357 0.428659 0.00805628 0.473205 0.0158843
358 0.4292 0.00803485 0.476239 0.0158891
359 0.429911 0.00805174 0.473205 0.0158843
360 0.431139 0.00806711 0.470172 0.0158788
361 0.431522 0.00806047 0.469161 0.0158768
362 0.43205 0.00806059 0.470172 0.0158788
363 0.433207 0.00807365 0.470172 0.0158788
364 0.433901 0.00805836 0.46815 0.0158748
365 0.433742 0.00807519 0.473205 0.0158843
366 0.434508 0.00807154 0.473205 0.0158843
367 0.434739 0.00805965 0.472194 0.0158825
368 0.435479 0.00804921 0.470172 0.0158788
369 0.436611 0.00805725 0.470172 0.0158788
370 0.437041 0.00806061 0.467139 0.0158727
371 0.437275 0.00805928 0.466127 0.0158706
372 0.437129 0.0080566 0.46815 0.0158748
373 0.4383 0.00806146 0.466127 0.0158706
374 0.43937 0.00806667 0.464105 0.0158661
375 0.440068 0.00807606 0.462083 0.0158613
376 0.440664 0.00808234 0.460061 0.0158563
377 0.440997 0.00808721 0.461072 0.0158588
378 0.442137 0.00809772 0.45905 0.0158537
379 0.443183 0.008111 0.458038 0.015851
380 0.443935 0.00813089 0.461072 0.0158588
381 0.444782 0.00811508 0.462083 0.0158613
382 0.4449 0.00813319 0.463094 0.0158637
383 0.445477 0.00812836 0.465116 0.0158684
384 0.445698 0.00814082 0.462083 0.0158613
385 0.446884 0.00814175 0.460061 0.0158563
386 0.44702 0.00815805 0.462083 0.0158613
387 0.447898 0.00816998 0.463094 0.0158637
388 0.448638 0.00816729 0.460061 0.0158563
389 0.449367 0.00816418 0.457027 0.0158483
390 0.449724 0.00818434 0.456016 0.0158455
391 0.450403 0.00817523 0.45905 0.0158537
392 0.450731 0.00817584 0.456016 0.0158455
393 0.451816 0.00818013 0.452983 0.0158366
394 0.451829 0.00817884 0.45905 0.0158537
395 0.452001 0.00816558 0.458038 0.015851
396 0.452332 0.008161 0.458038 0.015851
397 0.452742 0.00816013 0.45905 0.0158537
398 0.452813 0.00815163 0.464105 0.0158661
399 0.45334 0.00815697 0.457027 0.0158483
400 0.454465 0.00815915 0.453994 0.0158396
401 0.455295 0.00814888 0.452983 0.0158366
402 0.455162 0.00815178 0.451972 0.0158336
403 0.456049 0.00815157 0.456016 0.0158455
404 0.456853 0.00816205 0.452983 0.0158366
405 0.457347 0.00816551 0.447927 0.0158206
406 0.457793 0.00817664 0.450961 0.0158304
407 0.457899 0.00818253 0.451972 0.0158336
408 0.458715 0.00817838 0.449949 0.0158272
409 0.458836 0.00817694 0.443883 0.0158066
410 0.459523 0.00817297 0.440849 0.0157954
411 0.46033 0.0081756 0.442872 0.0158029
412 0.461055 0.00817791 0.440849 0.0157954
413 0.461065 0.00818687 0.442872 0.0158029
414 0.46171 0.00817877 0.442872 0.0158029
415 0.461825 0.00816604 0.44186 0.0157992
416 0.462121 0.00816629 0.439838 0.0157915
417 0.46201 0.00817384 0.445905 0.0158137
418 0.462273 0.0081603 0.444894 0.0158102
419 0.462772 0.00817178 0.439838 0.0157915
420 0.46307 0.00817917 0.439838 0.0157915
421 0.463629 0.00818112 0.440849 0.0157954
422 0.464305 0.00818707 0.438827 0.0157876
423 0.464829 0.00818552 0.438827 0.0157876
424 0.465307 0.00817005 0.44186 0.0157992
425 0.466089 0.00816138 0.435794 0.0157754
426 0.466223 0.00815442 0.435794 0.0157754
427 0.466955 0.00815391 0.433771 0.015767
428 0.467498 0.00814609 0.430738 0.0157538
429 0.467254 0.00814842 0.437816 0.0157836
430 0.467709 0.00814646 0.439838 0.0157915
431 0.467685 0.00814665 0.439838 0.0157915
432 0.468352 0.00815955 0.435794 0.0157754
433 0.468717 0.00817016 0.429727 0.0157492
434 0.468371 0.00816639 0.438827 0.0157876
435 0.469453 0.00816258 0.430738 0.0157538
436 0.469771 0.00816192 0.429727 0.0157492
437 0.470159 0.0081554 0.438827 0.0157876
438 0.470909 0.00815941 0.436805 0.0157796
439 0.470781 0.00815889 0.436805 0.0157796
440 0.471751 0.0081545 0.430738 0.0157538
441 0.471416 0.00815423 0.429727 0.0157492
442 0.47245 0.00816085 0.434783 0.0157712
443 0.47303 0.00816206 0.434783 0.0157712
444 0.47301 0.00815393 0.435794 0.0157754
445 0.472949 0.00816744 0.434783 0.0157712
446 0.473516 0.0081681 0.433771 0.015767
447 0.474105 0.00817924 0.436805 0.0157796
448 0.474475 0.00817095 0.431749 0.0157582
449 0.475184 0.00815519 0.43276 0.0157626
450 0.475868 0.00817906 0.433771 0.015767
451 0.475452 0.00816437 0.429727 0.0157492
452 0.476239 0.0081686 0.428716 0.0157446
453 0.475883 0.00815982 0.42366 0.0157206
454 0.476387 0.00816875 0.424671 0.0157256
455 0.476713 0.00816338 0.424671 0.0157256
456 0.477233 0.00817008 0.428716 0.0157446
457 0.477542 0.00815305 0.422649 0.0157156
458 0.477455 0.00817149 0.424671 0.0157256
459 0.477839 0.00816587 0.426694 0.0157352
460 0.478125 0.00818165 0.427705 0.01574
461 0.478994 0.00818626 0.426694 0.0157352
462 0.479414 0.00819031 0.425683 0.0157304
463 0.479427 0.00820226 0.42366 0.0157206
464 0.479307 0.00820969 0.426694 0.0157352
465 0.479524 0.00820836 0.429727 0.0157492
466 0.480142 0.0082022 0.424671 0.0157256
467 0.479991 0.0081851 0.42366 0.0157206
468 0.479666 0.00818362 0.425683 0.0157304
469 0.480173 0.00817938 0.420627 0.0157054
470 0.480173 0.00818628 0.42366 0.0157206
471 0.480459 0.00817214 0.426694 0.0157352
472 0.48084 0.00818185 0.42366 0.0157206
473 0.480647 0.00819336 0.421638 0.0157105
474 0.480745 0.00819357 0.424671 0.0157256
475 0.481532 0.00817655 0.42366 0.0157206
476 0.482417 0.00818209 0.419616 0.0157002
477 0.482846 0.0081761 0.415571 0.0156787
478 0.483272 0.00817144 0.411527 0.0156561
479 0.483234 0.00815674 0.412538 0.0156619
480 0.483862 0.008159 0.411527 0.0156561
481 0.483954 0.00815665 0.411527 0.0156561
482 0.484214 0.00814796 0.411527 0.0156561
483 0.483866 0.00815123 0.413549 0.0156675
484 0.483789 0.00814149 0.415571 0.0156787
485 0.484422 0.00814686 0.411527 0.0156561
486 0.485072 0.00815483 0.408493 0.0156385
487 0.485369 0.00816526 0.413549 0.0156675
488 0.485748 0.00818713 0.410516 0.0156503
489 0.485223 0.00818392 0.412538 0.0156619
490 0.48561 0.0081934 0.41456 0.0156732
491 0.486216 0.00818205 0.410516 0.0156503
492 0.486498 0.00817988 0.413549 0.0156675
493 0.486305 0.00820926 0.422649 0.0157156
494 0.48622 0.00821156 0.417594 0.0156896
495 0.487268 0.00822065 0.415571 0.0156787
496 0.487328 0.00821961 0.418605 0.0156949
497 0.486943 0.00821872 0.422649 0.0157156
498 0.486527 0.00822097 0.416582 0.0156842
499 0.48681 0.00821667 0.417594 0.0156896
500 0.487341 0.00823102 0.421638 0.0157105
501 0.487693 0.00822939 0.419616 0.0157002
502 0.487998 0.00822132 0.416582 0.0156842
503 0.487392 0.00821755 0.420627 0.0157054
504 0.487384 0.00821786 0.419616 0.0157002
505 0.487247 0.00821312 0.415571 0.0156787
506 0.487661 0.00821373 0.416582 0.0156842
507 0.487689 0.0082208 0.411527 0.0156561
508 0.487615 0.00822443 0.415571 0.0156787
509 0.487586 0.00820477 0.415571 0.0156787
510 0.487475 0.00821315 0.412538 0.0156619
511 0.48776 0.0082119 0.411527 0.0156561
512 0.48739 0.00823183 0.416582 0.0156842
513 0.487758 0.00822847 0.415571 0.0156787
514 0.487975 0.00822926 0.413549 0.0156675
515 0.488293 0.0082206 0.415571 0.0156787
516 0.488282 0.00821432 0.417594 0.0156896
517 0.4884 0.0081989 0.419616 0.0157002
518 0.48867 0.00819543 0.418605 0.0156949
519 0.489377 0.00820487 0.412538 0.0156619
520 0.489362 0.00820018 0.407482 0.0156324
521 0.489469 0.00819944 0.40546 0.0156202
522 0.488765 0.00819714 0.410516 0.0156503
523 0.488946 0.00819832 0.408493 0.0156385
524 0.489072 0.0081935 0.410516 0.0156503
525 0.489563 0.00819037 0.41456 0.0156732
526 0.489403 0.00819391 0.41456 0.0156732
527 0.489386 0.00818395 0.415571 0.0156787
528 0.489962 0.00817891 0.412538 0.0156619
529 0.489907 0.00817949 0.413549 0.0156675
530 0.490123 0.00818662 0.412538 0.0156619
531 0.49027 0.00818494 0.411527 0.0156561
532 0.489829 0.00819099 0.410516 0.0156503
533 0.489768 0.00819042 0.413549 0.0156675
534 0.490269 0.00820538 0.413549 0.0156675
535 0.489649 0.00819114 0.415571 0.0156787
536 0.48986 0.00819514 0.410516 0.0156503
537 0.490477 0.00820287 0.413549 0.0156675
538 0.490361 0.00819075 0.404449 0.015614
539 0.490252 0.00819468 0.410516 0.0156503
540 0.490461 0.0082019 0.409505 0.0156444
541 0.490277 0.00818603 0.407482 0.0156324
542 0.490434 0.00819826 0.406471 0.0156263
543 0.490633 0.00819883 0.404449 0.015614
544 0.490994 0.00819302 0.408493 0.0156385
545 0.491263 0.00819044 0.402427 0.0156013
546 0.490799 0.00819386 0.409505 0.0156444
547 0.490843 0.00820293 0.409505 0.0156444
548 0.490439 0.00820326 0.410516 0.0156503
549 0.490623 0.00820724 0.413549 0.0156675
550 0.489796 0.00819956 0.410516 0.0156503
551 0.490175 0.00819234 0.409505 0.0156444
552 0.490616 0.00820555 0.411527 0.0156561
553 0.490694 0.0082146 0.409505 0.0156444
554 0.490783 0.0082266 0.409505 0.0156444
555 0.490722 0.00821999 0.406471 0.0156263
556 0.490473 0.00821145 0.407482 0.0156324
557 0.490929 0.00821175 0.409505 0.0156444
558 0.491153 0.00821842 0.402427 0.0156013
559 0.491934 0.00821646 0.404449 0.015614
560 0.491627 0.0081958 0.403438 0.0156077
561 0.491188 0.008198 0.40546 0.0156202
562 0.491326 0.00820644 0.404449 0.015614
563 0.491538 0.0081967 0.404449 0.015614
564 0.491505 0.00819116 0.40546 0.0156202
565 0.491804 0.00818578 0.404449 0.015614
566 0.491382 0.0081789 0.407482 0.0156324
567 0.49175 0.00818036 0.407482 0.0156324
568 0.491586 0.00819489 0.409505 0.0156444
569 0.491164 0.00819608 0.411527 0.0156561
570 0.491469 0.00819496 0.40546 0.0156202
571 0.491373 0.00819465 0.406471 0.0156263
572 0.490935 0.00818374 0.407482 0.0156324
573 0.491157 0.00817901 0.410516 0.0156503
574 0.490885 0.0081717 0.408493 0.0156385
575 0.491247 0.00817846 0.410516 0.0156503
576 0.491183 0.0081766 0.410516 0.0156503
577 0.491239 0.00817562 0.409505 0.0156444
578 0.491839 0.00817783 0.409505 0.0156444
579 0.491143 0.00819702 0.409505 0.0156444
580 0.491354 0.00819515 0.403438 0.0156077
581 0.492001 0.00818694 0.408493 0.0156385
582 0.491995 0.00818586 0.410516 0.0156503
583 0.492065 0.00819109 0.406471 0.0156263
584 0.491726 0.00819173 0.410516 0.0156503
585 0.492235 0.00819486 0.40546 0.0156202
586 0.492127 0.00820866 0.412538 0.0156619
587 0.492494 0.00822358 0.408493 0.0156385
588 0.492664 0.00822349 0.409505 0.0156444
589 0.492802 0.00821921 0.407482 0.0156324
590 0.493078 0.00823209 0.408493 0.0156385
591 0.493734 0.00823428 0.40546 0.0156202
592 0.494173 0.00823425 0.404449 0.015614
593 0.493781 0.0082308 0.40546 0.0156202
594 0.494126 0.008239 0.400404 0.0155884
595 0.49425 0.00823437 0.402427 0.0156013
596 0.494766 0.00822203 0.399393 0.0155818
597 0.494858 0.00822421 0.401416 0.0155949
598 0.495129 0.00823355 0.398382 0.0155751
599 0.495339 0.00824366 0.399393 0.0155818
600 0.495055 0.00825717 0.399393 0.0155818
601 0.494999 0.00826166 0.399393 0.0155818
602 0.495314 0.00825032 0.397371 0.0155684
603 0.495248 0.00825828 0.398382 0.0155751
604 0.495654 0.00826313 0.400404 0.0155884
605 0.495755 0.00825993 0.398382 0.0155751
606 0.496253 0.00826971 0.394338 0.0155479
607 0.495987 0.00826595 0.392315 0.0155338
608 0.495918 0.00825403 0.39636 0.0155616
609 0.495921 0.00826658 0.398382 0.0155751
610 0.496076 0.00825934 0.39636 0.0155616
611 0.495914 0.00825277 0.398382 0.0155751
612 0.496636 0.00826965 0.392315 0.0155338
613 0.496659 0.00827655 0.397371 0.0155684
614 0.497035 0.00826326 0.391304 0.0155267
615 0.497227 0.0082666 0.395349 0.0155548
616 0.496954 0.00825935 0.395349 0.0155548
617 0.496831 0.00827394 0.395349 0.0155548
618 0.496878 0.00827636 0.394338 0.0155479
619 0.497255 0.00827807 0.395349 0.0155548
620 0.497606 0.00828707 0.395349 0.0155548
621 0.497481 0.008287 0.394338 0.0155479
622 0.49724 0.00829099 0.395349 0.0155548
623 0.496677 0.0082976 0.397371 0.0155684
624 0.497469 0.00828987 0.398382 0.0155751
625 0.49774 0.00828495 0.395349 0.0155548
626 0.497198 0.00827739 0.397371 0.0155684
627 0.496647 0.00828429 0.39636 0.0155616
628 0.49738 0.00827616 0.395349 0.0155548
629 0.497379 0.00826727 0.398382 0.0155751
630 0.497289 0.00827073 0.392315 0.0155338
631 0.497559 0.0082737 0.394338 0.0155479
632 0.497629 0.00827027 0.394338 0.0155479
633 0.49749 0.00826483 0.394338 0.0155479
634 0.497071 0.008269 0.39636 0.0155616
635 0.497117 0.00827725 0.398382 0.0155751
636 0.497219 0.00827123 0.39636 0.0155616
637 0.496799 0.00827525 0.399393 0.0155818
638 0.496712 0.00826916 0.39636 0.0155616
639 0.496905 0.00827433 0.394338 0.0155479
640 0.496384 0.00827587 0.397371 0.0155684
641 0.49713 0.00826076 0.395349 0.0155548
642 0.497328 0.00826077 0.393327 0.0155409
643 0.496959 0.00826932 0.393327 0.0155409
644 0.496881 0.00825419 0.394338 0.0155479
645 0.496812 0.00825685 0.393327 0.0155409
646 0.497075 0.0082457 0.389282 0.0155122
647 0.497762 0.00825951 0.390293 0.0155195
648 0.498312 0.008249 0.392315 0.0155338
649 0.498039 0.00825979 0.389282 0.0155122
650 0.497427 0.00826225 0.394338 0.0155479
651 0.497318 0.00826166 0.393327 0.0155409
652 0.497101 0.00825202 0.38726 0.0154975
653 0.497381 0.00824518 0.385238 0.0154824
654 0.497323 0.00824322 0.38726 0.0154975
655 0.497394 0.00824721 0.386249 0.01549
656 0.497824 0.00824606 0.38726 0.0154975
657 0.498055 0.00824704 0.386249 0.01549
658 0.49803 0.00824664 0.388271 0.0155049
659 0.498083 0.00825946 0.384226 0.0154748
660 0.498177 0.00825625 0.391304 0.0155267
661 0.497907 0.00825686 0.393327 0.0155409
662 0.498041 0.00824318 0.392315 0.0155338
663 0.497767 0.00823072 0.388271 0.0155049
664 0.497748 0.00823029 0.38726 0.0154975
665 0.497649 0.00824004 0.38726 0.0154975
666 0.497498 0.00823233 0.389282 0.0155122
667 0.49815 0.00823906 0.38726 0.0154975
668 0.497759 0.00823826 0.391304 0.0155267
669 0.497678 0.00823627 0.392315 0.0155338
670 0.497525 0.00823566 0.390293 0.0155195
671 0.497066 0.00823257 0.391304 0.0155267
672 0.496976 0.00821943 0.392315 0.0155338
673 0.497004 0.00823051 0.390293 0.0155195
674 0.497208 0.00822566 0.393327 0.0155409
675 0.497319 0.00821908 0.388271 0.0155049
676 0.497136 0.00821912 0.392315 0.0155338
677 0.497137 0.00820689 0.391304 0.0155267
678 0.496825 0.00821238 0.390293 0.0155195
679 0.496811 0.00820716 0.389282 0.0155122
680 0.496737 0.00821288 0.391304 0.0155267
681 0.497123 0.00819795 0.390293 0.0155195
682 0.49706 0.00821456 0.392315 0.0155338
683 0.497397 0.00820044 0.394338 0.0155479
684 0.49678 0.00819566 0.395349 0.0155548
685 0.496662 0.00818902 0.397371 0.0155684
686 0.496892 0.00818136 0.392315 0.0155338
687 0.497018 0.00818326 0.395349 0.0155548
688 0.497018 0.00818743 0.397371 0.0155684
689 0.496759 0.00818084 0.393327 0.0155409
690 0.497043 0.00818809 0.392315 0.0155338
691 0.497005 0.00819962 0.395349 0.0155548
692 0.497273 0.00820174 0.39636 0.0155616
693 0.496626 0.0082043 0.398382 0.0155751
694 0.496521 0.00819731 0.399393 0.0155818
695 0.496309 0.00818472 0.394338 0.0155479
696 0.496535 0.00818269 0.397371 0.0155684
697 0.496288 0.00818014 0.393327 0.0155409
698 0.49651 0.00818167 0.39636 0.0155616
699 0.496543 0.00818122 0.392315 0.0155338
700 0.496359 0.008187 0.392315 0.0155338
701 0.496786 0.00818851 0.391304 0.0155267
702 0.496829 0.00818228 0.391304 0.0155267
703 0.497367 0.00818228 0.388271 0.0155049
704 0.4972 0.00818475 0.389282 0.0155122
705 0.498128 0.00817347 0.386249 0.01549
706 0.498013 0.0081969 0.393327 0.0155409
707 0.497924 0.00818702 0.388271 0.0155049
708 0.497813 0.00819333 0.393327 0.0155409
709 0.49833 0.00819375 0.389282 0.0155122
710 0.497767 0.00818345 0.390293 0.0155195
711 0.497483 0.00817638 0.391304 0.0155267
712 0.497805 0.00818444 0.38726 0.0154975
713 0.497722 0.00819204 0.388271 0.0155049
714 0.498012 0.00819434 0.389282 0.0155122
715 0.49815 0.00820376 0.390293 0.0155195
716 0.497895 0.00819781 0.388271 0.0155049
717 0.497975 0.00819908 0.391304 0.0155267
718 0.498097 0.00819209 0.391304 0.0155267
719 0.497756 0.00818549 0.395349 0.0155548
720 0.497688 0.00818718 0.394338 0.0155479
721 0.497516 0.00818784 0.400404 0.0155884
722 0.497318 0.00819897 0.394338 0.0155479
723 0.497285 0.00820755 0.399393 0.0155818
724 0.497511 0.00820941 0.398382 0.0155751
725 0.497358 0.00820741 0.399393 0.0155818
726 0.497025 0.00819783 0.399393 0.0155818
727 0.496752 0.0081852 0.394338 0.0155479
728 0.497253 0.00818235 0.395349 0.0155548
729 0.497011 0.00818411 0.395349 0.0155548
730 0.496449 0.00819517 0.397371 0.0155684
731 0.496535 0.00819821 0.398382 0.0155751
732 0.495594 0.00819499 0.400404 0.0155884
733 0.495795 0.00818951 0.400404 0.0155884
734 0.495282 0.00818792 0.399393 0.0155818
735 0.495367 0.00819742 0.39636 0.0155616
736 0.4954 0.00817152 0.39636 0.0155616
737 0.495797 0.0081614 0.395349 0.0155548
738 0.49546 0.00816512 0.392315 0.0155338
739 0.49526 0.00816247 0.391304 0.0155267
740 0.495215 0.00815191 0.392315 0.0155338
741 0.495245 0.00815562 0.399393 0.0155818
742 0.495219 0.00814758 0.392315 0.0155338
743 0.495075 0.00814367 0.39636 0.0155616
744 0.495659 0.00812624 0.393327 0.0155409
745 0.495943 0.00814578 0.397371 0.0155684
746 0.495993 0.00815096 0.393327 0.0155409
747 0.496209 0.00814263 0.393327 0.0155409
748 0.496688 0.00814403 0.389282 0.0155122
749 0.496363 0.00814372 0.389282 0.0155122
750 0.496781 0.00815212 0.389282 0.0155122
751 0.496928 0.00814825 0.392315 0.0155338
752 0.496329 0.00816274 0.390293 0.0155195
753 0.496799 0.00815546 0.390293 0.0155195
754 0.496698 0.00816152 0.39636 0.0155616
755 0.496896 0.00816837 0.392315 0.0155338
756 0.49701 0.00816829 0.39636 0.0155616
757 0.497095 0.00816421 0.395349 0.0155548
758 0.496945 0.00816205 0.39636 0.0155616
759 0.49686 0.00817746 0.392315 0.0155338
760 0.497252 0.00817637 0.399393 0.0155818
761 0.497256 0.00818417 0.39636 0.0155616
762 0.497428 0.00817551 0.393327 0.0155409
763 0.49698 0.00817891 0.39636 0.0155616
764 0.496901 0.00818613 0.395349 0.0155548
765 0.496765 0.00819393 0.399393 0.0155818
766 0.496353 0.00819685 0.394338 0.0155479
767 0.496311 0.00818517 0.401416 0.0155949
768 0.496548 0.00817922 0.399393 0.0155818
769 0.495953 0.00816318 0.395349 0.0155548
770 0.496404 0.0081697 0.397371 0.0155684
771 0.496383 0.00817056 0.395349 0.0155548
772 0.497223 0.00816354 0.400404 0.0155884
773 0.496656 0.00815605 0.394338 0.0155479
774 0.49664 0.00815988 0.39636 0.0155616
775 0.496991 0.0081625 0.38726 0.0154975
776 0.497726 0.00815407 0.388271 0.0155049
777 0.497688 0.00816047 0.394338 0.0155479
778 0.497636 0.00817342 0.395349 0.0155548
779 0.497702 0.00816866 0.393327 0.0155409
780 0.497155 0.0081656 0.394338 0.0155479
781 0.497257 0.00816629 0.395349 0.0155548
782 0.497272 0.00815761 0.394338 0.0155479
783 0.496965 0.00816124 0.394338 0.0155479
784 0.497363 0.00816337 0.39636 0.0155616
785 0.497329 0.00815842 0.395349 0.0155548
786 0.497549 0.00817511 0.394338 0.0155479
787 0.497396 0.00817287 0.398382 0.0155751
788 0.497243 0.00818215 0.401416 0.0155949
789 0.497491 0.00818656 0.400404 0.0155884
790 0.498057 0.00818353 0.397371 0.0155684
791 0.497959 0.00819027 0.399393 0.0155818
792 0.497766 0.00819167 0.393327 0.0155409
793 0.497842 0.00818956 0.39636 0.0155616
794 0.497951 0.00818211 0.394338 0.0155479
795 0.498497 0.00817977 0.397371 0.0155684
796 0.498826 0.00817576 0.389282 0.0155122
797 0.498779 0.00818508 0.388271 0.0155049
798 0.498342 0.00819794 0.386249 0.01549
799 0.498669 0.00818402 0.389282 0.0155122
800 0.498266 0.0081753 0.390293 0.0155195
801 0.498973 0.0081821 0.381193 0.0154515
802 0.49903 0.00818659 0.384226 0.0154748
803 0.499198 0.00819464 0.384226 0.0154748
804 0.499587 0.00819702 0.383215 0.0154671
805 0.500052 0.00820612 0.379171 0.0154357
806 0.500472 0.00821433 0.384226 0.0154748
807 0.499963 0.00821758 0.384226 0.0154748
808 0.500474 0.00822922 0.383215 0.0154671
809 0.500412 0.00822122 0.382204 0.0154594
810 0.500964 0.00821553 0.385238 0.0154824
811 0.500511 0.00820313 0.38726 0.0154975
812 0.500681 0.00821329 0.385238 0.0154824
813 0.500909 0.00820861 0.389282 0.0155122
814 0.501109 0.00821745 0.390293 0.0155195
815 0.500499 0.00822326 0.392315 0.0155338
816 0.500289 0.00823732 0.384226 0.0154748
817 0.500023 0.0082335 0.389282 0.0155122
818 0.499911 0.0082413 0.386249 0.01549
819 0.500224 0.00825018 0.385238 0.0154824
820 0.500457 0.00825505 0.38726 0.0154975
821 0.500047 0.00826388 0.392315 0.0155338
822 0.500311 0.00824876 0.390293 0.0155195
823 0.500152 0.00825979 0.390293 0.0155195
824 0.499908 0.0082634 0.389282 0.0155122
825 0.499589 0.0082551 0.39636 0.0155616
826 0.499665 0.0082645 0.395349 0.0155548
827 0.50018 0.0082539 0.392315 0.0155338
828 0.49973 0.0082545 0.392315 0.0155338
829 0.499815 0.00825146 0.391304 0.0155267
830 0.499926 0.00824883 0.391304 0.0155267
831 0.499779 0.00825272 0.392315 0.0155338
832 0.500177 0.00824098 0.390293 0.0155195
833 0.500218 0.0082308 0.389282 0.0155122
834 0.500457 0.00823392 0.391304 0.0155267
835 0.500744 0.00823191 0.390293 0.0155195
836 0.500417 0.00823363 0.394338 0.0155479
837 0.500618 0.00824052 0.392315 0.0155338
838 0.500559 0.00825489 0.38726 0.0154975
839 0.500402 0.008264 0.391304 0.0155267
840 0.500265 0.00827478 0.38726 0.0154975
841 0.499805 0.00826102 0.391304 0.0155267
842 0.500063 0.00827386 0.390293 0.0155195
843 0.499845 0.00825723 0.393327 0.0155409
844 0.499859 0.00826316 0.393327 0.0155409
845 0.499329 0.0082486 0.389282 0.0155122
846 0.49913 0.00824326 0.393327 0.0155409
847 0.499984 0.00823663 0.391304 0.0155267
848 0.499467 0.0082353 0.392315 0.0155338
849 0.499255 0.00822487 0.390293 0.0155195
850 0.499164 0.00823576 0.390293 0.0155195
851 0.49948 0.00822733 0.384226 0.0154748
852 0.499584 0.00823425 0.391304 0.0155267
853 0.50017 0.00824291 0.389282 0.0155122
854 0.50019 0.00824948 0.395349 0.0155548
855 0.49964 0.00825042 0.395349 0.0155548
856 0.499191 0.0082561 0.395349 0.0155548
857 0.499668 0.00825572 0.39636 0.0155616
858 0.499216 0.00824406 0.397371 0.0155684
859 0.499199 0.00823755 0.393327 0.0155409
860 0.499615 0.00823814 0.392315 0.0155338
861 0.499523 0.00823589 0.395349 0.0155548
862 0.499294 0.00824355 0.397371 0.0155684
863 0.498995 0.00824091 0.399393 0.0155818
864 0.499025 0.00825105 0.395349 0.0155548
865 0.498698 0.00824904 0.398382 0.0155751
866 0.498915 0.00824963 0.395349 0.0155548
867 0.498593 0.00825761 0.397371 0.0155684
868 0.498277 0.00825797 0.394338 0.0155479
869 0.498224 0.00825176 0.397371 0.0155684
870 0.498528 0.00824266 0.395349 0.0155548
871 0.498646 0.00824649 0.395349 0.0155548
872 0.498341 0.00824068 0.397371 0.0155684
873 0.498304 0.00824995 0.397371 0.0155684
874 0.49882 0.0082474 0.395349 0.0155548
875 0.498984 0.00825904 0.395349 0.0155548
876 0.498682 0.00825542 0.394338 0.0155479
877 0.499164 0.00825919 0.393327 0.0155409
878 0.498564 0.00824625 0.397371 0.0155684
879 0.498332 0.00825248 0.394338 0.0155479
880 0.49875 0.00824423 0.394338 0.0155479
881 0.498864 0.0082454 0.395349 0.0155548
882 0.498358 0.00824887 0.395349 0.0155548
883 0.497963 0.00825537 0.398382 0.0155751
884 0.498197 0.00824646 0.393327 0.0155409
885 0.498252 0.00826089 0.392315 0.0155338
886 0.498456 0.00826323 0.397371 0.0155684
887 0.498947 0.00827203 0.395349 0.0155548
888 0.499852 0.00828238 0.394338 0.0155479
889 0.49971 0.00827464 0.390293 0.0155195
890 0.4998 0.00826889 0.391304 0.0155267
891 0.499594 0.00828116 0.39636 0.0155616
892 0.499657 0.00828839 0.397371 0.0155684
893 0.499785 0.00830258 0.401416 0.0155949
894 0.499728 0.008298 0.401416 0.0155949
895 0.499831 0.00830923 0.394338 0.0155479
896 0.499034 0.00830681 0.39636 0.0155616
897 0.499089 0.00830115 0.394338 0.0155479
898 0.498892 0.00830831 0.395349 0.0155548
899 0.499115 0.00830835 0.402427 0.0156013
900 0.499148 0.00830756 0.404449 0.015614
901 0.498878 0.00831972 0.400404 0.0155884
902 0.499495 0.00830466 0.401416 0.0155949
903 0.499231 0.00831999 0.404449 0.015614
904 0.499475 0.00831642 0.403438 0.0156077
905 0.500021 0.00830693 0.402427 0.0156013
906 0.500133 0.00830989 0.404449 0.015614
907 0.499498 0.00830308 0.407482 0.0156324
908 0.500032 0.0083089 0.401416 0.0155949
909 0.499979 0.00830271 0.401416 0.0155949
910 0.500333 0.00830963 0.400404 0.0155884
911 0.500782 0.00830824 0.395349 0.0155548
912 0.50064 0.00833157 0.404449 0.015614
913 0.500909 0.00833405 0.398382 0.0155751
914 0.500944 0.00832467 0.401416 0.0155949
915 0.50088 0.00831892 0.398382 0.0155751
916 0.501073 0.00832735 0.399393 0.0155818
917 0.50043 0.0083233 0.397371 0.0155684
918 0.499933 0.00831688 0.395349 0.0155548
919 0.500004 0.00831082 0.39636 0.0155616
920 0.50012 0.00831771 0.393327 0.0155409
921 0.499931 0.00831144 0.393327 0.0155409
922 0.499823 0.00832171 0.394338 0.0155479
923 0.499817 0.0083294 0.393327 0.0155409
924 0.499232 0.00834058 0.394338 0.0155479
925 0.499533 0.00833827 0.392315 0.0155338
926 0.499324 0.00834044 0.392315 0.0155338
927 0.499253 0.00833984 0.385238 0.0154824
928 0.499435 0.00832846 0.395349 0.0155548
929 0.499465 0.00832316 0.394338 0.0155479
930 0.499447 0.00832361 0.389282 0.0155122
931 0.499809 0.00832668 0.391304 0.0155267
932 0.499312 0.00831888 0.390293 0.0155195
933 0.499537 0.00832114 0.388271 0.0155049
934 0.49935 0.00831576 0.390293 0.0155195
935 0.49925 0.00832505 0.388271 0.0155049
936 0.499722 0.00832774 0.388271 0.0155049
937 0.499834 0.00833043 0.389282 0.0155122
938 0.499303 0.0083403 0.389282 0.0155122
939 0.500074 0.00833624 0.393327 0.0155409
940 0.499435 0.00834071 0.394338 0.0155479
941 0.499094 0.00833554 0.393327 0.0155409
942 0.499012 0.00833267 0.392315 0.0155338
943 0.498812 0.00833948 0.391304 0.0155267
944 0.499538 0.00832582 0.395349 0.0155548
945 0.499362 0.00831833 0.392315 0.0155338
946 0.499962 0.00831234 0.395349 0.0155548
947 0.499964 0.00831342 0.392315 0.0155338
948 0.499969 0.00831631 0.395349 0.0155548
949 0.499757 0.00833086 0.395349 0.0155548
950 0.499148 0.00833008 0.39636 0.0155616
951 0.49873 0.00830706 0.394338 0.0155479
952 0.499435 0.00830121 0.392315 0.0155338
953 0.499703 0.00830695 0.397371 0.0155684
954 0.499679 0.0082985 0.39636 0.0155616
955 0.499924 0.00829491 0.400404 0.0155884
956 0.49965 0.00827601 0.398382 0.0155751
957 0.50009 0.00825851 0.392315 0.0155338
958 0.500073 0.0082722 0.394338 0.0155479
959 0.500192 0.0082554 0.388271 0.0155049
960 0.500241 0.00826962 0.392315 0.0155338
961 0.500055 0.00825265 0.394338 0.0155479
962 0.500066 0.00826051 0.391304 0.0155267
963 0.50023 0.008266 0.38726 0.0154975
964 0.499918 0.00826484 0.384226 0.0154748
965 0.500354 0.00825085 0.38726 0.0154975
966 0.500081 0.00826081 0.385238 0.0154824
967 0.500345 0.00826808 0.390293 0.0155195
968 0.501076 0.00826917 0.392315 0.0155338
969 0.501015 0.00825715 0.392315 0.0155338
970 0.50076 0.00826879 0.391304 0.0155267
971 0.500287 0.00826635 0.394338 0.0155479
972 0.500253 0.00827694 0.393327 0.0155409
973 0.500393 0.00826683 0.390293 0.0155195
974 0.500012 0.00826359 0.393327 0.0155409
975 0.499865 0.00826924 0.392315 0.0155338
976 0.500149 0.00826452 0.39636 0.0155616
977 0.500233 0.00827676 0.392315 0.0155338
978 0.500363 0.00828298 0.389282 0.0155122
979 0.500741 0.00828519 0.390293 0.0155195
980 0.500522 0.00828392 0.391304 0.0155267
981 0.50019 0.00829148 0.392315 0.0155338
982 0.500198 0.00829229 0.391304 0.0155267
983 0.500283 0.0082938 0.394338 0.0155479
984 0.500206 0.00829495 0.397371 0.0155684
985 0.500009 0.00830436 0.39636 0.0155616
986 0.499299 0.00829801 0.401416 0.0155949
987 0.49936 0.00829501 0.398382 0.0155751
988 0.499208 0.00829276 0.401416 0.0155949
989 0.499304 0.00828741 0.399393 0.0155818
990 0.499256 0.00828272 0.398382 0.0155751
991 0.499703 0.00828609 0.39636 0.0155616
992 0.499185 0.00829485 0.397371 0.0155684
993 0.499464 0.00828877 0.402427 0.0156013
994 0.499432 0.00827674 0.407482 0.0156324
995 0.49906 0.00828056 0.40546 0.0156202
996 0.498462 0.00826903 0.402427 0.0156013
997 0.498709 0.00826666 0.402427 0.0156013
998 0.498662 0.00826612 0.402427 0.0156013
999 0.498531 0.00826677 0.406471 0.0156263
1000 0.49856 0.00826772 0.408493 0.0156385
1001 0.49836 0.00826068 0.40546 0.0156202
1002 0.498698 0.00825673 0.401416 0.0155949
1003 0.498848 0.0082516 0.398382 0.0155751
1004 0.499345 0.00826487 0.393327 0.0155409
1005 0.499521 0.00825641 0.39636 0.0155616
1006 0.499361 0.00825393 0.392315 0.0155338
1007 0.499029 0.00824975 0.395349 0.0155548
1008 0.499143 0.00825345 0.399393 0.0155818
1009 0.498278 0.00826141 0.398382 0.0155751
1010 0.498419 0.00826812 0.39636 0.0155616
1011 0.499116 0.00827477 0.39636 0.0155616
1012 0.499542 0.00827585 0.39636 0.0155616
1013 0.499374 0.00827937 0.395349 0.0155548
1014 0.49979 0.00827818 0.399393 0.0155818
1015 0.499526 0.00827636 0.401416 0.0155949
1016 0.49925 0.00827548 0.402427 0.0156013
1017 0.499367 0.00826261 0.400404 0.0155884
1018 0.499483 0.00825918 0.395349 0.0155548
1019 0.499873 0.00826057 0.395349 0.0155548
1020 0.499948 0.00824701 0.38726 0.0154975
1021 0.500015 0.00824133 0.390293 0.0155195
1022 0.500352 0.00822768 0.382204 0.0154594
1023 0.500262 0.00823948 0.389282 0.0155122
1024 0.500511 0.0082318 0.392315 0.0155338
1025 0.500145 0.00824602 0.391304 0.0155267
1026 0.500252 0.00824549 0.394338 0.0155479
1027 0.500728 0.00823851 0.394338 0.0155479
1028 0.500329 0.00824841 0.394338 0.0155479
1029 0.500068 0.0082415 0.392315 0.0155338
1030 0.50048 0.00824628 0.389282 0.0155122
1031 0.500032 0.00825029 0.392315 0.0155338
1032 0.500265 0.00824818 0.392315 0.0155338
1033 0.499453 0.00824625 0.397371 0.0155684
1034 0.500183 0.00825051 0.390293 0.0155195
1035 0.499906 0.00825322 0.384226 0.0154748
1036 0.499626 0.00825327 0.388271 0.0155049
1037 0.49939 0.00825714 0.392315 0.0155338
1038 0.499705 0.00825919 0.391304 0.0155267
1039 0.499284 0.0082574 0.395349 0.0155548
1040 0.498552 0.00823539 0.395349 0.0155548
1041 0.498175 0.00823544 0.395349 0.0155548
1042 0.498886 0.00825001 0.394338 0.0155479
1043 0.498532 0.00826483 0.393327 0.0155409
1044 0.498404 0.00826274 0.394338 0.0155479
1045 0.497584 0.0082612 0.399393 0.0155818
1046 0.497866 0.00826708 0.400404 0.0155884
1047 0.497521 0.00827449 0.403438 0.0156077
1048 0.497384 0.00826544 0.400404 0.0155884
1049 0.496804 0.00826206 0.39636 0.0155616
1050 0.496748 0.00826752 0.398382 0.0155751
1051 0.496628 0.00826342 0.394338 0.0155479
1052 0.496487 0.00826602 0.393327 0.0155409
1053 0.496398 0.00826772 0.394338 0.0155479
1054 0.496084 0.00825334 0.395349 0.0155548
1055 0.495899 0.00825232 0.398382 0.0155751
1056 0.495867 0.00825552 0.401416 0.0155949
1057 0.495967 0.00825054 0.404449 0.015614
1058 0.49561 0.00825308 0.397371 0.0155684
1059 0.495749 0.00825532 0.402427 0.0156013
1060 0.49543 0.00824386 0.397371 0.0155684
1061 0.495175 0.00825031 0.403438 0.0156077
1062 0.494878 0.0082533 0.401416 0.0155949
1063 0.494538 0.00825298 0.400404 0.0155884
1064 0.494716 0.00825072 0.400404 0.0155884
1065 0.494607 0.00823945 0.397371 0.0155684
1066 0.495444 0.00823586 0.398382 0.0155751
1067 0.496173 0.00823272 0.399393 0.0155818
1068 0.496239 0.00823924 0.39636 0.0155616
1069 0.496204 0.00824386 0.39636 0.0155616
1070 0.496437 0.0082407 0.39636 0.0155616
1071 0.496144 0.00823812 0.395349 0.0155548
1072 0.496272 0.00822694 0.39636 0.0155616
1073 0.496287 0.00823798 0.398382 0.0155751
1074 0.496324 0.00823824 0.397371 0.0155684
1075 0.496351 0.00823751 0.399393 0.0155818
1076 0.496851 0.00823418 0.398382 0.0155751
1077 0.49678 0.00822978 0.394338 0.0155479
1078 0.496801 0.00822907 0.399393 0.0155818
1079 0.497033 0.00824107 0.397371 0.0155684
1080 0.497167 0.00824359 0.395349 0.0155548
1081 0.497538 0.00824499 0.394338 0.0155479
1082 0.497259 0.00823971 0.393327 0.0155409
1083 0.496784 0.008244 0.39636 0.0155616
1084 0.497161 0.00825009 0.390293 0.0155195
1085 0.49759 0.00825044 0.385238 0.0154824
1086 0.498111 0.00825716 0.383215 0.0154671
1087 0.497577 0.00826765 0.388271 0.0155049
1088 0.497397 0.00825625 0.394338 0.0155479
1089 0.497217 0.00825207 0.390293 0.0155195
1090 0.497338 0.00826596 0.389282 0.0155122
1091 0.498005 0.00826706 0.393327 0.0155409
1092 0.49827 0.00826693 0.393327 0.0155409
1093 0.497781 0.00827232 0.386249 0.01549
1094 0.498055 0.00826143 0.390293 0.0155195
1095 0.49816 0.0082477 0.391304 0.0155267
1096 0.498018 0.00825508 0.391304 0.0155267
1097 0.498743 0.00827352 0.390293 0.0155195
1098 0.498432 0.00828005 0.393327 0.0155409
1099 0.498122 0.0082841 0.394338 0.0155479
1100 0.498312 0.00828364 0.389282 0.0155122
1101 0.498101 0.00828177 0.391304 0.0155267
1102 0.498298 0.00828766 0.395349 0.0155548
1103 0.498375 0.00828116 0.393327 0.0155409
1104 0.49839 0.00827378 0.390293 0.0155195
1105 0.497993 0.00827603 0.386249 0.01549
1106 0.497481 0.00828489 0.390293 0.0155195
1107 0.497216 0.00829034 0.395349 0.0155548
1108 0.497718 0.00827575 0.392315 0.0155338
1109 0.497511 0.00826722 0.388271 0.0155049
1110 0.497709 0.00826363 0.392315 0.0155338
1111 0.497367 0.00826548 0.388271 0.0155049
1112 0.497325 0.00828284 0.389282 0.0155122
1113 0.496782 0.00827302 0.386249 0.01549
1114 0.49644 0.00827497 0.388271 0.0155049
1115 0.496567 0.00826247 0.392315 0.0155338
1116 0.496617 0.00824447 0.394338 0.0155479
1117 0.497404 0.00825635 0.394338 0.0155479
1118 0.497424 0.0082648 0.395349 0.0155548
1119 0.497752 0.00826872 0.395349 0.0155548
1120 0.497612 0.00826142 0.393327 0.0155409
1121 0.497505 0.0082682 0.389282 0.0155122
1122 0.497755 0.00826145 0.391304 0.0155267
1123 0.49773 0.00826747 0.392315 0.0155338
1124 0.497027 0.00827002 0.390293 0.0155195
1125 0.497379 0.00826753 0.391304 0.0155267
1126 0.498155 0.00826888 0.388271 0.0155049
1127 0.498353 0.00826705 0.389282 0.0155122
1128 0.497848 0.00827142 0.38726 0.0154975
1129 0.497704 0.00827844 0.394338 0.0155479
1130 0.498445 0.00827461 0.395349 0.0155548
1131 0.498165 0.00827234 0.394338 0.0155479
1132 0.498293 0.00826725 0.388271 0.0155049
1133 0.498623 0.00828634 0.385238 0.0154824
1134 0.498727 0.00828144 0.389282 0.0155122
1135 0.49873 0.00828812 0.391304 0.0155267
1136 0.498686 0.00830528 0.386249 0.01549
1137 0.499191 0.00830867 0.38726 0.0154975
1138 0.49927 0.00830813 0.393327 0.0155409
1139 0.499684 0.00830433 0.390293 0.0155195
1140 0.498726 0.00830838 0.389282 0.0155122
1141 0.498343 0.00831182 0.384226 0.0154748
1142 0.498745 0.00831678 0.390293 0.0155195
1143 0.498346 0.00830496 0.390293 0.0155195
1144 0.498769 0.00830277 0.388271 0.0155049
1145 0.498668 0.00829234 0.395349 0.0155548
1146 0.498527 0.0082856 0.389282 0.0155122
1147 0.498444 0.00828509 0.388271 0.0155049
1148 0.497826 0.00828348 0.386249 0.01549
1149 0.497655 0.00828964 0.38726 0.0154975
1150 0.497641 0.00828895 0.386249 0.01549
1151 0.497791 0.00829918 0.384226 0.0154748
1152 0.497851 0.00830015 0.383215 0.0154671
1153 0.498326 0.00828824 0.386249 0.01549
1154 0.497832 0.00829118 0.382204 0.0154594
1155 0.497825 0.00828765 0.37816 0.0154276
1156 0.497906 0.00829266 0.382204 0.0154594
1157 0.497604 0.0083023 0.382204 0.0154594
1158 0.498348 0.00830226 0.380182 0.0154436
1159 0.498694 0.00831457 0.381193 0.0154515
1160 0.498144 0.00831121 0.38726 0.0154975
1161 0.49802 0.00829984 0.384226 0.0154748
1162 0.497877 0.00830921 0.382204 0.0154594
1163 0.498209 0.00830893 0.381193 0.0154515
1164 0.498352 0.00830777 0.386249 0.01549
1165 0.498533 0.00828602 0.382204 0.0154594
1166 0.498422 0.00828637 0.377149 0.0154195
1167 0.499036 0.00828347 0.37816 0.0154276
1168 0.49888 0.00829853 0.380182 0.0154436
1169 0.498824 0.00830983 0.37816 0.0154276
1170 0.498974 0.00830707 0.377149 0.0154195
1171 0.498786 0.00831362 0.384226 0.0154748
1172 0.498741 0.00831587 0.386249 0.01549
1173 0.498698 0.00830879 0.38726 0.0154975
1174 0.498006 0.00830218 0.381193 0.0154515
1175 0.498171 0.00831154 0.385238 0.0154824
1176 0.498634 0.00830808 0.388271 0.0155049
1177 0.498388 0.00831158 0.389282 0.0155122
1178 0.498777 0.00831225 0.388271 0.0155049
1179 0.498573 0.00831022 0.384226 0.0154748
1180 0.498185 0.00830005 0.386249 0.01549
1181 0.498486 0.00829622 0.390293 0.0155195
1182 0.498555 0.00830564 0.390293 0.0155195
1183 0.499168 0.00831507 0.386249 0.01549
1184 0.498941 0.00830411 0.386249 0.01549
1185 0.499064 0.00832659 0.386249 0.01549
1186 0.499291 0.00832607 0.385238 0.0154824
1187 0.499901 0.00832618 0.383215 0.0154671
1188 0.499676 0.00833775 0.385238 0.0154824
1189 0.499577 0.00832064 0.384226 0.0154748
1190 0.499544 0.008314 0.37816 0.0154276
1191 0.499878 0.00831498 0.388271 0.0155049
1192 0.500078 0.00831363 0.38726 0.0154975
1193 0.500175 0.00829748 0.384226 0.0154748
1194 0.500325 0.00829942 0.383215 0.0154671
1195 0.499921 0.00830144 0.385238 0.0154824
1196 0.499998 0.00829203 0.383215 0.0154671
1197 0.499903 0.00829823 0.390293 0.0155195
1198 0.50009 0.00828978 0.382204 0.0154594
1199 0.500372 0.00828946 0.386249 0.01549
1200 0.499987 0.00829226 0.385238 0.0154824
1201 0.49986 0.00829876 0.382204 0.0154594
1202 0.499182 0.00831309 0.390293 0.0155195
1203 0.499455 0.00830896 0.393327 0.0155409
1204 0.499754 0.00832256 0.394338 0.0155479
1205 0.499983 0.00833156 0.390293 0.0155195
1206 0.500271 0.00833246 0.391304 0.0155267
1207 0.499851 0.00832471 0.392315 0.0155338
1208 0.499791 0.00831995 0.390293 0.0155195
1209 0.499578 0.0083248 0.390293 0.0155195
1210 0.499588 0.00832295 0.389282 0.0155122
1211 0.500451 0.00832366 0.389282 0.0155122
1212 0.500249 0.00832779 0.389282 0.0155122
1213 0.500374 0.00832808 0.384226 0.0154748
1214 0.499806 0.00833763 0.391304 0.0155267
1215 0.499566 0.00834101 0.388271 0.0155049
1216 0.499797 0.00832928 0.385238 0.0154824
1217 0.499775 0.00833467 0.384226 0.0154748
1218 0.499641 0.00834327 0.383215 0.0154671
1219 0.50028 0.00834826 0.38726 0.0154975
1220 0.500373 0.00834428 0.379171 0.0154357
1221 0.500142 0.00835616 0.38726 0.0154975
1222 0.499651 0.00834494 0.385238 0.0154824
1223 0.499595 0.00834919 0.391304 0.0155267
1224 0.499315 0.00835371 0.390293 0.0155195
1225 0.49957 0.00836905 0.394338 0.0155479
1226 0.499317 0.00833872 0.389282 0.0155122
1227 0.49913 0.00834551 0.393327 0.0155409
1228 0.499735 0.00834122 0.389282 0.0155122
1229 0.50022 0.00834297 0.388271 0.0155049
1230 0.500316 0.00835401 0.389282 0.0155122
1231 0.500153 0.00835394 0.390293 0.0155195
1232 0.500417 0.00834715 0.388271 0.0155049
1233 0.500579 0.00834423 0.385238 0.0154824
1234 0.500406 0.00834236 0.386249 0.01549
1235 0.500342 0.00834416 0.391304 0.0155267
1236 0.500438 0.00833839 0.388271 0.0155049
1237 0.499974 0.00834103 0.394338 0.0155479
1238 0.499947 0.00833256 0.389282 0.0155122
1239 0.500185 0.00832707 0.386249 0.01549
1240 0.499772 0.00832439 0.384226 0.0154748
1241 0.499551 0.00831084 0.380182 0.0154436
1242 0.499653 0.00831976 0.384226 0.0154748
1243 0.499532 0.00831181 0.385238 0.0154824
1244 0.499973 0.00830283 0.381193 0.0154515
1245 0.500086 0.00829819 0.385238 0.0154824
1246 0.500016 0.00829839 0.382204 0.0154594
1247 0.499917 0.00829784 0.383215 0.0154671
1248 0.499355 0.00829106 0.385238 0.0154824
1249 0.499626 0.008289 0.383215 0.0154671
1250 0.499726 0.00829045 0.379171 0.0154357
1251 0.49986 0.00828026 0.382204 0.0154594
1252 0.499726 0.00828024 0.385238 0.0154824
1253 0.499541 0.00828349 0.386249 0.01549
1254 0.49952 0.00827591 0.386249 0.01549
1255 0.499656 0.00827938 0.38726 0.0154975
1256 0.499839 0.00828168 0.385238 0.0154824
1257 0.49977 0.00827824 0.388271 0.0155049
1258 0.499838 0.0082795 0.389282 0.0155122
1259 0.499566 0.00827231 0.386249 0.01549
1260 0.499266 0.00827864 0.386249 0.01549
1261 0.499199 0.00828479 0.384226 0.0154748
1262 0.499451 0.00828239 0.386249 0.01549
1263 0.499381 0.00829417 0.389282 0.0155122
1264 0.499503 0.00830538 0.385238 0.0154824
1265 0.499442 0.00828627 0.384226 0.0154748
1266 0.499742 0.00826874 0.384226 0.0154748
1267 0.499565 0.00827266 0.383215 0.0154671
1268 0.499419 0.00828524 0.384226 0.0154748
1269 0.499558 0.00828255 0.388271 0.0155049
1270 0.500133 0.00828953 0.38726 0.0154975
1271 0.500641 0.00829394 0.385238 0.0154824
1272 0.500425 0.00830873 0.38726 0.0154975
1273 0.500759 0.00831306 0.39636 0.0155616
1274 0.500733 0.00830625 0.395349 0.0155548
1275 0.500798 0.00831066 0.392315 0.0155338
1276 0.501023 0.00830545 0.392315 0.0155338
1277 0.501222 0.00830795 0.390293 0.0155195
1278 0.501695 0.00831802 0.389282 0.0155122
1279 0.501767 0.00831432 0.392315 0.0155338
1280 0.501721 0.00832598 0.395349 0.0155548
1281 0.502002 0.00831843 0.389282 0.0155122
1282 0.50175 0.00831257 0.388271 0.0155049
1283 0.501801 0.00832245 0.386249 0.01549
1284 0.502124 0.00831986 0.38726 0.0154975
1285 0.502131 0.00832287 0.382204 0.0154594
1286 0.502104 0.00832679 0.381193 0.0154515
1287 0.502565 0.00832373 0.383215 0.0154671
1288 0.502751 0.00832058 0.382204 0.0154594
1289 0.502666 0.00831394 0.384226 0.0154748
1290 0.502182 0.00832068 0.385238 0.0154824
1291 0.501773 0.00831095 0.384226 0.0154748
1292 0.501226 0.00830393 0.388271 0.0155049
1293 0.500984 0.00830107 0.388271 0.0155049
1294 0.500928 0.0082865 0.386249 0.01549
1295 0.501792 0.00829242 0.386249 0.01549
1296 0.501429 0.00828733 0.388271 0.0155049
1297 0.501597 0.00828314 0.386249 0.01549
1298 0.50086 0.00827904 0.386249 0.01549
1299 0.500957 0.00828761 0.384226 0.0154748
1300 0.500791 0.008274 0.388271 0.0155049
1301 0.500873 0.00827454 0.391304 0.0155267
1302 0.500454 0.0082715 0.391304 0.0155267
1303 0.500411 0.00829108 0.39636 0.0155616
1304 0.500399 0.00828409 0.393327 0.0155409
1305 0.50076 0.0082808 0.391304 0.0155267
1306 0.50062 0.00828741 0.388271 0.0155049
1307 0.500771 0.00829993 0.38726 0.0154975
1308 0.500914 0.00829704 0.389282 0.0155122
1309 0.501159 0.00829151 0.39636 0.0155616
1310 0.500856 0.00829027 0.393327 0.0155409
1311 0.501322 0.00828997 0.38726 0.0154975
1312 0.501183 0.0082909 0.390293 0.0155195
1313 0.501173 0.00829659 0.389282 0.0155122
1314 0.500986 0.00828484 0.393327 0.0155409
1315 0.500939 0.00828967 0.38726 0.0154975
1316 0.500473 0.00827611 0.386249 0.01549
1317 0.50038 0.00826588 0.38726 0.0154975
1318 0.500655 0.00826673 0.390293 0.0155195
1319 0.500231 0.0082772 0.390293 0.0155195
1320 0.500694 0.00825505 0.383215 0.0154671
1321 0.500816 0.00825011 0.385238 0.0154824
1322 0.500676 0.00824878 0.38726 0.0154975
1323 0.500976 0.00825396 0.385238 0.0154824
1324 0.501537 0.00824807 0.383215 0.0154671
1325 0.501525 0.00824834 0.382204 0.0154594
1326 0.50163 0.00825484 0.382204 0.0154594
1327 0.501691 0.00824702 0.381193 0.0154515
1328 0.502017 0.00824783 0.380182 0.0154436
1329 0.502229 0.00824034 0.384226 0.0154748
1330 0.502051 0.00823586 0.385238 0.0154824
1331 0.501904 0.00825018 0.381193 0.0154515
1332 0.501887 0.00826309 0.386249 0.01549
1333 0.502334 0.00827056 0.392315 0.0155338
1334 0.50212 0.00826729 0.386249 0.01549
1335 0.501812 0.00825842 0.382204 0.0154594
1336 0.502175 0.00825507 0.379171 0.0154357
1337 0.502491 0.00824013 0.381193 0.0154515
1338 0.503394 0.00825824 0.379171 0.0154357
1339 0.50376 0.00825173 0.37816 0.0154276
1340 0.503534 0.00825227 0.381193 0.0154515
1341 0.502624 0.00824954 0.384226 0.0154748
1342 0.50304 0.00826287 0.380182 0.0154436
1343 0.502852 0.00826569 0.381193 0.0154515
1344 0.502906 0.00826444 0.384226 0.0154748
1345 0.502788 0.00826378 0.385238 0.0154824
1346 0.502978 0.0082702 0.38726 0.0154975
1347 0.502988 0.00826249 0.386249 0.01549
1348 0.502956 0.00827768 0.388271 0.0155049
1349 0.503412 0.0082705 0.384226 0.0154748
1350 0.503056 0.00826827 0.38726 0.0154975
1351 0.502915 0.00826558 0.379171 0.0154357
1352 0.50319 0.00826799 0.380182 0.0154436
1353 0.503815 0.00827775 0.383215 0.0154671
1354 0.503359 0.00828052 0.381193 0.0154515
1355 0.502377 0.0082803 0.385238 0.0154824
1356 0.501755 0.00828239 0.38726 0.0154975
1357 0.501735 0.00827729 0.389282 0.0155122
1358 0.501177 0.00828158 0.386249 0.01549
1359 0.500726 0.00827898 0.389282 0.0155122
1360 0.500659 0.00827333 0.388271 0.0155049
1361 0.500238 0.00828168 0.393327 0.0155409
1362 0.500023 0.00827539 0.394338 0.0155479
1363 0.500628 0.00828821 0.390293 0.0155195
1364 0.499751 0.00827527 0.392315 0.0155338
1365 0.499267 0.00827871 0.395349 0.0155548
1366 0.499373 0.00827635 0.398382 0.0155751
1367 0.499533 0.00828239 0.394338 0.0155479
1368 0.500178 0.00827889 0.395349 0.0155548
1369 0.50028 0.00827428 0.392315 0.0155338
1370 0.500533 0.00826094 0.389282 0.0155122
1371 0.501109 0.00826701 0.391304 0.0155267
1372 0.500817 0.00826183 0.388271 0.0155049
1373 0.500891 0.0082542 0.389282 0.0155122
1374 0.501114 0.00825456 0.389282 0.0155122
1375 0.500582 0.00824871 0.385238 0.0154824
1376 0.501249 0.00825903 0.38726 0.0154975
1377 0.500608 0.00826045 0.386249 0.01549
1378 0.50068 0.00825999 0.388271 0.0155049
1379 0.501119 0.00825123 0.384226 0.0154748
1380 0.501397 0.00824962 0.384226 0.0154748
1381 0.501641 0.00824795 0.379171 0.0154357
1382 0.501677 0.00824883 0.382204 0.0154594
1383 0.502165 0.00825088 0.379171 0.0154357
1384 0.501752 0.00825045 0.37816 0.0154276
1385 0.501868 0.00825474 0.377149 0.0154195
1386 0.501916 0.00826921 0.380182 0.0154436
1387 0.50184 0.00826935 0.384226 0.0154748
1388 0.50189 0.00827114 0.384226 0.0154748
1389 0.501651 0.00826028 0.382204 0.0154594
1390 0.501603 0.00825827 0.385238 0.0154824
1391 0.501571 0.00824498 0.388271 0.0155049
1392 0.502028 0.00825159 0.383215 0.0154671
1393 0.502 0.00824502 0.382204 0.0154594
1394 0.502039 0.00825795 0.380182 0.0154436
1395 0.502345 0.00824196 0.37816 0.0154276
1396 0.50254 0.00823407 0.377149 0.0154195
1397 0.502076 0.00823129 0.381193 0.0154515
1398 0.502359 0.00823044 0.379171 0.0154357
1399 0.502192 0.00822436 0.37816 0.0154276
1400 0.501843 0.00822788 0.380182 0.0154436
1401 0.501668 0.00822614 0.37816 0.0154276
1402 0.501767 0.00821613 0.376138 0.0154113
1403 0.502062 0.00822531 0.37816 0.0154276
1404 0.50277 0.00822243 0.37816 0.0154276
1405 0.502798 0.00823753 0.377149 0.0154195
1406 0.502944 0.00823191 0.376138 0.0154113
1407 0.502599 0.00823084 0.380182 0.0154436
1408 0.502434 0.0082305 0.379171 0.0154357
1409 0.501945 0.00823714 0.385238 0.0154824
1410 0.501555 0.00823508 0.381193 0.0154515
1411 0.501244 0.00824318 0.383215 0.0154671
1412 0.501007 0.00824126 0.384226 0.0154748
1413 0.501061 0.00823803 0.38726 0.0154975
1414 0.500129 0.00823105 0.38726 0.0154975
1415 0.500502 0.00822645 0.382204 0.0154594
1416 0.500521 0.00822977 0.386249 0.01549
1417 0.500571 0.00823337 0.38726 0.0154975
1418 0.500342 0.00824128 0.391304 0.0155267
1419 0.500867 0.00824036 0.384226 0.0154748
1420 0.500294 0.0082454 0.385238 0.0154824
1421 0.500627 0.00824959 0.390293 0.0155195
1422 0.500457 0.00824297 0.383215 0.0154671
1423 0.500272 0.00823095 0.38726 0.0154975
1424 0.500508 0.00823109 0.385238 0.0154824
1425 0.500862 0.00823646 0.382204 0.0154594
1426 0.500873 0.0082369 0.385238 0.0154824
1427 0.500922 0.00823047 0.382204 0.0154594
1428 0.501106 0.00821969 0.381193 0.0154515
1429 0.501324 0.00821754 0.382204 0.0154594
1430 0.501429 0.00821852 0.381193 0.0154515
1431 0.500959 0.00821581 0.382204 0.0154594
1432 0.501161 0.00821297 0.382204 0.0154594
1433 0.501585 0.00822873 0.382204 0.0154594
1434 0.501227 0.00822352 0.385238 0.0154824
1435 0.50104 0.00824156 0.389282 0.0155122
1436 0.50112 0.00823008 0.382204 0.0154594
1437 0.501858 0.00824472 0.383215 0.0154671
1438 0.501503 0.00822763 0.375126 0.015403
1439 0.501018 0.00825055 0.386249 0.01549
1440 0.50057 0.00825634 0.385238 0.0154824
1441 0.500768 0.00826599 0.38726 0.0154975
1442 0.500972 0.00825154 0.382204 0.0154594
1443 0.500639 0.0082479 0.38726 0.0154975
1444 0.50031 0.00825965 0.386249 0.01549
1445 0.500297 0.00826441 0.386249 0.01549
1446 0.500796 0.00825093 0.38726 0.0154975
1447 0.500568 0.00826423 0.384226 0.0154748
1448 0.500409 0.00826393 0.391304 0.0155267
1449 0.50038 0.00825758 0.385238 0.0154824
1450 0.500365 0.008247 0.385238 0.0154824
1451 0.500517 0.00824362 0.377149 0.0154195
1452 0.500068 0.0082566 0.382204 0.0154594
1453 0.500186 0.0082513 0.386249 0.01549
1454 0.500963 0.00824167 0.383215 0.0154671
1455 0.501155 0.00825976 0.383215 0.0154671
1456 0.500824 0.00825846 0.384226 0.0154748
1457 0.500759 0.00826594 0.384226 0.0154748
1458 0.500328 0.00826872 0.389282 0.0155122
1459 0.499986 0.00826863 0.391304 0.0155267
1460 0.500459 0.00826755 0.388271 0.0155049
1461 0.499952 0.0082727 0.388271 0.0155049
1462 0.500317 0.00826156 0.38726 0.0154975
1463 0.500265 0.00825377 0.384226 0.0154748
1464 0.500072 0.00823825 0.38726 0.0154975
1465 0.500251 0.00823282 0.383215 0.0154671
1466 0.500159 0.00823244 0.392315 0.0155338
1467 0.500017 0.00822527 0.389282 0.0155122
1468 0.500034 0.00821544 0.390293 0.0155195
1469 0.500428 0.00820989 0.388271 0.0155049
1470 0.500001 0.00819772 0.386249 0.01549
1471 0.50017 0.00819349 0.390293 0.0155195
1472 0.500364 0.00821694 0.385238 0.0154824
1473 0.500675 0.00820713 0.384226 0.0154748
1474 0.500917 0.00821568 0.384226 0.0154748
1475 0.500551 0.00820114 0.386249 0.01549
1476 0.500225 0.00820289 0.384226 0.0154748
1477 0.500805 0.00820496 0.37816 0.0154276
1478 0.49998 0.00819609 0.380182 0.0154436
1479 0.499724 0.00819952 0.382204 0.0154594
1480 0.500157 0.00819984 0.382204 0.0154594
1481 0.499746 0.00820378 0.381193 0.0154515
1482 0.499744 0.00820397 0.391304 0.0155267
1483 0.499556 0.00821713 0.389282 0.0155122
1484 0.499209 0.00822784 0.391304 0.0155267
1485 0.49995 0.00820696 0.394338 0.0155479
1486 0.499855 0.00820707 0.389282 0.0155122
1487 0.499632 0.00821781 0.388271 0.0155049
1488 0.499809 0.00823344 0.388271 0.0155049
1489 0.499769 0.00823458 0.388271 0.0155049
1490 0.499368 0.00823683 0.386249 0.01549
1491 0.499635 0.00824141 0.38726 0.0154975
1492 0.499467 0.00823928 0.38726 0.0154975
1493 0.499782 0.00822474 0.380182 0.0154436
1494 0.499561 0.00823265 0.391304 0.0155267
1495 0.49991 0.00822378 0.384226 0.0154748
1496 0.499479 0.00821817 0.384226 0.0154748
1497 0.499497 0.00821703 0.390293 0.0155195
1498 0.499528 0.00821212 0.391304 0.0155267
1499 0.499174 0.00820779 0.389282 0.0155122
1500 0.498973 0.00821219 0.389282 0.0155122
1501 0.498753 0.00820088 0.391304 0.0155267
1502 0.498471 0.00821902 0.398382 0.0155751
1503 0.498483 0.00822112 0.39636 0.0155616
1504 0.497974 0.00821868 0.39636 0.0155616
1505 0.498269 0.00823029 0.39636 0.0155616
1506 0.498703 0.00823267 0.391304 0.0155267
1507 0.49871 0.00823255 0.390293 0.0155195
1508 0.497906 0.00823632 0.394338 0.0155479
1509 0.497784 0.00824925 0.393327 0.0155409
1510 0.497354 0.00824446 0.398382 0.0155751
1511 0.497482 0.00824079 0.39636 0.0155616
1512 0.497853 0.00824929 0.393327 0.0155409
1513 0.498076 0.00824033 0.388271 0.0155049
1514 0.498164 0.00822856 0.383215 0.0154671
1515 0.498155 0.00823877 0.388271 0.0155049
1516 0.498308 0.00823692 0.392315 0.0155338
1517 0.498351 0.00823302 0.394338 0.0155479
1518 0.498286 0.00823464 0.394338 0.0155479
1519 0.498359 0.0082352 0.39636 0.0155616
1520 0.498541 0.00824735 0.39636 0.0155616
1521 0.49895 0.00823706 0.391304 0.0155267
1522 0.499256 0.0082459 0.391304 0.0155267
1523 0.499323 0.00824245 0.390293 0.0155195
1524 0.499369 0.00824668 0.397371 0.0155684
1525 0.498947 0.00825098 0.395349 0.0155548
1526 0.498526 0.00824589 0.39636 0.0155616
1527 0.497846 0.00825599 0.401416 0.0155949
1528 0.498145 0.00825555 0.402427 0.0156013
1529 0.497246 0.00826053 0.399393 0.0155818
1530 0.497501 0.00825669 0.393327 0.0155409
1531 0.497179 0.00826873 0.395349 0.0155548
1532 0.497192 0.00825852 0.394338 0.0155479
1533 0.498173 0.00825648 0.390293 0.0155195
1534 0.498121 0.00826273 0.390293 0.0155195
1535 0.498209 0.00827319 0.389282 0.0155122
1536 0.497857 0.00826313 0.390293 0.0155195
1537 0.497767 0.00824978 0.39636 0.0155616
1538 0.49797 0.00825005 0.39636 0.0155616
1539 0.498369 0.0082426 0.389282 0.0155122
1540 0.498788 0.00824758 0.394338 0.0155479
1541 0.499414 0.0082641 0.390293 0.0155195
1542 0.499596 0.00826328 0.392315 0.0155338
1543 0.499375 0.00825261 0.390293 0.0155195
1544 0.498996 0.00825479 0.39636 0.0155616
1545 0.499605 0.0082422 0.391304 0.0155267
1546 0.499222 0.00824902 0.392315 0.0155338
1547 0.498938 0.00825119 0.39636 0.0155616
1548 0.498915 0.00824666 0.394338 0.0155479
1549 0.498943 0.00825114 0.39636 0.0155616
1550 0.498941 0.00823739 0.394338 0.0155479
1551 0.498964 0.00823558 0.394338 0.0155479
1552 0.499168 0.00823554 0.395349 0.0155548
1553 0.498993 0.00823175 0.393327 0.0155409
1554 0.499277 0.00823837 0.389282 0.0155122
1555 0.499318 0.00823505 0.389282 0.0155122
1556 0.498987 0.00823633 0.389282 0.0155122
1557 0.499124 0.00823469 0.391304 0.0155267
1558 0.499455 0.00824118 0.391304 0.0155267
1559 0.49944 0.0082337 0.393327 0.0155409
1560 0.499476 0.00822881 0.391304 0.0155267
1561 0.499106 0.00822161 0.39636 0.0155616
1562 0.49933 0.00822806 0.393327 0.0155409
1563 0.499572 0.00823213 0.395349 0.0155548
1564 0.499574 0.00823053 0.392315 0.0155338
1565 0.499347 0.00823808 0.391304 0.0155267
1566 0.499427 0.0082445 0.393327 0.0155409
1567 0.498968 0.00823751 0.391304 0.0155267
1568 0.499089 0.00824113 0.395349 0.0155548
1569 0.499924 0.00822218 0.389282 0.0155122
1570 0.500165 0.00822889 0.390293 0.0155195
1571 0.50001 0.00822797 0.389282 0.0155122
1572 0.500427 0.00822639 0.38726 0.0154975
1573 0.499397 0.00821941 0.389282 0.0155122
1574 0.499247 0.00822424 0.391304 0.0155267
1575 0.498974 0.00823143 0.395349 0.0155548
1576 0.499133 0.00823184 0.389282 0.0155122
1577 0.498917 0.0082234 0.392315 0.0155338
1578 0.498666 0.0082339 0.390293 0.0155195
1579 0.498657 0.00822204 0.392315 0.0155338
1580 0.498582 0.00822155 0.393327 0.0155409
1581 0.498586 0.00823184 0.392315 0.0155338
1582 0.498613 0.0082256 0.390293 0.0155195
1583 0.498332 0.00823262 0.389282 0.0155122
1584 0.498153 0.00824304 0.392315 0.0155338
1585 0.498372 0.00825177 0.393327 0.0155409
1586 0.498387 0.00825641 0.395349 0.0155548
1587 0.498424 0.00824174 0.394338 0.0155479
1588 0.49855 0.00824108 0.402427 0.0156013
1589 0.498217 0.00823908 0.395349 0.0155548
1590 0.498105 0.00824586 0.394338 0.0155479
1591 0.498165 0.00826569 0.391304 0.0155267
1592 0.498228 0.00825738 0.39636 0.0155616
1593 0.498885 0.00825946 0.394338 0.0155479
1594 0.498875 0.0082697 0.391304 0.0155267
1595 0.499099 0.00827885 0.392315 0.0155338
1596 0.499203 0.00826513 0.389282 0.0155122
1597 0.498692 0.00825987 0.397371 0.0155684
1598 0.498745 0.00825402 0.397371 0.0155684
1599 0.49857 0.00827493 0.399393 0.0155818
1600 0.498861 0.00827498 0.391304 0.0155267
1601 0.499144 0.00827262 0.392315 0.0155338
1602 0.498821 0.00827826 0.39636 0.0155616
1603 0.499157 0.00829116 0.399393 0.0155818
1604 0.498802 0.00829858 0.397371 0.0155684
1605 0.4987 0.0083055 0.397371 0.0155684
1606 0.499429 0.00831198 0.397371 0.0155684
1607 0.49984 0.00830436 0.39636 0.0155616
1608 0.49999 0.00830052 0.399393 0.0155818
1609 0.499931 0.00828902 0.401416 0.0155949
1610 0.499765 0.00829199 0.402427 0.0156013
1611 0.499395 0.00830579 0.404449 0.015614
1612 0.499845 0.0083079 0.400404 0.0155884
1613 0.499623 0.00830468 0.392315 0.0155338
1614 0.500097 0.0082941 0.395349 0.0155548
1615 0.49909 0.00829208 0.395349 0.0155548
1616 0.499026 0.00829205 0.394338 0.0155479
1617 0.499031 0.00829682 0.399393 0.0155818
1618 0.498815 0.00829293 0.397371 0.0155684
1619 0.498638 0.00831061 0.402427 0.0156013
1620 0.498271 0.00831052 0.401416 0.0155949
1621 0.497932 0.00831092 0.398382 0.0155751
1622 0.498074 0.00830546 0.401416 0.0155949
1623 0.497757 0.00830916 0.401416 0.0155949
1624 0.497503 0.00830286 0.401416 0.0155949
1625 0.497257 0.00830473 0.402427 0.0156013
1626 0.497885 0.00829955 0.402427 0.0156013
1627 0.497496 0.00829396 0.402427 0.0156013
1628 0.497972 0.00829926 0.404449 0.015614
1629 0.498101 0.00830057 0.410516 0.0156503
1630 0.498454 0.00828534 0.404449 0.015614
1631 0.498038 0.00828141 0.401416 0.0155949
1632 0.497753 0.00828167 0.397371 0.0155684
1633 0.497672 0.00828442 0.401416 0.0155949
1634 0.497866 0.00829222 0.401416 0.0155949
1635 0.497972 0.00828784 0.401416 0.0155949
1636 0.497739 0.00829118 0.402427 0.0156013
1637 0.497792 0.0082959 0.39636 0.0155616
1638 0.498046 0.00831834 0.399393 0.0155818
1639 0.497633 0.0083041 0.403438 0.0156077
1640 0.498201 0.00831142 0.399393 0.0155818
1641 0.498497 0.00831351 0.39636 0.0155616
1642 0.498577 0.00830481 0.397371 0.0155684
1643 0.49828 0.00830835 0.397371 0.0155684
1644 0.498611 0.00830429 0.393327 0.0155409
1645 0.498536 0.00829577 0.39636 0.0155616
1646 0.499016 0.00831288 0.393327 0.0155409
1647 0.49882 0.008303 0.390293 0.0155195
1648 0.498355 0.00829692 0.393327 0.0155409
1649 0.49827 0.00830834 0.398382 0.0155751
1650 0.498343 0.00831526 0.40546 0.0156202
1651 0.498334 0.00831632 0.404449 0.015614
1652 0.49854 0.00831434 0.403438 0.0156077
1653 0.498728 0.0083022 0.400404 0.0155884
1654 0.498654 0.00829703 0.395349 0.0155548
1655 0.498588 0.00830361 0.394338 0.0155479
1656 0.498467 0.00829471 0.393327 0.0155409
1657 0.497909 0.00828353 0.397371 0.0155684
1658 0.498099 0.00827531 0.389282 0.0155122
1659 0.497612 0.00827173 0.392315 0.0155338
1660 0.497964 0.00828055 0.393327 0.0155409
1661 0.498717 0.00828551 0.393327 0.0155409
1662 0.498685 0.00829556 0.393327 0.0155409
1663 0.498887 0.00828162 0.393327 0.0155409
1664 0.498047 0.00828064 0.395349 0.0155548
1665 0.498181 0.00828519 0.393327 0.0155409
1666 0.497602 0.00828744 0.395349 0.0155548
1667 0.497026 0.0082743 0.394338 0.0155479
1668 0.497298 0.0082626 0.397371 0.0155684
1669 0.496993 0.00825941 0.395349 0.0155548
1670 0.496955 0.00826951 0.39636 0.0155616
1671 0.49743 0.00825608 0.390293 0.0155195
1672 0.497893 0.00824062 0.390293 0.0155195
1673 0.497276 0.00824606 0.395349 0.0155548
1674 0.496852 0.00824282 0.393327 0.0155409
1675 0.496795 0.00824554 0.393327 0.0155409
1676 0.496458 0.00825804 0.397371 0.0155684
1677 0.496517 0.00825622 0.393327 0.0155409
1678 0.495898 0.00825006 0.399393 0.0155818
1679 0.495646 0.00825756 0.397371 0.0155684
1680 0.495472 0.00825366 0.397371 0.0155684
1681 0.4956 0.00825084 0.401416 0.0155949
1682 0.495904 0.00824961 0.401416 0.0155949
1683 0.495596 0.00824209 0.398382 0.0155751
1684 0.495552 0.00824915 0.402427 0.0156013
1685 0.49538 0.00824749 0.397371 0.0155684
1686 0.495419 0.00824996 0.402427 0.0156013
1687 0.495249 0.00823798 0.392315 0.0155338
1688 0.495815 0.00822818 0.392315 0.0155338
1689 0.495768 0.00823744 0.398382 0.0155751
1690 0.495191 0.00822504 0.393327 0.0155409
1691 0.495908 0.00822837 0.391304 0.0155267
1692 0.495557 0.0082112 0.391304 0.0155267
1693 0.495871 0.00822062 0.389282 0.0155122
1694 0.495652 0.00821598 0.394338 0.0155479
1695 0.495275 0.00821381 0.392315 0.0155338
1696 0.49513 0.00822572 0.395349 0.0155548
1697 0.495256 0.00821786 0.393327 0.0155409
1698 0.495719 0.00821824 0.39636 0.0155616
1699 0.495456 0.00822524 0.392315 0.0155338
1700 0.495262 0.00821735 0.390293 0.0155195
1701 0.495302 0.0082081 0.38726 0.0154975
1702 0.494691 0.00820985 0.386249 0.01549
1703 0.494631 0.00821124 0.393327 0.0155409
1704 0.494158 0.00820577 0.389282 0.0155122
1705 0.494382 0.00820493 0.38726 0.0154975
1706 0.494253 0.00821376 0.392315 0.0155338
1707 0.494548 0.00822307 0.38726 0.0154975
1708 0.494613 0.00823271 0.384226 0.0154748
1709 0.494815 0.00822116 0.38726 0.0154975
1710 0.494911 0.0082216 0.382204 0.0154594
1711 0.494623 0.00821173 0.383215 0.0154671
1712 0.494988 0.00820415 0.386249 0.01549
1713 0.495421 0.00820322 0.38726 0.0154975
1714 0.49513 0.00821368 0.391304 0.0155267
1715 0.494871 0.00821296 0.389282 0.0155122
1716 0.495189 0.00822478 0.38726 0.0154975
1717 0.495085 0.00822437 0.394338 0.0155479
1718 0.494687 0.00822237 0.393327 0.0155409
1719 0.494732 0.00822297 0.395349 0.0155548
1720 0.494548 0.00821985 0.392315 0.0155338
1721 0.494196 0.00822067 0.391304 0.0155267
1722 0.494388 0.00821964 0.390293 0.0155195
1723 0.494855 0.00821708 0.392315 0.0155338
1724 0.494795 0.00822247 0.389282 0.0155122
1725 0.494449 0.00820181 0.386249 0.01549
1726 0.494408 0.00820118 0.388271 0.0155049
1727 0.49497 0.00821614 0.38726 0.0154975
1728 0.495508 0.00821371 0.388271 0.0155049
1729 0.4955 0.0082139 0.388271 0.0155049
1730 0.495312 0.00821235 0.390293 0.0155195
1731 0.495268 0.00821801 0.391304 0.0155267
1732 0.495021 0.00822232 0.38726 0.0154975
1733 0.49496 0.00820639 0.389282 0.0155122
1734 0.495289 0.00820099 0.389282 0.0155122
1735 0.495584 0.00820452 0.38726 0.0154975
1736 0.495496 0.00820196 0.391304 0.0155267
1737 0.495626 0.00820658 0.389282 0.0155122
1738 0.495064 0.00821988 0.392315 0.0155338
1739 0.495124 0.00821327 0.392315 0.0155338
1740 0.495225 0.00823032 0.397371 0.0155684
1741 0.495025 0.0082257 0.395349 0.0155548
1742 0.495292 0.00824742 0.398382 0.0155751
1743 0.495345 0.00825023 0.392315 0.0155338
1744 0.495194 0.0082607 0.393327 0.0155409
1745 0.495176 0.00825545 0.398382 0.0155751
1746 0.495764 0.0082538 0.394338 0.0155479
1747 0.496167 0.0082552 0.392315 0.0155338
1748 0.495547 0.0082481 0.393327 0.0155409
1749 0.495525 0.00823868 0.392315 0.0155338
1750 0.495618 0.00824322 0.392315 0.0155338
1751 0.496299 0.00823562 0.391304 0.0155267
1752 0.49631 0.00823817 0.394338 0.0155479
1753 0.496717 0.00824312 0.394338 0.0155479
1754 0.496299 0.00823255 0.395349 0.0155548
1755 0.496507 0.00824406 0.393327 0.0155409
1756 0.496909 0.00823573 0.39636 0.0155616
1757 0.496575 0.00824334 0.397371 0.0155684
1758 0.496596 0.00824618 0.38726 0.0154975
1759 0.496064 0.0082408 0.390293 0.0155195
1760 0.495858 0.00825713 0.391304 0.0155267
1761 0.496036 0.00826866 0.390293 0.0155195
1762 0.495891 0.00825926 0.391304 0.0155267
1763 0.496175 0.00827041 0.391304 0.0155267
1764 0.496259 0.00826761 0.391304 0.0155267
1765 0.495975 0.00826567 0.392315 0.0155338
1766 0.495748 0.00826275 0.395349 0.0155548
1767 0.495487 0.00826208 0.392315 0.0155338
1768 0.495761 0.00826332 0.392315 0.0155338
1769 0.496165 0.00826989 0.389282 0.0155122
1770 0.496651 0.00826399 0.389282 0.0155122
1771 0.496435 0.00826633 0.391304 0.0155267
1772 0.496416 0.00827168 0.397371 0.0155684
1773 0.496085 0.00826357 0.391304 0.0155267
1774 0.496694 0.00826779 0.394338 0.0155479
1775 0.496347 0.0082714 0.390293 0.0155195
1776 0.49624 0.00827109 0.395349 0.0155548
1777 0.49636 0.00826421 0.391304 0.0155267
1778 0.496372 0.00825268 0.395349 0.0155548
1779 0.496505 0.00824568 0.39636 0.0155616
1780 0.496713 0.00825697 0.397371 0.0155684
1781 0.496766 0.00825965 0.398382 0.0155751
1782 0.496649 0.00828137 0.400404 0.0155884
1783 0.496946 0.00827821 0.398382 0.0155751
1784 0.496889 0.00827182 0.394338 0.0155479
1785 0.497652 0.00829071 0.399393 0.0155818
1786 0.497764 0.00829682 0.395349 0.0155548
1787 0.498046 0.00829706 0.395349 0.0155548
1788 0.497768 0.00830867 0.398382 0.0155751
1789 0.497506 0.00830649 0.401416 0.0155949
1790 0.49751 0.00830925 0.397371 0.0155684
1791 0.497457 0.00830689 0.395349 0.0155548
1792 0.497763 0.00831535 0.395349 0.0155548
1793 0.497556 0.00831078 0.395349 0.0155548
1794 0.497712 0.00831674 0.395349 0.0155548
1795 0.497434 0.00832355 0.397371 0.0155684
1796 0.497212 0.00831995 0.39636 0.0155616
1797 0.497454 0.00831716 0.397371 0.0155684
1798 0.496805 0.00830096 0.397371 0.0155684
1799 0.496548 0.00830239 0.400404 0.0155884
1800 0.496653 0.00832024 0.399393 0.0155818
1801 0.496412 0.00832094 0.397371 0.0155684
1802 0.496243 0.0083271 0.400404 0.0155884
1803 0.495939 0.00832468 0.399393 0.0155818
1804 0.495465 0.00832594 0.398382 0.0155751
1805 0.495466 0.00831762 0.402427 0.0156013
1806 0.495085 0.00831829 0.402427 0.0156013
1807 0.495382 0.00832766 0.39636 0.0155616
1808 0.495478 0.00832579 0.39636 0.0155616
1809 0.495848 0.00831804 0.398382 0.0155751
1810 0.496281 0.00831902 0.398382 0.0155751
1811 0.495705 0.00831738 0.399393 0.0155818
1812 0.49613 0.00831173 0.393327 0.0155409
1813 0.496895 0.00831023 0.391304 0.0155267
1814 0.497059 0.00831044 0.389282 0.0155122
1815 0.497331 0.00830697 0.390293 0.0155195
1816 0.497204 0.00830643 0.390293 0.0155195
1817 0.496964 0.0083123 0.393327 0.0155409
1818 0.496754 0.00832542 0.394338 0.0155479
1819 0.497512 0.00832479 0.392315 0.0155338
1820 0.497878 0.00831613 0.394338 0.0155479
1821 0.497945 0.00831279 0.389282 0.0155122
1822 0.49774 0.0083308 0.389282 0.0155122
1823 0.497742 0.00833534 0.391304 0.0155267
1824 0.497078 0.00832752 0.389282 0.0155122
1825 0.497386 0.00833254 0.391304 0.0155267
1826 0.497106 0.00832041 0.394338 0.0155479
1827 0.496861 0.00832763 0.394338 0.0155479
1828 0.496902 0.00833032 0.393327 0.0155409
1829 0.496989 0.00831246 0.388271 0.0155049
1830 0.497235 0.00831579 0.39636 0.0155616
1831 0.497343 0.00831456 0.397371 0.0155684
1832 0.497707 0.00830286 0.393327 0.0155409
1833 0.497587 0.00830054 0.395349 0.0155548
1834 0.497704 0.00831617 0.397371 0.0155684
1835 0.497601 0.00832245 0.39636 0.0155616
1836 0.497797 0.00832939 0.39636 0.0155616
1837 0.497921 0.00832636 0.39636 0.0155616
1838 0.497034 0.00833014 0.391304 0.0155267
1839 0.497043 0.00832313 0.394338 0.0155479
1840 0.496995 0.00832537 0.39636 0.0155616
1841 0.497867 0.00831919 0.393327 0.0155409
1842 0.498311 0.00831483 0.393327 0.0155409
1843 0.49896 0.00830258 0.391304 0.0155267
1844 0.498498 0.00829188 0.38726 0.0154975
1845 0.498182 0.00828837 0.389282 0.0155122
1846 0.498174 0.00829196 0.384226 0.0154748
1847 0.497571 0.00830312 0.390293 0.0155195
1848 0.497813 0.00829491 0.391304 0.0155267
1849 0.497807 0.00830256 0.393327 0.0155409
1850 0.49855 0.00830534 0.397371 0.0155684
1851 0.498642 0.00830006 0.394338 0.0155479
1852 0.498135 0.00829391 0.393327 0.0155409
1853 0.497776 0.0082894 0.395349 0.0155548
1854 0.497526 0.00827322 0.395349 0.0155548
1855 0.496901 0.00828134 0.392315 0.0155338
1856 0.496941 0.00828937 0.388271 0.0155049
1857 0.496846 0.0082782 0.390293 0.0155195
1858 0.497135 0.00827368 0.390293 0.0155195
1859 0.496616 0.00827304 0.393327 0.0155409
1860 0.497108 0.00826199 0.391304 0.0155267
1861 0.497136 0.00826404 0.393327 0.0155409
1862 0.497109 0.00825897 0.390293 0.0155195
1863 0.496736 0.00826711 0.393327 0.0155409
1864 0.497171 0.00826513 0.391304 0.0155267
1865 0.497474 0.00826708 0.395349 0.0155548
1866 0.497929 0.00828281 0.388271 0.0155049
1867 0.497535 0.00827768 0.394338 0.0155479
1868 0.497254 0.00827767 0.392315 0.0155338
1869 0.49705 0.00827558 0.393327 0.0155409
1870 0.497403 0.0082747 0.390293 0.0155195
1871 0.49662 0.00827128 0.389282 0.0155122
1872 0.496731 0.00827901 0.391304 0.0155267
1873 0.496274 0.00828135 0.391304 0.0155267
1874 0.496555 0.00828254 0.395349 0.0155548
1875 0.496849 0.00828741 0.397371 0.0155684
1876 0.496894 0.00827708 0.391304 0.0155267
1877 0.497594 0.00827458 0.390293 0.0155195
1878 0.497109 0.00827887 0.390293 0.0155195
1879 0.497185 0.00829009 0.392315 0.0155338
1880 0.497247 0.00828546 0.392315 0.0155338
1881 0.496894 0.00827383 0.391304 0.0155267
1882 0.497023 0.00828944 0.391304 0.0155267
1883 0.497445 0.00829597 0.395349 0.0155548
1884 0.497079 0.00828205 0.397371 0.0155684
1885 0.497022 0.00827862 0.395349 0.0155548
1886 0.49631 0.00827882 0.397371 0.0155684
1887 0.495836 0.00828172 0.398382 0.0155751
1888 0.495695 0.0082907 0.394338 0.0155479
1889 0.495551 0.00829136 0.392315 0.0155338
1890 0.495789 0.00827835 0.388271 0.0155049
1891 0.495889 0.00826426 0.388271 0.0155049
1892 0.49573 0.00826277 0.389282 0.0155122
1893 0.495739 0.00826985 0.394338 0.0155479
1894 0.495949 0.0082662 0.390293 0.0155195
1895 0.496277 0.00827339 0.391304 0.0155267
1896 0.496159 0.00827964 0.393327 0.0155409
1897 0.496362 0.00827521 0.392315 0.0155338
1898 0.49652 0.00827849 0.393327 0.0155409
1899 0.496597 0.00828151 0.394338 0.0155479
1900 0.496206 0.00828642 0.397371 0.0155684
1901 0.496782 0.00829127 0.39636 0.0155616
1902 0.496646 0.00828446 0.392315 0.0155338
1903 0.496312 0.00829767 0.390293 0.0155195
1904 0.496119 0.00830059 0.393327 0.0155409
1905 0.495769 0.00828627 0.391304 0.0155267
1906 0.495867 0.00829411 0.39636 0.0155616
1907 0.496177 0.00829771 0.39636 0.0155616
1908 0.495799 0.00830092 0.398382 0.0155751
1909 0.496244 0.00830626 0.397371 0.0155684
1910 0.496689 0.00830622 0.395349 0.0155548
1911 0.497502 0.00830221 0.398382 0.0155751
1912 0.497142 0.00828859 0.399393 0.0155818
1913 0.497319 0.00829835 0.399393 0.0155818
1914 0.497325 0.00829313 0.401416 0.0155949
1915 0.497607 0.00829265 0.406471 0.0156263
1916 0.497411 0.00829723 0.400404 0.0155884
1917 0.497281 0.00830166 0.400404 0.0155884
1918 0.497058 0.00829671 0.39636 0.0155616
1919 0.497323 0.00829237 0.397371 0.0155684
1920 0.497557 0.00829451 0.397371 0.0155684
1921 0.497763 0.0083108 0.397371 0.0155684
1922 0.497368 0.00832325 0.398382 0.0155751
1923 0.497051 0.00830775 0.399393 0.0155818
1924 0.496885 0.00831578 0.397371 0.0155684
1925 0.496828 0.00831035 0.400404 0.0155884
1926 0.497076 0.00831395 0.402427 0.0156013
1927 0.49744 0.00831843 0.397371 0.0155684
1928 0.497537 0.00831165 0.399393 0.0155818
1929 0.497335 0.00831291 0.399393 0.0155818
1930 0.49769 0.00830671 0.393327 0.0155409
1931 0.497799 0.00829435 0.391304 0.0155267
1932 0.497723 0.00830152 0.391304 0.0155267
1933 0.497874 0.00828605 0.393327 0.0155409
1934 0.49744 0.00829659 0.397371 0.0155684
1935 0.497829 0.00829078 0.400404 0.0155884
1936 0.49843 0.00829504 0.397371 0.0155684
1937 0.498813 0.00830266 0.399393 0.0155818
1938 0.498605 0.00829623 0.400404 0.0155884
1939 0.498227 0.00828462 0.397371 0.0155684
1940 0.498609 0.00828367 0.392315 0.0155338
1941 0.498488 0.00827817 0.392315 0.0155338
1942 0.498037 0.00827478 0.393327 0.0155409
1943 0.497599 0.00826888 0.393327 0.0155409
1944 0.497684 0.00825714 0.393327 0.0155409
1945 0.497423 0.00826637 0.390293 0.0155195
1946 0.497288 0.00826943 0.393327 0.0155409
1947 0.497094 0.00826965 0.397371 0.0155684
1948 0.496685 0.00826688 0.39636 0.0155616
1949 0.49693 0.00826182 0.395349 0.0155548
1950 0.496929 0.00827233 0.39636 0.0155616
1951 0.496833 0.00827883 0.394338 0.0155479
1952 0.497129 0.00826625 0.397371 0.0155684
1953 0.497047 0.00827124 0.393327 0.0155409
1954 0.497512 0.00827579 0.39636 0.0155616
1955 0.498237 0.00825909 0.397371 0.0155684
1956 0.498222 0.00826213 0.394338 0.0155479
1957 0.498572 0.00824863 0.393327 0.0155409
1958 0.498314 0.00825247 0.395349 0.0155548
1959 0.498922 0.0082509 0.399393 0.0155818
1960 0.498787 0.00825749 0.398382 0.0155751
1961 0.49897 0.00826325 0.39636 0.0155616
1962 0.499272 0.0082744 0.389282 0.0155122
1963 0.499092 0.00826642 0.393327 0.0155409
1964 0.499253 0.00826755 0.390293 0.0155195
1965 0.498943 0.008264 0.397371 0.0155684
1966 0.498751 0.00826369 0.398382 0.0155751
1967 0.498905 0.00825886 0.394338 0.0155479
1968 0.4989 0.00824802 0.392315 0.0155338
1969 0.499104 0.00824704 0.395349 0.0155548
1970 0.499042 0.00825359 0.38726 0.0154975
1971 0.499558 0.00826944 0.395349 0.0155548
1972 0.498946 0.00827564 0.398382 0.0155751
1973 0.498983 0.00825992 0.393327 0.0155409
1974 0.49883 0.0082654 0.391304 0.0155267
1975 0.498752 0.00825532 0.392315 0.0155338
1976 0.498005 0.00826273 0.395349 0.0155548
1977 0.498461 0.0082571 0.394338 0.0155479
1978 0.498622 0.00824707 0.390293 0.0155195
1979 0.498294 0.00823431 0.392315 0.0155338
1980 0.498668 0.00823426 0.392315 0.0155338
1981 0.498553 0.00822787 0.395349 0.0155548
1982 0.498913 0.00822522 0.394338 0.0155479
1983 0.498855 0.00821245 0.386249 0.01549
1984 0.498406 0.00820936 0.393327 0.0155409
1985 0.498266 0.00820954 0.392315 0.0155338
1986 0.498551 0.00820814 0.388271 0.0155049
1987 0.498559 0.00820583 0.386249 0.01549
1988 0.498463 0.00819953 0.393327 0.0155409
1989 0.499019 0.00821471 0.391304 0.0155267
1990 0.498865 0.00821561 0.392315 0.0155338
1991 0.498916 0.00820897 0.395349 0.0155548
1992 0.498919 0.00820448 0.391304 0.0155267
1993 0.498682 0.00820859 0.391304 0.0155267
1994 0.499031 0.00821338 0.389282 0.0155122
1995 0.499056 0.00822648 0.389282 0.0155122
1996 0.499496 0.00822154 0.390293 0.0155195
1997 0.499247 0.00822953 0.388271 0.0155049
1998 0.499149 0.00822909 0.385238 0.0154824
1999 0.499385 0.00822798 0.38726 0.0154975
