#sample=7478
0 0.001339 4.41687e-06 1 0
1 0.00135511 5.32539e-06 1 0
2 0.00137558 6.4101e-06 1 0
3 0.00140881 7.64673e-06 1 0
4 0.00145703 9.47788e-06 1 0
5 0.00150951 1.09355e-05 1 0
6 0.00155788 1.23075e-05 1 0
7 0.00162669 1.41919e-05 1 0
8 0.00170374 1.64294e-05 1 0
9 0.00178222 1.81901e-05 1 0
10 0.00188567 2.03566e-05 1 0
11 0.00200733 2.2277e-05 1 0
12 0.00212545 2.45191e-05 1 0
13 0.00224832 2.66796e-05 1 0
14 0.00237431 2.957e-05 1 0
15 0.00250468 3.07132e-05 1 0
16 0.00267581 3.41959e-05 1 0
17 0.00277254 3.56212e-05 1 0
18 0.00292645 3.78919e-05 1 0
19 0.00309764 4.03468e-05 1 0
20 0.00327843 4.33018e-05 1 0
21 0.00349451 4.84323e-05 1 0
22 0.00364301 4.85763e-05 1 0
23 0.00382115 5.0811e-05 1 0
24 0.00400708 5.36471e-05 1 0
25 0.00421262 5.67148e-05 1 0
26 0.00440918 5.91733e-05 1 0
27 0.00458124 6.13869e-05 1 0
28 0.00482009 6.48819e-05 1 0
29 0.00503856 6.85332e-05 1 0
30 0.00526028 7.1141e-05 1 0
31 0.00545626 7.42935e-05 1 0
32 0.00568705 7.73047e-05 1 0
33 0.00595078 8.13327e-05 1 0
34 0.00618353 8.3788e-05 1 0
35 0.00640236 8.70592e-05 1 0
36 0.00661639 9.06859e-05 1 0
37 0.0068127 9.27621e-05 1 0
38 0.00701789 9.53253e-05 1 0
39 0.00727186 9.85089e-05 1 0
40 0.00752481 0.000102404 1 0
41 0.00774856 0.000105146 1 0
42 0.00796152 0.00010747 1 0
43 0.00818705 0.000110047 1 0
44 0.00843284 0.000112998 1 0
45 0.00861677 0.000115278 1 0
46 0.00885147 0.000118193 1 0
47 0.00901706 0.000120196 1 0
48 0.00924765 0.000123848 1 0
49 0.00950266 0.000127138 1 0
50 0.00977062 0.000129618 1 0
51 0.0100071 0.000133417 1 0
52 0.0101597 0.000135231 1 0
53 0.0103965 0.000139157 1 0
54 0.0106285 0.000142278 1 0
55 0.010878 0.000145175 1 0
56 0.0110671 0.000147936 1 0
57 0.0112803 0.000151635 1 0
58 0.0114854 0.000154853 1 0
59 0.0117416 0.000156833 1 0
60 0.0119285 0.000159495 1 0
61 0.0121336 0.000161393 1 0
62 0.0123258 0.000164468 1 0
63 0.0125856 0.000171257 1 0
64 0.0127939 0.000171965 1 0
65 0.0129575 0.000173286 1 0
66 0.0131927 0.000178596 1 0
67 0.013366 0.000178095 1 0
68 0.0136566 0.000186986 0.999866 0.000133726
69 0.0138355 0.000186932 1 0
70 0.0140888 0.000186467 1 0
71 0.0142348 0.000189355 1 0
72 0.0144428 0.000192035 1 0
73 0.0146692 0.000195228 1 0
74 0.0148103 0.000196876 1 0
75 0.0151019 0.000201372 1 0
76 0.0152562 0.000203242 1 0
77 0.0154551 0.000205992 1 0
78 0.0157053 0.000208199 1 0
79 0.0159457 0.000211545 1 0
80 0.0161346 0.000218563 0.999866 0.000133726
81 0.0163719 0.000217917 1 0
82 0.0164999 0.000219351 1 0
83 0.016709 0.000223042 1 0
84 0.0169006 0.00022854 1 0
85 0.0170757 0.000227666 1 0
86 0.0172833 0.000228925 1 0
87 0.0175127 0.000235274 1 0
88 0.0177281 0.00023632 1 0
89 0.0179126 0.00023956 1 0
90 0.0180895 0.000240223 1 0
91 0.0182478 0.000241701 1 0
92 0.0184225 0.000246684 1 0
93 0.0186187 0.000247895 1 0
94 0.0188689 0.000251538 1 0
95 0.0190182 0.000253768 1 0
96 0.0191132 0.000255555 1 0
97 0.019249 0.00025705 1 0
98 0.0194395 0.000258984 1 0
99 0.0196003 0.000261305 1 0
100 0.0197696 0.000262363 1 0
101 0.0199177 0.00026451 1 0
102 0.0202236 0.00026769 1 0
103 0.0205025 0.000277184 0.999866 0.000133726
104 0.0205848 0.000273592 1 0
105 0.0207828 0.000276677 1 0
106 0.0210217 0.000278537 1 0
107 0.0212759 0.000282188 1 0
108 0.0214965 0.000286085 1 0
109 0.0216381 0.000291975 0.999866 0.000133726
110 0.0218578 0.000289445 1 0
111 0.022051 0.000291312 1 0
112 0.0222054 0.00029823 0.999866 0.000133726
113 0.022317 0.000295299 1 0
114 0.0225877 0.000303149 0.999866 0.000133726
115 0.0226543 0.000299272 1 0
116 0.0229634 0.000304031 1 0
117 0.0232416 0.000307485 1 0
118 0.0233859 0.000308952 1 0
119 0.0235979 0.000312057 1 0
120 0.0237705 0.00031489 1 0
121 0.0240288 0.00031748 1 0
122 0.0241071 0.00032015 0.999866 0.000133726
123 0.0243784 0.000328139 0.999733 0.000189104
124 0.0245946 0.000330461 0.999866 0.000133726
125 0.0247362 0.000328811 0.999866 0.000133726
126 0.0248625 0.000328113 0.999866 0.000133726
127 0.025215 0.00033987 0.999733 0.000189104
128 0.0252303 0.000337815 0.999866 0.000133726
129 0.0255437 0.0003408 0.999866 0.000133726
130 0.0255164 0.000335721 1 0
131 0.0256562 0.000335917 1 0
132 0.0258258 0.000341722 0.999866 0.000133726
133 0.0260945 0.000341993 1 0
134 0.0263356 0.000346693 0.999866 0.000133726
135 0.0265518 0.000347059 1 0
136 0.0267893 0.00035447 0.999866 0.000133726
137 0.0269822 0.000353715 1 0
138 0.0271343 0.000354917 0.999866 0.000133726
139 0.0273361 0.000360228 0.999866 0.000133726
140 0.0275477 0.000364805 0.999866 0.000133726
141 0.0277705 0.000364237 1 0
142 0.0278546 0.000367461 0.999733 0.000189104
143 0.0281395 0.000369505 1 0
144 0.0283175 0.000371428 1 0
145 0.0286109 0.000373556 1 0
146 0.0289052 0.000377432 0.999866 0.000133726
147 0.0288681 0.000374471 1 0
148 0.0292082 0.000379791 1 0
149 0.0294292 0.00038431 0.999866 0.000133726
150 0.0296402 0.000382257 1 0
151 0.0297259 0.00038266 1 0
152 0.0300475 0.000387017 0.999866 0.000133726
153 0.0302265 0.00038527 1 0
154 0.0304421 0.000391411 1 0
155 0.0306229 0.000393405 1 0
156 0.0309011 0.000394094 1 0
157 0.0310771 0.000397898 1 0
158 0.0314347 0.00041478 0.999733 0.000189104
159 0.0312745 0.000400206 1 0
160 0.0317496 0.000411084 0.999866 0.000133726
161 0.0319701 0.000418343 0.999733 0.000189104
162 0.0323344 0.000414167 0.999866 0.000133726
163 0.0324408 0.000412686 0.999866 0.000133726
164 0.0326586 0.000412733 1 0
165 0.032811 0.000415142 0.999866 0.000133726
166 0.0331792 0.000415798 1 0
167 0.0333814 0.000418342 1 0
168 0.0336975 0.000423926 0.999866 0.000133726
169 0.0338045 0.000424849 1 0
170 0.0342115 0.000431563 0.999733 0.000189104
171 0.0342777 0.000432269 0.999866 0.000133726
172 0.0346683 0.000433574 1 0
173 0.0349086 0.000437686 0.999866 0.000133726
174 0.034949 0.000440696 0.999866 0.000133726
175 0.0352383 0.000438396 0.999866 0.000133726
176 0.0356329 0.000442366 1 0
177 0.0357297 0.000444132 0.999866 0.000133726
178 0.035866 0.000446029 0.999866 0.000133726
179 0.0361121 0.000445705 1 0
180 0.0366633 0.000452512 0.999733 0.000189104
181 0.0365964 0.000448988 1 0
182 0.0368771 0.00045376 0.999866 0.000133726
183 0.037148 0.000459861 0.999733 0.000189104
184 0.0370541 0.000457498 0.999866 0.000133726
185 0.0373765 0.000457654 1 0
186 0.0379746 0.000465158 0.999733 0.000189104
187 0.0380022 0.000462282 1 0
188 0.0381584 0.000462374 1 0
189 0.0385179 0.000466389 1 0
190 0.0387703 0.000469686 1 0
191 0.0389171 0.000474098 0.999866 0.000133726
192 0.0389695 0.000470278 1 0
193 0.0394871 0.000476849 0.999866 0.000133726
194 0.0396447 0.000476819 0.999866 0.000133726
195 0.0398112 0.000478849 0.999733 0.000189104
196 0.0401218 0.000479699 1 0
197 0.0404477 0.000484629 0.999733 0.000189104
198 0.0406588 0.000482977 1 0
199 0.0409509 0.000487479 1 0
200 0.0414554 0.000491313 0.999866 0.000133726
201 0.0416611 0.000494828 0.999866 0.000133726
202 0.0422486 0.000498058 1 0
203 0.042472 0.000504193 0.999733 0.000189104
204 0.042709 0.00050147 1 0
205 0.0430859 0.000507626 0.999866 0.000133726
206 0.0436127 0.000510911 0.999866 0.000133726
207 0.043773 0.000516683 0.999733 0.000189104
208 0.0440593 0.000515826 0.999866 0.000133726
209 0.0446508 0.000518139 0.999733 0.000189104
210 0.044813 0.000523262 0.999866 0.000133726
211 0.0447888 0.000520736 0.999866 0.000133726
212 0.0450829 0.000525156 0.999866 0.000133726
213 0.0454673 0.000528734 0.999733 0.000189104
214 0.0457805 0.000525564 1 0
215 0.0462264 0.000531347 0.999866 0.000133726
216 0.0463329 0.000535248 0.999733 0.000189104
217 0.0464834 0.000534653 1 0
218 0.0469078 0.00054087 0.999866 0.000133726
219 0.0471741 0.000539783 1 0
220 0.0477366 0.000544069 0.999866 0.000133726
221 0.047844 0.000550148 0.999733 0.000189104
222 0.0478571 0.000544401 1 0
223 0.0483128 0.000548934 1 0
224 0.0485823 0.000556621 0.999866 0.000133726
225 0.048757 0.000554496 1 0
226 0.0490434 0.000560926 0.999866 0.000133726
227 0.0495258 0.00056262 0.999733 0.000189104
228 0.049731 0.000563036 1 0
229 0.0501443 0.00056343 1 0
230 0.0505454 0.000575106 0.999733 0.000189104
231 0.0508229 0.000574485 0.999866 0.000133726
232 0.05157 0.000578876 0.999866 0.000133726
233 0.0517453 0.000581265 0.999866 0.000133726
234 0.0519397 0.000582587 0.999866 0.000133726
235 0.0522586 0.000591424 0.999866 0.000133726
236 0.0523156 0.000584421 1 0
237 0.0527055 0.000595839 0.999599 0.000231589
238 0.0530131 0.000594374 0.999866 0.000133726
239 0.0533322 0.000596836 0.999733 0.000189104
240 0.0537425 0.000603502 0.999866 0.000133726
241 0.0538364 0.000602269 0.999866 0.000133726
242 0.0542914 0.000602856 1 0
243 0.0544455 0.000605609 1 0
244 0.0553926 0.000613909 0.999866 0.000133726
245 0.0552458 0.000610288 1 0
246 0.0557749 0.000619543 0.999599 0.000231589
247 0.0560656 0.000618588 1 0
248 0.0565939 0.000622373 0.999866 0.000133726
249 0.0566512 0.000622737 1 0
250 0.0571677 0.00062818 1 0
251 0.0573901 0.000632573 0.999866 0.000133726
252 0.0578777 0.00063375 0.999866 0.000133726
253 0.0581215 0.0006344 1 0
254 0.0589376 0.000641112 0.999866 0.000133726
255 0.0593743 0.000644944 1 0
256 0.0595786 0.000647269 0.999866 0.000133726
257 0.0599636 0.00065305 0.999866 0.000133726
258 0.0604554 0.000653065 0.999866 0.000133726
259 0.0609736 0.000659916 0.999866 0.000133726
260 0.0615425 0.000666273 0.999733 0.000189104
261 0.0617505 0.000669019 0.999733 0.000189104
262 0.0622047 0.000670475 0.999866 0.000133726
263 0.063098 0.000677873 0.999866 0.000133726
264 0.0637431 0.000683344 1 0
265 0.0641816 0.00068844 0.999733 0.000189104
266 0.0648215 0.000692691 1 0
267 0.0647062 0.000698304 0.999465 0.000267398
268 0.0650909 0.000697068 0.999733 0.000189104
269 0.0651554 0.000701873 0.999599 0.000231589
270 0.0653706 0.000695274 0.999465 0.000267398
271 0.066077 0.000705301 0.999866 0.000133726
272 0.0663774 0.000706797 0.999733 0.000189104
273 0.0666518 0.000712797 0.999465 0.000267398
274 0.0665853 0.000710629 0.999866 0.000133726
275 0.0671854 0.000716259 0.999599 0.000231589
276 0.0678477 0.000725342 0.999599 0.000231589
277 0.0681822 0.000724077 0.999599 0.000231589
278 0.0684859 0.000726597 0.999198 0.00032745
279 0.0690434 0.000731204 0.99893 0.000378056
280 0.0696599 0.000734552 0.999064 0.000353663
281 0.0704789 0.000739765 0.99893 0.000378056
282 0.0706627 0.000743221 0.998796 0.000400962
283 0.0712326 0.000747534 0.99893 0.000378056
284 0.072041 0.000753754 0.999064 0.000353663
285 0.0721259 0.000755716 0.999064 0.000353663
286 0.0727298 0.00075699 0.999064 0.000353663
287 0.0734398 0.000762417 0.999599 0.000231589
288 0.073722 0.000768252 0.999198 0.00032745
289 0.073982 0.000768221 0.999465 0.000267398
290 0.0742472 0.000770382 0.999198 0.00032745
291 0.0752418 0.000774789 0.999331 0.00029894
292 0.075145 0.000779068 0.999064 0.000353663
293 0.0757012 0.000781176 0.998663 0.000422623
294 0.0766465 0.000788185 0.998663 0.000422623
295 0.0774999 0.000791249 0.998796 0.000400962
296 0.0779864 0.000796276 0.99893 0.000378056
297 0.0786752 0.000804932 0.99786 0.000534366
298 0.0795354 0.000809664 0.998128 0.00049992
299 0.0797093 0.000814489 0.998395 0.000462898
300 0.0804669 0.000819601 0.998663 0.000422623
301 0.0812141 0.000821961 0.998395 0.000462898
302 0.0814637 0.000827805 0.998262 0.000481767
303 0.0820711 0.000828726 0.998529 0.000443221
304 0.0827256 0.000838332 0.998262 0.000481767
305 0.0832349 0.000845159 0.99786 0.000534366
306 0.0837418 0.000850789 0.997325 0.000597279
307 0.0841672 0.000855883 0.997325 0.000597279
308 0.0850474 0.000858764 0.997058 0.000626347
309 0.0854026 0.000864583 0.997058 0.000626347
310 0.0860912 0.000870239 0.996389 0.000693649
311 0.0867358 0.000875328 0.995988 0.000731023
312 0.0876887 0.000881346 0.996256 0.000706331
313 0.0881805 0.000886351 0.995855 0.000743057
314 0.0891047 0.00089159 0.996523 0.000680729
315 0.090169 0.000896255 0.995453 0.000778025
316 0.0906601 0.0009016 0.99425 0.000874431
317 0.0916196 0.000907821 0.994384 0.000864262
318 0.0920298 0.000910238 0.994785 0.000832991
319 0.0928396 0.000918095 0.99425 0.000874431
320 0.0935563 0.000925971 0.994384 0.000864262
321 0.0948438 0.000932373 0.994918 0.000822298
322 0.096097 0.000944278 0.994116 0.000884481
323 0.0969334 0.000946744 0.993581 0.000923562
324 0.0975602 0.000959009 0.992244 0.00101453
325 0.0984489 0.00095636 0.993581 0.000923562
326 0.0984424 0.000961958 0.992913 0.000970146
327 0.0991895 0.000968605 0.992779 0.000979189
328 0.0998824 0.000974648 0.99211 0.00102317
329 0.101325 0.000981268 0.991976 0.00103174
330 0.102068 0.000991874 0.990639 0.00111365
331 0.102935 0.000992698 0.990639 0.00111365
332 0.103964 0.00100133 0.990238 0.00113704
333 0.104657 0.00101302 0.988901 0.0012116
334 0.106039 0.00101702 0.988901 0.0012116
335 0.106492 0.00102169 0.989035 0.00120436
336 0.107568 0.00103155 0.98743 0.00128843
337 0.108038 0.00103591 0.98743 0.00128843
338 0.109319 0.00104635 0.985825 0.00136709
339 0.110381 0.00105047 0.986093 0.00135431
340 0.111366 0.00105244 0.985023 0.00140467
341 0.112879 0.00106366 0.983552 0.00147094
342 0.113363 0.00106459 0.984755 0.00141697
343 0.113945 0.00107089 0.984889 0.00141084
344 0.115253 0.0010819 0.981412 0.00156198
345 0.115821 0.00108749 0.982883 0.00150003
346 0.117392 0.00110348 0.980476 0.00160007
347 0.118344 0.00110305 0.981813 0.00154535
348 0.119426 0.00111357 0.981412 0.00156198
349 0.120748 0.00111899 0.979139 0.00165283
350 0.122016 0.00112771 0.978604 0.00167343
351 0.122966 0.00113515 0.976464 0.00175319
352 0.124063 0.0011443 0.975528 0.00178685
353 0.126082 0.00115012 0.972319 0.00189729
354 0.127803 0.00115817 0.970313 0.0019628
355 0.128651 0.00116424 0.970714 0.0019499
356 0.130746 0.00117513 0.966702 0.00207486
357 0.13203 0.00118139 0.966702 0.00207486
358 0.13328 0.00118922 0.96483 0.00213033
359 0.134879 0.00120307 0.962824 0.00218796
360 0.136808 0.00121244 0.962156 0.00220678
361 0.137772 0.00121663 0.96015 0.00226215
362 0.139224 0.00122572 0.959214 0.00228745
363 0.140277 0.00123023 0.955737 0.00237863
364 0.142021 0.0012422 0.953196 0.00244269
365 0.143577 0.00125306 0.949987 0.0025208
366 0.145365 0.00126084 0.948114 0.00256501
367 0.147626 0.00126573 0.945707 0.0026205
368 0.149317 0.00128305 0.941829 0.00270691
369 0.151311 0.00129142 0.94076 0.00273014
370 0.153258 0.00129871 0.936614 0.00281782
371 0.155435 0.00130817 0.936213 0.00282612
372 0.158029 0.00131822 0.929928 0.00295212
373 0.159533 0.00132953 0.926852 0.00301122
374 0.161356 0.00133653 0.92284 0.00308599
375 0.162978 0.0013508 0.920433 0.00312967
376 0.165431 0.00136559 0.913881 0.00324438
377 0.167224 0.00137745 0.909735 0.003314
378 0.169539 0.00138837 0.905991 0.00337507
379 0.171583 0.00139733 0.899438 0.00347807
380 0.174332 0.0014079 0.897165 0.00351271
381 0.177316 0.00141649 0.889275 0.00362892
382 0.178908 0.00141977 0.887537 0.00365372
383 0.181366 0.00143265 0.882054 0.00373014
384 0.183909 0.00144727 0.877507 0.00379155
385 0.186217 0.00145661 0.868147 0.00391272
386 0.188651 0.00146429 0.863199 0.00397408
387 0.191098 0.00147476 0.858786 0.00402734
388 0.193622 0.00148853 0.853972 0.00408391
389 0.196695 0.00150193 0.845146 0.00418373
390 0.199449 0.00151418 0.840064 0.00423902
391 0.201746 0.00152498 0.834715 0.00429558
392 0.204471 0.00153433 0.82843 0.00435998
393 0.207697 0.00153953 0.822145 0.00442225
394 0.210811 0.00154687 0.815325 0.00448751
395 0.214213 0.00156106 0.80797 0.00455532
396 0.217484 0.00156673 0.801952 0.00460888
397 0.220931 0.00158492 0.793394 0.00468222
398 0.22498 0.00159065 0.782562 0.00477049
399 0.227961 0.00159705 0.775608 0.00482459
400 0.230946 0.00161306 0.763974 0.00491083
401 0.234254 0.0016207 0.755416 0.004971
402 0.237843 0.00163072 0.750334 0.00500545
403 0.241056 0.00163812 0.742846 0.00505455
404 0.244546 0.00165371 0.734822 0.005105
405 0.247536 0.00165816 0.728002 0.00514618
406 0.251416 0.00167475 0.717572 0.00520623
407 0.254139 0.00168874 0.708746 0.00525433
408 0.257128 0.00169667 0.699519 0.00530206
409 0.260037 0.00170371 0.694303 0.0053279
410 0.262357 0.00171132 0.683739 0.0053778
411 0.26472 0.00172597 0.676919 0.0054083
412 0.268223 0.00173009 0.674378 0.00541932
413 0.270921 0.00174482 0.662075 0.00547016
414 0.273824 0.00175336 0.651779 0.00550952
415 0.27656 0.00175465 0.642819 0.00554147
416 0.279413 0.0017662 0.634662 0.00556872
417 0.282506 0.00177715 0.628911 0.00558689
418 0.284395 0.00178254 0.621557 0.00560889
419 0.286584 0.00179159 0.620487 0.00561198
420 0.28944 0.00179574 0.60912 0.00564299
421 0.292354 0.00180025 0.60016 0.00566517
422 0.295491 0.0018036 0.595346 0.00567627
423 0.298368 0.00180553 0.58759 0.00569296
424 0.300667 0.00180683 0.580904 0.00570618
425 0.303447 0.00181673 0.574886 0.00571715
426 0.305898 0.00182822 0.565793 0.0057321
427 0.308185 0.00183449 0.560979 0.00573921
428 0.310975 0.00184149 0.555764 0.0057463
429 0.314223 0.00184785 0.546804 0.00575699
430 0.316429 0.00185108 0.539315 0.00576447
431 0.318482 0.00185507 0.532495 0.00577015
432 0.320719 0.00185648 0.527414 0.00577368
433 0.323755 0.00185955 0.519925 0.00577778
434 0.325798 0.00185808 0.514442 0.00577996
435 0.327525 0.00186775 0.51364 0.00578022
436 0.329681 0.00186961 0.506419 0.0057819
437 0.332466 0.00187237 0.498395 0.00578235
438 0.334594 0.00187025 0.494517 0.00578203
439 0.336135 0.00187501 0.49318 0.00578184
440 0.338532 0.00188348 0.487697 0.00578063
441 0.340275 0.00189247 0.481412 0.00577838
442 0.343019 0.00189511 0.472987 0.00577393
443 0.345117 0.00190498 0.469377 0.00577152
444 0.347066 0.00190647 0.468976 0.00577123
445 0.348768 0.00191223 0.464696 0.00576794
446 0.350827 0.0019176 0.458679 0.0057626
447 0.352735 0.00191605 0.4544 0.00575828
448 0.354969 0.00191879 0.450522 0.00575399
449 0.356929 0.00192119 0.447847 0.00575083
450 0.358696 0.00192849 0.440225 0.00574091
451 0.36024 0.00192656 0.440225 0.00574091
452 0.362307 0.00193797 0.436614 0.00573572
453 0.363839 0.00193963 0.429125 0.00572399
454 0.365257 0.00193663 0.429125 0.00572399
455 0.3664 0.00193949 0.428457 0.00572288
456 0.367653 0.00193375 0.420968 0.00570969
457 0.369013 0.00193253 0.422172 0.0057119
458 0.370509 0.0019376 0.415218 0.00569864
459 0.3719 0.0019386 0.412945 0.00569406
460 0.372949 0.0019483 0.406526 0.00568043
461 0.374605 0.00194858 0.399037 0.00566326
462 0.376272 0.00195062 0.397031 0.00565843
463 0.377788 0.00194515 0.395694 0.00565515
464 0.379025 0.00194908 0.39088 0.00564299
465 0.380013 0.00195067 0.390612 0.0056423
466 0.381772 0.00195419 0.384996 0.00562734
467 0.383318 0.0019614 0.380583 0.00561504
468 0.384716 0.00196526 0.377507 0.00560617
469 0.386811 0.00195749 0.37256 0.0055914
470 0.388109 0.00195687 0.372025 0.00558976
471 0.389374 0.00196553 0.37149 0.00558812
472 0.390356 0.00197043 0.366809 0.00557345
473 0.391469 0.00197286 0.363466 0.00556262
474 0.392173 0.00197462 0.3636 0.00556305
475 0.392937 0.00198211 0.361193 0.00555509
476 0.394517 0.00198243 0.357716 0.00554331
477 0.395106 0.00198963 0.358786 0.00554697
478 0.395857 0.00198602 0.35571 0.00553637
479 0.397519 0.00198812 0.35103 0.00551977
480 0.398419 0.00198256 0.351431 0.00552121
481 0.400272 0.00198367 0.344343 0.00549503
482 0.401487 0.0019893 0.34207 0.00548635
483 0.402665 0.00198241 0.339262 0.00547543
484 0.403784 0.0019846 0.336454 0.0054643
485 0.404909 0.00198772 0.334715 0.0054573
486 0.406396 0.00199336 0.329901 0.00543748
487 0.40725 0.00200003 0.32843 0.00543129
488 0.40858 0.00199937 0.326023 0.00542104
489 0.410356 0.00199953 0.323482 0.00541005
490 0.411063 0.00200295 0.321476 0.00540124
491 0.412371 0.00200248 0.31947 0.00539231
492 0.412971 0.00201007 0.318133 0.0053863
493 0.414761 0.00201469 0.314523 0.00536981
494 0.415718 0.00201552 0.316662 0.00537963
495 0.416815 0.00201675 0.313587 0.00536547
496 0.418047 0.00202547 0.315191 0.00537289
497 0.41934 0.0020251 0.308639 0.00534212
498 0.419927 0.00202875 0.309708 0.00534723
499 0.420811 0.00202268 0.305964 0.00532921
500 0.421949 0.0020259 0.303423 0.00531674
501 0.423228 0.00202653 0.303958 0.00531938
502 0.424693 0.00202792 0.298342 0.00529122
503 0.425559 0.00202849 0.295801 0.00527818
504 0.426289 0.00202126 0.296068 0.00527956
505 0.426514 0.00202171 0.296202 0.00528025
506 0.427592 0.00203297 0.287644 0.00523495
507 0.42823 0.0020355 0.289917 0.0052472
508 0.429153 0.00203722 0.28858 0.00524001
509 0.430028 0.00203567 0.28858 0.00524001
510 0.430644 0.00203446 0.284167 0.0052159
511 0.431444 0.00203624 0.282295 0.00520548
512 0.431727 0.00203999 0.284568 0.00521811
513 0.432507 0.00203992 0.279754 0.00519117
514 0.433218 0.00204466 0.279888 0.00519192
515 0.43412 0.00204961 0.279888 0.00519192
516 0.434391 0.00204806 0.278016 0.00518125
517 0.435347 0.00204385 0.273201 0.00515329
518 0.436621 0.00204937 0.270661 0.00513823
519 0.436931 0.00205234 0.270527 0.00513743
520 0.438358 0.0020507 0.267585 0.00511971
521 0.439262 0.00204474 0.266515 0.0051132
522 0.440884 0.00204227 0.262503 0.00508843
523 0.440837 0.00204728 0.263573 0.00509509
524 0.441522 0.00204894 0.260899 0.00507837
525 0.442304 0.00204746 0.259428 0.00506907
526 0.442661 0.0020508 0.261434 0.00508173
527 0.443119 0.0020485 0.260765 0.00507753
528 0.443899 0.00204469 0.261434 0.00508173
529 0.444617 0.00205147 0.25809 0.00506055
530 0.444998 0.00205369 0.25555 0.00504419
531 0.445084 0.00205918 0.256352 0.00504938
532 0.445853 0.00206057 0.254614 0.00503811
533 0.44616 0.00206244 0.25555 0.00504419
534 0.446676 0.002058 0.252073 0.00502145
535 0.447286 0.00205555 0.252875 0.00502673
536 0.447967 0.00205943 0.248863 0.00500007
537 0.448415 0.00205932 0.252474 0.00502409
538 0.448807 0.00205944 0.250869 0.00501347
539 0.449252 0.00206141 0.247526 0.00499106
540 0.450292 0.00206633 0.243782 0.00496547
541 0.45049 0.00207573 0.244049 0.00496732
542 0.451368 0.0020733 0.242846 0.004959
543 0.451592 0.00207141 0.242578 0.00495714
544 0.451796 0.00207556 0.24084 0.00494501
545 0.452536 0.00207992 0.240305 0.00494126
546 0.453258 0.00208474 0.240171 0.00494031
547 0.454108 0.00208802 0.24191 0.00495249
548 0.454553 0.00208658 0.239904 0.00493843
549 0.455406 0.00208931 0.237898 0.00492423
550 0.455608 0.00208636 0.235758 0.00490891
551 0.455925 0.00207945 0.236427 0.00491372
552 0.45613 0.00208247 0.233752 0.00489439
553 0.456786 0.00207848 0.233485 0.00489245
554 0.456918 0.00207504 0.231479 0.00487775
555 0.457795 0.00207265 0.230008 0.00486688
556 0.458347 0.00207145 0.229741 0.0048649
557 0.459156 0.00206941 0.230275 0.00486887
558 0.459301 0.00207208 0.227467 0.00484791
559 0.459479 0.00207516 0.226799 0.00484287
560 0.459978 0.0020757 0.228002 0.00485192
561 0.460258 0.0020671 0.224525 0.00482562
562 0.460771 0.00206819 0.2272 0.00484589
563 0.462103 0.0020632 0.222252 0.00480816
564 0.462244 0.00206359 0.223054 0.00481434
565 0.462686 0.00206327 0.224392 0.00482459
566 0.463359 0.0020615 0.219711 0.0047884
567 0.463533 0.00206337 0.221717 0.00480402
568 0.464213 0.00206025 0.221851 0.00480505
569 0.464769 0.00207033 0.222118 0.00480712
570 0.465489 0.00207741 0.224926 0.00482868
571 0.465471 0.00206953 0.222653 0.00481125
572 0.465874 0.00206883 0.220246 0.00479258
573 0.466161 0.00206478 0.218374 0.00477789
574 0.466365 0.00206368 0.21931 0.00478525
575 0.466252 0.00207039 0.219176 0.0047842
576 0.466171 0.00206455 0.215432 0.00475452
577 0.466867 0.00205619 0.217705 0.00477261
578 0.467492 0.00205213 0.214095 0.00474378
579 0.468063 0.00205197 0.21463 0.00474808
580 0.468785 0.00204872 0.212089 0.00472752
581 0.468833 0.00205072 0.211019 0.00471879
582 0.469208 0.00204912 0.205804 0.00467549
583 0.469557 0.00204993 0.208077 0.00469451
584 0.469736 0.00204476 0.206472 0.0046811
585 0.470272 0.00204218 0.205804 0.00467549
586 0.470796 0.00203712 0.202594 0.00464825
587 0.471188 0.00203314 0.204065 0.00466079
588 0.470956 0.00203458 0.203664 0.00465738
589 0.471459 0.00204508 0.205001 0.00466872
590 0.471624 0.00204617 0.205937 0.00467661
591 0.47204 0.0020477 0.204868 0.00466759
592 0.472574 0.0020502 0.205001 0.00466872
593 0.472779 0.00205533 0.20674 0.00468335
594 0.473099 0.00205724 0.205403 0.00467211
595 0.473279 0.00205849 0.201391 0.00463792
596 0.473451 0.00205993 0.201658 0.00464022
597 0.474316 0.00206277 0.203397 0.0046551
598 0.474187 0.00206531 0.202327 0.00464596
599 0.474549 0.00206523 0.204466 0.00466419
600 0.475237 0.00206925 0.202594 0.00464825
601 0.475457 0.00206511 0.200856 0.00463331
602 0.476201 0.00207087 0.200455 0.00462984
603 0.476304 0.00206324 0.202193 0.00464481
604 0.476314 0.00204734 0.201123 0.00463562
605 0.4765 0.00204197 0.200455 0.00462984
606 0.476522 0.00203763 0.199385 0.00462056
607 0.476491 0.00204174 0.19992 0.0046252
608 0.476747 0.00205026 0.196844 0.0045983
609 0.476886 0.00205158 0.201926 0.00464252
610 0.476897 0.00204981 0.199786 0.00462404
611 0.477118 0.00204591 0.19885 0.0046159
612 0.477352 0.00204356 0.199251 0.00461939
613 0.477389 0.00204443 0.200455 0.00462984
614 0.477212 0.00204862 0.196309 0.00459358
615 0.477887 0.00204732 0.200053 0.00462636
616 0.477888 0.0020463 0.199117 0.00461823
617 0.478255 0.00205724 0.200455 0.00462984
618 0.478436 0.00205944 0.200321 0.00462868
619 0.478956 0.00206325 0.198984 0.00461706
620 0.479058 0.00206429 0.196175 0.0045924
621 0.479545 0.00206368 0.19885 0.0046159
622 0.479256 0.00206408 0.197245 0.00460183
623 0.479922 0.00206423 0.199519 0.00462172
624 0.48012 0.00206706 0.201257 0.00463677
625 0.480352 0.00206598 0.200455 0.00462984
626 0.480653 0.00207521 0.19885 0.0046159
627 0.480883 0.00208552 0.202059 0.00464367
628 0.480656 0.00207887 0.20099 0.00463446
629 0.480819 0.00207926 0.198315 0.00461122
630 0.480318 0.00208425 0.197379 0.00460301
631 0.480335 0.00208466 0.195774 0.00458884
632 0.480636 0.00208524 0.199117 0.00461823
633 0.480386 0.00207955 0.198583 0.00461356
634 0.480675 0.00207794 0.19992 0.0046252
635 0.48037 0.00208589 0.201792 0.00464137
636 0.481472 0.00207432 0.197112 0.00460066
637 0.482021 0.00207301 0.194437 0.00457694
638 0.482292 0.00207817 0.195106 0.0045829
639 0.482266 0.00206926 0.193233 0.00456616
640 0.481841 0.00206646 0.19778 0.00460653
641 0.482438 0.00206978 0.19671 0.00459712
642 0.483161 0.00206407 0.192699 0.00456135
643 0.483168 0.00206241 0.192699 0.00456135
644 0.48388 0.00206182 0.192699 0.00456135
645 0.483985 0.00206243 0.194972 0.00458171
646 0.484215 0.0020593 0.192966 0.00456376
647 0.484616 0.00205593 0.190826 0.0045444
648 0.484832 0.00205182 0.19203 0.00455532
649 0.485409 0.00204964 0.188954 0.00452728
650 0.486041 0.00205389 0.186948 0.00450875
651 0.486098 0.00205916 0.186681 0.00450627
652 0.486604 0.00205819 0.183472 0.00447617
653 0.486373 0.00206377 0.186547 0.00450502
654 0.486436 0.0020643 0.190292 0.00453952
655 0.486725 0.0020673 0.183338 0.0044749
656 0.487118 0.00206395 0.187884 0.00451742
657 0.486888 0.00205876 0.186012 0.00450004
658 0.486985 0.00206094 0.188018 0.00451866
659 0.486857 0.00206016 0.190559 0.00454196
660 0.487753 0.00206425 0.190158 0.0045383
661 0.487344 0.00207051 0.192164 0.00455652
662 0.487166 0.0020663 0.188553 0.00452359
663 0.487699 0.00206769 0.186815 0.00450751
664 0.48728 0.00206758 0.18735 0.00451247
665 0.487313 0.00206266 0.186815 0.00450751
666 0.488344 0.00205955 0.185745 0.00449754
667 0.488144 0.00205772 0.185879 0.00449879
668 0.48824 0.00205782 0.184809 0.00448877
669 0.488624 0.00206052 0.186413 0.00450378
670 0.489261 0.00206007 0.184408 0.004485
671 0.489092 0.00206218 0.184541 0.00448626
672 0.489444 0.0020619 0.185879 0.00449879
673 0.489603 0.00206623 0.184942 0.00449003
674 0.48895 0.00206816 0.18414 0.00448248
675 0.488551 0.00206651 0.182669 0.00446856
676 0.488512 0.00206166 0.18307 0.00447237
677 0.488585 0.00206213 0.18628 0.00450253
678 0.488386 0.00205562 0.184274 0.00448374
679 0.488838 0.00205308 0.184408 0.004485
680 0.488728 0.0020546 0.183605 0.00447743
681 0.48946 0.00206632 0.181867 0.00446093
682 0.489267 0.00206709 0.181064 0.00445326
683 0.489735 0.00206682 0.179326 0.00443653
684 0.489463 0.00206725 0.183739 0.00447869
685 0.489227 0.00206598 0.181733 0.00445965
686 0.489909 0.00206075 0.18053 0.00444813
687 0.48941 0.00205834 0.182535 0.00446729
688 0.489915 0.00206149 0.182268 0.00446475
689 0.49066 0.00206304 0.184809 0.00448877
690 0.490235 0.00206122 0.183873 0.00447996
691 0.49067 0.00205435 0.182803 0.00446983
692 0.490329 0.00205589 0.185344 0.00449379
693 0.49066 0.0020704 0.182535 0.00446729
694 0.490454 0.00207545 0.186681 0.00450627
695 0.490192 0.00207726 0.18414 0.00448248
696 0.490348 0.00206528 0.18307 0.00447237
697 0.490088 0.00206446 0.181332 0.00445582
698 0.49049 0.00206837 0.178524 0.00442876
699 0.490107 0.00206581 0.17946 0.00443782
700 0.490764 0.00206591 0.179192 0.00443524
701 0.491571 0.00206257 0.180262 0.00444556
702 0.491227 0.00206614 0.177454 0.00441834
703 0.491133 0.00205984 0.173843 0.00438275
704 0.491525 0.00206391 0.175181 0.00439601
705 0.491809 0.00205616 0.178524 0.00442876
706 0.491945 0.00205353 0.177454 0.00441834
707 0.491867 0.00205626 0.176518 0.00440918
708 0.49232 0.00206157 0.177588 0.00441965
709 0.492303 0.00205628 0.176785 0.0044118
710 0.492427 0.00205688 0.175314 0.00439733
711 0.492531 0.00205679 0.175849 0.00440261
712 0.493169 0.00205613 0.173977 0.00438408
713 0.493213 0.00205882 0.175314 0.00439733
714 0.493074 0.00205409 0.173442 0.00437875
715 0.492552 0.0020561 0.176117 0.00440524
716 0.492761 0.00204725 0.175314 0.00439733
717 0.492972 0.00204886 0.174646 0.00439072
718 0.492753 0.00205273 0.174244 0.00438674
719 0.492255 0.00205436 0.177721 0.00442095
720 0.491742 0.00204851 0.174646 0.00439072
721 0.49197 0.00204595 0.17264 0.00437073
722 0.492109 0.00204855 0.173977 0.00438408
723 0.492666 0.00205366 0.171837 0.00436268
724 0.492445 0.00205098 0.171704 0.00436133
725 0.492367 0.00205307 0.17264 0.00437073
726 0.493064 0.00205027 0.170099 0.00434511
727 0.49344 0.00205501 0.174111 0.00438541
728 0.493163 0.00205765 0.174779 0.00439204
729 0.493413 0.00206519 0.175448 0.00439865
730 0.492788 0.00207076 0.175448 0.00439865
731 0.492638 0.00206677 0.174646 0.00439072
732 0.492725 0.00206706 0.175849 0.00440261
733 0.49278 0.00206747 0.175849 0.00440261
734 0.493469 0.00205688 0.173843 0.00438275
735 0.493406 0.00206514 0.176652 0.00441049
736 0.493879 0.00206282 0.172907 0.00437341
737 0.493953 0.00206186 0.17264 0.00437073
738 0.493958 0.00205607 0.173843 0.00438275
739 0.494561 0.00205772 0.174913 0.00439337
740 0.494671 0.00206269 0.174244 0.00438674
741 0.494503 0.00206428 0.173442 0.00437875
742 0.494425 0.00206424 0.175448 0.00439865
743 0.494047 0.00206158 0.175715 0.00440129
744 0.493663 0.00206044 0.173442 0.00437875
745 0.493892 0.00206664 0.177186 0.00441573
746 0.493926 0.00207405 0.175448 0.00439865
747 0.49404 0.00207581 0.178791 0.00443135
748 0.494343 0.00207399 0.177186 0.00441573
749 0.494419 0.00207554 0.179593 0.00443911
750 0.4945 0.00207934 0.176785 0.0044118
751 0.494699 0.00207331 0.178256 0.00442616
752 0.495041 0.00207507 0.173308 0.00437742
753 0.494569 0.00207623 0.171837 0.00436268
754 0.494503 0.00206752 0.175983 0.00440392
755 0.495051 0.00206668 0.176384 0.00440787
756 0.494649 0.00207115 0.178791 0.00443135
757 0.494397 0.00206137 0.178657 0.00443005
758 0.494034 0.00205923 0.18053 0.00444813
759 0.494133 0.00206054 0.178256 0.00442616
760 0.494102 0.00205974 0.178657 0.00443005
761 0.493993 0.00206151 0.178524 0.00442876
762 0.494462 0.00205867 0.176919 0.00441311
763 0.493819 0.00205886 0.177989 0.00442356
764 0.494005 0.00206238 0.177186 0.00441573
765 0.494394 0.00206211 0.17625 0.00440655
766 0.493889 0.00206624 0.178657 0.00443005
767 0.493704 0.00206518 0.181733 0.00445965
768 0.493347 0.00207239 0.179593 0.00443911
769 0.493413 0.00206453 0.176652 0.00441049
770 0.493146 0.002064 0.178122 0.00442486
771 0.493072 0.00206831 0.180663 0.00444941
772 0.492965 0.00206702 0.177721 0.00442095
773 0.493385 0.00207284 0.180128 0.00444427
774 0.493702 0.00207617 0.180663 0.00444941
775 0.493938 0.00207397 0.176384 0.00440787
776 0.494099 0.00207975 0.178122 0.00442486
777 0.49441 0.00207552 0.176785 0.0044118
778 0.494274 0.0020755 0.178791 0.00443135
779 0.4944 0.00207389 0.179727 0.0044404
780 0.494737 0.00207079 0.178925 0.00443265
781 0.494945 0.00207987 0.176518 0.00440918
782 0.494901 0.00208166 0.178791 0.00443135
783 0.495216 0.00207291 0.175983 0.00440392
784 0.495305 0.00206916 0.175582 0.00439997
785 0.495917 0.00206722 0.177721 0.00442095
786 0.49621 0.00206321 0.173576 0.00438008
787 0.49598 0.00205904 0.173843 0.00438275
788 0.495806 0.00205632 0.176785 0.0044118
789 0.49514 0.00206061 0.175849 0.00440261
790 0.49586 0.00206435 0.178256 0.00442616
791 0.495654 0.00206474 0.178122 0.00442486
792 0.495862 0.00206368 0.175181 0.00439601
793 0.496116 0.00206223 0.17371 0.00438142
794 0.496664 0.00206327 0.176785 0.0044118
795 0.49684 0.00205911 0.175448 0.00439865
796 0.497211 0.00206391 0.174646 0.00439072
797 0.497405 0.00206083 0.172239 0.00436671
798 0.497105 0.00206543 0.175314 0.00439733
799 0.496975 0.00205838 0.175582 0.00439997
800 0.496892 0.00205021 0.172773 0.00437207
801 0.497332 0.00205491 0.174111 0.00438541
802 0.497054 0.00205775 0.172239 0.00436671
803 0.496277 0.00206362 0.17157 0.00435998
804 0.4956 0.00206208 0.172372 0.00436805
805 0.495626 0.00206879 0.175047 0.00439469
806 0.495381 0.00206292 0.175448 0.00439865
807 0.496044 0.00206571 0.174111 0.00438541
808 0.496202 0.00206373 0.175314 0.00439733
809 0.496266 0.00206328 0.175181 0.00439601
810 0.496037 0.00206531 0.174378 0.00438806
811 0.496206 0.00206444 0.176518 0.00440918
812 0.496701 0.00207372 0.177588 0.00441965
813 0.496753 0.00207206 0.175582 0.00439997
814 0.496533 0.00207262 0.177989 0.00442356
815 0.496406 0.00207053 0.175983 0.00440392
816 0.496677 0.00206777 0.174111 0.00438541
817 0.496476 0.00207011 0.175983 0.00440392
818 0.496731 0.00207335 0.178657 0.00443005
819 0.496762 0.00207682 0.179727 0.0044404
820 0.496785 0.00208075 0.176518 0.00440918
821 0.496841 0.00208195 0.17839 0.00442746
822 0.497368 0.00209079 0.17732 0.00441703
823 0.497314 0.00209178 0.176785 0.0044118
824 0.497536 0.00208799 0.177588 0.00441965
825 0.497304 0.00208354 0.175448 0.00439865
826 0.497287 0.00208157 0.176652 0.00441049
827 0.496846 0.0020852 0.176919 0.00441311
828 0.496485 0.00208348 0.177855 0.00442225
829 0.496854 0.00207858 0.178657 0.00443005
830 0.496849 0.00208372 0.178791 0.00443135
831 0.497254 0.00208514 0.17625 0.00440655
832 0.4973 0.00208285 0.176919 0.00441311
833 0.497345 0.00208412 0.17625 0.00440655
834 0.496528 0.00208477 0.176384 0.00440787
835 0.496678 0.00209086 0.177053 0.00441442
836 0.497027 0.00208627 0.178122 0.00442486
837 0.497711 0.00208989 0.173977 0.00438408
838 0.497642 0.00208908 0.175448 0.00439865
839 0.497546 0.00208262 0.172105 0.00436536
840 0.49774 0.00208272 0.170099 0.00434511
841 0.497513 0.00208856 0.171971 0.00436402
842 0.497672 0.0020895 0.174779 0.00439204
843 0.497357 0.00208954 0.17625 0.00440655
844 0.497 0.00209461 0.175448 0.00439865
845 0.496728 0.00209718 0.17625 0.00440655
846 0.497213 0.00209488 0.178122 0.00442486
847 0.496949 0.0020915 0.174779 0.00439204
848 0.496819 0.00209287 0.179593 0.00443911
849 0.497425 0.00209342 0.178925 0.00443265
850 0.497807 0.00209355 0.176384 0.00440787
851 0.497773 0.00209705 0.178524 0.00442876
852 0.497817 0.00210199 0.177053 0.00441442
853 0.498191 0.00209964 0.176518 0.00440918
854 0.498504 0.00210224 0.17732 0.00441703
855 0.498338 0.00210593 0.174779 0.00439204
856 0.498357 0.00211148 0.179059 0.00443394
857 0.498382 0.00210909 0.179192 0.00443524
858 0.498167 0.00210737 0.17625 0.00440655
859 0.498362 0.00210322 0.178256 0.00442616
860 0.4986 0.00210794 0.178791 0.00443135
861 0.498811 0.00210414 0.179995 0.00444298
862 0.499353 0.00210122 0.176652 0.00441049
863 0.498927 0.00209652 0.178256 0.00442616
864 0.498603 0.00209359 0.175983 0.00440392
865 0.498743 0.00209188 0.175582 0.00439997
866 0.499071 0.00208751 0.175448 0.00439865
867 0.499525 0.00208627 0.171971 0.00436402
868 0.499092 0.00208483 0.175715 0.00440129
869 0.49877 0.00209214 0.17625 0.00440655
870 0.498595 0.00208961 0.173041 0.00437474
871 0.499056 0.00209555 0.176384 0.00440787
872 0.499098 0.00210031 0.177721 0.00442095
873 0.499385 0.00209415 0.175314 0.00439733
874 0.498899 0.0020941 0.175047 0.00439469
875 0.498692 0.00209327 0.175047 0.00439469
876 0.498488 0.00208958 0.174779 0.00439204
877 0.498927 0.00209052 0.174378 0.00438806
878 0.498258 0.00209206 0.175983 0.00440392
879 0.498189 0.00209225 0.17371 0.00438142
880 0.497504 0.002101 0.17732 0.00441703
881 0.497454 0.00209598 0.176518 0.00440918
882 0.497501 0.00209624 0.177989 0.00442356
883 0.497637 0.002099 0.179861 0.00444169
884 0.497466 0.00209632 0.178925 0.00443265
885 0.497458 0.00209306 0.179995 0.00444298
886 0.496852 0.00209299 0.179861 0.00444169
887 0.496479 0.00209476 0.180797 0.00445069
888 0.496761 0.00209634 0.178925 0.00443265
889 0.496285 0.00209023 0.182535 0.00446729
890 0.496259 0.00209677 0.182669 0.00446856
891 0.496394 0.00208893 0.178657 0.00443005
892 0.495941 0.00208849 0.177186 0.00441573
893 0.495866 0.00209333 0.176652 0.00441049
894 0.495764 0.00208684 0.176919 0.00441311
895 0.49586 0.0020829 0.17946 0.00443782
896 0.496147 0.00208627 0.178256 0.00442616
897 0.496138 0.00208499 0.177053 0.00441442
898 0.496237 0.00208128 0.176117 0.00440524
899 0.496267 0.00208381 0.176384 0.00440787
900 0.496391 0.00207466 0.178122 0.00442486
901 0.496256 0.00207611 0.177989 0.00442356
902 0.496148 0.00207686 0.177721 0.00442095
903 0.49633 0.00207792 0.178925 0.00443265
904 0.496699 0.00207775 0.177721 0.00442095
905 0.496853 0.00207858 0.177721 0.00442095
906 0.496566 0.00208433 0.180262 0.00444556
907 0.496338 0.00207922 0.179326 0.00443653
908 0.496292 0.00208124 0.178791 0.00443135
909 0.497295 0.00208368 0.178791 0.00443135
910 0.497167 0.00208413 0.174646 0.00439072
911 0.497186 0.00208798 0.177053 0.00441442
912 0.497404 0.00209018 0.176652 0.00441049
913 0.497448 0.00208762 0.175047 0.00439469
914 0.49775 0.00208299 0.176117 0.00440524
915 0.497661 0.00208694 0.178256 0.00442616
916 0.49788 0.0020831 0.175849 0.00440261
917 0.497596 0.00208738 0.177588 0.00441965
918 0.497575 0.0020888 0.177588 0.00441965
919 0.497291 0.0020836 0.177053 0.00441442
920 0.497062 0.00207817 0.178256 0.00442616
921 0.496856 0.002092 0.181733 0.00445965
922 0.497151 0.0020907 0.182669 0.00446856
923 0.497173 0.00208949 0.178925 0.00443265
924 0.49675 0.00208306 0.176518 0.00440918
925 0.496616 0.00208249 0.176652 0.00441049
926 0.496835 0.00208281 0.178657 0.00443005
927 0.496872 0.00207747 0.176919 0.00441311
928 0.496911 0.0020798 0.177989 0.00442356
929 0.497003 0.00207918 0.177721 0.00442095
930 0.496676 0.00207505 0.178122 0.00442486
931 0.497284 0.00207821 0.180128 0.00444427
932 0.496803 0.00207586 0.17946 0.00443782
933 0.497057 0.00207897 0.179861 0.00444169
934 0.496721 0.00208404 0.180262 0.00444556
935 0.496747 0.00208687 0.177186 0.00441573
936 0.497106 0.0020833 0.17625 0.00440655
937 0.49662 0.00207851 0.178657 0.00443005
938 0.496879 0.00207987 0.180128 0.00444427
939 0.496909 0.00207315 0.176785 0.0044118
940 0.497319 0.00206965 0.176652 0.00441049
941 0.497203 0.00207 0.173977 0.00438408
942 0.497342 0.00207059 0.17625 0.00440655
943 0.497393 0.00207225 0.175715 0.00440129
944 0.497051 0.00207099 0.172907 0.00437341
945 0.496932 0.0020677 0.168494 0.00432874
946 0.497273 0.00206535 0.169698 0.00434103
947 0.497196 0.00206235 0.169163 0.00433558
948 0.496176 0.00206875 0.171169 0.00435594
949 0.495698 0.0020717 0.17371 0.00438142
950 0.496069 0.00207287 0.176117 0.00440524
951 0.496224 0.00207421 0.175715 0.00440129
952 0.496181 0.0020782 0.175047 0.00439469
953 0.496498 0.00207287 0.174779 0.00439204
954 0.49684 0.00206968 0.172506 0.00436939
955 0.496472 0.00207161 0.173576 0.00438008
956 0.496618 0.00206418 0.174646 0.00439072
957 0.49643 0.00206616 0.172239 0.00436671
958 0.496801 0.00206793 0.172239 0.00436671
959 0.497182 0.00206943 0.171436 0.00435864
960 0.497438 0.00206599 0.174512 0.00438939
961 0.497278 0.00206815 0.173977 0.00438408
962 0.496529 0.00206387 0.174646 0.00439072
963 0.49672 0.00206464 0.173843 0.00438275
964 0.496375 0.00206931 0.175715 0.00440129
965 0.496347 0.00207119 0.176117 0.00440524
966 0.496451 0.00207024 0.171704 0.00436133
967 0.496577 0.00206429 0.176117 0.00440524
968 0.49694 0.0020676 0.172239 0.00436671
969 0.49674 0.00206695 0.174913 0.00439337
970 0.49652 0.00206293 0.17371 0.00438142
971 0.496476 0.0020624 0.173843 0.00438275
972 0.49663 0.00207039 0.176518 0.00440918
973 0.496537 0.0020733 0.176117 0.00440524
974 0.497015 0.00207711 0.172907 0.00437341
975 0.496372 0.00208093 0.176384 0.00440787
976 0.496782 0.00207401 0.175314 0.00439733
977 0.496598 0.00207308 0.17264 0.00437073
978 0.495987 0.00207487 0.173442 0.00437875
979 0.496163 0.00207586 0.176652 0.00441049
980 0.496143 0.00206829 0.175181 0.00439601
981 0.496135 0.00206677 0.174378 0.00438806
982 0.496627 0.00206264 0.175715 0.00440129
983 0.496926 0.00206672 0.175849 0.00440261
984 0.496517 0.00206897 0.175448 0.00439865
985 0.496883 0.00206118 0.173977 0.00438408
986 0.496787 0.00206008 0.174111 0.00438541
987 0.496923 0.00205824 0.175314 0.00439733
988 0.496505 0.00206639 0.17732 0.00441703
989 0.497179 0.00205971 0.175849 0.00440261
990 0.497278 0.00205695 0.174111 0.00438541
991 0.497424 0.002055 0.177186 0.00441573
992 0.497372 0.00205659 0.175181 0.00439601
993 0.49804 0.00206212 0.174913 0.00439337
994 0.497623 0.00205972 0.172239 0.00436671
995 0.497307 0.00205816 0.174244 0.00438674
996 0.497366 0.00205551 0.175314 0.00439733
997 0.497417 0.00206471 0.173977 0.00438408
998 0.49755 0.00206392 0.173843 0.00438275
999 0.497561 0.00206278 0.172506 0.00436939
1000 0.498015 0.00206723 0.169029 0.00433421
1001 0.498039 0.0020681 0.169965 0.00434375
1002 0.497476 0.00206996 0.170901 0.00435324
1003 0.497486 0.00206366 0.1705 0.00434917
1004 0.497935 0.00206339 0.168093 0.00432463
1005 0.498154 0.00206777 0.170634 0.00435053
1006 0.498111 0.00206877 0.170768 0.00435188
1007 0.498382 0.00206775 0.172105 0.00436536
1008 0.498683 0.00206688 0.17157 0.00435998
1009 0.49833 0.0020667 0.169965 0.00434375
1010 0.498692 0.00206654 0.169832 0.00434239
1011 0.498403 0.0020689 0.173977 0.00438408
1012 0.497599 0.00206883 0.172506 0.00436939
1013 0.49751 0.0020649 0.171035 0.00435459
1014 0.497535 0.00206197 0.173576 0.00438008
1015 0.497692 0.00206432 0.173041 0.00437474
1016 0.498443 0.00206614 0.171169 0.00435594
1017 0.498211 0.00206864 0.171436 0.00435864
1018 0.498669 0.00207298 0.171169 0.00435594
1019 0.498506 0.00207635 0.171971 0.00436402
1020 0.498296 0.00207763 0.171971 0.00436402
1021 0.497766 0.0020741 0.173977 0.00438408
1022 0.49771 0.00207508 0.174378 0.00438806
1023 0.49757 0.00207782 0.171704 0.00436133
1024 0.497434 0.00207505 0.173442 0.00437875
1025 0.498088 0.00208217 0.171436 0.00435864
1026 0.498029 0.00207915 0.170901 0.00435324
1027 0.498199 0.00208195 0.169163 0.00433558
1028 0.498225 0.00207842 0.170768 0.00435188
1029 0.498662 0.0020763 0.169832 0.00434239
1030 0.498591 0.00207827 0.169698 0.00434103
1031 0.498683 0.00207944 0.168628 0.00433011
1032 0.498416 0.00207946 0.172239 0.00436671
1033 0.498275 0.00208446 0.167424 0.00431775
1034 0.497893 0.00208571 0.173843 0.00438275
1035 0.497904 0.00207984 0.172239 0.00436671
1036 0.498116 0.00207221 0.171837 0.00436268
1037 0.498308 0.00207112 0.169698 0.00434103
1038 0.498668 0.00207923 0.168762 0.00433148
1039 0.498797 0.00208437 0.167291 0.00431637
1040 0.499253 0.00208046 0.165686 0.00429976
1041 0.498987 0.00207886 0.167826 0.00432188
1042 0.498658 0.00207498 0.169564 0.00433967
1043 0.49836 0.00207182 0.169163 0.00433558
1044 0.498184 0.00207511 0.176117 0.00440524
1045 0.498386 0.00206972 0.174378 0.00438806
1046 0.498731 0.00206694 0.172105 0.00436536
1047 0.498876 0.0020661 0.16943 0.0043383
1048 0.498822 0.00206519 0.170233 0.00434646
1049 0.498615 0.00206545 0.170099 0.00434511
1050 0.498479 0.00206179 0.172239 0.00436671
1051 0.497754 0.00205971 0.169564 0.00433967
1052 0.497541 0.00205831 0.171302 0.00435729
1053 0.497812 0.00205967 0.171704 0.00436133
1054 0.497828 0.00205929 0.168494 0.00432874
1055 0.497387 0.00206867 0.171302 0.00435729
1056 0.497086 0.0020704 0.174111 0.00438541
1057 0.496954 0.00207249 0.174378 0.00438806
1058 0.496963 0.00207708 0.174913 0.00439337
1059 0.497651 0.00207521 0.171971 0.00436402
1060 0.497896 0.00207899 0.171169 0.00435594
1061 0.498244 0.00208029 0.172105 0.00436536
1062 0.498798 0.00208752 0.172105 0.00436536
1063 0.498185 0.00209467 0.175448 0.00439865
1064 0.498626 0.00208303 0.172773 0.00437207
1065 0.498936 0.00209554 0.17732 0.00441703
1066 0.499181 0.00209532 0.175314 0.00439733
1067 0.499578 0.00209009 0.172506 0.00436939
1068 0.499876 0.00208741 0.171837 0.00436268
1069 0.500152 0.00208554 0.172372 0.00436805
1070 0.499934 0.00209308 0.172372 0.00436805
1071 0.500062 0.00209218 0.170634 0.00435053
1072 0.500288 0.00210117 0.169965 0.00434375
1073 0.500467 0.00209093 0.166355 0.0043067
1074 0.500131 0.00209224 0.169163 0.00433558
1075 0.50051 0.00209403 0.168093 0.00432463
1076 0.500076 0.00208622 0.168762 0.00433148
1077 0.500288 0.00209257 0.168093 0.00432463
1078 0.499883 0.00208931 0.168494 0.00432874
1079 0.500005 0.00208493 0.166756 0.00431085
1080 0.499973 0.00208784 0.169297 0.00433694
1081 0.500259 0.00209134 0.170233 0.00434646
1082 0.500435 0.00209263 0.168895 0.00433284
1083 0.500361 0.00209398 0.172239 0.00436671
1084 0.500615 0.00209386 0.171971 0.00436402
1085 0.500786 0.0020925 0.171035 0.00435459
1086 0.501003 0.00209713 0.168628 0.00433011
1087 0.501228 0.00209822 0.167558 0.00431913
1088 0.500854 0.00210143 0.167424 0.00431775
1089 0.501 0.00209465 0.168762 0.00433148
1090 0.501155 0.0021062 0.172506 0.00436939
1091 0.501193 0.00211298 0.170366 0.00434782
1092 0.500912 0.00211017 0.172506 0.00436939
1093 0.500532 0.00211061 0.173041 0.00437474
1094 0.50033 0.00210405 0.176919 0.00441311
1095 0.500511 0.00210741 0.17371 0.00438142
1096 0.500124 0.00210633 0.174111 0.00438541
1097 0.500495 0.00210741 0.171971 0.00436402
1098 0.500011 0.00210691 0.171971 0.00436402
1099 0.499872 0.00210451 0.17264 0.00437073
1100 0.500093 0.00210395 0.173175 0.00437608
1101 0.4998 0.00210468 0.172907 0.00437341
1102 0.499862 0.00210323 0.173576 0.00438008
1103 0.499748 0.00209802 0.1705 0.00434917
1104 0.499854 0.00209843 0.171971 0.00436402
1105 0.500103 0.00209218 0.168895 0.00433284
1106 0.5 0.00209126 0.169965 0.00434375
1107 0.500163 0.00208778 0.169029 0.00433421
1108 0.499737 0.00209056 0.170233 0.00434646
1109 0.499257 0.00209134 0.168762 0.00433148
1110 0.499696 0.00208854 0.168227 0.004326
1111 0.500146 0.00207881 0.167959 0.00432325
1112 0.500007 0.00207711 0.169832 0.00434239
1113 0.500447 0.00208406 0.169029 0.00433421
1114 0.499565 0.00208664 0.169965 0.00434375
1115 0.499015 0.00208736 0.170901 0.00435324
1116 0.498745 0.0020834 0.170634 0.00435053
1117 0.498757 0.00208793 0.169698 0.00434103
1118 0.498608 0.00207895 0.17157 0.00435998
1119 0.49864 0.0020818 0.171837 0.00436268
1120 0.499369 0.00208419 0.170366 0.00434782
1121 0.499073 0.00208518 0.17371 0.00438142
1122 0.499195 0.00208249 0.168895 0.00433284
1123 0.498794 0.00208046 0.171035 0.00435459
1124 0.49879 0.00207723 0.169965 0.00434375
1125 0.498736 0.00207359 0.17157 0.00435998
1126 0.498206 0.00207433 0.17264 0.00437073
1127 0.497998 0.00207263 0.173308 0.00437742
1128 0.497799 0.0020724 0.172105 0.00436536
1129 0.497778 0.00207794 0.175047 0.00439469
1130 0.497148 0.00207212 0.173576 0.00438008
1131 0.496951 0.00207656 0.175582 0.00439997
1132 0.496792 0.002079 0.176117 0.00440524
1133 0.497018 0.00207232 0.174378 0.00438806
1134 0.496932 0.00207448 0.174913 0.00439337
1135 0.497024 0.0020744 0.17625 0.00440655
1136 0.496549 0.00208219 0.17732 0.00441703
1137 0.496769 0.00208241 0.175582 0.00439997
1138 0.496638 0.00208399 0.176384 0.00440787
1139 0.496609 0.00207513 0.176518 0.00440918
1140 0.496278 0.00208093 0.175582 0.00439997
1141 0.496335 0.0020826 0.180262 0.00444556
1142 0.496378 0.00207942 0.17625 0.00440655
1143 0.496385 0.00207612 0.17839 0.00442746
1144 0.496074 0.00207452 0.175448 0.00439865
1145 0.495711 0.00207001 0.176518 0.00440918
1146 0.496574 0.00207182 0.174646 0.00439072
1147 0.497258 0.00207534 0.174913 0.00439337
1148 0.497524 0.0020725 0.175715 0.00440129
1149 0.497384 0.00206934 0.174111 0.00438541
1150 0.497684 0.00207384 0.178122 0.00442486
1151 0.497595 0.00207327 0.176518 0.00440918
1152 0.497369 0.00207576 0.175715 0.00440129
1153 0.49745 0.0020726 0.174512 0.00438939
1154 0.497298 0.00207806 0.175448 0.00439865
1155 0.497348 0.00206985 0.171704 0.00436133
1156 0.496901 0.00207498 0.175314 0.00439733
1157 0.496908 0.00208072 0.171837 0.00436268
1158 0.496365 0.00208042 0.174913 0.00439337
1159 0.496316 0.00207954 0.176518 0.00440918
1160 0.496561 0.00207936 0.175181 0.00439601
1161 0.496391 0.00207866 0.177053 0.00441442
1162 0.496592 0.00207928 0.176919 0.00441311
1163 0.496268 0.00208034 0.178925 0.00443265
1164 0.496495 0.00207439 0.175448 0.00439865
1165 0.49693 0.0020797 0.175314 0.00439733
1166 0.497205 0.00207438 0.171302 0.00435729
1167 0.497329 0.00207364 0.173576 0.00438008
1168 0.497267 0.0020753 0.172907 0.00437341
1169 0.497403 0.00207437 0.171704 0.00436133
1170 0.49713 0.00207415 0.172372 0.00436805
1171 0.497584 0.00207875 0.173977 0.00438408
1172 0.497199 0.0020765 0.173442 0.00437875
1173 0.497434 0.00207731 0.17157 0.00435998
1174 0.497606 0.00208134 0.171035 0.00435459
1175 0.497452 0.00208338 0.170634 0.00435053
1176 0.498017 0.00208722 0.170099 0.00434511
1177 0.498332 0.00208276 0.171302 0.00435729
1178 0.498335 0.00208164 0.166355 0.0043067
1179 0.498446 0.0020864 0.171837 0.00436268
1180 0.498848 0.00208843 0.173175 0.00437608
1181 0.499092 0.00208577 0.171169 0.00435594
1182 0.499632 0.00208235 0.170099 0.00434511
1183 0.499723 0.00207934 0.168762 0.00433148
1184 0.499618 0.00208384 0.169564 0.00433967
1185 0.49923 0.00209028 0.171837 0.00436268
1186 0.499547 0.00208829 0.169832 0.00434239
1187 0.499598 0.00208181 0.170099 0.00434511
1188 0.499558 0.00208095 0.167826 0.00432188
1189 0.499271 0.00208235 0.169832 0.00434239
1190 0.499752 0.00207294 0.16689 0.00431223
1191 0.49974 0.0020786 0.166355 0.0043067
1192 0.499838 0.00208075 0.167959 0.00432325
1193 0.499889 0.00208336 0.16689 0.00431223
1194 0.500219 0.00208223 0.166087 0.00430393
1195 0.500393 0.00208202 0.166756 0.00431085
1196 0.500753 0.00207569 0.167291 0.00431637
1197 0.500861 0.00208461 0.166087 0.00430393
1198 0.501961 0.00208723 0.163948 0.00428159
1199 0.501478 0.00207567 0.165285 0.00429558
1200 0.501847 0.00207583 0.165017 0.00429279
1201 0.501889 0.00207566 0.166488 0.00430808
1202 0.502021 0.00207302 0.164884 0.0042914
1203 0.502144 0.00206635 0.164081 0.004283
1204 0.501512 0.002069 0.165017 0.00429279
1205 0.501264 0.00206738 0.167692 0.0043205
1206 0.501071 0.00206423 0.166622 0.00430947
1207 0.501027 0.0020647 0.166355 0.0043067
1208 0.501797 0.00206653 0.16368 0.00427879
1209 0.501448 0.00206405 0.16475 0.00429
1210 0.501043 0.0020668 0.167692 0.0043205
1211 0.501415 0.00207234 0.165285 0.00429558
1212 0.501419 0.00206561 0.16475 0.00429
1213 0.500877 0.00206018 0.169698 0.00434103
1214 0.500821 0.00206466 0.165285 0.00429558
1215 0.500969 0.00205933 0.163546 0.00427738
1216 0.501023 0.0020622 0.165017 0.00429279
1217 0.501105 0.00206598 0.16475 0.00429
1218 0.501693 0.00207055 0.164616 0.0042886
1219 0.501721 0.00206436 0.163814 0.00428019
1220 0.501655 0.00206615 0.166087 0.00430393
1221 0.501491 0.00206745 0.167692 0.0043205
1222 0.502015 0.00206285 0.163413 0.00427597
1223 0.501607 0.00206068 0.16368 0.00427879
1224 0.501914 0.00206263 0.163814 0.00428019
1225 0.501907 0.00205723 0.162477 0.00426609
1226 0.501871 0.00206199 0.16368 0.00427879
1227 0.501654 0.00206527 0.165552 0.00429837
1228 0.501521 0.00206648 0.167157 0.00431499
1229 0.50212 0.00205696 0.164884 0.0042914
1230 0.50215 0.00205603 0.166221 0.00430531
1231 0.501912 0.0020506 0.162343 0.00426468
1232 0.502258 0.00205571 0.161942 0.00426042
1233 0.502179 0.00205849 0.162878 0.00427033
1234 0.502478 0.0020673 0.16261 0.00426751
1235 0.502971 0.00207051 0.161139 0.00425189
1236 0.502405 0.0020662 0.163814 0.00428019
1237 0.502776 0.00205296 0.163814 0.00428019
1238 0.502521 0.00205135 0.161674 0.00425758
1239 0.502672 0.00206234 0.162075 0.00426184
1240 0.50294 0.00205633 0.161407 0.00425474
1241 0.502545 0.00205406 0.160337 0.00424332
1242 0.502062 0.00205206 0.159267 0.00423183
1243 0.502146 0.00204874 0.158866 0.00422751
1244 0.502624 0.00205198 0.15686 0.00420574
1245 0.503247 0.00205567 0.158465 0.00422317
1246 0.502897 0.00204881 0.156593 0.00420282
1247 0.503182 0.0020495 0.158331 0.00422173
1248 0.503294 0.00205222 0.157529 0.00421302
1249 0.503735 0.00205292 0.157128 0.00420866
1250 0.503088 0.00205532 0.158064 0.00421883
1251 0.503192 0.0020524 0.159401 0.00423327
1252 0.502887 0.00205488 0.159401 0.00423327
1253 0.502552 0.00205606 0.160738 0.00424761
1254 0.502543 0.00205773 0.161139 0.00425189
1255 0.502379 0.00205225 0.161541 0.00425616
1256 0.502466 0.00205636 0.160337 0.00424332
1257 0.502664 0.00205931 0.161541 0.00425616
1258 0.502365 0.00205452 0.163948 0.00428159
1259 0.502104 0.00206759 0.164081 0.004283
1260 0.502192 0.00206713 0.163145 0.00427315
1261 0.502135 0.00206678 0.164482 0.0042872
1262 0.502476 0.00206613 0.16261 0.00426751
1263 0.501866 0.00206531 0.161674 0.00425758
1264 0.501969 0.00206126 0.165686 0.00429976
1265 0.501937 0.00205986 0.165552 0.00429837
1266 0.502369 0.00205231 0.162343 0.00426468
1267 0.502235 0.00205765 0.164482 0.0042872
1268 0.502004 0.00205996 0.164349 0.0042858
1269 0.501817 0.00206528 0.166756 0.00431085
1270 0.501744 0.00206928 0.165686 0.00429976
1271 0.500783 0.0020698 0.167291 0.00431637
1272 0.501144 0.00207045 0.170233 0.00434646
1273 0.501455 0.0020664 0.167826 0.00432188
1274 0.501818 0.00206158 0.164215 0.0042844
1275 0.502361 0.00206361 0.165017 0.00429279
1276 0.502022 0.00205981 0.162477 0.00426609
1277 0.501856 0.00205905 0.16261 0.00426751
1278 0.5015 0.00205697 0.165686 0.00429976
1279 0.501536 0.00204885 0.164482 0.0042872
1280 0.5014 0.00205238 0.164081 0.004283
1281 0.502099 0.00205553 0.162477 0.00426609
1282 0.501927 0.0020563 0.163279 0.00427456
1283 0.501388 0.00205708 0.163012 0.00427174
1284 0.501123 0.00205951 0.163546 0.00427738
1285 0.501543 0.00205093 0.164081 0.004283
1286 0.501613 0.00204633 0.162343 0.00426468
1287 0.501604 0.00204554 0.160471 0.00424475
1288 0.501557 0.00204729 0.161407 0.00425474
1289 0.501658 0.00204721 0.164081 0.004283
1290 0.501825 0.00205272 0.163546 0.00427738
1291 0.500974 0.00205245 0.164349 0.0042858
1292 0.501208 0.0020566 0.16582 0.00430115
1293 0.501407 0.00205501 0.163413 0.00427597
1294 0.501406 0.00205807 0.167826 0.00432188
1295 0.501518 0.00205471 0.164884 0.0042914
1296 0.500983 0.00205332 0.166221 0.00430531
1297 0.501493 0.0020611 0.16689 0.00431223
1298 0.501418 0.00205629 0.165953 0.00430254
1299 0.500748 0.00205583 0.166221 0.00430531
1300 0.501292 0.00205759 0.166488 0.00430808
1301 0.500721 0.00205801 0.165552 0.00429837
1302 0.500445 0.00206267 0.166622 0.00430947
1303 0.500002 0.00206338 0.171035 0.00435459
1304 0.500111 0.00206295 0.167692 0.0043205
1305 0.499955 0.00206523 0.170634 0.00435053
1306 0.499287 0.00206695 0.172239 0.00436671
1307 0.49891 0.00206631 0.173308 0.00437742
1308 0.498753 0.00206473 0.170366 0.00434782
1309 0.498469 0.00206295 0.170099 0.00434511
1310 0.49811 0.00206744 0.17157 0.00435998
1311 0.49891 0.00206541 0.168494 0.00432874
1312 0.498306 0.00206525 0.169564 0.00433967
1313 0.498741 0.00206486 0.171169 0.00435594
1314 0.49871 0.00207447 0.1705 0.00434917
1315 0.499003 0.00207635 0.171169 0.00435594
1316 0.498997 0.00207113 0.167826 0.00432188
1317 0.498573 0.00207152 0.16689 0.00431223
1318 0.498896 0.00206582 0.170366 0.00434782
1319 0.49854 0.00206806 0.172372 0.00436805
1320 0.498742 0.00207045 0.170233 0.00434646
1321 0.49844 0.00206852 0.171035 0.00435459
1322 0.498271 0.0020658 0.166756 0.00431085
1323 0.498648 0.00207171 0.171436 0.00435864
1324 0.499311 0.00207897 0.1705 0.00434917
1325 0.499452 0.00207712 0.170233 0.00434646
1326 0.499404 0.00207794 0.172506 0.00436939
1327 0.499653 0.00207758 0.172907 0.00437341
1328 0.499544 0.00208177 0.173843 0.00438275
1329 0.499373 0.0020816 0.171704 0.00436133
1330 0.49909 0.00208407 0.170901 0.00435324
1331 0.498773 0.00208573 0.171971 0.00436402
1332 0.49956 0.00208466 0.171035 0.00435459
1333 0.499342 0.00208403 0.172773 0.00437207
1334 0.498868 0.00207812 0.169965 0.00434375
1335 0.498425 0.00208083 0.175047 0.00439469
1336 0.498261 0.00208302 0.173843 0.00438275
1337 0.498126 0.00208051 0.175047 0.00439469
1338 0.498862 0.00207291 0.172105 0.00436536
1339 0.499049 0.00207741 0.172239 0.00436671
1340 0.499844 0.00207656 0.171035 0.00435459
1341 0.500116 0.00207913 0.169297 0.00433694
1342 0.500481 0.00208262 0.171436 0.00435864
1343 0.500345 0.002082 0.172239 0.00436671
1344 0.499847 0.00208165 0.175849 0.00440261
1345 0.500212 0.00208005 0.173175 0.00437608
1346 0.499893 0.00207322 0.171971 0.00436402
1347 0.500003 0.00207937 0.1705 0.00434917
1348 0.499998 0.00208246 0.169564 0.00433967
1349 0.499838 0.0020777 0.171837 0.00436268
1350 0.499844 0.00208398 0.168494 0.00432874
1351 0.499029 0.00208326 0.174913 0.00439337
1352 0.499881 0.00208153 0.171837 0.00436268
1353 0.499418 0.00207569 0.170233 0.00434646
1354 0.499392 0.00207307 0.1705 0.00434917
1355 0.499144 0.00207171 0.16689 0.00431223
1356 0.498685 0.00206354 0.168093 0.00432463
1357 0.498924 0.00206378 0.170768 0.00435188
1358 0.499074 0.00205956 0.170233 0.00434646
1359 0.498549 0.00205953 0.168762 0.00433148
1360 0.498259 0.00205967 0.169832 0.00434239
1361 0.498375 0.0020536 0.170901 0.00435324
1362 0.497812 0.0020561 0.171035 0.00435459
1363 0.497299 0.00205463 0.174378 0.00438806
1364 0.49722 0.00205308 0.177588 0.00441965
1365 0.497403 0.00205069 0.177186 0.00441573
1366 0.498005 0.00205367 0.17264 0.00437073
1367 0.498219 0.00205622 0.173442 0.00437875
1368 0.498176 0.00206248 0.170768 0.00435188
1369 0.498823 0.00206232 0.175181 0.00439601
1370 0.498029 0.00206149 0.170634 0.00435053
1371 0.4981 0.00206372 0.17157 0.00435998
1372 0.498439 0.00205527 0.171302 0.00435729
1373 0.498546 0.0020527 0.169029 0.00433421
1374 0.498362 0.00205635 0.171169 0.00435594
1375 0.498769 0.00206249 0.172773 0.00437207
1376 0.498249 0.00206282 0.172506 0.00436939
1377 0.498357 0.0020615 0.17157 0.00435998
1378 0.49804 0.00205705 0.172105 0.00436536
1379 0.497832 0.00205702 0.16943 0.0043383
1380 0.497141 0.00205822 0.172105 0.00436536
1381 0.497744 0.00205219 0.172773 0.00437207
1382 0.497918 0.00205232 0.171302 0.00435729
1383 0.49799 0.00205504 0.17264 0.00437073
1384 0.497822 0.00205744 0.172105 0.00436536
1385 0.498476 0.00206607 0.174779 0.00439204
1386 0.498317 0.00206558 0.173175 0.00437608
1387 0.498092 0.00206674 0.17371 0.00438142
1388 0.497512 0.00205929 0.173442 0.00437875
1389 0.497315 0.00205973 0.17732 0.00441703
1390 0.497314 0.0020611 0.173843 0.00438275
1391 0.496944 0.00206772 0.174378 0.00438806
1392 0.496872 0.00207271 0.17625 0.00440655
1393 0.496447 0.00207341 0.175047 0.00439469
1394 0.496102 0.00207365 0.173308 0.00437742
1395 0.496657 0.00207523 0.174111 0.00438541
1396 0.496739 0.00207553 0.171971 0.00436402
1397 0.496899 0.00207934 0.176117 0.00440524
1398 0.497336 0.00207956 0.174913 0.00439337
1399 0.497503 0.00207605 0.175314 0.00439733
1400 0.497481 0.00207599 0.173308 0.00437742
1401 0.497626 0.00208631 0.174378 0.00438806
1402 0.497622 0.00208735 0.173442 0.00437875
1403 0.497566 0.00209139 0.175181 0.00439601
1404 0.497376 0.00209365 0.177721 0.00442095
1405 0.49741 0.00209967 0.174779 0.00439204
1406 0.497286 0.0020952 0.175582 0.00439997
1407 0.497035 0.00208926 0.176518 0.00440918
1408 0.496927 0.0020891 0.175047 0.00439469
1409 0.497602 0.0020919 0.174512 0.00438939
1410 0.497337 0.00209862 0.176652 0.00441049
1411 0.496536 0.002101 0.177989 0.00442356
1412 0.496831 0.00209782 0.177053 0.00441442
1413 0.49626 0.00209401 0.176919 0.00441311
1414 0.496649 0.0020914 0.175983 0.00440392
1415 0.496659 0.00209391 0.174646 0.00439072
1416 0.496593 0.00209634 0.173843 0.00438275
1417 0.496516 0.00209063 0.176785 0.0044118
1418 0.497132 0.00208299 0.179059 0.00443394
1419 0.496549 0.00208351 0.177989 0.00442356
1420 0.496369 0.0020866 0.177053 0.00441442
1421 0.496244 0.00208744 0.178791 0.00443135
1422 0.496059 0.00207868 0.178791 0.00443135
1423 0.495825 0.00207175 0.180128 0.00444427
1424 0.495259 0.00207999 0.17946 0.00443782
1425 0.494938 0.00208225 0.179192 0.00443524
1426 0.495832 0.00207777 0.176785 0.0044118
1427 0.495661 0.00207611 0.179192 0.00443524
1428 0.496112 0.00208021 0.175448 0.00439865
1429 0.496358 0.00207229 0.176117 0.00440524
1430 0.496228 0.00206842 0.177186 0.00441573
1431 0.496593 0.00207369 0.178524 0.00442876
1432 0.496217 0.00207411 0.176652 0.00441049
1433 0.496122 0.00207527 0.178657 0.00443005
1434 0.495852 0.00207288 0.173977 0.00438408
1435 0.496232 0.00207265 0.175582 0.00439997
1436 0.496031 0.0020689 0.176117 0.00440524
1437 0.495888 0.00206869 0.174512 0.00438939
1438 0.495929 0.00207465 0.174913 0.00439337
1439 0.495664 0.00207394 0.175983 0.00440392
1440 0.495508 0.00207682 0.176518 0.00440918
1441 0.495174 0.00208695 0.176652 0.00441049
1442 0.495068 0.00208437 0.17839 0.00442746
1443 0.495777 0.0020791 0.177588 0.00441965
1444 0.4954 0.00207953 0.174646 0.00439072
1445 0.495847 0.00208313 0.177053 0.00441442
1446 0.495769 0.00208444 0.179059 0.00443394
1447 0.495552 0.00208001 0.177855 0.00442225
1448 0.495643 0.00207953 0.178256 0.00442616
1449 0.495685 0.00208065 0.17839 0.00442746
1450 0.495922 0.00207637 0.179059 0.00443394
1451 0.495811 0.00206898 0.175047 0.00439469
1452 0.495513 0.00206795 0.177053 0.00441442
1453 0.495604 0.00206005 0.174111 0.00438541
1454 0.495603 0.00206259 0.179059 0.00443394
1455 0.495354 0.00206779 0.17732 0.00441703
1456 0.494713 0.00206816 0.179192 0.00443524
1457 0.494981 0.00206396 0.178524 0.00442876
1458 0.494759 0.00207006 0.178524 0.00442876
1459 0.494895 0.00207004 0.177186 0.00441573
1460 0.495143 0.00206373 0.176785 0.0044118
1461 0.495184 0.00206655 0.176785 0.0044118
1462 0.495261 0.00206675 0.175181 0.00439601
1463 0.495644 0.0020703 0.176518 0.00440918
1464 0.495139 0.00206591 0.174512 0.00438939
1465 0.49529 0.00206805 0.17732 0.00441703
1466 0.494875 0.00206831 0.178524 0.00442876
1467 0.495326 0.00206926 0.173442 0.00437875
1468 0.495279 0.00206815 0.17371 0.00438142
1469 0.495284 0.00206837 0.173442 0.00437875
1470 0.494583 0.002068 0.17371 0.00438142
1471 0.4943 0.00207168 0.175715 0.00440129
1472 0.49553 0.00206666 0.172506 0.00436939
1473 0.496089 0.002066 0.17157 0.00435998
1474 0.495844 0.00205995 0.171169 0.00435594
1475 0.495581 0.00206322 0.171436 0.00435864
1476 0.495843 0.00206265 0.17264 0.00437073
1477 0.495455 0.00206449 0.171837 0.00436268
1478 0.495529 0.00206371 0.169965 0.00434375
1479 0.495261 0.00205835 0.172506 0.00436939
1480 0.49563 0.00205466 0.170768 0.00435188
1481 0.49591 0.00205511 0.170233 0.00434646
1482 0.495617 0.00205078 0.17157 0.00435998
1483 0.495403 0.00205292 0.172105 0.00436536
1484 0.495186 0.0020514 0.168762 0.00433148
1485 0.495161 0.00205386 0.171837 0.00436268
1486 0.495397 0.00205894 0.169965 0.00434375
1487 0.49543 0.00205789 0.171035 0.00435459
1488 0.495714 0.00206322 0.171169 0.00435594
1489 0.496195 0.00206093 0.172239 0.00436671
1490 0.496396 0.00206605 0.172105 0.00436536
1491 0.496234 0.00207043 0.167692 0.0043205
1492 0.496234 0.00206688 0.169832 0.00434239
1493 0.496951 0.00207361 0.168895 0.00433284
1494 0.496679 0.00207226 0.171035 0.00435459
1495 0.496589 0.00206978 0.1705 0.00434917
1496 0.496852 0.00206993 0.170233 0.00434646
1497 0.497069 0.0020708 0.167826 0.00432188
1498 0.497032 0.00206394 0.16582 0.00430115
1499 0.497565 0.0020638 0.166622 0.00430947
1500 0.497579 0.00206657 0.168494 0.00432874
1501 0.49779 0.00207423 0.171971 0.00436402
1502 0.498878 0.00208332 0.171971 0.00436402
1503 0.498286 0.00208004 0.172239 0.00436671
1504 0.498878 0.00208731 0.171704 0.00436133
1505 0.49842 0.00209331 0.173175 0.00437608
1506 0.498259 0.00209359 0.174378 0.00438806
1507 0.498663 0.00208791 0.17157 0.00435998
1508 0.498378 0.00209766 0.170901 0.00435324
1509 0.498477 0.00209725 0.172907 0.00437341
1510 0.498957 0.00210017 0.172506 0.00436939
1511 0.499301 0.00210224 0.171302 0.00435729
1512 0.499414 0.00209985 0.173576 0.00438008
1513 0.499034 0.00209388 0.174244 0.00438674
1514 0.498942 0.002092 0.171169 0.00435594
1515 0.499319 0.00208949 0.170233 0.00434646
1516 0.499334 0.00208763 0.168895 0.00433284
1517 0.499609 0.00209227 0.168494 0.00432874
1518 0.499446 0.00208976 0.168895 0.00433284
1519 0.499276 0.00208495 0.171971 0.00436402
1520 0.498954 0.00207786 0.173041 0.00437474
1521 0.498485 0.00208352 0.1705 0.00434917
1522 0.498803 0.00207874 0.16943 0.0043383
1523 0.498666 0.0020811 0.172506 0.00436939
1524 0.499015 0.00208234 0.170233 0.00434646
1525 0.49892 0.00208924 0.169832 0.00434239
1526 0.499093 0.00208286 0.177186 0.00441573
1527 0.499602 0.00209459 0.176652 0.00441049
1528 0.499155 0.00209878 0.176384 0.00440787
1529 0.500225 0.00210101 0.177588 0.00441965
1530 0.499905 0.00209559 0.175849 0.00440261
1531 0.50014 0.00208661 0.173442 0.00437875
1532 0.500131 0.00208169 0.17264 0.00437073
1533 0.500069 0.00208231 0.173843 0.00438275
1534 0.500294 0.00208883 0.174779 0.00439204
1535 0.50057 0.00209005 0.173576 0.00438008
1536 0.500619 0.00208955 0.17371 0.00438142
1537 0.500594 0.00209144 0.176518 0.00440918
1538 0.50051 0.00208729 0.174646 0.00439072
1539 0.500679 0.00209647 0.17371 0.00438142
1540 0.501233 0.00209772 0.171704 0.00436133
1541 0.501582 0.00209505 0.171035 0.00435459
1542 0.501561 0.00210372 0.171035 0.00435459
1543 0.501524 0.00209467 0.168361 0.00432737
1544 0.501339 0.00209601 0.169029 0.00433421
1545 0.501276 0.00209834 0.169297 0.00433694
1546 0.500694 0.00209302 0.168628 0.00433011
1547 0.500422 0.0020879 0.169297 0.00433694
1548 0.501021 0.00208995 0.170233 0.00434646
1549 0.500541 0.00209083 0.169698 0.00434103
1550 0.500432 0.0020997 0.174646 0.00439072
1551 0.500836 0.00209527 0.171035 0.00435459
1552 0.500999 0.00209946 0.171704 0.00436133
1553 0.500886 0.00210322 0.170901 0.00435324
1554 0.50115 0.00210305 0.169564 0.00433967
1555 0.501455 0.00208937 0.168494 0.00432874
1556 0.501125 0.00208785 0.169297 0.00433694
1557 0.50186 0.00208494 0.164616 0.0042886
1558 0.501583 0.00207873 0.164884 0.0042914
1559 0.50148 0.00207925 0.163413 0.00427597
1560 0.501476 0.00207866 0.164616 0.0042886
1561 0.501402 0.00207737 0.167826 0.00432188
1562 0.501323 0.00206643 0.165686 0.00429976
1563 0.500908 0.00206612 0.168361 0.00432737
1564 0.500865 0.0020743 0.167424 0.00431775
1565 0.501388 0.00207581 0.171704 0.00436133
1566 0.500765 0.00208027 0.172372 0.00436805
1567 0.5008 0.00208697 0.171169 0.00435594
1568 0.500708 0.00208621 0.170768 0.00435188
1569 0.500646 0.00208305 0.170233 0.00434646
1570 0.501041 0.0020765 0.169163 0.00433558
1571 0.50099 0.00207306 0.166622 0.00430947
1572 0.501136 0.00206592 0.165552 0.00429837
1573 0.502087 0.00206819 0.16261 0.00426751
1574 0.501633 0.00207399 0.164215 0.0042844
1575 0.501002 0.00207337 0.165285 0.00429558
1576 0.500928 0.00206828 0.166355 0.0043067
1577 0.500543 0.0020668 0.16943 0.0043383
1578 0.500392 0.00206851 0.168762 0.00433148
1579 0.499954 0.00207002 0.167558 0.00431913
1580 0.500221 0.00206813 0.168762 0.00433148
1581 0.500335 0.00207577 0.168227 0.004326
1582 0.500319 0.00207545 0.172239 0.00436671
1583 0.500541 0.00206622 0.167291 0.00431637
1584 0.500469 0.00206011 0.165285 0.00429558
1585 0.500757 0.00205954 0.16582 0.00430115
1586 0.500937 0.00206674 0.166756 0.00431085
1587 0.500986 0.00207651 0.171169 0.00435594
1588 0.501055 0.0020753 0.169965 0.00434375
1589 0.501127 0.00207467 0.167692 0.0043205
1590 0.501024 0.00207112 0.167558 0.00431913
1591 0.500776 0.00207317 0.168494 0.00432874
1592 0.500841 0.00206888 0.167424 0.00431775
1593 0.501322 0.0020687 0.168361 0.00432737
1594 0.500455 0.00207109 0.169163 0.00433558
1595 0.500135 0.00207066 0.169564 0.00433967
1596 0.499748 0.00207609 0.170901 0.00435324
1597 0.499709 0.00207582 0.167692 0.0043205
1598 0.499922 0.00208132 0.170634 0.00435053
1599 0.49991 0.00207772 0.171035 0.00435459
1600 0.499998 0.00207713 0.16943 0.0043383
1601 0.50037 0.00208166 0.172105 0.00436536
1602 0.501224 0.00207795 0.169965 0.00434375
1603 0.500796 0.00207837 0.172105 0.00436536
1604 0.500815 0.00207288 0.170901 0.00435324
1605 0.501634 0.002073 0.170366 0.00434782
1606 0.501883 0.00207263 0.16689 0.00431223
1607 0.502067 0.00206854 0.16689 0.00431223
1608 0.50181 0.0020581 0.16582 0.00430115
1609 0.501648 0.00206387 0.165285 0.00429558
1610 0.501999 0.00205672 0.165151 0.00429419
1611 0.501929 0.00204958 0.162878 0.00427033
1612 0.501613 0.00205481 0.163279 0.00427456
1613 0.501526 0.00205467 0.165686 0.00429976
1614 0.501934 0.00204878 0.166221 0.00430531
1615 0.501683 0.00204568 0.166221 0.00430531
1616 0.50165 0.002046 0.163546 0.00427738
1617 0.501583 0.00205882 0.165419 0.00429697
1618 0.501315 0.00205682 0.16689 0.00431223
1619 0.501049 0.00206112 0.167157 0.00431499
1620 0.501324 0.00207046 0.167558 0.00431913
1621 0.50131 0.00206725 0.167959 0.00432325
1622 0.501096 0.00206862 0.167424 0.00431775
1623 0.501247 0.00206783 0.167023 0.00431361
1624 0.501316 0.0020645 0.166355 0.0043067
1625 0.501544 0.00206925 0.166087 0.00430393
1626 0.501659 0.00207272 0.163413 0.00427597
1627 0.501168 0.00208421 0.168494 0.00432874
1628 0.501655 0.00208098 0.168628 0.00433011
1629 0.501457 0.00208067 0.165953 0.00430254
1630 0.501573 0.00208095 0.167692 0.0043205
1631 0.501335 0.00207937 0.169564 0.00433967
1632 0.501302 0.00207952 0.169029 0.00433421
1633 0.501426 0.00208162 0.170366 0.00434782
1634 0.501422 0.00208978 0.173442 0.00437875
1635 0.501408 0.0020832 0.168895 0.00433284
1636 0.501028 0.00208647 0.173041 0.00437474
1637 0.50189 0.00208333 0.169698 0.00434103
1638 0.5016 0.00208617 0.168895 0.00433284
1639 0.501377 0.002086 0.169163 0.00433558
1640 0.501259 0.00208628 0.172773 0.00437207
1641 0.501088 0.0020843 0.173843 0.00438275
1642 0.500588 0.00208368 0.171971 0.00436402
1643 0.500696 0.00208233 0.173843 0.00438275
1644 0.501247 0.00208771 0.171436 0.00435864
1645 0.501223 0.0020934 0.172372 0.00436805
1646 0.501006 0.00208662 0.171436 0.00435864
1647 0.500774 0.00209227 0.174512 0.00438939
1648 0.500913 0.0020896 0.174779 0.00439204
1649 0.500892 0.00208487 0.172506 0.00436939
1650 0.501457 0.00208274 0.170901 0.00435324
1651 0.500874 0.00207865 0.171971 0.00436402
1652 0.500526 0.00207179 0.169163 0.00433558
1653 0.500319 0.0020724 0.171704 0.00436133
1654 0.500178 0.00207319 0.171035 0.00435459
1655 0.500439 0.00207 0.170901 0.00435324
1656 0.499807 0.00207022 0.173843 0.00438275
1657 0.499806 0.00207062 0.171436 0.00435864
1658 0.49927 0.00207488 0.170634 0.00435053
1659 0.499926 0.00207685 0.1705 0.00434917
1660 0.499554 0.00207912 0.170233 0.00434646
1661 0.499557 0.00208223 0.171837 0.00436268
1662 0.499768 0.00208233 0.168494 0.00432874
1663 0.49915 0.00208336 0.167692 0.0043205
1664 0.49851 0.00208454 0.170901 0.00435324
1665 0.498212 0.00208411 0.171704 0.00436133
1666 0.498034 0.00207834 0.171436 0.00435864
1667 0.498458 0.00208402 0.171169 0.00435594
1668 0.497807 0.00208479 0.17371 0.00438142
1669 0.497801 0.00208242 0.172773 0.00437207
1670 0.498132 0.0020772 0.172105 0.00436536
1671 0.498483 0.0020788 0.171302 0.00435729
1672 0.498651 0.00208536 0.169832 0.00434239
1673 0.499537 0.00207942 0.167558 0.00431913
1674 0.49907 0.00208353 0.166622 0.00430947
1675 0.49902 0.0020775 0.163546 0.00427738
1676 0.498302 0.0020741 0.167826 0.00432188
1677 0.498423 0.00207661 0.166355 0.0043067
1678 0.498149 0.00207708 0.169965 0.00434375
1679 0.49809 0.0020806 0.167826 0.00432188
1680 0.498318 0.0020792 0.168361 0.00432737
1681 0.49834 0.00208193 0.168895 0.00433284
1682 0.498702 0.00208369 0.168895 0.00433284
1683 0.498733 0.0020764 0.166087 0.00430393
1684 0.497996 0.00207757 0.168628 0.00433011
1685 0.497432 0.00207082 0.167023 0.00431361
1686 0.497818 0.0020665 0.168895 0.00433284
1687 0.498194 0.00206427 0.169297 0.00433694
1688 0.498572 0.00206619 0.167558 0.00431913
1689 0.498648 0.00206177 0.169965 0.00434375
1690 0.498924 0.00206923 0.170901 0.00435324
1691 0.499113 0.00206091 0.170366 0.00434782
1692 0.499408 0.00205918 0.167959 0.00432325
1693 0.499093 0.00205794 0.169297 0.00433694
1694 0.499818 0.00206103 0.169029 0.00433421
1695 0.499319 0.00206526 0.168494 0.00432874
1696 0.499576 0.0020626 0.168227 0.004326
1697 0.499721 0.00207047 0.170901 0.00435324
1698 0.499916 0.00207295 0.169965 0.00434375
1699 0.499999 0.00207286 0.170099 0.00434511
1700 0.499635 0.00207198 0.168895 0.00433284
1701 0.499404 0.00207136 0.167023 0.00431361
1702 0.499825 0.00206625 0.167959 0.00432325
1703 0.500134 0.00206311 0.167291 0.00431637
1704 0.500313 0.00206731 0.168762 0.00433148
1705 0.499922 0.00206769 0.169965 0.00434375
1706 0.499517 0.00206552 0.168227 0.004326
1707 0.499575 0.00206241 0.166355 0.0043067
1708 0.499323 0.00206445 0.168361 0.00432737
1709 0.499563 0.00206205 0.167558 0.00431913
1710 0.499786 0.00207047 0.166488 0.00430808
1711 0.499675 0.00206878 0.167959 0.00432325
1712 0.499474 0.00206663 0.168762 0.00433148
1713 0.499906 0.00207005 0.16943 0.0043383
1714 0.49995 0.00207666 0.170233 0.00434646
1715 0.499672 0.00207465 0.168895 0.00433284
1716 0.499114 0.00207559 0.169297 0.00433694
1717 0.499017 0.00207726 0.171035 0.00435459
1718 0.499038 0.00207414 0.169564 0.00433967
1719 0.499302 0.002073 0.166087 0.00430393
1720 0.49907 0.00207978 0.170233 0.00434646
1721 0.498394 0.00207487 0.169832 0.00434239
1722 0.498657 0.00207663 0.167826 0.00432188
1723 0.498363 0.00207141 0.169965 0.00434375
1724 0.498549 0.00207619 0.170099 0.00434511
1725 0.498415 0.00208193 0.167157 0.00431499
1726 0.49858 0.00208275 0.169832 0.00434239
1727 0.498513 0.00208309 0.17157 0.00435998
1728 0.498999 0.00207719 0.168227 0.004326
1729 0.499025 0.00208458 0.1705 0.00434917
1730 0.498788 0.00208178 0.170768 0.00435188
1731 0.499068 0.00208094 0.170233 0.00434646
1732 0.498483 0.00207559 0.169698 0.00434103
1733 0.497894 0.00207716 0.171704 0.00436133
1734 0.497279 0.00208481 0.173576 0.00438008
1735 0.497484 0.00207667 0.169965 0.00434375
1736 0.498014 0.00206983 0.171035 0.00435459
1737 0.497923 0.00207248 0.172105 0.00436536
1738 0.49756 0.00207865 0.169698 0.00434103
1739 0.497715 0.00207399 0.172907 0.00437341
1740 0.497538 0.00207704 0.173977 0.00438408
1741 0.497443 0.00208167 0.170768 0.00435188
1742 0.497289 0.00207848 0.17157 0.00435998
1743 0.497718 0.00208067 0.175047 0.00439469
1744 0.497745 0.00208181 0.171971 0.00436402
1745 0.49752 0.00207608 0.172105 0.00436536
1746 0.497668 0.00207331 0.16943 0.0043383
1747 0.497139 0.00207585 0.173175 0.00437608
1748 0.497043 0.00207366 0.171704 0.00436133
1749 0.496745 0.00207623 0.173175 0.00437608
1750 0.496778 0.00207577 0.175715 0.00440129
1751 0.496703 0.00207495 0.176518 0.00440918
1752 0.496428 0.00207123 0.176384 0.00440787
1753 0.496343 0.00207185 0.177855 0.00442225
1754 0.496035 0.00206614 0.176117 0.00440524
1755 0.496068 0.00207146 0.176384 0.00440787
1756 0.495618 0.00207034 0.178122 0.00442486
1757 0.495607 0.00207423 0.177989 0.00442356
1758 0.495707 0.0020764 0.180396 0.00444684
1759 0.495427 0.00207159 0.176919 0.00441311
1760 0.495377 0.00207252 0.176785 0.0044118
1761 0.495612 0.00207231 0.176652 0.00441049
1762 0.495569 0.00208108 0.176919 0.00441311
1763 0.495691 0.00207967 0.176652 0.00441049
1764 0.495455 0.00207641 0.175582 0.00439997
1765 0.494969 0.00208157 0.177588 0.00441965
1766 0.495501 0.00208509 0.177855 0.00442225
1767 0.496115 0.00207941 0.176652 0.00441049
1768 0.496382 0.00208353 0.178657 0.00443005
1769 0.496363 0.00207669 0.177053 0.00441442
1770 0.496633 0.00208035 0.174646 0.00439072
1771 0.496503 0.00207989 0.174244 0.00438674
1772 0.496871 0.00207921 0.174378 0.00438806
1773 0.497248 0.00207808 0.172773 0.00437207
1774 0.497017 0.00207318 0.172907 0.00437341
1775 0.497284 0.00207116 0.171302 0.00435729
1776 0.496442 0.00206795 0.173442 0.00437875
1777 0.496316 0.00206904 0.174646 0.00439072
1778 0.496119 0.00206742 0.17371 0.00438142
1779 0.496058 0.00206837 0.173175 0.00437608
1780 0.496576 0.00207251 0.174512 0.00438939
1781 0.496282 0.00207067 0.176652 0.00441049
1782 0.496151 0.0020714 0.176384 0.00440787
1783 0.496523 0.0020766 0.176785 0.0044118
1784 0.496711 0.00207134 0.175181 0.00439601
1785 0.49652 0.00207133 0.176919 0.00441311
1786 0.497063 0.00207125 0.174646 0.00439072
1787 0.497162 0.00207676 0.175582 0.00439997
1788 0.497064 0.00207631 0.173175 0.00437608
1789 0.49683 0.00207771 0.171302 0.00435729
1790 0.496881 0.00207046 0.17264 0.00437073
1791 0.497147 0.00207248 0.17157 0.00435998
1792 0.496744 0.00207573 0.176785 0.0044118
1793 0.496917 0.0020709 0.173041 0.00437474
1794 0.497044 0.00208236 0.175983 0.00440392
1795 0.497721 0.00207851 0.174779 0.00439204
1796 0.497457 0.00207766 0.174111 0.00438541
1797 0.497302 0.00208372 0.174646 0.00439072
1798 0.496889 0.00207435 0.174913 0.00439337
1799 0.496838 0.00206956 0.171302 0.00435729
1800 0.497272 0.00206596 0.170901 0.00435324
1801 0.497258 0.00207682 0.174913 0.00439337
1802 0.497521 0.00207194 0.171971 0.00436402
1803 0.497691 0.0020741 0.171704 0.00436133
1804 0.49727 0.00207376 0.170366 0.00434782
1805 0.496873 0.002072 0.171302 0.00435729
1806 0.497093 0.00206826 0.1705 0.00434917
1807 0.496566 0.0020702 0.171704 0.00436133
1808 0.497209 0.00207173 0.17157 0.00435998
1809 0.497451 0.00207577 0.175314 0.00439733
1810 0.496957 0.00208225 0.175314 0.00439733
1811 0.496949 0.00208224 0.177454 0.00441834
1812 0.496729 0.00208251 0.175983 0.00440392
1813 0.497067 0.00208319 0.177989 0.00442356
1814 0.497053 0.00208616 0.174646 0.00439072
1815 0.497762 0.00208455 0.174646 0.00439072
1816 0.497463 0.00208189 0.173175 0.00437608
1817 0.497821 0.00207848 0.172105 0.00436536
1818 0.497221 0.00207791 0.172506 0.00436939
1819 0.497343 0.00208629 0.17625 0.00440655
1820 0.497394 0.00209157 0.172907 0.00437341
1821 0.49754 0.0020899 0.172239 0.00436671
1822 0.498228 0.00208979 0.173041 0.00437474
1823 0.498052 0.002085 0.171035 0.00435459
1824 0.498232 0.00208244 0.170901 0.00435324
1825 0.497875 0.00208417 0.17157 0.00435998
1826 0.497146 0.0020873 0.176785 0.0044118
1827 0.496839 0.00208682 0.175849 0.00440261
1828 0.496464 0.00207964 0.177186 0.00441573
1829 0.496624 0.00207807 0.175849 0.00440261
1830 0.496388 0.00207725 0.17732 0.00441703
1831 0.496427 0.00208389 0.179727 0.0044404
1832 0.496424 0.00208642 0.182268 0.00446475
1833 0.49644 0.00208937 0.181064 0.00445326
1834 0.496602 0.00209356 0.177588 0.00441965
1835 0.49647 0.00209637 0.177588 0.00441965
1836 0.496971 0.0020973 0.177721 0.00442095
1837 0.497336 0.00209423 0.175181 0.00439601
1838 0.497354 0.00208905 0.176919 0.00441311
1839 0.497907 0.0020848 0.175983 0.00440392
1840 0.497544 0.0020922 0.175314 0.00439733
1841 0.497221 0.00209813 0.175314 0.00439733
1842 0.497235 0.0021022 0.177855 0.00442225
1843 0.497696 0.00210743 0.177053 0.00441442
1844 0.497243 0.00210726 0.178122 0.00442486
1845 0.497193 0.00210233 0.176518 0.00440918
1846 0.496953 0.00210562 0.17732 0.00441703
1847 0.497125 0.00210689 0.177454 0.00441834
1848 0.496616 0.00210411 0.178791 0.00443135
1849 0.496879 0.00210246 0.180128 0.00444427
1850 0.496718 0.00209701 0.180663 0.00444941
1851 0.496387 0.00209536 0.177588 0.00441965
1852 0.496427 0.00209613 0.175448 0.00439865
1853 0.496344 0.00209024 0.17371 0.00438142
1854 0.495976 0.00209332 0.175314 0.00439733
1855 0.495804 0.00209255 0.177721 0.00442095
1856 0.495832 0.00208151 0.175181 0.00439601
1857 0.495126 0.00207949 0.176117 0.00440524
1858 0.495214 0.00207936 0.175582 0.00439997
1859 0.495314 0.00208099 0.175314 0.00439733
1860 0.49508 0.00208181 0.176384 0.00440787
1861 0.495008 0.00207666 0.177454 0.00441834
1862 0.49468 0.00207817 0.175314 0.00439733
1863 0.494823 0.00208162 0.174913 0.00439337
1864 0.495305 0.00207489 0.175314 0.00439733
1865 0.495202 0.00207734 0.177588 0.00441965
1866 0.495237 0.00207481 0.179593 0.00443911
1867 0.495747 0.00208024 0.173977 0.00438408
1868 0.495401 0.00207635 0.174244 0.00438674
1869 0.495922 0.00207703 0.172239 0.00436671
1870 0.495973 0.00208031 0.174111 0.00438541
1871 0.496275 0.00207604 0.173175 0.00437608
1872 0.496476 0.00207484 0.17157 0.00435998
1873 0.495955 0.00206464 0.169832 0.00434239
1874 0.495934 0.00206244 0.17264 0.00437073
1875 0.496099 0.00206263 0.171035 0.00435459
1876 0.496297 0.00206514 0.171704 0.00436133
1877 0.496689 0.00206712 0.169297 0.00433694
1878 0.496263 0.0020738 0.171436 0.00435864
1879 0.495941 0.00207893 0.172907 0.00437341
1880 0.496541 0.00208263 0.172105 0.00436536
1881 0.49655 0.00207835 0.171035 0.00435459
1882 0.496235 0.00207876 0.17264 0.00437073
1883 0.495996 0.00207664 0.17264 0.00437073
1884 0.496244 0.00206568 0.172773 0.00437207
1885 0.496096 0.00206885 0.173175 0.00437608
1886 0.496075 0.00206601 0.17264 0.00437073
1887 0.496195 0.00206333 0.174244 0.00438674
1888 0.496383 0.00205758 0.174646 0.00439072
1889 0.496726 0.00205755 0.172239 0.00436671
1890 0.496537 0.00205592 0.173175 0.00437608
1891 0.496441 0.00206306 0.174111 0.00438541
1892 0.496161 0.00205998 0.173843 0.00438275
1893 0.495957 0.00205764 0.175047 0.00439469
1894 0.495753 0.00205613 0.173977 0.00438408
1895 0.495818 0.00205629 0.174913 0.00439337
1896 0.495874 0.0020536 0.174111 0.00438541
1897 0.496089 0.00205347 0.172372 0.00436805
1898 0.495627 0.00205013 0.173843 0.00438275
1899 0.495524 0.0020491 0.170634 0.00435053
1900 0.495925 0.00205027 0.173308 0.00437742
1901 0.495384 0.00204807 0.17157 0.00435998
1902 0.49474 0.00204476 0.172239 0.00436671
1903 0.494274 0.0020517 0.171971 0.00436402
1904 0.494119 0.00204895 0.176384 0.00440787
1905 0.494032 0.00205826 0.173843 0.00438275
1906 0.494161 0.00205833 0.174779 0.00439204
1907 0.494021 0.0020546 0.175849 0.00440261
1908 0.494524 0.0020614 0.177588 0.00441965
1909 0.494723 0.00206485 0.17625 0.00440655
1910 0.494862 0.0020636 0.175582 0.00439997
1911 0.495149 0.0020668 0.176785 0.0044118
1912 0.494746 0.00207196 0.178657 0.00443005
1913 0.494737 0.00207639 0.18053 0.00444813
1914 0.494704 0.00206355 0.179059 0.00443394
1915 0.494959 0.00206068 0.177588 0.00441965
1916 0.494978 0.00205829 0.177721 0.00442095
1917 0.494369 0.00206208 0.179059 0.00443394
1918 0.494788 0.00206383 0.179861 0.00444169
1919 0.494714 0.00206296 0.179727 0.0044404
1920 0.494501 0.00206494 0.18053 0.00444813
1921 0.494836 0.00207238 0.180396 0.00444684
1922 0.495175 0.00206471 0.177989 0.00442356
1923 0.495257 0.00206817 0.179727 0.0044404
1924 0.495296 0.00206692 0.177989 0.00442356
1925 0.495162 0.0020738 0.176652 0.00441049
1926 0.494224 0.00207286 0.179593 0.00443911
1927 0.494754 0.00207238 0.177588 0.00441965
1928 0.494449 0.0020819 0.179995 0.00444298
1929 0.494503 0.00208987 0.176117 0.00440524
1930 0.494618 0.0020792 0.176785 0.0044118
1931 0.494841 0.00207962 0.179995 0.00444298
1932 0.494985 0.00208261 0.181332 0.00445582
1933 0.49548 0.00208174 0.179059 0.00443394
1934 0.496041 0.00208373 0.177721 0.00442095
1935 0.496052 0.00208254 0.177855 0.00442225
1936 0.496169 0.00208396 0.174646 0.00439072
1937 0.496777 0.0020881 0.175448 0.00439865
1938 0.496094 0.00209146 0.174111 0.00438541
1939 0.495768 0.00209514 0.176785 0.0044118
1940 0.496556 0.00208821 0.175849 0.00440261
1941 0.496267 0.00208691 0.175181 0.00439601
1942 0.4959 0.00209292 0.175448 0.00439865
1943 0.495425 0.00207671 0.174378 0.00438806
1944 0.495075 0.00207543 0.176919 0.00441311
1945 0.49531 0.00207418 0.176117 0.00440524
1946 0.495532 0.00208273 0.174779 0.00439204
1947 0.49518 0.00207951 0.177186 0.00441573
1948 0.495261 0.00208133 0.177721 0.00442095
1949 0.495161 0.0020763 0.176518 0.00440918
1950 0.495454 0.00208118 0.179995 0.00444298
1951 0.495371 0.00207857 0.178256 0.00442616
1952 0.495412 0.00208276 0.179192 0.00443524
1953 0.495346 0.00208679 0.17839 0.00442746
1954 0.495873 0.00208529 0.175047 0.00439469
1955 0.495844 0.00208094 0.174512 0.00438939
1956 0.496081 0.00207862 0.175047 0.00439469
1957 0.495995 0.00207333 0.174779 0.00439204
1958 0.495901 0.00208146 0.176919 0.00441311
1959 0.496089 0.00208236 0.173041 0.00437474
1960 0.496133 0.00207824 0.173041 0.00437474
1961 0.49667 0.0020797 0.171169 0.00435594
1962 0.496227 0.00208165 0.172105 0.00436536
1963 0.49673 0.00208672 0.171169 0.00435594
1964 0.496651 0.00208932 0.174779 0.00439204
1965 0.496423 0.0020863 0.172773 0.00437207
1966 0.496427 0.00208745 0.172105 0.00436536
1967 0.496161 0.00208514 0.17371 0.00438142
1968 0.495745 0.0020847 0.178256 0.00442616
1969 0.495693 0.0020851 0.175983 0.00440392
1970 0.495526 0.00208692 0.176785 0.0044118
1971 0.495259 0.00207783 0.179059 0.00443394
1972 0.495204 0.00208038 0.177721 0.00442095
1973 0.495497 0.00207916 0.177454 0.00441834
1974 0.495778 0.00207575 0.174913 0.00439337
1975 0.495576 0.00207423 0.175047 0.00439469
1976 0.495506 0.0020757 0.177186 0.00441573
1977 0.495664 0.00207575 0.17625 0.00440655
1978 0.495574 0.00207323 0.176518 0.00440918
1979 0.495781 0.00207274 0.177855 0.00442225
1980 0.495142 0.00207617 0.177721 0.00442095
1981 0.495244 0.00207706 0.177454 0.00441834
1982 0.495493 0.00207657 0.177053 0.00441442
1983 0.494921 0.00207384 0.180262 0.00444556
1984 0.494667 0.00207873 0.182134 0.00446348
1985 0.495136 0.00207873 0.180128 0.00444427
1986 0.495993 0.00208385 0.179059 0.00443394
1987 0.495871 0.00208265 0.180663 0.00444941
1988 0.495582 0.00207664 0.178925 0.00443265
1989 0.495684 0.00208253 0.179861 0.00444169
1990 0.495354 0.00207894 0.174779 0.00439204
1991 0.495147 0.00208071 0.178524 0.00442876
1992 0.495785 0.0020853 0.180663 0.00444941
1993 0.495158 0.00208595 0.181599 0.00445837
1994 0.494926 0.00208686 0.180262 0.00444556
1995 0.495389 0.00208053 0.17946 0.00443782
1996 0.494861 0.00208225 0.177721 0.00442095
1997 0.495082 0.00208455 0.180797 0.00445069
1998 0.495049 0.00208128 0.177989 0.00442356
1999 0.494856 0.00208427 0.178122 0.00442486
