#sample=7478
0 0.00132915 2.77278e-06 1 0
1 0.00134125 3.96544e-06 1 0
2 0.00136175 5.10704e-06 1 0
3 0.00139153 6.50485e-06 1 0
4 0.00143074 8.14231e-06 1 0
5 0.00148246 9.8562e-06 1 0
6 0.00154493 1.16596e-05 1 0
7 0.00162399 1.39094e-05 1 0
8 0.00169987 1.56186e-05 1 0
9 0.0017995 1.75955e-05 1 0
10 0.00189518 1.96666e-05 1 0
11 0.00202288 2.21992e-05 1 0
12 0.00215278 2.43216e-05 1 0
13 0.00225983 2.59446e-05 1 0
14 0.00239259 2.80821e-05 1 0
15 0.00251247 3.03827e-05 1 0
16 0.00265308 3.26614e-05 1 0
17 0.00280517 3.49255e-05 1 0
18 0.00298477 3.7568e-05 1 0
19 0.00316654 4.00744e-05 1 0
20 0.00334831 4.26812e-05 1 0
21 0.00354279 4.55222e-05 1 0
22 0.00371072 4.80434e-05 1 0
23 0.00392115 5.09158e-05 1 0
24 0.00415496 5.41735e-05 1 0
25 0.00438903 5.73887e-05 1 0
26 0.00459313 6.01944e-05 1 0
27 0.00484849 6.43534e-05 1 0
28 0.00512385 6.79227e-05 1 0
29 0.00530987 7.0587e-05 1 0
30 0.00550829 7.33754e-05 1 0
31 0.00571793 7.71333e-05 1 0
32 0.00601417 8.10683e-05 1 0
33 0.00622614 8.39174e-05 1 0
34 0.00650923 8.76159e-05 1 0
35 0.00672264 9.06065e-05 1 0
36 0.0070174 9.48657e-05 1 0
37 0.00726716 9.76473e-05 1 0
38 0.00752179 0.000101186 1 0
39 0.00776227 0.000104944 1 0
40 0.00805792 0.000109118 1 0
41 0.00833895 0.000113156 1 0
42 0.00864048 0.000117211 1 0
43 0.00893104 0.000121487 1 0
44 0.00924039 0.000124848 1 0
45 0.00954486 0.00012892 1 0
46 0.00977277 0.000132075 1 0
47 0.0101003 0.000136658 1 0
48 0.0103972 0.000140677 1 0
49 0.0106936 0.000145008 1 0
50 0.0109695 0.000148422 1 0
51 0.0112974 0.000152548 1 0
52 0.0115906 0.000155601 1 0
53 0.0118441 0.000159416 1 0
54 0.0122165 0.000164097 1 0
55 0.012557 0.000168574 1 0
56 0.0128961 0.00017295 1 0
57 0.0132415 0.000176746 1 0
58 0.0135745 0.000180652 1 0
59 0.0138987 0.000184572 1 0
60 0.0142124 0.000188716 1 0
61 0.0145367 0.000193076 1 0
62 0.0148481 0.000197129 1 0
63 0.0151669 0.000200901 1 0
64 0.0154918 0.000205201 1 0
65 0.0159123 0.000211018 1 0
66 0.0162495 0.00021468 1 0
67 0.0167452 0.000221216 1 0
68 0.0170665 0.000225099 1 0
69 0.0174156 0.000228852 1 0
70 0.0178237 0.000235337 1 0
71 0.0181158 0.00023883 1 0
72 0.0186302 0.000244706 1 0
73 0.019011 0.000249986 1 0
74 0.0193576 0.000254568 1 0
75 0.0197143 0.000258438 1 0
76 0.0200527 0.000262445 1 0
77 0.0204489 0.000267431 1 0
78 0.0209165 0.00027374 1 0
79 0.0212832 0.000277792 1 0
80 0.0217668 0.000283874 1 0
81 0.0222253 0.000289055 1 0
82 0.022734 0.000295779 1 0
83 0.0231196 0.000300653 1 0
84 0.0236717 0.000307843 1 0
85 0.024202 0.000314318 1 0
86 0.0246206 0.00031929 1 0
87 0.0250802 0.000324815 1 0
88 0.0256757 0.000331961 1 0
89 0.0262085 0.00033936 1 0
90 0.0265854 0.000344014 1 0
91 0.0270654 0.000350979 1 0
92 0.0275249 0.000356807 1 0
93 0.0280002 0.000363002 1 0
94 0.0285303 0.000368514 1 0
95 0.0290694 0.00037522 1 0
96 0.0296682 0.000382532 1 0
97 0.0302249 0.000388945 1 0
98 0.0308505 0.000396111 1 0
99 0.0313444 0.000402314 1 0
100 0.0319507 0.00040978 1 0
101 0.0325561 0.00041692 1 0
102 0.0331435 0.000423939 1 0
103 0.0337808 0.000431213 1 0
104 0.034367 0.000438739 1 0
105 0.035196 0.000448736 1 0
106 0.0359056 0.00045741 1 0
107 0.0365137 0.000465799 1 0
108 0.0371106 0.00047416 1 0
109 0.0378227 0.000482951 1 0
110 0.038486 0.000490785 0.999866 0.000133726
111 0.038985 0.000497046 0.999866 0.000133726
112 0.0396379 0.000503752 0.999733 0.000189104
113 0.0403436 0.000513346 0.999866 0.000133726
114 0.0409252 0.000521911 0.999733 0.000189104
115 0.0414786 0.000527128 0.999733 0.000189104
116 0.0421845 0.000535146 0.999733 0.000189104
117 0.0428577 0.00054498 0.999733 0.000189104
118 0.0435127 0.000552638 0.999599 0.000231589
119 0.0441117 0.000559149 0.999733 0.000189104
120 0.0446341 0.000565745 0.999733 0.000189104
121 0.0453123 0.000573571 0.999599 0.000231589
122 0.0459313 0.000581291 0.999599 0.000231589
123 0.0465062 0.000588645 0.999599 0.000231589
124 0.047133 0.000595127 0.999599 0.000231589
125 0.047688 0.00060246 0.999599 0.000231589
126 0.0483215 0.000609815 0.999599 0.000231589
127 0.048968 0.000618106 0.999599 0.000231589
128 0.0496097 0.000623972 0.999599 0.000231589
129 0.050139 0.000629424 0.999599 0.000231589
130 0.0507359 0.00063573 0.999599 0.000231589
131 0.0513815 0.000643108 0.999599 0.000231589
132 0.0521892 0.000652525 0.999599 0.000231589
133 0.0528268 0.000659176 0.999599 0.000231589
134 0.0535607 0.000667663 0.999733 0.000189104
135 0.0542376 0.000674554 0.999733 0.000189104
136 0.0548698 0.000682477 0.999733 0.000189104
137 0.0556116 0.000691398 0.999733 0.000189104
138 0.0562629 0.000698316 0.999599 0.000231589
139 0.0570666 0.000706943 0.999733 0.000189104
140 0.0576715 0.000713108 0.999733 0.000189104
141 0.0585413 0.000722869 0.999733 0.000189104
142 0.0592907 0.000731648 0.999599 0.000231589
143 0.060067 0.000740797 0.999733 0.000189104
144 0.0606264 0.000746411 0.999599 0.000231589
145 0.061426 0.000754993 0.999465 0.000267398
146 0.0621037 0.000762457 0.999465 0.000267398
147 0.0630198 0.00077269 0.999465 0.000267398
148 0.0638563 0.000781884 0.999331 0.00029894
149 0.064645 0.000792386 0.999064 0.000353663
150 0.0654433 0.000800708 0.99893 0.000378056
151 0.0662601 0.000811041 0.998796 0.000400962
152 0.0669621 0.000819702 0.998663 0.000422623
153 0.067722 0.000826113 0.998529 0.000443221
154 0.0685475 0.000834157 0.998663 0.000422623
155 0.0691595 0.000839901 0.998529 0.000443221
156 0.0699767 0.000849177 0.998262 0.000481767
157 0.0707875 0.000856753 0.998262 0.000481767
158 0.0716678 0.000865084 0.998128 0.00049992
159 0.0723364 0.000872279 0.997994 0.000517432
160 0.0730885 0.0008773 0.998128 0.00049992
161 0.0741203 0.000888693 0.997593 0.000566704
162 0.074939 0.000898672 0.997593 0.000566704
163 0.0759173 0.000908964 0.997459 0.000582194
164 0.0769249 0.000919889 0.996924 0.000640381
165 0.0777912 0.000927167 0.996791 0.000654111
166 0.0787441 0.000936695 0.996389 0.000693649
167 0.0797231 0.000944669 0.996657 0.000667554
168 0.0807718 0.000952565 0.995988 0.000731023
169 0.081603 0.000961142 0.995988 0.000731023
170 0.0824739 0.000968589 0.996122 0.000718785
171 0.0835308 0.000980029 0.995855 0.000743057
172 0.0843687 0.000986146 0.995988 0.000731023
173 0.0854064 0.000996771 0.995052 0.00081146
174 0.0864244 0.0010046 0.994651 0.000843546
175 0.0872567 0.00101222 0.993715 0.000913952
176 0.0881167 0.00102003 0.993447 0.00093307
177 0.0894429 0.00103105 0.993314 0.000942479
178 0.0905546 0.00104083 0.991709 0.00104865
179 0.0920363 0.00105342 0.991575 0.001057
180 0.0928156 0.00105997 0.989703 0.00116746
181 0.094181 0.00107252 0.989569 0.00117494
182 0.0953141 0.0010808 0.989168 0.00119707
183 0.0962789 0.00108813 0.987965 0.00126106
184 0.097377 0.00109802 0.988232 0.00124714
185 0.0983218 0.0011064 0.985959 0.00136072
186 0.0994205 0.00111545 0.985424 0.00138602
187 0.100519 0.00112575 0.984755 0.00141697
188 0.101735 0.0011361 0.98422 0.00144122
189 0.102831 0.00114581 0.982749 0.00150577
190 0.1041 0.0011518 0.983685 0.00146505
191 0.105334 0.00115754 0.982482 0.0015172
192 0.106535 0.00116487 0.982348 0.00152287
193 0.107921 0.00117444 0.981011 0.00157843
194 0.109186 0.00118468 0.980075 0.00161609
195 0.110539 0.00119724 0.978203 0.0016887
196 0.112142 0.00120973 0.977935 0.00169879
197 0.113367 0.00121984 0.975796 0.00177731
198 0.114766 0.0012278 0.974325 0.00182914
199 0.115861 0.00123561 0.971383 0.00192817
200 0.117149 0.00124137 0.970045 0.00197135
201 0.118436 0.00125032 0.969243 0.00199675
202 0.119713 0.00126086 0.967237 0.0020587
203 0.121038 0.00126618 0.966167 0.00209088
204 0.122454 0.00127639 0.964964 0.00212642
205 0.124082 0.00128673 0.961621 0.00222171
206 0.125492 0.00129591 0.962156 0.00220678
207 0.126897 0.00130495 0.95908 0.00229103
208 0.12827 0.00131675 0.955336 0.00238888
209 0.129625 0.00132419 0.953731 0.00242938
210 0.131308 0.00133084 0.954132 0.00241933
211 0.132782 0.00134155 0.949987 0.0025208
212 0.134317 0.00134832 0.950254 0.0025144
213 0.135769 0.00135675 0.946109 0.00261136
214 0.137144 0.00136829 0.944905 0.00263868
215 0.138644 0.00137631 0.94076 0.00273014
216 0.140387 0.00138371 0.940492 0.00273591
217 0.141946 0.00139435 0.938353 0.00278149
218 0.143648 0.00140374 0.934608 0.00285899
219 0.145056 0.00141248 0.93394 0.00287254
220 0.146732 0.00142133 0.931666 0.00291799
221 0.148593 0.00143518 0.928591 0.00297801
222 0.150088 0.00144312 0.925381 0.00303893
223 0.151672 0.00145051 0.921369 0.00311278
224 0.153791 0.00145961 0.918695 0.00316068
225 0.155172 0.00146566 0.917491 0.0031819
226 0.156939 0.00147679 0.916154 0.00320525
227 0.159107 0.00148775 0.908131 0.00334038
228 0.160548 0.00149526 0.907863 0.00334475
229 0.161902 0.00150455 0.901845 0.00344079
230 0.163561 0.00150901 0.899438 0.00347807
231 0.1652 0.00151564 0.89984 0.0034719
232 0.167046 0.00152247 0.89556 0.00353685
233 0.168414 0.00153136 0.893688 0.00356468
234 0.169993 0.00153743 0.888607 0.00363849
235 0.171813 0.00154941 0.883926 0.00370435
236 0.173457 0.00155519 0.877641 0.00378977
237 0.175195 0.00156526 0.872961 0.00385126
238 0.176931 0.00156899 0.872025 0.00386335
239 0.178845 0.0015805 0.868414 0.00390935
240 0.180552 0.00158626 0.865071 0.00395107
241 0.182251 0.00159003 0.863734 0.00396753
242 0.183732 0.00159319 0.859321 0.00402095
243 0.185364 0.0015991 0.855175 0.00406992
244 0.187294 0.00160396 0.853036 0.00409474
245 0.189455 0.00161991 0.849826 0.00413141
246 0.191538 0.00162306 0.844745 0.00418815
247 0.193542 0.00162662 0.839529 0.00424475
248 0.195407 0.00163146 0.835919 0.004283
249 0.197153 0.00164222 0.832977 0.00431361
250 0.198882 0.00164867 0.82843 0.00435998
251 0.200568 0.0016563 0.824819 0.00439601
252 0.202042 0.00166821 0.818534 0.0044571
253 0.203809 0.00167462 0.814656 0.00449379
254 0.205704 0.00168514 0.811581 0.00452236
255 0.207536 0.00169483 0.805162 0.00458052
256 0.209417 0.00170138 0.799412 0.004631
257 0.211661 0.00170883 0.799278 0.00463215
258 0.213757 0.00171878 0.794865 0.00466985
259 0.216025 0.00172632 0.787777 0.00472861
260 0.217978 0.00173409 0.783231 0.00476519
261 0.219591 0.0017391 0.780556 0.0047863
262 0.221565 0.00175034 0.775341 0.00482664
263 0.223347 0.00175403 0.772132 0.00485092
264 0.225205 0.0017628 0.765312 0.00490119
265 0.226992 0.00177193 0.765044 0.00490312
266 0.229047 0.00177831 0.757689 0.00495528
267 0.230787 0.00178298 0.753811 0.00498198
268 0.232717 0.00178346 0.751538 0.00499737
269 0.23446 0.00178497 0.749532 0.00501081
270 0.236547 0.00178946 0.742846 0.00505455
271 0.23867 0.00179242 0.7387 0.00508089
272 0.240226 0.00179519 0.733619 0.00511238
273 0.241857 0.00180187 0.729741 0.00513583
274 0.243737 0.00180439 0.727601 0.00514856
275 0.244694 0.00180332 0.727735 0.00514777
276 0.246709 0.00181235 0.721984 0.00518125
277 0.248742 0.00181469 0.716368 0.00521293
278 0.25059 0.0018184 0.711153 0.00524146
279 0.252164 0.00182008 0.7046 0.0052761
280 0.253906 0.00182893 0.700187 0.00529869
281 0.255948 0.00183382 0.696443 0.0053174
282 0.257553 0.00183515 0.694303 0.0053279
283 0.259091 0.00184227 0.688419 0.00535609
284 0.260519 0.00184762 0.681867 0.0053863
285 0.262101 0.00185478 0.679593 0.00539649
286 0.264083 0.00185976 0.669029 0.00544194
287 0.265901 0.00186754 0.668093 0.00544582
288 0.267858 0.00186965 0.662075 0.00547016
289 0.269723 0.00187094 0.657395 0.00548841
290 0.271126 0.00187285 0.65579 0.00549453
291 0.273388 0.00187576 0.651244 0.00551149
292 0.275464 0.00188237 0.642284 0.00554331
293 0.277237 0.00188469 0.637336 0.00555997
294 0.278556 0.00189247 0.6364 0.00556305
295 0.280344 0.00189807 0.633324 0.00557302
296 0.281949 0.00189767 0.630249 0.00558274
297 0.28408 0.00189937 0.626371 0.00559464
298 0.285661 0.00189847 0.62169 0.0056085
299 0.287481 0.00190106 0.619551 0.00561466
300 0.289544 0.00190869 0.615271 0.00562661
301 0.290998 0.00190904 0.60805 0.00564574
302 0.292512 0.00190855 0.602166 0.00566038
303 0.294842 0.00190799 0.593474 0.00568043
304 0.296682 0.00191591 0.588125 0.00569185
305 0.298024 0.00192182 0.584515 0.00569917
306 0.299888 0.00192893 0.579299 0.00570919
307 0.301121 0.00192545 0.578497 0.00571067
308 0.30236 0.00193484 0.575689 0.00571574
309 0.303709 0.00193631 0.566863 0.00573044
310 0.305953 0.00193942 0.564723 0.00573373
311 0.307603 0.0019427 0.562717 0.00573671
312 0.309043 0.00194293 0.557903 0.00574347
313 0.310661 0.00194568 0.553357 0.00574936
314 0.311803 0.00195088 0.549478 0.00575399
315 0.313592 0.00195641 0.548007 0.00575566
316 0.315495 0.0019596 0.543862 0.00576008
317 0.317003 0.00196684 0.538513 0.0057652
318 0.318905 0.00196595 0.530088 0.0057719
319 0.320472 0.00196876 0.528082 0.00577325
320 0.32188 0.00196759 0.523001 0.00577625
321 0.323408 0.00196927 0.519791 0.00577784
322 0.324956 0.0019733 0.510564 0.00578108
323 0.326128 0.00197179 0.510297 0.00578115
324 0.327508 0.00196665 0.511634 0.00578081
325 0.329403 0.00196646 0.505483 0.00578203
326 0.330937 0.00196938 0.503343 0.00578225
327 0.332437 0.00196902 0.501872 0.00578234
328 0.333554 0.00196773 0.496523 0.00578224
329 0.334999 0.00196897 0.494517 0.00578203
330 0.33641 0.00196928 0.489837 0.00578118
331 0.338303 0.00197435 0.488366 0.00578081
332 0.340094 0.00197872 0.484354 0.00577954
333 0.341279 0.00197853 0.479406 0.00577747
334 0.342475 0.00197867 0.477668 0.00577661
335 0.344009 0.0019821 0.476197 0.00577582
336 0.345053 0.00198482 0.474191 0.00577467
337 0.34672 0.00198753 0.467104 0.00576985
338 0.348238 0.00199224 0.46376 0.00576717
339 0.349452 0.00199602 0.460818 0.00576459
340 0.350835 0.0019993 0.458545 0.00576247
341 0.352306 0.00199996 0.453998 0.00575785
342 0.353762 0.0019994 0.450655 0.00575415
343 0.355229 0.00199777 0.448783 0.00575196
344 0.35649 0.00199179 0.44544 0.00574785
345 0.357991 0.00199612 0.437015 0.00573631
346 0.358781 0.00199892 0.436614 0.00573572
347 0.360078 0.00199968 0.432469 0.00572939
348 0.361315 0.00200005 0.435009 0.00573332
349 0.362882 0.00200098 0.428056 0.0057222
350 0.364045 0.0020027 0.428591 0.0057231
351 0.365132 0.00200612 0.425515 0.00571785
352 0.366767 0.00200121 0.419765 0.00570744
353 0.367835 0.00200204 0.417625 0.00570336
354 0.369037 0.00199843 0.414416 0.00569704
355 0.370209 0.00199767 0.412811 0.00569378
356 0.371188 0.00200535 0.412009 0.00569213
357 0.372336 0.00200452 0.407061 0.0056816
358 0.373487 0.00199869 0.405322 0.00567776
359 0.374369 0.00199858 0.404921 0.00567687
360 0.375613 0.00199558 0.398636 0.00566231
361 0.376758 0.00200177 0.400107 0.0056658
362 0.377657 0.00200615 0.396095 0.00565614
363 0.379279 0.00201314 0.39556 0.00565482
364 0.380799 0.00201564 0.390345 0.00564161
365 0.381824 0.00201455 0.387403 0.00563385
366 0.383361 0.0020182 0.380984 0.00561618
367 0.384844 0.00201435 0.377641 0.00560656
368 0.386319 0.00201549 0.375635 0.00560065
369 0.387905 0.00202093 0.372827 0.00559221
370 0.388685 0.00202586 0.371089 0.00558689
371 0.389314 0.0020207 0.368013 0.00557727
372 0.390102 0.00202839 0.368949 0.00558022
373 0.391233 0.00202655 0.366141 0.0055713
374 0.392365 0.00202691 0.361327 0.00555553
375 0.393929 0.00202534 0.359321 0.00554878
376 0.394988 0.00203505 0.357716 0.00554331
377 0.396399 0.0020376 0.358385 0.0055456
378 0.398018 0.00203086 0.355443 0.00553544
379 0.398822 0.00203668 0.353303 0.0055279
380 0.400103 0.00203264 0.346617 0.00550358
381 0.400737 0.00203603 0.344477 0.00549554
382 0.401592 0.00204364 0.344076 0.00549402
383 0.4029 0.00204581 0.342338 0.00548738
384 0.403987 0.00204454 0.344076 0.00549402
385 0.404666 0.00204521 0.340867 0.0054817
386 0.405774 0.0020419 0.336721 0.00546537
387 0.406791 0.00203946 0.33525 0.00545946
388 0.407273 0.00204664 0.33418 0.00545513
389 0.408494 0.00204231 0.331105 0.00544249
390 0.408946 0.00204967 0.328564 0.00543186
391 0.409986 0.00204481 0.32843 0.00543129
392 0.410603 0.00204614 0.327628 0.0054279
393 0.411257 0.00204947 0.328029 0.0054296
394 0.412169 0.00205308 0.328564 0.00543186
395 0.413231 0.00205184 0.325087 0.00541701
396 0.414209 0.0020485 0.317732 0.00538449
397 0.415321 0.00204522 0.317465 0.00538327
398 0.415943 0.00204525 0.315325 0.00537351
399 0.416572 0.00205349 0.313587 0.00536547
400 0.417624 0.00204993 0.309441 0.00534596
401 0.41858 0.00205747 0.309976 0.00534851
402 0.420239 0.0020461 0.303958 0.00531938
403 0.421246 0.00205159 0.30115 0.00530542
404 0.422743 0.0020534 0.300883 0.00530408
405 0.42382 0.00205507 0.298342 0.00529122
406 0.424644 0.00205016 0.294999 0.00527401
407 0.426095 0.00205468 0.292859 0.00526282
408 0.426755 0.00205995 0.290051 0.00524792
409 0.427325 0.00206305 0.286173 0.00522693
410 0.428186 0.00205925 0.286841 0.00523059
411 0.428792 0.00206432 0.281091 0.00519872
412 0.429554 0.00206565 0.281626 0.00520173
413 0.429842 0.00207034 0.282428 0.00520623
414 0.430735 0.0020706 0.28176 0.00520248
415 0.431719 0.00206779 0.280155 0.00519344
416 0.432105 0.00206617 0.279085 0.00518736
417 0.43295 0.00206537 0.281091 0.00519872
418 0.434353 0.00206382 0.278818 0.00518584
419 0.434953 0.00206768 0.27855 0.00518431
420 0.436164 0.00206755 0.272934 0.00515172
421 0.43658 0.00205967 0.273068 0.00515251
422 0.436915 0.00205784 0.274806 0.0051627
423 0.437747 0.00205689 0.271998 0.00514618
424 0.438454 0.00205996 0.268254 0.00512377
425 0.438852 0.00206035 0.26919 0.00512941
426 0.439964 0.00205916 0.265579 0.00510747
427 0.440415 0.00205888 0.264509 0.00510088
428 0.441286 0.0020633 0.263306 0.00509343
429 0.441375 0.00206688 0.258625 0.00506396
430 0.442322 0.00206449 0.258893 0.00506567
431 0.442576 0.00206823 0.261701 0.00508341
432 0.442866 0.00207396 0.262771 0.0050901
433 0.443867 0.00207908 0.260364 0.005075
434 0.444779 0.00207972 0.259026 0.00506652
435 0.44532 0.00207745 0.257555 0.00505713
436 0.445783 0.00208009 0.259561 0.00506992
437 0.446427 0.00207139 0.257555 0.00505713
438 0.447207 0.0020745 0.256619 0.00505111
439 0.447892 0.00207176 0.254881 0.00503985
440 0.448569 0.00206967 0.255015 0.00504072
441 0.449101 0.00206883 0.25448 0.00503724
442 0.449846 0.00207024 0.251672 0.0050188
443 0.450574 0.00207014 0.249933 0.00500724
444 0.450523 0.00206654 0.245921 0.00498015
445 0.451345 0.00207073 0.247526 0.00499106
446 0.451761 0.00207226 0.249131 0.00500187
447 0.452049 0.00206718 0.248061 0.00499467
448 0.452262 0.00207511 0.248596 0.00499827
449 0.452527 0.00206992 0.249131 0.00500187
450 0.452665 0.0020643 0.245921 0.00498015
451 0.452987 0.00206388 0.24659 0.00498471
452 0.453333 0.00205916 0.245654 0.00497833
453 0.453403 0.00205913 0.243514 0.00496362
454 0.454252 0.00205837 0.241508 0.00494969
455 0.454575 0.00206177 0.243782 0.00496547
456 0.455022 0.00206095 0.241375 0.00494875
457 0.455166 0.00206335 0.240037 0.00493937
458 0.455419 0.00206056 0.237898 0.00492423
459 0.455861 0.00206535 0.241776 0.00495155
460 0.456213 0.00205439 0.237898 0.00492423
461 0.456733 0.00205757 0.238968 0.00493182
462 0.456984 0.00205805 0.23402 0.00489634
463 0.456591 0.0020546 0.235491 0.00490698
464 0.456842 0.00205914 0.237497 0.00492137
465 0.457293 0.00204995 0.232549 0.00488561
466 0.457511 0.00205307 0.235223 0.00490505
467 0.458023 0.00204954 0.235223 0.00490505
468 0.458303 0.00205051 0.233752 0.00489439
469 0.458612 0.00204715 0.233752 0.00489439
470 0.459428 0.00204616 0.235223 0.00490505
471 0.459845 0.00204845 0.231479 0.00487775
472 0.460538 0.00204319 0.230409 0.00486986
473 0.461256 0.00204193 0.230008 0.00486688
474 0.461959 0.00203919 0.229473 0.00486291
475 0.461286 0.00204541 0.227066 0.00484489
476 0.46142 0.00204535 0.227066 0.00484489
477 0.461853 0.00204975 0.230008 0.00486688
478 0.462172 0.00205142 0.226799 0.00484287
479 0.46251 0.00205201 0.224392 0.00482459
480 0.46295 0.0020522 0.220647 0.00479571
481 0.463223 0.00204566 0.222519 0.00481022
482 0.463528 0.00204386 0.221851 0.00480505
483 0.463175 0.00204667 0.221717 0.00480402
484 0.46294 0.00205053 0.222252 0.00480816
485 0.462964 0.00205845 0.223455 0.00481743
486 0.463609 0.0020597 0.222921 0.00481331
487 0.464372 0.00205779 0.221984 0.00480609
488 0.464238 0.00205438 0.224659 0.00482664
489 0.46432 0.00205727 0.221583 0.00480298
490 0.46437 0.0020572 0.223857 0.0048205
491 0.464377 0.00205373 0.221583 0.00480298
492 0.465029 0.00205648 0.218775 0.00478105
493 0.465051 0.00206273 0.221717 0.00480402
494 0.465656 0.00206757 0.221316 0.00480091
495 0.466083 0.00207415 0.222118 0.00480712
496 0.466304 0.00207599 0.219577 0.00478735
497 0.466689 0.00207166 0.218508 0.00477894
498 0.467111 0.00207375 0.218374 0.00477789
499 0.467283 0.00207072 0.216769 0.00476519
500 0.467492 0.00206619 0.213159 0.00473621
501 0.468243 0.0020707 0.217304 0.00476943
502 0.468719 0.00207262 0.215432 0.00475452
503 0.468979 0.00207419 0.212891 0.00473405
504 0.469865 0.00207663 0.214763 0.00474916
505 0.469312 0.00206389 0.214095 0.00474378
506 0.470584 0.0020706 0.212089 0.00472752
507 0.471004 0.00207491 0.213961 0.0047427
508 0.471362 0.00207083 0.21249 0.00473079
509 0.471183 0.00207246 0.212757 0.00473296
510 0.471554 0.00207109 0.210885 0.00471769
511 0.471325 0.00207058 0.209281 0.00470448
512 0.471701 0.00207327 0.20781 0.00469228
513 0.47251 0.00207056 0.205804 0.00467549
514 0.472761 0.00207036 0.210484 0.0047144
515 0.473028 0.0020646 0.206606 0.00468222
516 0.47339 0.00206131 0.205937 0.00467661
517 0.473345 0.00206283 0.209548 0.00470669
518 0.474011 0.00206601 0.207141 0.0046867
519 0.473933 0.0020619 0.206205 0.00467886
520 0.473407 0.00206404 0.207408 0.00468893
521 0.473893 0.00206621 0.204734 0.00466646
522 0.474182 0.00206633 0.203798 0.00465852
523 0.474745 0.00206436 0.203932 0.00465965
524 0.47538 0.00206383 0.204199 0.00466193
525 0.475446 0.0020696 0.203397 0.0046551
526 0.475377 0.00206926 0.205135 0.00466985
527 0.475137 0.00208035 0.207141 0.0046867
528 0.475979 0.002081 0.207007 0.00468558
529 0.475691 0.0020841 0.207275 0.00468782
530 0.476114 0.00207824 0.204466 0.00466419
531 0.476297 0.00208472 0.204065 0.00466079
532 0.476335 0.00208216 0.206873 0.00468446
533 0.477288 0.0020765 0.203932 0.00465965
534 0.477563 0.00207635 0.203798 0.00465852
535 0.477929 0.00207196 0.200588 0.004631
536 0.478279 0.00207583 0.201391 0.00463792
537 0.47851 0.00207855 0.201391 0.00463792
538 0.478356 0.00208245 0.204466 0.00466419
539 0.478903 0.00208094 0.200455 0.00462984
540 0.47877 0.00207935 0.20099 0.00463446
541 0.479233 0.00208286 0.197379 0.00460301
542 0.478839 0.00208199 0.200187 0.00462752
543 0.478826 0.00208345 0.200053 0.00462636
544 0.479122 0.00207703 0.200588 0.004631
545 0.479052 0.00207663 0.203798 0.00465852
546 0.479327 0.00207596 0.202728 0.00464939
547 0.479445 0.00207765 0.201257 0.00463677
548 0.479913 0.00207423 0.202862 0.00465054
549 0.480009 0.00207187 0.203129 0.00465282
550 0.480722 0.00207703 0.202193 0.00464481
551 0.481044 0.00207359 0.200321 0.00462868
552 0.480895 0.00207369 0.199652 0.00462288
553 0.481395 0.00207717 0.200053 0.00462636
554 0.481018 0.0020751 0.199519 0.00462172
555 0.481614 0.00207121 0.198716 0.00461473
556 0.481623 0.00207947 0.197379 0.00460301
557 0.481924 0.00207533 0.195641 0.00458766
558 0.481787 0.00207349 0.194437 0.00457694
559 0.481719 0.00207422 0.197245 0.00460183
560 0.481894 0.00207605 0.19671 0.00459712
561 0.481884 0.00207456 0.195641 0.00458766
562 0.481982 0.00207075 0.196175 0.0045924
563 0.482021 0.00207166 0.194036 0.00457336
564 0.482301 0.00207239 0.192565 0.00456014
565 0.482333 0.00207393 0.195106 0.0045829
566 0.482595 0.00207122 0.192699 0.00456135
567 0.48266 0.00207005 0.196577 0.00459594
568 0.481749 0.00206929 0.196175 0.0045924
569 0.481905 0.0020759 0.196175 0.0045924
570 0.482743 0.00206602 0.195106 0.0045829
571 0.48301 0.00207148 0.195106 0.0045829
572 0.483261 0.00206494 0.197112 0.00460066
573 0.483279 0.00206671 0.195774 0.00458884
574 0.483712 0.00206798 0.19417 0.00457455
575 0.483902 0.0020642 0.194838 0.00458052
576 0.484646 0.00206258 0.194437 0.00457694
577 0.484846 0.00205973 0.189222 0.00452974
578 0.48528 0.00205894 0.189222 0.00452974
579 0.484512 0.00205524 0.189222 0.00452974
580 0.48467 0.00205911 0.192832 0.00456255
581 0.485201 0.00205653 0.188286 0.00452113
582 0.485528 0.00205875 0.186681 0.00450627
583 0.485933 0.00204945 0.186146 0.00450128
584 0.485968 0.00204851 0.187483 0.00451371
585 0.485881 0.00205025 0.184408 0.004485
586 0.485894 0.00205157 0.182535 0.00446729
587 0.486009 0.00204775 0.185879 0.00449879
588 0.486002 0.00204856 0.18521 0.00449253
589 0.486083 0.00205536 0.186815 0.00450751
590 0.486294 0.00205524 0.186948 0.00450875
591 0.486542 0.00205964 0.185344 0.00449379
592 0.487137 0.00206182 0.186012 0.00450004
593 0.48749 0.00205918 0.185477 0.00449504
594 0.488294 0.00205982 0.182535 0.00446729
595 0.488893 0.00205785 0.182001 0.0044622
596 0.488552 0.00206045 0.185344 0.00449379
597 0.488907 0.00206335 0.186547 0.00450502
598 0.488767 0.00206631 0.186012 0.00450004
599 0.489055 0.00206393 0.187216 0.00451123
600 0.489072 0.00207197 0.188152 0.00451989
601 0.489628 0.00207031 0.183873 0.00447996
602 0.48888 0.00207631 0.187617 0.00451495
603 0.48912 0.00207323 0.191228 0.00454805
604 0.488241 0.00207025 0.188821 0.00452605
605 0.488465 0.00207148 0.188419 0.00452236
606 0.488441 0.00207739 0.190292 0.00453952
607 0.488897 0.00207738 0.188687 0.00452482
608 0.48902 0.00207828 0.189355 0.00453096
609 0.488982 0.0020753 0.187216 0.00451123
610 0.488808 0.00207902 0.18521 0.00449253
611 0.489139 0.00207454 0.187216 0.00451123
612 0.488966 0.00207768 0.188553 0.00452359
613 0.489361 0.00206831 0.18628 0.00450253
614 0.489093 0.00206774 0.18307 0.00447237
615 0.488425 0.00206131 0.185745 0.00449754
616 0.489068 0.00206509 0.182937 0.0044711
617 0.489247 0.00206196 0.180262 0.00444556
618 0.489717 0.00206004 0.184006 0.00448122
619 0.49006 0.00206151 0.18307 0.00447237
620 0.490558 0.00205451 0.182001 0.0044622
621 0.490344 0.0020562 0.182937 0.0044711
622 0.490274 0.00206193 0.183873 0.00447996
623 0.490418 0.00206424 0.183338 0.0044749
624 0.490375 0.00205997 0.179593 0.00443911
625 0.490481 0.00206171 0.178524 0.00442876
626 0.490882 0.00206069 0.180396 0.00444684
627 0.490916 0.00205646 0.18053 0.00444813
628 0.491281 0.00205791 0.181599 0.00445837
629 0.491271 0.00206109 0.179593 0.00443911
630 0.491027 0.00206374 0.180128 0.00444427
631 0.491193 0.00206358 0.184006 0.00448122
632 0.491599 0.00206615 0.178657 0.00443005
633 0.491778 0.0020685 0.181064 0.00445326
634 0.491402 0.00207259 0.184942 0.00449003
635 0.490895 0.00207001 0.18307 0.00447237
636 0.490885 0.00207149 0.183605 0.00447743
637 0.490992 0.00207186 0.184675 0.00448751
638 0.491129 0.00207256 0.185076 0.00449128
639 0.491335 0.00207109 0.183739 0.00447869
640 0.491692 0.00207049 0.184274 0.00448374
641 0.49156 0.00206932 0.182402 0.00446602
642 0.491782 0.00207704 0.186012 0.00450004
643 0.491868 0.00207562 0.183739 0.00447869
644 0.491955 0.00207856 0.182268 0.00446475
645 0.491752 0.00208229 0.180931 0.00445198
646 0.49153 0.00208186 0.181733 0.00445965
647 0.491868 0.00207994 0.17946 0.00443782
648 0.492392 0.00207263 0.178791 0.00443135
649 0.492435 0.00207211 0.179326 0.00443653
650 0.491777 0.00206906 0.17732 0.00441703
651 0.492052 0.00207246 0.178122 0.00442486
652 0.49164 0.00207193 0.179059 0.00443394
653 0.491842 0.00207213 0.176919 0.00441311
654 0.492281 0.00207215 0.179326 0.00443653
655 0.492318 0.00206689 0.177588 0.00441965
656 0.492354 0.00206543 0.177588 0.00441965
657 0.492627 0.00207197 0.179861 0.00444169
658 0.492683 0.00207372 0.180262 0.00444556
659 0.492655 0.00206883 0.17946 0.00443782
660 0.49292 0.00206792 0.17839 0.00442746
661 0.49313 0.0020617 0.17946 0.00443782
662 0.493186 0.00206643 0.177989 0.00442356
663 0.493362 0.0020613 0.17732 0.00441703
664 0.493784 0.00205886 0.174913 0.00439337
665 0.493719 0.00206163 0.180128 0.00444427
666 0.494465 0.00206686 0.177454 0.00441834
667 0.494878 0.00206508 0.17371 0.00438142
668 0.494585 0.00205981 0.178791 0.00443135
669 0.495019 0.0020609 0.177454 0.00441834
670 0.494547 0.00206224 0.181064 0.00445326
671 0.494419 0.00205622 0.176785 0.0044118
672 0.494531 0.00206159 0.177989 0.00442356
673 0.494438 0.00206027 0.180128 0.00444427
674 0.494908 0.00206113 0.178791 0.00443135
675 0.49493 0.0020706 0.17839 0.00442746
676 0.495103 0.00206794 0.179861 0.00444169
677 0.494882 0.00206972 0.178256 0.00442616
678 0.495186 0.00207058 0.176652 0.00441049
679 0.49484 0.00207288 0.173977 0.00438408
680 0.494811 0.00206969 0.175448 0.00439865
681 0.494524 0.00207531 0.179192 0.00443524
682 0.494945 0.00207475 0.177855 0.00442225
683 0.494789 0.00207035 0.176652 0.00441049
684 0.494881 0.00207238 0.177588 0.00441965
685 0.494691 0.00206937 0.177989 0.00442356
686 0.494888 0.00207088 0.175715 0.00440129
687 0.495177 0.00206983 0.173977 0.00438408
688 0.495176 0.00206916 0.175314 0.00439733
689 0.495224 0.00207049 0.175448 0.00439865
690 0.494651 0.00207369 0.177989 0.00442356
691 0.495 0.00207771 0.178791 0.00443135
692 0.49592 0.00207422 0.175047 0.00439469
693 0.496088 0.00207463 0.177053 0.00441442
694 0.496831 0.00207864 0.173576 0.00438008
695 0.496436 0.00207428 0.176919 0.00441311
696 0.496834 0.0020756 0.17625 0.00440655
697 0.496839 0.00208002 0.176384 0.00440787
698 0.496789 0.00207442 0.17732 0.00441703
699 0.496858 0.00206737 0.177186 0.00441573
700 0.496607 0.00207054 0.175181 0.00439601
701 0.496268 0.00207286 0.175047 0.00439469
702 0.495967 0.00207237 0.177721 0.00442095
703 0.496304 0.00207511 0.177186 0.00441573
704 0.496048 0.00207619 0.176785 0.0044118
705 0.49659 0.00208079 0.176919 0.00441311
706 0.497116 0.00207235 0.172372 0.00436805
707 0.496592 0.00207498 0.174244 0.00438674
708 0.496372 0.00207098 0.174111 0.00438541
709 0.496607 0.00207078 0.172506 0.00436939
710 0.49601 0.0020707 0.174512 0.00438939
711 0.49576 0.00207316 0.174779 0.00439204
712 0.496275 0.00207267 0.175047 0.00439469
713 0.496049 0.00207784 0.174646 0.00439072
714 0.496018 0.00208022 0.175582 0.00439997
715 0.496425 0.00208055 0.175582 0.00439997
716 0.496548 0.00208544 0.179727 0.0044404
717 0.496539 0.00208671 0.176919 0.00441311
718 0.496374 0.00208991 0.17625 0.00440655
719 0.496514 0.0020917 0.176652 0.00441049
720 0.496265 0.00209602 0.174244 0.00438674
721 0.496051 0.00209162 0.175181 0.00439601
722 0.496301 0.00209089 0.175849 0.00440261
723 0.496518 0.00208904 0.175181 0.00439601
724 0.496532 0.0020923 0.175047 0.00439469
725 0.496797 0.00208953 0.173308 0.00437742
726 0.496764 0.00208768 0.172372 0.00436805
727 0.496317 0.00209115 0.172506 0.00436939
728 0.496227 0.00208736 0.17625 0.00440655
729 0.496388 0.00208643 0.174913 0.00439337
730 0.496163 0.00207744 0.173175 0.00437608
731 0.496207 0.00207562 0.173576 0.00438008
732 0.496364 0.00208217 0.172907 0.00437341
733 0.49584 0.0020766 0.171837 0.00436268
734 0.495774 0.00207851 0.173308 0.00437742
735 0.496077 0.0020823 0.175715 0.00440129
736 0.496545 0.00208474 0.172239 0.00436671
737 0.495668 0.00207859 0.172239 0.00436671
738 0.495725 0.00207095 0.172506 0.00436939
739 0.496259 0.0020686 0.173576 0.00438008
740 0.49656 0.00206918 0.173308 0.00437742
741 0.496434 0.0020701 0.173442 0.00437875
742 0.496333 0.00207473 0.176384 0.00440787
743 0.496641 0.00207597 0.173977 0.00438408
744 0.496802 0.00207165 0.172773 0.00437207
745 0.496786 0.00207339 0.17371 0.00438142
746 0.496492 0.00207379 0.17625 0.00440655
747 0.49701 0.0020695 0.177053 0.00441442
748 0.497321 0.00207239 0.171971 0.00436402
749 0.496701 0.00206551 0.173175 0.00437608
750 0.496949 0.00207021 0.170366 0.00434782
751 0.496207 0.00206983 0.175181 0.00439601
752 0.496124 0.0020724 0.175849 0.00440261
753 0.496281 0.00207126 0.176518 0.00440918
754 0.495965 0.00206922 0.171302 0.00435729
755 0.496095 0.00206918 0.174779 0.00439204
756 0.495976 0.00206649 0.175181 0.00439601
757 0.496245 0.00206612 0.174378 0.00438806
758 0.496013 0.00207006 0.174111 0.00438541
759 0.495941 0.00205885 0.170634 0.00435053
760 0.49649 0.00205846 0.169297 0.00433694
761 0.496388 0.00205505 0.1705 0.00434917
762 0.495591 0.00205686 0.175983 0.00440392
763 0.496114 0.00205798 0.174111 0.00438541
764 0.496724 0.0020604 0.173442 0.00437875
765 0.497217 0.00205987 0.171837 0.00436268
766 0.497277 0.00205984 0.169832 0.00434239
767 0.497077 0.00205882 0.170768 0.00435188
768 0.496753 0.00206007 0.16943 0.0043383
769 0.496895 0.00206128 0.170901 0.00435324
770 0.496778 0.00205924 0.1705 0.00434917
771 0.4961 0.00206252 0.170233 0.00434646
772 0.496439 0.002062 0.16943 0.0043383
773 0.496328 0.00206447 0.169965 0.00434375
774 0.495679 0.00206458 0.170366 0.00434782
775 0.495454 0.00206479 0.174646 0.00439072
776 0.495147 0.00206742 0.175582 0.00439997
777 0.495458 0.00206932 0.175849 0.00440261
778 0.495652 0.00206738 0.176117 0.00440524
779 0.495731 0.00207149 0.177186 0.00441573
780 0.495731 0.00207026 0.177454 0.00441834
781 0.495344 0.00206616 0.176919 0.00441311
782 0.495861 0.00206736 0.173442 0.00437875
783 0.495546 0.00206554 0.170366 0.00434782
784 0.496343 0.00206694 0.169698 0.00434103
785 0.496472 0.00206703 0.171704 0.00436133
786 0.496574 0.00206996 0.170366 0.00434782
787 0.496608 0.00207094 0.170233 0.00434646
788 0.496738 0.00206615 0.172105 0.00436536
789 0.496369 0.00207094 0.171035 0.00435459
790 0.496342 0.00207343 0.170099 0.00434511
791 0.496442 0.00208151 0.168227 0.004326
792 0.496952 0.00208485 0.169297 0.00433694
793 0.497387 0.00207383 0.168093 0.00432463
794 0.497007 0.00207562 0.168361 0.00432737
795 0.496678 0.00207179 0.167558 0.00431913
796 0.497266 0.00207466 0.168361 0.00432737
797 0.497248 0.00207995 0.170366 0.00434782
798 0.496705 0.00207979 0.16943 0.0043383
799 0.496553 0.0020828 0.169029 0.00433421
800 0.496316 0.00207084 0.170233 0.00434646
801 0.49642 0.00206494 0.172907 0.00437341
802 0.496681 0.00206837 0.173576 0.00438008
803 0.496095 0.00207066 0.172372 0.00436805
804 0.496226 0.0020688 0.170099 0.00434511
805 0.495838 0.002068 0.170901 0.00435324
806 0.495742 0.00206654 0.172907 0.00437341
807 0.496025 0.00206645 0.171035 0.00435459
808 0.495982 0.00205424 0.169297 0.00433694
809 0.495715 0.00205768 0.171704 0.00436133
810 0.496322 0.00206191 0.174512 0.00438939
811 0.495945 0.00205609 0.171302 0.00435729
812 0.49602 0.00205576 0.1705 0.00434917
813 0.495939 0.00205583 0.170634 0.00435053
814 0.495958 0.00205869 0.171971 0.00436402
815 0.496204 0.00205554 0.173041 0.00437474
816 0.495794 0.00205985 0.17371 0.00438142
817 0.49603 0.00206002 0.169965 0.00434375
818 0.496254 0.0020686 0.172372 0.00436805
819 0.495909 0.00206625 0.173576 0.00438008
820 0.495617 0.00206398 0.174512 0.00438939
821 0.49538 0.00206845 0.172907 0.00437341
822 0.495804 0.00206303 0.173576 0.00438008
823 0.495482 0.00206638 0.175314 0.00439733
824 0.495165 0.00207538 0.174913 0.00439337
825 0.495311 0.0020735 0.172239 0.00436671
826 0.495139 0.00207552 0.172506 0.00436939
827 0.495624 0.00207801 0.175582 0.00439997
828 0.496004 0.00207212 0.171169 0.00435594
829 0.496019 0.00207214 0.170768 0.00435188
830 0.496345 0.00206598 0.172907 0.00437341
831 0.49601 0.00207209 0.171971 0.00436402
832 0.496526 0.00208172 0.171704 0.00436133
833 0.496505 0.00208053 0.171302 0.00435729
834 0.496603 0.00207423 0.172773 0.00437207
835 0.496201 0.00207289 0.176518 0.00440918
836 0.496179 0.00206846 0.17371 0.00438142
837 0.496778 0.00206522 0.175582 0.00439997
838 0.49659 0.0020681 0.174111 0.00438541
839 0.497209 0.00207301 0.173843 0.00438275
840 0.497164 0.00207828 0.173576 0.00438008
841 0.497178 0.00207317 0.169832 0.00434239
842 0.497063 0.00207476 0.170366 0.00434782
843 0.497357 0.00207326 0.171971 0.00436402
844 0.49734 0.00207941 0.173576 0.00438008
845 0.497458 0.00207685 0.170901 0.00435324
846 0.497976 0.00207219 0.173041 0.00437474
847 0.497766 0.00207421 0.170634 0.00435053
848 0.498232 0.00207435 0.171169 0.00435594
849 0.497904 0.00207223 0.171436 0.00435864
850 0.497821 0.00207249 0.172105 0.00436536
851 0.497859 0.00206395 0.172105 0.00436536
852 0.498107 0.00206495 0.170233 0.00434646
853 0.497369 0.0020595 0.172239 0.00436671
854 0.497077 0.00205754 0.170901 0.00435324
855 0.497009 0.00206225 0.172105 0.00436536
856 0.496847 0.00206682 0.173977 0.00438408
857 0.496571 0.00206546 0.175047 0.00439469
858 0.496893 0.00205948 0.172105 0.00436536
859 0.496685 0.0020623 0.172105 0.00436536
860 0.496992 0.00206721 0.170768 0.00435188
861 0.4973 0.00206597 0.171436 0.00435864
862 0.497113 0.00206058 0.171035 0.00435459
863 0.49679 0.00205562 0.1705 0.00434917
864 0.49714 0.00206062 0.170634 0.00435053
865 0.497263 0.00206046 0.171035 0.00435459
866 0.497263 0.00205606 0.168762 0.00433148
867 0.497616 0.00205503 0.168895 0.00433284
868 0.497936 0.00205363 0.165686 0.00429976
869 0.498454 0.00205607 0.16689 0.00431223
870 0.497537 0.00205884 0.168895 0.00433284
871 0.497812 0.00205193 0.171302 0.00435729
872 0.497742 0.00205347 0.169029 0.00433421
873 0.49776 0.0020547 0.171971 0.00436402
874 0.497498 0.00206371 0.168361 0.00432737
875 0.496609 0.00206456 0.170768 0.00435188
876 0.496677 0.00206726 0.173843 0.00438275
877 0.49708 0.00206703 0.17157 0.00435998
878 0.496516 0.00206513 0.174378 0.00438806
879 0.496895 0.00207118 0.174244 0.00438674
880 0.497235 0.0020802 0.174512 0.00438939
881 0.496357 0.00208071 0.173442 0.00437875
882 0.497242 0.00208372 0.173308 0.00437742
883 0.497705 0.00208287 0.172105 0.00436536
884 0.496709 0.00208791 0.174378 0.00438806
885 0.496612 0.00208884 0.175181 0.00439601
886 0.496097 0.00208344 0.173308 0.00437742
887 0.49624 0.00208567 0.176518 0.00440918
888 0.497163 0.00208486 0.173576 0.00438008
889 0.497294 0.00207392 0.169698 0.00434103
890 0.497385 0.00207684 0.168227 0.004326
891 0.497101 0.00207374 0.168227 0.004326
892 0.497041 0.00207411 0.170366 0.00434782
893 0.497853 0.00206904 0.168628 0.00433011
894 0.497939 0.00206563 0.168762 0.00433148
895 0.49748 0.00206939 0.169163 0.00433558
896 0.497279 0.00207095 0.16582 0.00430115
897 0.497431 0.00207256 0.166622 0.00430947
898 0.497865 0.00207132 0.165953 0.00430254
899 0.498382 0.00206728 0.167023 0.00431361
900 0.498303 0.00206883 0.169029 0.00433421
901 0.498359 0.0020704 0.16943 0.0043383
902 0.49864 0.00206309 0.169564 0.00433967
903 0.498427 0.00206102 0.167959 0.00432325
904 0.498177 0.00205603 0.169029 0.00433421
905 0.498088 0.00205096 0.165686 0.00429976
906 0.497976 0.00205002 0.166355 0.0043067
907 0.497854 0.00204841 0.167826 0.00432188
908 0.498227 0.00204917 0.162075 0.00426184
909 0.497877 0.00204701 0.164081 0.004283
910 0.497774 0.0020493 0.16475 0.00429
911 0.497748 0.00204515 0.163279 0.00427456
912 0.497775 0.00204276 0.16261 0.00426751
913 0.498187 0.00204298 0.166087 0.00430393
914 0.498716 0.00204217 0.16261 0.00426751
915 0.499506 0.00203973 0.162878 0.00427033
916 0.499259 0.00204079 0.161273 0.00425331
917 0.499074 0.00204759 0.162209 0.00426326
918 0.498929 0.00204753 0.160471 0.00424475
919 0.499057 0.00204884 0.165552 0.00429837
920 0.499168 0.00205175 0.164349 0.0042858
921 0.499215 0.00205217 0.164081 0.004283
922 0.499211 0.00205263 0.164616 0.0042886
923 0.499206 0.00205331 0.162878 0.00427033
924 0.499411 0.00206427 0.165285 0.00429558
925 0.499376 0.00205814 0.16475 0.00429
926 0.499193 0.00206113 0.161942 0.00426042
927 0.499212 0.00205234 0.163546 0.00427738
928 0.499114 0.00205318 0.165285 0.00429558
929 0.498872 0.00205946 0.166355 0.0043067
930 0.49915 0.00205997 0.16582 0.00430115
931 0.499158 0.00205927 0.167157 0.00431499
932 0.49945 0.00206074 0.166756 0.00431085
933 0.499988 0.00206321 0.165285 0.00429558
934 0.499531 0.00206626 0.168227 0.004326
935 0.498962 0.00206312 0.166355 0.0043067
936 0.49912 0.00206363 0.165151 0.00429419
937 0.498826 0.00206791 0.164616 0.0042886
938 0.49873 0.00206675 0.16368 0.00427879
939 0.498947 0.00205859 0.160738 0.00424761
940 0.498828 0.00206362 0.162477 0.00426609
941 0.499317 0.00206239 0.164482 0.0042872
942 0.499725 0.00206514 0.164081 0.004283
943 0.499337 0.00206139 0.164482 0.0042872
944 0.499063 0.00206013 0.163413 0.00427597
945 0.498848 0.00206459 0.162878 0.00427033
946 0.498661 0.00206328 0.16582 0.00430115
947 0.499198 0.00206078 0.168227 0.004326
948 0.498944 0.00205659 0.165552 0.00429837
949 0.49893 0.00206274 0.169564 0.00433967
950 0.498917 0.0020572 0.164884 0.0042914
951 0.49845 0.00207099 0.166622 0.00430947
952 0.498433 0.00207101 0.169564 0.00433967
953 0.498019 0.00206961 0.168494 0.00432874
954 0.498172 0.00206505 0.16943 0.0043383
955 0.498622 0.00207118 0.169029 0.00433421
956 0.49856 0.00206725 0.166756 0.00431085
957 0.49894 0.0020669 0.169297 0.00433694
958 0.498605 0.00207065 0.168361 0.00432737
959 0.498816 0.00206691 0.16475 0.00429
960 0.49834 0.00206693 0.168895 0.00433284
961 0.498154 0.00206766 0.167291 0.00431637
962 0.497975 0.00206787 0.168227 0.004326
963 0.498027 0.00206421 0.168895 0.00433284
964 0.498082 0.00206203 0.169564 0.00433967
965 0.498214 0.00205613 0.168762 0.00433148
966 0.498415 0.00205936 0.167692 0.0043205
967 0.498049 0.00205616 0.167157 0.00431499
968 0.498602 0.00205482 0.166756 0.00431085
969 0.498737 0.00205806 0.168093 0.00432463
970 0.498531 0.00205972 0.168361 0.00432737
971 0.498249 0.00206345 0.168762 0.00433148
972 0.498552 0.0020619 0.168628 0.00433011
973 0.498696 0.00205845 0.165953 0.00430254
974 0.498495 0.00206152 0.164884 0.0042914
975 0.497654 0.00205561 0.167558 0.00431913
976 0.497416 0.00205939 0.169297 0.00433694
977 0.497441 0.00205406 0.167558 0.00431913
978 0.497861 0.00205116 0.166622 0.00430947
979 0.497435 0.00205339 0.170901 0.00435324
980 0.496961 0.00205681 0.168895 0.00433284
981 0.496635 0.00206086 0.169029 0.00433421
982 0.496934 0.00206009 0.170634 0.00435053
983 0.497124 0.00205677 0.1705 0.00434917
984 0.496478 0.00206381 0.174512 0.00438939
985 0.497019 0.00207296 0.1705 0.00434917
986 0.496898 0.00208153 0.17264 0.00437073
987 0.496508 0.00208062 0.174779 0.00439204
988 0.496369 0.00208599 0.173175 0.00437608
989 0.496195 0.00207541 0.173576 0.00438008
990 0.49617 0.00207711 0.174646 0.00439072
991 0.496194 0.00207501 0.175181 0.00439601
992 0.496386 0.00207102 0.173843 0.00438275
993 0.496936 0.00207318 0.175849 0.00440261
994 0.496512 0.00207842 0.175047 0.00439469
995 0.49683 0.00208622 0.173576 0.00438008
996 0.496414 0.0020869 0.174378 0.00438806
997 0.496709 0.00208037 0.171302 0.00435729
998 0.496681 0.00207727 0.171704 0.00436133
999 0.496327 0.00207266 0.172372 0.00436805
1000 0.495929 0.00207757 0.171837 0.00436268
1001 0.495905 0.00207911 0.172239 0.00436671
1002 0.496084 0.00208184 0.17625 0.00440655
1003 0.49643 0.00208693 0.176652 0.00441049
1004 0.496511 0.00208734 0.176652 0.00441049
1005 0.49636 0.0020857 0.175715 0.00440129
1006 0.496723 0.00208382 0.175448 0.00439865
1007 0.496736 0.0020856 0.17371 0.00438142
1008 0.496173 0.0020864 0.175181 0.00439601
1009 0.496248 0.00208043 0.177186 0.00441573
1010 0.495519 0.00207756 0.177588 0.00441965
1011 0.495985 0.00207624 0.176919 0.00441311
1012 0.495537 0.00207925 0.177186 0.00441573
1013 0.495473 0.00207849 0.176919 0.00441311
1014 0.495725 0.00207461 0.175849 0.00440261
1015 0.495266 0.00208075 0.175047 0.00439469
1016 0.495038 0.0020742 0.175983 0.00440392
1017 0.494817 0.00207993 0.174378 0.00438806
1018 0.494761 0.00207706 0.175715 0.00440129
1019 0.495686 0.00207508 0.176384 0.00440787
1020 0.495413 0.00208164 0.177053 0.00441442
1021 0.495096 0.00208737 0.177588 0.00441965
1022 0.495545 0.0020851 0.177989 0.00442356
1023 0.495753 0.00208865 0.179995 0.00444298
1024 0.495997 0.00209107 0.176652 0.00441049
1025 0.495505 0.00209118 0.176919 0.00441311
1026 0.494987 0.00209111 0.176518 0.00440918
1027 0.49508 0.0020921 0.177989 0.00442356
1028 0.495063 0.00208935 0.175983 0.00440392
1029 0.494686 0.00208807 0.176518 0.00440918
1030 0.495105 0.00209098 0.175314 0.00439733
1031 0.495027 0.00208621 0.176384 0.00440787
1032 0.495563 0.0020834 0.179326 0.00443653
1033 0.495261 0.00208245 0.176785 0.0044118
1034 0.495452 0.00208649 0.177855 0.00442225
1035 0.495338 0.00208486 0.179326 0.00443653
1036 0.495629 0.00208048 0.177186 0.00441573
1037 0.495592 0.00207191 0.179192 0.00443524
1038 0.494969 0.00207605 0.17625 0.00440655
1039 0.495329 0.00208233 0.175582 0.00439997
1040 0.495644 0.00207584 0.174111 0.00438541
1041 0.495628 0.00207684 0.174646 0.00439072
1042 0.496022 0.00207881 0.174244 0.00438674
1043 0.496274 0.0020784 0.174111 0.00438541
1044 0.496435 0.00208121 0.17371 0.00438142
1045 0.495739 0.00208464 0.174111 0.00438541
1046 0.495791 0.00208497 0.176117 0.00440524
1047 0.496422 0.00207994 0.177855 0.00442225
1048 0.49644 0.00208689 0.17732 0.00441703
1049 0.496697 0.00209394 0.179861 0.00444169
1050 0.496579 0.00210199 0.179593 0.00443911
1051 0.496893 0.00210733 0.177588 0.00441965
1052 0.496672 0.00210353 0.177588 0.00441965
1053 0.496598 0.00210557 0.17732 0.00441703
1054 0.496571 0.00210319 0.173308 0.00437742
1055 0.497252 0.00209912 0.174111 0.00438541
1056 0.497047 0.00209582 0.171971 0.00436402
1057 0.496701 0.00209559 0.175715 0.00440129
1058 0.497134 0.00209407 0.174111 0.00438541
1059 0.497337 0.00208963 0.173308 0.00437742
1060 0.497428 0.00208865 0.174111 0.00438541
1061 0.497201 0.00208493 0.171302 0.00435729
1062 0.496873 0.00208644 0.174244 0.00438674
1063 0.496786 0.00208601 0.173843 0.00438275
1064 0.497041 0.00208874 0.173308 0.00437742
1065 0.497117 0.00208449 0.171035 0.00435459
1066 0.497488 0.00208953 0.170634 0.00435053
1067 0.497379 0.00209102 0.172773 0.00437207
1068 0.498103 0.00208791 0.168762 0.00433148
1069 0.497708 0.00208408 0.174111 0.00438541
1070 0.498046 0.00208427 0.169965 0.00434375
1071 0.4979 0.0020899 0.172907 0.00437341
1072 0.498209 0.0020939 0.173442 0.00437875
1073 0.498439 0.00209632 0.174378 0.00438806
1074 0.498876 0.00209563 0.173977 0.00438408
1075 0.499529 0.00209464 0.172506 0.00436939
1076 0.499184 0.00209182 0.172239 0.00436671
1077 0.499301 0.00209364 0.169965 0.00434375
1078 0.498841 0.00208872 0.169965 0.00434375
1079 0.499138 0.00208274 0.175849 0.00440261
1080 0.499601 0.00208398 0.170634 0.00435053
1081 0.49934 0.00208834 0.171436 0.00435864
1082 0.499007 0.00208707 0.16943 0.0043383
1083 0.498686 0.00208447 0.171035 0.00435459
1084 0.498624 0.00208078 0.168494 0.00432874
1085 0.498847 0.00208264 0.170233 0.00434646
1086 0.498356 0.00209582 0.171169 0.00435594
1087 0.498358 0.00209176 0.171035 0.00435459
1088 0.498735 0.00209133 0.172372 0.00436805
1089 0.49904 0.0020939 0.173175 0.00437608
1090 0.498975 0.00209303 0.171035 0.00435459
1091 0.498352 0.00209519 0.172239 0.00436671
1092 0.498188 0.00209629 0.173576 0.00438008
1093 0.498558 0.00210143 0.175047 0.00439469
1094 0.497804 0.00211002 0.177053 0.00441442
1095 0.497963 0.00210141 0.173977 0.00438408
1096 0.497604 0.00209266 0.171436 0.00435864
1097 0.497419 0.00209701 0.173308 0.00437742
1098 0.497127 0.0020946 0.174512 0.00438939
1099 0.497292 0.00210436 0.176384 0.00440787
1100 0.497173 0.00209469 0.174111 0.00438541
1101 0.497478 0.00209334 0.17625 0.00440655
1102 0.497205 0.00209107 0.176117 0.00440524
1103 0.497503 0.00209419 0.17264 0.00437073
1104 0.497654 0.00209954 0.173175 0.00437608
1105 0.498014 0.00209543 0.176518 0.00440918
1106 0.498069 0.00209737 0.177053 0.00441442
1107 0.498273 0.00209119 0.175715 0.00440129
1108 0.498263 0.00209591 0.17371 0.00438142
1109 0.49817 0.00209441 0.175047 0.00439469
1110 0.497838 0.00208566 0.172506 0.00436939
1111 0.49835 0.00208592 0.171169 0.00435594
1112 0.497943 0.0020885 0.171837 0.00436268
1113 0.497873 0.00208822 0.176652 0.00441049
1114 0.497778 0.00208322 0.17839 0.00442746
1115 0.496697 0.00208589 0.178791 0.00443135
1116 0.496775 0.00208463 0.17946 0.00443782
1117 0.49651 0.00208994 0.182402 0.00446602
1118 0.496831 0.00208417 0.179326 0.00443653
1119 0.496605 0.00208291 0.180931 0.00445198
1120 0.496981 0.00207945 0.179059 0.00443394
1121 0.496583 0.00207966 0.179059 0.00443394
1122 0.496429 0.00208266 0.174378 0.00438806
1123 0.496415 0.0020783 0.177053 0.00441442
1124 0.497492 0.00208524 0.171035 0.00435459
1125 0.497011 0.00208668 0.177721 0.00442095
1126 0.496751 0.00208646 0.175715 0.00440129
1127 0.49645 0.00208719 0.174111 0.00438541
1128 0.496606 0.00208792 0.176919 0.00441311
1129 0.495819 0.00209191 0.174111 0.00438541
1130 0.495925 0.00209925 0.17625 0.00440655
1131 0.495284 0.00209612 0.176785 0.0044118
1132 0.495914 0.00209581 0.171035 0.00435459
1133 0.496679 0.0020906 0.170366 0.00434782
1134 0.496304 0.00209293 0.173308 0.00437742
1135 0.495582 0.00209567 0.175181 0.00439601
1136 0.495557 0.00210407 0.176384 0.00440787
1137 0.495532 0.00210484 0.178256 0.00442616
1138 0.495037 0.00210849 0.182001 0.0044622
1139 0.494939 0.00210518 0.181064 0.00445326
1140 0.495349 0.00210843 0.178524 0.00442876
1141 0.495291 0.00211482 0.179192 0.00443524
1142 0.49591 0.00210997 0.177989 0.00442356
1143 0.49552 0.00210759 0.175715 0.00440129
1144 0.495819 0.00210903 0.177454 0.00441834
1145 0.495944 0.00210685 0.177588 0.00441965
1146 0.496188 0.00210604 0.175715 0.00440129
1147 0.496575 0.00210209 0.176117 0.00440524
1148 0.496881 0.00210217 0.175983 0.00440392
1149 0.496685 0.00210443 0.175181 0.00439601
1150 0.497047 0.00210295 0.175314 0.00439733
1151 0.497264 0.00210632 0.177186 0.00441573
1152 0.497485 0.00210797 0.175448 0.00439865
1153 0.497893 0.00210858 0.173977 0.00438408
1154 0.497594 0.0021096 0.175047 0.00439469
1155 0.49774 0.00210482 0.171837 0.00436268
1156 0.497655 0.00210489 0.172773 0.00437207
1157 0.497842 0.00210306 0.172907 0.00437341
1158 0.497602 0.00210741 0.173041 0.00437474
1159 0.497422 0.00210564 0.171302 0.00435729
1160 0.497423 0.0021059 0.171837 0.00436268
1161 0.49739 0.00210237 0.171704 0.00436133
1162 0.496753 0.00209819 0.174646 0.00439072
1163 0.496093 0.00209096 0.173175 0.00437608
1164 0.496191 0.00209035 0.173442 0.00437875
1165 0.496521 0.00209144 0.175047 0.00439469
1166 0.496631 0.00209276 0.174111 0.00438541
1167 0.496792 0.00209787 0.175314 0.00439733
1168 0.497183 0.00208852 0.17371 0.00438142
1169 0.49711 0.00208633 0.17264 0.00437073
1170 0.496666 0.00207975 0.174913 0.00439337
1171 0.497015 0.00207761 0.17264 0.00437073
1172 0.497257 0.00207548 0.172372 0.00436805
1173 0.497618 0.00207809 0.174512 0.00438939
1174 0.497126 0.00207932 0.173442 0.00437875
1175 0.497156 0.00207659 0.171704 0.00436133
1176 0.497042 0.00207561 0.171436 0.00435864
1177 0.496931 0.0020741 0.173977 0.00438408
1178 0.497123 0.00207353 0.174512 0.00438939
1179 0.496692 0.00207826 0.172907 0.00437341
1180 0.496444 0.0020857 0.173977 0.00438408
1181 0.496092 0.00209078 0.176919 0.00441311
1182 0.49673 0.00208759 0.178122 0.00442486
1183 0.496447 0.00208946 0.173041 0.00437474
1184 0.496272 0.00209337 0.177989 0.00442356
1185 0.496166 0.00208655 0.173843 0.00438275
1186 0.495714 0.00209177 0.175448 0.00439865
1187 0.496042 0.00208139 0.1705 0.00434917
1188 0.495983 0.00208586 0.171837 0.00436268
1189 0.495739 0.00209133 0.175849 0.00440261
1190 0.495566 0.00209203 0.175849 0.00440261
1191 0.495719 0.00208807 0.176785 0.0044118
1192 0.495814 0.00208582 0.176652 0.00441049
1193 0.49579 0.00208816 0.175582 0.00439997
1194 0.495843 0.00209336 0.178791 0.00443135
1195 0.496166 0.00209222 0.177454 0.00441834
1196 0.495607 0.00209399 0.182535 0.00446729
1197 0.495598 0.00209995 0.183605 0.00447743
1198 0.495912 0.00210502 0.179727 0.0044404
1199 0.49577 0.00210684 0.18307 0.00447237
1200 0.495752 0.00210295 0.182535 0.00446729
1201 0.495871 0.00209554 0.183605 0.00447743
1202 0.496292 0.00209996 0.18307 0.00447237
1203 0.496608 0.00209767 0.180663 0.00444941
1204 0.496641 0.00209513 0.180931 0.00445198
1205 0.496527 0.00210337 0.182803 0.00446983
1206 0.496279 0.00210856 0.183605 0.00447743
1207 0.496053 0.00210535 0.183605 0.00447743
1208 0.495982 0.00210618 0.181064 0.00445326
1209 0.496213 0.00210276 0.180128 0.00444427
1210 0.496405 0.00209196 0.178657 0.00443005
1211 0.496263 0.00209788 0.177721 0.00442095
1212 0.495872 0.00209293 0.183204 0.00447364
1213 0.495748 0.0020927 0.181332 0.00445582
1214 0.49589 0.00208878 0.179995 0.00444298
1215 0.49574 0.00208767 0.182937 0.0044711
1216 0.495859 0.00208281 0.179593 0.00443911
1217 0.495237 0.00208326 0.182268 0.00446475
1218 0.494916 0.0020835 0.181599 0.00445837
1219 0.495004 0.00208871 0.183204 0.00447364
1220 0.494931 0.00208371 0.180128 0.00444427
1221 0.49535 0.00208731 0.180128 0.00444427
1222 0.495116 0.00208915 0.179593 0.00443911
1223 0.495869 0.0020871 0.176117 0.00440524
1224 0.495674 0.00207939 0.176785 0.0044118
1225 0.495486 0.00207521 0.178657 0.00443005
1226 0.495608 0.00208164 0.179059 0.00443394
1227 0.495164 0.00208311 0.178925 0.00443265
1228 0.495212 0.00208591 0.181332 0.00445582
1229 0.494792 0.00208695 0.180396 0.00444684
1230 0.494535 0.00208417 0.182134 0.00446348
1231 0.494657 0.00208437 0.180663 0.00444941
1232 0.494578 0.00207928 0.184274 0.00448374
1233 0.49415 0.0020834 0.182803 0.00446983
1234 0.493959 0.00208825 0.185344 0.00449379
1235 0.493972 0.00209115 0.183739 0.00447869
1236 0.494422 0.00209988 0.186012 0.00450004
1237 0.494401 0.00210404 0.187082 0.00450999
1238 0.494691 0.00210429 0.186815 0.00450751
1239 0.495061 0.00210107 0.180797 0.00445069
1240 0.494768 0.0021006 0.180396 0.00444684
1241 0.494531 0.00209644 0.182268 0.00446475
1242 0.494824 0.00209112 0.180663 0.00444941
1243 0.494953 0.0020927 0.177454 0.00441834
1244 0.495024 0.00208813 0.176785 0.0044118
1245 0.495386 0.00208709 0.180797 0.00445069
1246 0.495592 0.00208756 0.179059 0.00443394
1247 0.495473 0.00208716 0.17732 0.00441703
1248 0.494772 0.00208784 0.177989 0.00442356
1249 0.494678 0.00208323 0.176919 0.00441311
1250 0.495043 0.00208539 0.178791 0.00443135
1251 0.494411 0.00207859 0.177053 0.00441442
1252 0.494448 0.00207255 0.176117 0.00440524
1253 0.49454 0.00207445 0.174244 0.00438674
1254 0.494482 0.00207182 0.176384 0.00440787
1255 0.494349 0.00207219 0.174111 0.00438541
1256 0.494298 0.00207519 0.174111 0.00438541
1257 0.494542 0.00207577 0.173308 0.00437742
1258 0.493735 0.00207957 0.172907 0.00437341
1259 0.494056 0.00208312 0.173041 0.00437474
1260 0.494019 0.00208871 0.174512 0.00438939
1261 0.494641 0.00208518 0.172239 0.00436671
1262 0.494285 0.00207817 0.17371 0.00438142
1263 0.494674 0.00207326 0.171971 0.00436402
1264 0.495382 0.00207769 0.171837 0.00436268
1265 0.49556 0.00207942 0.171035 0.00435459
1266 0.49493 0.00208521 0.173308 0.00437742
1267 0.49523 0.00208158 0.175047 0.00439469
1268 0.495319 0.00207899 0.175983 0.00440392
1269 0.495379 0.00207622 0.174111 0.00438541
1270 0.495684 0.00207652 0.175849 0.00440261
1271 0.495281 0.00208202 0.173308 0.00437742
1272 0.495395 0.00208009 0.176518 0.00440918
1273 0.495107 0.00208815 0.177721 0.00442095
1274 0.494983 0.00208729 0.17625 0.00440655
1275 0.494624 0.00208342 0.174244 0.00438674
1276 0.494568 0.00208402 0.173442 0.00437875
1277 0.494267 0.00208883 0.175715 0.00440129
1278 0.49474 0.00208183 0.172773 0.00437207
1279 0.495377 0.00207405 0.173308 0.00437742
1280 0.495507 0.00207179 0.174913 0.00439337
1281 0.495647 0.00206938 0.173041 0.00437474
1282 0.495789 0.00207261 0.173576 0.00438008
1283 0.49595 0.00207052 0.171971 0.00436402
1284 0.495791 0.00206955 0.176919 0.00441311
1285 0.495587 0.00207249 0.173308 0.00437742
1286 0.49572 0.00207302 0.175047 0.00439469
1287 0.495777 0.00207451 0.173843 0.00438275
1288 0.495425 0.00207691 0.176919 0.00441311
1289 0.49624 0.00208221 0.178256 0.00442616
1290 0.496295 0.002081 0.178657 0.00443005
1291 0.496953 0.00207549 0.175582 0.00439997
1292 0.497079 0.00207392 0.176117 0.00440524
1293 0.497027 0.002079 0.175047 0.00439469
1294 0.496882 0.0020718 0.174244 0.00438674
1295 0.497772 0.00208157 0.171704 0.00436133
1296 0.497508 0.00207645 0.175983 0.00440392
1297 0.497435 0.00207873 0.176384 0.00440787
1298 0.497478 0.00208012 0.175983 0.00440392
1299 0.497534 0.00208952 0.174779 0.00439204
1300 0.497917 0.00208647 0.176518 0.00440918
1301 0.497576 0.00207928 0.174512 0.00438939
1302 0.497879 0.00207767 0.172907 0.00437341
1303 0.498008 0.00207262 0.172907 0.00437341
1304 0.497894 0.00207791 0.174244 0.00438674
1305 0.497493 0.00207656 0.173442 0.00437875
1306 0.4978 0.00207006 0.1705 0.00434917
1307 0.497811 0.0020827 0.173175 0.00437608
1308 0.4975 0.00208617 0.174111 0.00438541
1309 0.497651 0.00208706 0.171035 0.00435459
1310 0.497562 0.00208473 0.171436 0.00435864
1311 0.497936 0.00208836 0.170634 0.00435053
1312 0.49804 0.00209308 0.173041 0.00437474
1313 0.497672 0.00209026 0.173843 0.00438275
1314 0.497787 0.00208657 0.17371 0.00438142
1315 0.497533 0.00208782 0.176652 0.00441049
1316 0.498119 0.00209616 0.174244 0.00438674
1317 0.49729 0.00209372 0.174646 0.00439072
1318 0.497209 0.00209475 0.177855 0.00442225
1319 0.49735 0.00210224 0.175448 0.00439865
1320 0.497392 0.0020997 0.178524 0.00442876
1321 0.497008 0.00209756 0.181064 0.00445326
1322 0.496963 0.00209674 0.178791 0.00443135
1323 0.497188 0.00210344 0.177588 0.00441965
1324 0.496688 0.00209731 0.176117 0.00440524
1325 0.496345 0.00210076 0.175715 0.00440129
1326 0.49647 0.00210016 0.176117 0.00440524
1327 0.496598 0.0020986 0.176919 0.00441311
1328 0.496495 0.00209972 0.177989 0.00442356
1329 0.496382 0.00209978 0.177053 0.00441442
1330 0.495819 0.0020966 0.177989 0.00442356
1331 0.495662 0.00209817 0.178256 0.00442616
1332 0.495122 0.00210163 0.179995 0.00444298
1333 0.495492 0.0021059 0.177454 0.00441834
1334 0.495435 0.00210494 0.181466 0.0044571
1335 0.495652 0.00210765 0.178657 0.00443005
1336 0.495796 0.00211058 0.178657 0.00443005
1337 0.495696 0.00211307 0.179593 0.00443911
1338 0.495646 0.00211117 0.177053 0.00441442
1339 0.495531 0.00210981 0.179727 0.0044404
1340 0.495024 0.00211705 0.18053 0.00444813
1341 0.495857 0.00211769 0.182001 0.0044622
1342 0.495848 0.00211897 0.180931 0.00445198
1343 0.495983 0.00211954 0.175983 0.00440392
1344 0.496287 0.0021166 0.176785 0.0044118
1345 0.496172 0.00211672 0.176384 0.00440787
1346 0.496342 0.00211206 0.17732 0.00441703
1347 0.495961 0.00211165 0.175448 0.00439865
1348 0.496198 0.00210577 0.177454 0.00441834
1349 0.496277 0.00210838 0.176785 0.0044118
1350 0.496874 0.00210607 0.173576 0.00438008
1351 0.496648 0.00210348 0.174512 0.00438939
1352 0.496779 0.0021014 0.174779 0.00439204
1353 0.497451 0.00210076 0.175582 0.00439997
1354 0.497626 0.00210635 0.17264 0.00437073
1355 0.49765 0.00211032 0.171837 0.00436268
1356 0.497415 0.00210952 0.176518 0.00440918
1357 0.497643 0.00210335 0.176652 0.00441049
1358 0.497377 0.00209752 0.175047 0.00439469
1359 0.497817 0.00209601 0.178657 0.00443005
1360 0.496825 0.0020973 0.179727 0.0044404
1361 0.496671 0.00209235 0.178524 0.00442876
1362 0.496546 0.00209842 0.177454 0.00441834
1363 0.496633 0.00209379 0.175849 0.00440261
1364 0.496994 0.00208822 0.175715 0.00440129
1365 0.497263 0.00209237 0.175849 0.00440261
1366 0.496978 0.00208948 0.174779 0.00439204
1367 0.497064 0.00209038 0.170099 0.00434511
1368 0.497482 0.00208425 0.173175 0.00437608
1369 0.497744 0.00208443 0.175047 0.00439469
1370 0.497515 0.0020826 0.176384 0.00440787
1371 0.497707 0.00208748 0.173977 0.00438408
1372 0.497629 0.00209003 0.177588 0.00441965
1373 0.498024 0.00208842 0.175314 0.00439733
1374 0.497369 0.00208936 0.175314 0.00439733
1375 0.497426 0.00208935 0.175181 0.00439601
1376 0.497617 0.00208394 0.175314 0.00439733
1377 0.497491 0.00208676 0.178791 0.00443135
1378 0.497596 0.00208438 0.176384 0.00440787
1379 0.497606 0.00208227 0.174378 0.00438806
1380 0.498609 0.00208242 0.173576 0.00438008
1381 0.498645 0.00207834 0.17264 0.00437073
1382 0.498513 0.00207925 0.172773 0.00437207
1383 0.49837 0.00207851 0.174512 0.00438939
1384 0.498214 0.00208243 0.173442 0.00437875
1385 0.498353 0.00207854 0.17371 0.00438142
1386 0.498767 0.00208268 0.17157 0.00435998
1387 0.498171 0.0020848 0.175582 0.00439997
1388 0.497896 0.00209086 0.174913 0.00439337
1389 0.497822 0.00209532 0.175582 0.00439997
1390 0.497585 0.00208946 0.178657 0.00443005
1391 0.49745 0.00208803 0.177454 0.00441834
1392 0.497144 0.00209738 0.179995 0.00444298
1393 0.497527 0.00209237 0.179995 0.00444298
1394 0.497874 0.0020978 0.177588 0.00441965
1395 0.497708 0.00209417 0.17839 0.00442746
1396 0.497851 0.00209842 0.179593 0.00443911
1397 0.497935 0.00209243 0.179059 0.00443394
1398 0.498176 0.00208758 0.175448 0.00439865
1399 0.497815 0.00208262 0.17625 0.00440655
1400 0.497903 0.00208257 0.173843 0.00438275
1401 0.497944 0.00208384 0.173977 0.00438408
1402 0.498127 0.00208443 0.174913 0.00439337
1403 0.49815 0.00208042 0.173308 0.00437742
1404 0.498182 0.00208522 0.171704 0.00436133
1405 0.497814 0.00208657 0.174512 0.00438939
1406 0.497518 0.00208315 0.171035 0.00435459
1407 0.4979 0.00208557 0.172506 0.00436939
1408 0.497908 0.00209096 0.176518 0.00440918
1409 0.498053 0.00208475 0.175715 0.00440129
1410 0.498338 0.00208761 0.174646 0.00439072
1411 0.49788 0.00208458 0.176117 0.00440524
1412 0.497627 0.00208584 0.177989 0.00442356
1413 0.497232 0.00208663 0.175448 0.00439865
1414 0.496994 0.00208609 0.175849 0.00440261
1415 0.496845 0.00208195 0.177721 0.00442095
1416 0.496339 0.0020872 0.174646 0.00439072
1417 0.496362 0.0020913 0.174378 0.00438806
1418 0.495759 0.00208921 0.175314 0.00439733
1419 0.496365 0.00208326 0.17839 0.00442746
1420 0.496627 0.00207583 0.177186 0.00441573
1421 0.496824 0.00207159 0.174779 0.00439204
1422 0.496485 0.00207558 0.175582 0.00439997
1423 0.497325 0.00207144 0.173308 0.00437742
1424 0.497378 0.0020782 0.173576 0.00438008
1425 0.497023 0.00207112 0.173175 0.00437608
1426 0.496601 0.00207558 0.177454 0.00441834
1427 0.496898 0.00207495 0.176384 0.00440787
1428 0.496987 0.00207703 0.175047 0.00439469
1429 0.496799 0.00207645 0.177588 0.00441965
1430 0.497281 0.0020779 0.174779 0.00439204
1431 0.497134 0.00207719 0.173175 0.00437608
1432 0.496981 0.00208189 0.173576 0.00438008
1433 0.496779 0.00208501 0.176518 0.00440918
1434 0.497247 0.00208852 0.176518 0.00440918
1435 0.497753 0.00209466 0.175582 0.00439997
1436 0.497656 0.00209866 0.17839 0.00442746
1437 0.497407 0.00209064 0.175849 0.00440261
1438 0.497456 0.00208855 0.178657 0.00443005
1439 0.497381 0.00208683 0.173308 0.00437742
1440 0.497035 0.00209279 0.175715 0.00440129
1441 0.496449 0.00209008 0.175448 0.00439865
1442 0.496371 0.0020966 0.17625 0.00440655
1443 0.496282 0.00209275 0.177721 0.00442095
1444 0.496523 0.00208955 0.175983 0.00440392
1445 0.496483 0.00208913 0.177989 0.00442356
1446 0.496915 0.00208977 0.178791 0.00443135
1447 0.497465 0.00208367 0.17839 0.00442746
1448 0.497468 0.00208166 0.178925 0.00443265
1449 0.49707 0.00207962 0.178925 0.00443265
1450 0.497286 0.00208079 0.176518 0.00440918
1451 0.497652 0.00208603 0.175715 0.00440129
1452 0.497627 0.00208438 0.174378 0.00438806
1453 0.49821 0.00208865 0.169965 0.00434375
1454 0.498126 0.0020895 0.172773 0.00437207
1455 0.497902 0.00208306 0.174779 0.00439204
1456 0.497812 0.00208951 0.176117 0.00440524
1457 0.497754 0.00209546 0.17625 0.00440655
1458 0.497825 0.00209863 0.177989 0.00442356
1459 0.497638 0.00210135 0.177454 0.00441834
1460 0.49775 0.00210901 0.176652 0.00441049
1461 0.497242 0.00209992 0.179326 0.00443653
1462 0.497163 0.0021022 0.182001 0.0044622
1463 0.4977 0.00209715 0.179727 0.0044404
1464 0.49809 0.00210063 0.178122 0.00442486
1465 0.497992 0.00210124 0.172773 0.00437207
1466 0.497639 0.00210282 0.183605 0.00447743
1467 0.497618 0.00210298 0.17946 0.00443782
1468 0.497293 0.00210326 0.178925 0.00443265
1469 0.497091 0.00209358 0.175047 0.00439469
1470 0.497187 0.00208862 0.176785 0.0044118
1471 0.4973 0.00208624 0.179995 0.00444298
1472 0.497366 0.00208783 0.178791 0.00443135
1473 0.496982 0.00208481 0.175983 0.00440392
1474 0.49685 0.00208109 0.176652 0.00441049
1475 0.496466 0.00208345 0.177588 0.00441965
1476 0.496767 0.00208759 0.176117 0.00440524
1477 0.497026 0.00208285 0.176117 0.00440524
1478 0.496956 0.00209046 0.177053 0.00441442
1479 0.496763 0.00209336 0.176785 0.0044118
1480 0.497117 0.00208735 0.175047 0.00439469
1481 0.496879 0.00208564 0.175448 0.00439865
1482 0.496912 0.00207867 0.174913 0.00439337
1483 0.496852 0.00208538 0.176117 0.00440524
1484 0.49672 0.00208415 0.174779 0.00439204
1485 0.496273 0.00209021 0.177186 0.00441573
1486 0.496468 0.0020875 0.175448 0.00439865
1487 0.496589 0.0020901 0.179059 0.00443394
1488 0.496663 0.002088 0.177855 0.00442225
1489 0.496452 0.0020918 0.177721 0.00442095
1490 0.496331 0.00208932 0.179861 0.00444169
1491 0.496879 0.00209027 0.178524 0.00442876
1492 0.496898 0.00208511 0.175715 0.00440129
1493 0.496921 0.00208766 0.175849 0.00440261
1494 0.497126 0.00208835 0.172907 0.00437341
1495 0.497085 0.00208013 0.175448 0.00439865
1496 0.497175 0.0020803 0.172372 0.00436805
1497 0.497163 0.00207972 0.173308 0.00437742
1498 0.497402 0.00207382 0.175849 0.00440261
1499 0.497538 0.00207882 0.173977 0.00438408
1500 0.497477 0.0020801 0.172907 0.00437341
1501 0.49711 0.00207876 0.178791 0.00443135
1502 0.496189 0.00208762 0.178925 0.00443265
1503 0.496117 0.00208482 0.174111 0.00438541
1504 0.496163 0.00208828 0.175983 0.00440392
1505 0.496596 0.00208335 0.175849 0.00440261
1506 0.496723 0.00208351 0.175715 0.00440129
1507 0.497251 0.00207477 0.171436 0.00435864
1508 0.497442 0.00207828 0.174646 0.00439072
1509 0.497314 0.00207632 0.175983 0.00440392
1510 0.49758 0.00207321 0.17732 0.00441703
1511 0.49747 0.00206841 0.176117 0.00440524
1512 0.497686 0.00206814 0.174244 0.00438674
1513 0.49759 0.00206361 0.173442 0.00437875
1514 0.497899 0.00206476 0.175314 0.00439733
1515 0.497334 0.00206149 0.174779 0.00439204
1516 0.497285 0.00207377 0.174512 0.00438939
1517 0.497042 0.00207248 0.174378 0.00438806
1518 0.496935 0.00207203 0.173576 0.00438008
1519 0.497153 0.00206896 0.173041 0.00437474
1520 0.496962 0.00207004 0.174913 0.00439337
1521 0.49675 0.0020743 0.175582 0.00439997
1522 0.496274 0.00207783 0.180396 0.00444684
1523 0.495892 0.00208067 0.177721 0.00442095
1524 0.495906 0.00208307 0.18053 0.00444813
1525 0.496346 0.00208822 0.179861 0.00444169
1526 0.496643 0.00208298 0.177721 0.00442095
1527 0.496458 0.00208662 0.176919 0.00441311
1528 0.496436 0.00208581 0.176117 0.00440524
1529 0.496881 0.0020796 0.178256 0.00442616
1530 0.496748 0.00207901 0.176117 0.00440524
1531 0.496795 0.00207414 0.177989 0.00442356
1532 0.496721 0.00207743 0.177186 0.00441573
1533 0.49672 0.00207434 0.180396 0.00444684
1534 0.49674 0.0020665 0.178657 0.00443005
1535 0.496389 0.00207048 0.179326 0.00443653
1536 0.496816 0.00207133 0.176117 0.00440524
1537 0.496724 0.00206884 0.177989 0.00442356
1538 0.496621 0.00206741 0.173843 0.00438275
1539 0.496928 0.00206786 0.171704 0.00436133
1540 0.496212 0.00207291 0.177588 0.00441965
1541 0.496639 0.00207269 0.176652 0.00441049
1542 0.497063 0.00207723 0.17625 0.00440655
1543 0.497633 0.00207135 0.175314 0.00439733
1544 0.498383 0.00207255 0.173308 0.00437742
1545 0.498466 0.00207568 0.174646 0.00439072
1546 0.498652 0.00207198 0.171971 0.00436402
1547 0.498526 0.00207102 0.172907 0.00437341
1548 0.498756 0.00208052 0.172105 0.00436536
1549 0.499202 0.00208119 0.171169 0.00435594
1550 0.499232 0.00208537 0.171436 0.00435864
1551 0.498891 0.00209118 0.17264 0.00437073
1552 0.498711 0.00209219 0.174913 0.00439337
1553 0.498187 0.00208341 0.175849 0.00440261
1554 0.498139 0.00208123 0.174913 0.00439337
1555 0.49782 0.00207402 0.173977 0.00438408
1556 0.498215 0.00206986 0.174244 0.00438674
1557 0.499062 0.00207215 0.172907 0.00437341
1558 0.498542 0.00207214 0.174512 0.00438939
1559 0.498572 0.00207023 0.173576 0.00438008
1560 0.498923 0.00207026 0.174111 0.00438541
1561 0.499378 0.00206248 0.169029 0.00433421
1562 0.499464 0.00206463 0.168895 0.00433284
1563 0.49971 0.00206464 0.167157 0.00431499
1564 0.500045 0.00206627 0.166488 0.00430808
1565 0.500401 0.00206417 0.16582 0.00430115
1566 0.500299 0.0020674 0.168093 0.00432463
1567 0.500044 0.00207027 0.171302 0.00435729
1568 0.500291 0.00207163 0.1705 0.00434917
1569 0.50014 0.00207113 0.171035 0.00435459
1570 0.499837 0.00207088 0.16943 0.0043383
1571 0.500053 0.00207574 0.169029 0.00433421
1572 0.499917 0.00207435 0.168762 0.00433148
1573 0.499373 0.00207538 0.170366 0.00434782
1574 0.499924 0.0020734 0.16943 0.0043383
1575 0.499989 0.00206884 0.167692 0.0043205
1576 0.500147 0.00207297 0.168762 0.00433148
1577 0.500131 0.00207605 0.1705 0.00434917
1578 0.500221 0.00207486 0.167826 0.00432188
1579 0.500622 0.00207149 0.168361 0.00432737
1580 0.500052 0.00207237 0.169297 0.00433694
1581 0.500512 0.00206825 0.169832 0.00434239
1582 0.500405 0.00206863 0.172239 0.00436671
1583 0.500721 0.00206725 0.170901 0.00435324
1584 0.500331 0.00206616 0.16943 0.0043383
1585 0.500909 0.00206092 0.168628 0.00433011
1586 0.500083 0.00206062 0.170901 0.00435324
1587 0.499503 0.00206412 0.168227 0.004326
1588 0.49901 0.00206367 0.171169 0.00435594
1589 0.499345 0.00206556 0.172239 0.00436671
1590 0.499267 0.00206986 0.171971 0.00436402
1591 0.499762 0.00206566 0.175314 0.00439733
1592 0.500059 0.00206111 0.171169 0.00435594
1593 0.50034 0.00206915 0.171971 0.00436402
1594 0.501182 0.00207441 0.171704 0.00436133
1595 0.500982 0.00207443 0.170634 0.00435053
1596 0.500965 0.00208023 0.171436 0.00435864
1597 0.500257 0.00207933 0.168628 0.00433011
1598 0.500262 0.0020759 0.169163 0.00433558
1599 0.500086 0.0020827 0.171704 0.00436133
1600 0.499528 0.00208149 0.171302 0.00435729
1601 0.499397 0.00207781 0.176518 0.00440918
1602 0.498819 0.00207905 0.174378 0.00438806
1603 0.498774 0.00208072 0.172907 0.00437341
1604 0.499001 0.00207143 0.172239 0.00436671
1605 0.499305 0.00206848 0.172105 0.00436536
1606 0.499125 0.0020703 0.171837 0.00436268
1607 0.498614 0.00206666 0.174111 0.00438541
1608 0.49823 0.00207245 0.171837 0.00436268
1609 0.498098 0.00206552 0.172105 0.00436536
1610 0.497933 0.00206383 0.170099 0.00434511
1611 0.49786 0.00206179 0.172773 0.00437207
1612 0.497762 0.00205974 0.168762 0.00433148
1613 0.497811 0.00205842 0.169297 0.00433694
1614 0.49747 0.0020543 0.169564 0.00433967
1615 0.498172 0.00205545 0.171035 0.00435459
1616 0.498464 0.00205295 0.168227 0.004326
1617 0.498652 0.00205357 0.170768 0.00435188
1618 0.498703 0.00205685 0.169029 0.00433421
1619 0.498808 0.00206195 0.167291 0.00431637
1620 0.499303 0.00206178 0.165017 0.00429279
1621 0.498773 0.00205313 0.165419 0.00429697
1622 0.498746 0.00205803 0.165151 0.00429419
1623 0.499036 0.00206263 0.166488 0.00430808
1624 0.498692 0.0020595 0.168494 0.00432874
1625 0.498883 0.00205515 0.167424 0.00431775
1626 0.499054 0.00206083 0.167826 0.00432188
1627 0.499208 0.00205672 0.169029 0.00433421
1628 0.499057 0.00206088 0.165953 0.00430254
1629 0.499145 0.00205198 0.166087 0.00430393
1630 0.498866 0.00205876 0.169297 0.00433694
1631 0.498658 0.00204846 0.167826 0.00432188
1632 0.498017 0.00205394 0.16943 0.0043383
1633 0.49769 0.00205814 0.170634 0.00435053
1634 0.498099 0.00205872 0.169163 0.00433558
1635 0.498625 0.00205953 0.165552 0.00429837
1636 0.498709 0.0020625 0.168093 0.00432463
1637 0.49904 0.0020585 0.166488 0.00430808
1638 0.499322 0.00205875 0.166756 0.00431085
1639 0.498876 0.00206156 0.168762 0.00433148
1640 0.498734 0.00205322 0.165552 0.00429837
1641 0.499221 0.00205382 0.16475 0.00429
1642 0.499133 0.00205484 0.167959 0.00432325
1643 0.49876 0.0020521 0.166622 0.00430947
1644 0.498609 0.00205299 0.171169 0.00435594
1645 0.498355 0.00206078 0.1705 0.00434917
1646 0.498563 0.00205969 0.168494 0.00432874
1647 0.498187 0.0020687 0.170233 0.00434646
1648 0.497845 0.00206498 0.16943 0.0043383
1649 0.497701 0.00206643 0.174512 0.00438939
1650 0.497582 0.00207272 0.174244 0.00438674
1651 0.498071 0.00207371 0.17264 0.00437073
1652 0.498236 0.00206777 0.173576 0.00438008
1653 0.498481 0.0020661 0.171302 0.00435729
1654 0.498486 0.00206122 0.171704 0.00436133
1655 0.498887 0.00205797 0.173041 0.00437474
1656 0.499066 0.00206009 0.170099 0.00434511
1657 0.499067 0.00206839 0.171704 0.00436133
1658 0.498771 0.00206671 0.174512 0.00438939
1659 0.498475 0.00206596 0.174378 0.00438806
1660 0.498752 0.00206346 0.170233 0.00434646
1661 0.498497 0.00205717 0.173977 0.00438408
1662 0.498881 0.00205269 0.172105 0.00436536
1663 0.498543 0.0020562 0.173843 0.00438275
1664 0.498957 0.00205251 0.171169 0.00435594
1665 0.498907 0.00205589 0.170634 0.00435053
1666 0.499225 0.00205344 0.168361 0.00432737
1667 0.499546 0.00205902 0.167959 0.00432325
1668 0.499361 0.00205817 0.165953 0.00430254
1669 0.499428 0.00206488 0.169297 0.00433694
1670 0.499683 0.00205944 0.168895 0.00433284
1671 0.499406 0.00206279 0.168628 0.00433011
1672 0.499129 0.00206372 0.169297 0.00433694
1673 0.498919 0.00205195 0.168494 0.00432874
1674 0.498779 0.00204551 0.168895 0.00433284
1675 0.499234 0.00205751 0.16943 0.0043383
1676 0.498542 0.00205785 0.172773 0.00437207
1677 0.4988 0.00205351 0.171035 0.00435459
1678 0.499394 0.00204822 0.167157 0.00431499
1679 0.499309 0.00204887 0.168494 0.00432874
1680 0.499336 0.00204516 0.166488 0.00430808
1681 0.499727 0.00204962 0.166221 0.00430531
1682 0.499886 0.00204653 0.164884 0.0042914
1683 0.500184 0.00204677 0.165686 0.00429976
1684 0.500379 0.00205578 0.165686 0.00429976
1685 0.500026 0.00205769 0.168494 0.00432874
1686 0.499458 0.00205155 0.16689 0.00431223
1687 0.50044 0.00204983 0.166221 0.00430531
1688 0.500224 0.00206036 0.168361 0.00432737
1689 0.500266 0.00206596 0.169698 0.00434103
1690 0.500043 0.00206305 0.170099 0.00434511
1691 0.500155 0.00206153 0.169832 0.00434239
1692 0.500351 0.00205437 0.167023 0.00431361
1693 0.500353 0.00206595 0.169832 0.00434239
1694 0.501005 0.00206096 0.168227 0.004326
1695 0.501298 0.00206616 0.168093 0.00432463
1696 0.500867 0.00207002 0.167558 0.00431913
1697 0.501561 0.00206939 0.165419 0.00429697
1698 0.501436 0.00206804 0.167558 0.00431913
1699 0.501713 0.00207652 0.167157 0.00431499
1700 0.501933 0.00207271 0.166756 0.00431085
1701 0.50187 0.00207409 0.167424 0.00431775
1702 0.501694 0.00207737 0.168628 0.00433011
1703 0.501732 0.00206938 0.166622 0.00430947
1704 0.501624 0.002071 0.167291 0.00431637
1705 0.500935 0.00207637 0.167826 0.00432188
1706 0.500382 0.00207918 0.171704 0.00436133
1707 0.500516 0.0020772 0.170366 0.00434782
1708 0.500685 0.0020739 0.168895 0.00433284
1709 0.50074 0.00207663 0.171035 0.00435459
1710 0.500872 0.00207994 0.171837 0.00436268
1711 0.500821 0.00207689 0.171169 0.00435594
1712 0.50087 0.0020725 0.170233 0.00434646
1713 0.500836 0.00207562 0.171837 0.00436268
1714 0.500612 0.00208364 0.17371 0.00438142
1715 0.501062 0.00207979 0.169965 0.00434375
1716 0.501405 0.00208526 0.170901 0.00435324
1717 0.501724 0.00208239 0.168628 0.00433011
1718 0.502181 0.0020749 0.168361 0.00432737
1719 0.501329 0.00207583 0.168494 0.00432874
1720 0.501441 0.0020748 0.167959 0.00432325
1721 0.501713 0.00207711 0.170366 0.00434782
1722 0.502063 0.0020746 0.168628 0.00433011
1723 0.501713 0.00208265 0.169832 0.00434239
1724 0.501457 0.00208061 0.169965 0.00434375
1725 0.501414 0.00208173 0.171436 0.00435864
1726 0.501176 0.00208142 0.168093 0.00432463
1727 0.501497 0.00208345 0.165552 0.00429837
1728 0.500928 0.00207825 0.166622 0.00430947
1729 0.500877 0.00207779 0.166622 0.00430947
1730 0.501064 0.00207343 0.167023 0.00431361
1731 0.500742 0.00207137 0.167692 0.0043205
1732 0.500402 0.00207333 0.166756 0.00431085
1733 0.501041 0.002072 0.168093 0.00432463
1734 0.500718 0.00206957 0.166355 0.0043067
1735 0.500929 0.00206351 0.165419 0.00429697
1736 0.500766 0.0020615 0.165151 0.00429419
1737 0.5011 0.00205985 0.165419 0.00429697
1738 0.500523 0.00206101 0.166622 0.00430947
1739 0.500562 0.00206405 0.168628 0.00433011
1740 0.500396 0.00206567 0.163814 0.00428019
1741 0.499985 0.00206992 0.167023 0.00431361
1742 0.499656 0.00207485 0.17157 0.00435998
1743 0.499656 0.00207086 0.1705 0.00434917
1744 0.500518 0.00206679 0.168895 0.00433284
1745 0.500311 0.00206906 0.167291 0.00431637
1746 0.500388 0.00206462 0.170233 0.00434646
1747 0.500085 0.00206269 0.170233 0.00434646
1748 0.499586 0.00205777 0.167959 0.00432325
1749 0.499714 0.00204764 0.16689 0.00431223
1750 0.499921 0.00204656 0.167023 0.00431361
1751 0.50002 0.00205017 0.165686 0.00429976
1752 0.499936 0.00204746 0.164081 0.004283
1753 0.499427 0.00204138 0.162744 0.00426892
1754 0.499584 0.00203924 0.164616 0.0042886
1755 0.499649 0.00203951 0.163413 0.00427597
1756 0.499425 0.00204171 0.165552 0.00429837
1757 0.499226 0.00204228 0.164349 0.0042858
1758 0.499318 0.00203895 0.16261 0.00426751
1759 0.499264 0.00204022 0.166622 0.00430947
1760 0.499523 0.00204468 0.167291 0.00431637
1761 0.499778 0.00204766 0.169297 0.00433694
1762 0.500006 0.0020539 0.168762 0.00433148
1763 0.500126 0.00205914 0.165552 0.00429837
1764 0.499419 0.00205493 0.168762 0.00433148
1765 0.500721 0.00205623 0.167157 0.00431499
1766 0.500805 0.00205914 0.166622 0.00430947
1767 0.501091 0.00206643 0.162744 0.00426892
1768 0.50093 0.00205747 0.162209 0.00426326
1769 0.500349 0.0020544 0.162744 0.00426892
1770 0.499805 0.00205147 0.161273 0.00425331
1771 0.499591 0.00205313 0.161273 0.00425331
1772 0.499631 0.00205945 0.163279 0.00427456
1773 0.499261 0.00205298 0.161808 0.004259
1774 0.49943 0.00205293 0.161808 0.004259
1775 0.499643 0.00204822 0.165151 0.00429419
1776 0.499391 0.00204631 0.165017 0.00429279
1777 0.499159 0.0020499 0.163546 0.00427738
1778 0.499454 0.00205122 0.163012 0.00427174
1779 0.500284 0.00205164 0.164081 0.004283
1780 0.500007 0.00204951 0.162075 0.00426184
1781 0.499617 0.002056 0.168227 0.004326
1782 0.499668 0.00205558 0.170366 0.00434782
1783 0.500045 0.00206044 0.167826 0.00432188
1784 0.499736 0.0020497 0.166488 0.00430808
1785 0.499731 0.0020479 0.16475 0.00429
1786 0.499467 0.00204765 0.165017 0.00429279
1787 0.499648 0.00204897 0.164081 0.004283
1788 0.499792 0.00204231 0.162744 0.00426892
1789 0.499136 0.00204022 0.16261 0.00426751
1790 0.499911 0.00205117 0.164081 0.004283
1791 0.499525 0.00204583 0.166622 0.00430947
1792 0.499656 0.00204662 0.162343 0.00426468
1793 0.499522 0.00204463 0.166488 0.00430808
1794 0.499297 0.00204441 0.16368 0.00427879
1795 0.499119 0.00204349 0.160604 0.00424618
1796 0.498812 0.00203594 0.164215 0.0042844
1797 0.498682 0.00204176 0.166221 0.00430531
1798 0.498101 0.002043 0.165552 0.00429837
1799 0.49802 0.00204387 0.166756 0.00431085
1800 0.498087 0.00205029 0.168093 0.00432463
1801 0.498072 0.00204943 0.165419 0.00429697
1802 0.497928 0.00205234 0.166221 0.00430531
1803 0.497987 0.00204781 0.168494 0.00432874
1804 0.498085 0.00204969 0.16689 0.00431223
1805 0.498338 0.00204643 0.165686 0.00429976
1806 0.498124 0.00204674 0.165017 0.00429279
1807 0.497706 0.00204305 0.167959 0.00432325
1808 0.497532 0.00204354 0.167023 0.00431361
1809 0.497249 0.00204559 0.169698 0.00434103
1810 0.497401 0.00204254 0.164482 0.0042872
1811 0.497614 0.00204932 0.167291 0.00431637
1812 0.497825 0.0020502 0.167291 0.00431637
1813 0.498171 0.00204513 0.166355 0.0043067
1814 0.498046 0.00203774 0.164482 0.0042872
1815 0.497787 0.00204064 0.164349 0.0042858
1816 0.498008 0.00203859 0.165419 0.00429697
1817 0.497695 0.00203481 0.16582 0.00430115
1818 0.498271 0.00202925 0.165151 0.00429419
1819 0.498277 0.00202327 0.164884 0.0042914
1820 0.498009 0.00202638 0.16475 0.00429
1821 0.497425 0.00202767 0.165686 0.00429976
1822 0.497337 0.0020285 0.165151 0.00429419
1823 0.496949 0.00203936 0.167023 0.00431361
1824 0.496985 0.00203973 0.167692 0.0043205
1825 0.496521 0.00204443 0.168227 0.004326
1826 0.496323 0.00204391 0.16582 0.00430115
1827 0.496762 0.00204812 0.166221 0.00430531
1828 0.496292 0.00205133 0.167959 0.00432325
1829 0.496129 0.00205288 0.168227 0.004326
1830 0.495934 0.0020587 0.166221 0.00430531
1831 0.496288 0.0020582 0.169965 0.00434375
1832 0.496557 0.00205699 0.167023 0.00431361
1833 0.496569 0.00204805 0.167558 0.00431913
1834 0.496357 0.00205217 0.169297 0.00433694
1835 0.496413 0.00204956 0.16689 0.00431223
1836 0.496432 0.00205196 0.166355 0.0043067
1837 0.496447 0.00204643 0.166622 0.00430947
1838 0.496597 0.00204917 0.165953 0.00430254
1839 0.497235 0.00205559 0.16475 0.00429
1840 0.497794 0.00206059 0.16368 0.00427879
1841 0.49767 0.00206127 0.16689 0.00431223
1842 0.49791 0.00206732 0.169029 0.00433421
1843 0.498 0.00205829 0.168227 0.004326
1844 0.497804 0.00205908 0.169297 0.00433694
1845 0.49796 0.00205736 0.167424 0.00431775
1846 0.498046 0.00205664 0.171436 0.00435864
1847 0.498044 0.00204638 0.169163 0.00433558
1848 0.499028 0.00204856 0.16689 0.00431223
1849 0.499021 0.00204612 0.167424 0.00431775
1850 0.498752 0.002045 0.167291 0.00431637
1851 0.498987 0.00204582 0.166355 0.0043067
1852 0.498438 0.00204518 0.165552 0.00429837
1853 0.498971 0.00204511 0.165151 0.00429419
1854 0.498818 0.00204045 0.164482 0.0042872
1855 0.498698 0.00203894 0.163546 0.00427738
1856 0.498588 0.00203731 0.166488 0.00430808
1857 0.498717 0.00202861 0.163279 0.00427456
1858 0.499386 0.00202507 0.166221 0.00430531
1859 0.500058 0.00202576 0.166355 0.0043067
1860 0.499727 0.00202763 0.16368 0.00427879
1861 0.499599 0.00202306 0.163413 0.00427597
1862 0.500215 0.00202499 0.163012 0.00427174
1863 0.500749 0.00203026 0.162744 0.00426892
1864 0.50068 0.0020267 0.165017 0.00429279
1865 0.500336 0.00202611 0.165151 0.00429419
1866 0.500542 0.00202097 0.162477 0.00426609
1867 0.500553 0.00202244 0.165552 0.00429837
1868 0.499491 0.00202528 0.163012 0.00427174
1869 0.500018 0.00201947 0.162343 0.00426468
1870 0.500393 0.00202474 0.162477 0.00426609
1871 0.5004 0.00201483 0.161541 0.00425616
1872 0.500282 0.00200849 0.162075 0.00426184
1873 0.499838 0.00200622 0.160872 0.00424904
1874 0.499811 0.00201878 0.165151 0.00429419
1875 0.499558 0.00202018 0.163814 0.00428019
1876 0.499072 0.0020218 0.167424 0.00431775
1877 0.499481 0.00202596 0.160604 0.00424618
1878 0.499083 0.00202487 0.165017 0.00429279
1879 0.498414 0.00202874 0.164081 0.004283
1880 0.498762 0.0020362 0.162209 0.00426326
1881 0.498044 0.00203349 0.167826 0.00432188
1882 0.498141 0.00203881 0.167826 0.00432188
1883 0.49839 0.00203243 0.16582 0.00430115
1884 0.498554 0.00203195 0.165151 0.00429419
1885 0.498344 0.00202634 0.166355 0.0043067
1886 0.498572 0.00202929 0.165017 0.00429279
1887 0.498609 0.00202526 0.167291 0.00431637
1888 0.498883 0.00203046 0.167291 0.00431637
1889 0.499045 0.00203095 0.165151 0.00429419
1890 0.499409 0.00204044 0.166221 0.00430531
1891 0.499328 0.00202999 0.165686 0.00429976
1892 0.499351 0.00202824 0.167558 0.00431913
1893 0.498286 0.00203222 0.168361 0.00432737
1894 0.498951 0.00203343 0.168628 0.00433011
1895 0.499183 0.00203755 0.165017 0.00429279
1896 0.499293 0.00203198 0.167157 0.00431499
1897 0.499082 0.00203692 0.168762 0.00433148
1898 0.498879 0.00204241 0.168227 0.004326
1899 0.498809 0.00204098 0.166087 0.00430393
1900 0.498762 0.00203721 0.168093 0.00432463
1901 0.499106 0.0020358 0.166355 0.0043067
1902 0.49862 0.00203687 0.170768 0.00435188
1903 0.498471 0.00203611 0.168895 0.00433284
1904 0.498884 0.0020317 0.168093 0.00432463
1905 0.499099 0.00203342 0.167692 0.0043205
1906 0.499139 0.00203438 0.167692 0.0043205
1907 0.499415 0.002035 0.167157 0.00431499
1908 0.499848 0.00203118 0.168227 0.004326
1909 0.500189 0.00202826 0.168227 0.004326
1910 0.499754 0.00202303 0.167558 0.00431913
1911 0.499688 0.0020247 0.166756 0.00431085
1912 0.499057 0.00202895 0.168227 0.004326
1913 0.498553 0.00202408 0.168093 0.00432463
1914 0.498581 0.00202234 0.169029 0.00433421
1915 0.498335 0.00202507 0.170768 0.00435188
1916 0.498713 0.00202955 0.170366 0.00434782
1917 0.498639 0.00202684 0.168361 0.00432737
1918 0.499301 0.00204103 0.169029 0.00433421
1919 0.498992 0.0020431 0.172506 0.00436939
1920 0.498817 0.00204906 0.170634 0.00435053
1921 0.499224 0.00204893 0.170634 0.00435053
1922 0.49899 0.00204372 0.168361 0.00432737
1923 0.499233 0.00204929 0.169698 0.00434103
1924 0.498813 0.00205237 0.168628 0.00433011
1925 0.498902 0.00205922 0.167558 0.00431913
1926 0.498782 0.0020552 0.173041 0.00437474
1927 0.498907 0.00204841 0.168494 0.00432874
1928 0.498839 0.00204964 0.170634 0.00435053
1929 0.499117 0.00205598 0.170901 0.00435324
1930 0.49874 0.0020531 0.173041 0.00437474
1931 0.498304 0.00206007 0.173175 0.00437608
1932 0.498713 0.00206572 0.171704 0.00436133
1933 0.498554 0.00206191 0.17157 0.00435998
1934 0.498204 0.00206513 0.169965 0.00434375
1935 0.498763 0.00206322 0.171436 0.00435864
1936 0.498822 0.00206312 0.16943 0.0043383
1937 0.498676 0.00206046 0.168494 0.00432874
1938 0.498635 0.00204915 0.1705 0.00434917
1939 0.498485 0.00206105 0.169832 0.00434239
1940 0.499144 0.00205507 0.169564 0.00433967
1941 0.499575 0.00205451 0.167826 0.00432188
1942 0.499419 0.00205126 0.168093 0.00432463
1943 0.498785 0.00205547 0.170634 0.00435053
1944 0.499209 0.0020562 0.171169 0.00435594
1945 0.499228 0.00206031 0.167424 0.00431775
1946 0.498965 0.00205591 0.171704 0.00436133
1947 0.498835 0.00206178 0.169698 0.00434103
1948 0.499249 0.00206959 0.168895 0.00433284
1949 0.49827 0.00207315 0.169564 0.00433967
1950 0.498575 0.0020762 0.169029 0.00433421
1951 0.498889 0.0020755 0.169564 0.00433967
1952 0.498356 0.00207812 0.171436 0.00435864
1953 0.498452 0.00207897 0.170233 0.00434646
1954 0.497758 0.00207783 0.169832 0.00434239
1955 0.498265 0.0020741 0.170366 0.00434782
1956 0.497975 0.00207208 0.167291 0.00431637
1957 0.497751 0.00206901 0.170233 0.00434646
1958 0.497221 0.0020675 0.171035 0.00435459
1959 0.497851 0.00206994 0.168628 0.00433011
1960 0.497926 0.00207603 0.171837 0.00436268
1961 0.497803 0.002079 0.170366 0.00434782
1962 0.497951 0.00207477 0.170901 0.00435324
1963 0.497781 0.00207516 0.172907 0.00437341
1964 0.497339 0.00207112 0.171436 0.00435864
1965 0.497739 0.00206362 0.168895 0.00433284
1966 0.497639 0.00207059 0.172773 0.00437207
1967 0.497654 0.00207321 0.174111 0.00438541
1968 0.498119 0.00207475 0.171035 0.00435459
1969 0.498215 0.00207573 0.170233 0.00434646
1970 0.497214 0.00207623 0.172372 0.00436805
1971 0.496973 0.00206649 0.1705 0.00434917
1972 0.497616 0.0020641 0.167959 0.00432325
1973 0.49736 0.00207112 0.170768 0.00435188
1974 0.497693 0.00207449 0.172105 0.00436536
1975 0.497405 0.00207435 0.168628 0.00433011
1976 0.497486 0.0020711 0.172105 0.00436536
1977 0.497255 0.0020648 0.171302 0.00435729
1978 0.497873 0.00207091 0.171436 0.00435864
1979 0.497654 0.00206328 0.173576 0.00438008
1980 0.497627 0.00206511 0.170768 0.00435188
1981 0.497686 0.00206205 0.170768 0.00435188
1982 0.498042 0.00205925 0.169832 0.00434239
1983 0.497337 0.00205957 0.170233 0.00434646
1984 0.496791 0.00205988 0.169832 0.00434239
1985 0.497206 0.00205956 0.169029 0.00433421
1986 0.497359 0.00205706 0.167291 0.00431637
1987 0.496897 0.00205105 0.166488 0.00430808
1988 0.496685 0.00205203 0.170099 0.00434511
1989 0.496771 0.00205541 0.172506 0.00436939
1990 0.49705 0.00205001 0.170634 0.00435053
1991 0.497606 0.00204935 0.16943 0.0043383
1992 0.497802 0.00205135 0.172239 0.00436671
1993 0.498205 0.00205457 0.170901 0.00435324
1994 0.498356 0.00205111 0.169564 0.00433967
1995 0.498076 0.00205694 0.169564 0.00433967
1996 0.498153 0.00206053 0.170233 0.00434646
1997 0.49795 0.00206315 0.169698 0.00434103
1998 0.498212 0.00206273 0.16943 0.0043383
1999 0.498211 0.00206284 0.170901 0.00435324
