#sample=422
0 0.00106071 1.87035e-05 1 0
1 0.00107366 1.83488e-05 1 0
2 0.00108135 1.84509e-05 1 0
3 0.00110029 1.95455e-05 1 0
4 0.00113571 2.00117e-05 1 0
5 0.00115625 2.04573e-05 1 0
6 0.00117609 2.16936e-05 1 0
7 0.00122444 2.27332e-05 1 0
8 0.00129427 2.44665e-05 1 0
9 0.0013579 2.76769e-05 1 0
10 0.00142532 3.05741e-05 1 0
11 0.00149868 3.25635e-05 1 0
12 0.00159748 3.63127e-05 1 0
13 0.00171105 4.19599e-05 1 0
14 0.00178261 4.588e-05 1 0
15 0.0018965 5.07671e-05 1 0
16 0.00201038 5.47923e-05 1 0
17 0.00214428 6.13006e-05 1 0
18 0.00226351 6.74919e-05 1 0
19 0.00239754 7.35667e-05 1 0
20 0.0025625 8.18782e-05 1 0
21 0.00273528 8.97042e-05 1 0
22 0.00290616 9.90766e-05 1 0
23 0.00308412 0.000107906 1 0
24 0.00325735 0.000114009 1 0
25 0.00345783 0.000123277 1 0
26 0.00364238 0.000129307 1 0
27 0.00382758 0.000136875 1 0
28 0.00401804 0.000146221 1 0
29 0.00420301 0.000154523 1 0
30 0.00442177 0.000165487 1 0
31 0.00456933 0.000171978 1 0
32 0.00475447 0.00018101 1 0
33 0.00491647 0.000187692 1 0
34 0.0051336 0.000198188 1 0
35 0.00530117 0.000205674 1 0
36 0.00556539 0.000216965 1 0
37 0.00576153 0.000227997 1 0
38 0.0059759 0.00023925 1 0
39 0.00615844 0.000243501 1 0
40 0.0063604 0.000251834 1 0
41 0.00651416 0.000256816 1 0
42 0.00673241 0.000267585 1 0
43 0.00695755 0.000280413 1 0
44 0.00716686 0.000289666 1 0
45 0.0074552 0.000302681 1 0
46 0.00764597 0.000310023 1 0
47 0.00794812 0.000327609 1 0
48 0.00817639 0.000336943 1 0
49 0.00845943 0.000350217 1 0
50 0.00865507 0.000357311 1 0
51 0.00889965 0.000368262 1 0
52 0.00912866 0.000381652 1 0
53 0.00933477 0.000391722 1 0
54 0.00959199 0.000401167 1 0
55 0.0098618 0.000413604 1 0
56 0.0100769 0.000425297 1 0
57 0.0103248 0.000436983 1 0
58 0.0105481 0.000446378 1 0
59 0.0107835 0.000460878 1 0
60 0.0110856 0.000474826 1 0
61 0.011306 0.00048469 1 0
62 0.0114652 0.000487939 1 0
63 0.0117264 0.000501469 1 0
64 0.0120046 0.000516649 1 0
65 0.0122403 0.000529272 1 0
66 0.012432 0.000534438 1 0
67 0.0127268 0.00054918 1 0
68 0.0131557 0.000611201 1 0
69 0.013098 0.00056504 1 0
70 0.013228 0.000572514 1 0
71 0.013497 0.000585936 1 0
72 0.0138101 0.000600603 1 0
73 0.0140385 0.000611872 1 0
74 0.0143431 0.000625996 1 0
75 0.0145519 0.000635586 1 0
76 0.0149037 0.000653855 1 0
77 0.0150596 0.000651662 1 0
78 0.0154256 0.000677972 1 0
79 0.0155452 0.00067697 1 0
80 0.0159444 0.000709376 1 0
81 0.016042 0.000700721 1 0
82 0.0162615 0.000709985 1 0
83 0.016481 0.000720889 1 0
84 0.0168511 0.00073449 1 0
85 0.0172134 0.000751357 1 0
86 0.0174224 0.000763663 1 0
87 0.0177027 0.00077162 1 0
88 0.0178755 0.000775873 1 0
89 0.0182557 0.000789737 1 0
90 0.0185691 0.000805966 1 0
91 0.0188241 0.000817775 1 0
92 0.0192026 0.000833739 1 0
93 0.0195957 0.000845925 1 0
94 0.0201328 0.000872254 1 0
95 0.0206606 0.000930624 1 0
96 0.0212241 0.000960044 1 0
97 0.0215965 0.000972871 1 0
98 0.0217062 0.000961519 1 0
99 0.0225909 0.00107878 1 0
100 0.0232296 0.00112192 1 0
101 0.0237139 0.00116534 1 0
102 0.024434 0.00124961 1 0
103 0.0250485 0.00133827 1 0
104 0.0258868 0.00148252 1 0
105 0.0263066 0.00148932 1 0
106 0.0264958 0.00148278 1 0
107 0.0271297 0.00153881 1 0
108 0.0279735 0.00164628 1 0
109 0.0287527 0.001701 1 0
110 0.0297537 0.00183008 1 0
111 0.0306748 0.00198409 0.99763 0.00236967
112 0.0315007 0.00203911 0.995261 0.00334723
113 0.0324696 0.00213735 0.990521 0.00472242
114 0.0327879 0.00213963 0.992891 0.00409463
115 0.0338893 0.00225219 0.992891 0.00409463
116 0.0348646 0.00228546 0.992891 0.00409463
117 0.0355864 0.00233881 0.988152 0.00527351
118 0.0372646 0.00249824 0.988152 0.00527351
119 0.0377947 0.00252257 0.988152 0.00527351
120 0.0388482 0.0025797 0.988152 0.00527351
121 0.0399303 0.00272776 0.988152 0.00527351
122 0.0406043 0.00277734 0.988152 0.00527351
123 0.0415076 0.0028254 0.988152 0.00527351
124 0.0424322 0.00285334 0.988152 0.00527351
125 0.0431193 0.00288473 0.985782 0.00576991
126 0.0441547 0.00294817 0.988152 0.00527351
127 0.0459428 0.00306314 0.985782 0.00576991
128 0.0468973 0.00304129 0.983412 0.00622472
129 0.0484422 0.00310286 0.985782 0.00576991
130 0.0490893 0.00310529 0.985782 0.00576991
131 0.0508565 0.00317147 0.983412 0.00622472
132 0.0529422 0.00326796 0.983412 0.00622472
133 0.0545502 0.00342895 0.985782 0.00576991
134 0.0559371 0.00351283 0.983412 0.00622472
135 0.0566927 0.00351547 0.981043 0.00664648
136 0.0581899 0.00360327 0.981043 0.00664648
137 0.0601401 0.00360214 0.985782 0.00576991
138 0.0623088 0.0037329 0.983412 0.00622472
139 0.0634098 0.00379301 0.983412 0.00622472
140 0.0645881 0.00384083 0.981043 0.00664648
141 0.0661045 0.00394619 0.981043 0.00664648
142 0.0679708 0.0040713 0.976303 0.00741302
143 0.0699592 0.00414331 0.976303 0.00741302
144 0.0710748 0.00415319 0.973934 0.0077654
145 0.0735209 0.00427668 0.969194 0.00842131
146 0.0748881 0.00431503 0.971564 0.00810082
147 0.0771476 0.00442152 0.969194 0.00842131
148 0.0783319 0.00447071 0.964455 0.0090238
149 0.0797956 0.00454955 0.964455 0.0090238
150 0.0815064 0.00464176 0.959716 0.00958293
151 0.0831773 0.00469811 0.957346 0.00984858
152 0.0853739 0.00478516 0.957346 0.00984858
153 0.0883311 0.00490761 0.950237 0.0105981
154 0.090625 0.00502386 0.950237 0.0105981
155 0.0911062 0.00505355 0.945498 0.0110636
156 0.0928452 0.00511428 0.943128 0.0112874
157 0.0954017 0.00516201 0.938389 0.0117187
158 0.0980653 0.00524918 0.938389 0.0117187
159 0.101013 0.00537934 0.938389 0.0117187
160 0.10202 0.00543707 0.940758 0.0115057
161 0.105455 0.0055529 0.936019 0.0119269
162 0.107471 0.00562519 0.936019 0.0119269
163 0.109607 0.00572506 0.93128 0.0123294
164 0.112253 0.00578773 0.924171 0.0129019
165 0.114706 0.00586336 0.921801 0.0130851
166 0.117358 0.00595563 0.917062 0.0134411
167 0.120496 0.00599839 0.909953 0.013951
168 0.122467 0.00600992 0.902844 0.0144345
169 0.125053 0.00614442 0.900474 0.0145903
170 0.126849 0.00621843 0.902844 0.0144345
171 0.129055 0.00629748 0.890995 0.0151887
172 0.131432 0.00638967 0.893365 0.0150426
173 0.133494 0.0064438 0.888626 0.0153324
174 0.135314 0.00653992 0.883886 0.0156135
175 0.138006 0.00654769 0.881517 0.0157508
176 0.14148 0.00662782 0.872038 0.0162805
177 0.143236 0.00665605 0.872038 0.0162805
178 0.145515 0.00667587 0.867299 0.0165341
179 0.148423 0.00675729 0.862559 0.0167807
180 0.150799 0.00683717 0.85545 0.0171382
181 0.153396 0.00690501 0.850711 0.0173686
182 0.154904 0.00695993 0.848341 0.0174815
183 0.158416 0.00703293 0.831754 0.0182318
184 0.161208 0.00712961 0.834123 0.0181287
185 0.163715 0.00720119 0.836493 0.0180243
186 0.166476 0.00723613 0.824645 0.0185333
187 0.167968 0.00732469 0.817536 0.0188235
188 0.170194 0.00739705 0.817536 0.0188235
189 0.172203 0.00748625 0.805687 0.0192838
190 0.174551 0.00753408 0.815166 0.0189179
191 0.178265 0.00762492 0.798578 0.0195466
192 0.180569 0.00766474 0.798578 0.0195466
193 0.182809 0.00771723 0.78673 0.0199635
194 0.184175 0.00772844 0.791469 0.0197998
195 0.186701 0.00777725 0.7891 0.0198822
196 0.189023 0.00784999 0.777251 0.020279
197 0.190735 0.00790579 0.777251 0.020279
198 0.19338 0.00802945 0.770142 0.0205057
199 0.19619 0.00806967 0.753555 0.0210028
200 0.199085 0.00812852 0.748815 0.021137
201 0.200938 0.00818449 0.741706 0.021332
202 0.20281 0.00824732 0.739336 0.0213954
203 0.205093 0.00832599 0.739336 0.0213954
204 0.20695 0.00837458 0.734597 0.0215197
205 0.208762 0.00842708 0.734597 0.0215197
206 0.210642 0.00846015 0.734597 0.0215197
207 0.212658 0.00853653 0.736967 0.0214579
208 0.215562 0.00860692 0.732227 0.0215807
209 0.21755 0.00862376 0.727488 0.0217002
210 0.219514 0.00863467 0.725118 0.0217589
211 0.22104 0.00863287 0.725118 0.0217589
212 0.223073 0.00864427 0.722749 0.0218167
213 0.224561 0.00867534 0.729858 0.0216408
214 0.226931 0.00871875 0.722749 0.0218167
215 0.228321 0.00877942 0.722749 0.0218167
216 0.229763 0.008769 0.7109 0.0220946
217 0.232024 0.00884818 0.701422 0.0223037
218 0.233682 0.00888143 0.699052 0.0223542
219 0.236082 0.0089458 0.691943 0.0225014
220 0.237945 0.00899619 0.682464 0.0226879
221 0.240293 0.00906571 0.684834 0.0226423
222 0.241244 0.00909452 0.684834 0.0226423
223 0.24357 0.00916872 0.687204 0.022596
224 0.245945 0.00918089 0.687204 0.022596
225 0.248459 0.00920995 0.672986 0.0228636
226 0.250292 0.0092379 0.672986 0.0228636
227 0.252337 0.00923498 0.665877 0.0229884
228 0.254481 0.00930677 0.663507 0.0230287
229 0.255862 0.0093578 0.658768 0.0231074
230 0.258021 0.00940375 0.651659 0.0232205
231 0.259697 0.00943172 0.654028 0.0231834
232 0.262509 0.00952295 0.64455 0.023328
233 0.26419 0.00955884 0.64455 0.023328
234 0.266535 0.00959189 0.63981 0.0233965
235 0.267996 0.00963339 0.64218 0.0233625
236 0.269312 0.00964247 0.646919 0.0232928
237 0.271201 0.00965898 0.637441 0.0234298
238 0.27225 0.00966063 0.637441 0.0234298
239 0.273233 0.0096995 0.63981 0.0233965
240 0.274912 0.00975562 0.63981 0.0233965
241 0.276289 0.0097691 0.635071 0.0234625
242 0.27849 0.00981933 0.64218 0.0233625
243 0.279651 0.0098407 0.637441 0.0234298
244 0.282134 0.00988788 0.627962 0.023557
245 0.284111 0.00991162 0.623223 0.0236169
246 0.285679 0.00994597 0.620853 0.023646
247 0.287482 0.0100165 0.623223 0.0236169
248 0.289618 0.010035 0.616114 0.0237023
249 0.291506 0.0100138 0.611374 0.0237563
250 0.2941 0.010092 0.616114 0.0237023
251 0.295458 0.0100971 0.613744 0.0237296
252 0.298116 0.0101534 0.606635 0.0238079
253 0.299267 0.0101728 0.604265 0.0238328
254 0.301848 0.0102351 0.606635 0.0238079
255 0.302982 0.0102461 0.599526 0.0238809
256 0.304716 0.0102998 0.594787 0.0239266
257 0.306284 0.0103216 0.590047 0.0239701
258 0.307453 0.010335 0.597156 0.023904
259 0.309719 0.0103797 0.592417 0.0239486
260 0.310766 0.0104371 0.594787 0.0239266
261 0.312362 0.0104401 0.585308 0.0240112
262 0.313646 0.0104814 0.582938 0.0240309
263 0.315206 0.0105179 0.582938 0.0240309
264 0.317239 0.0105556 0.582938 0.0240309
265 0.318624 0.0106087 0.582938 0.0240309
266 0.321077 0.0106283 0.578199 0.0240686
267 0.322816 0.0106639 0.578199 0.0240686
268 0.324349 0.0107074 0.575829 0.0240866
269 0.325627 0.0107535 0.575829 0.0240866
270 0.327457 0.0107591 0.575829 0.0240866
271 0.328783 0.0107928 0.57346 0.0241041
272 0.330328 0.0108081 0.57109 0.0241209
273 0.3316 0.010858 0.57346 0.0241041
274 0.33232 0.0108877 0.56872 0.0241373
275 0.33389 0.0109072 0.56872 0.0241373
276 0.335242 0.0108688 0.566351 0.024153
277 0.337373 0.0109101 0.56872 0.0241373
278 0.338452 0.0109452 0.566351 0.024153
279 0.339081 0.0109518 0.566351 0.024153
280 0.340445 0.0109835 0.563981 0.0241682
281 0.341779 0.0110189 0.561611 0.0241828
282 0.34331 0.0110175 0.559242 0.0241969
283 0.343936 0.0110344 0.559242 0.0241969
284 0.344414 0.0110271 0.561611 0.0241828
285 0.346308 0.0110384 0.554502 0.0242233
286 0.347793 0.0110773 0.549763 0.0242475
287 0.349232 0.0111052 0.552133 0.0242357
288 0.34994 0.011146 0.552133 0.0242357
289 0.350549 0.0111545 0.554502 0.0242233
290 0.351891 0.011198 0.549763 0.0242475
291 0.353483 0.0112188 0.552133 0.0242357
292 0.354636 0.0112491 0.547393 0.0242588
293 0.355419 0.0112595 0.554502 0.0242233
294 0.357063 0.0112904 0.545024 0.0242695
295 0.358192 0.0113064 0.545024 0.0242695
296 0.359823 0.0113084 0.547393 0.0242588
297 0.361062 0.0113329 0.552133 0.0242357
298 0.361727 0.0113262 0.547393 0.0242588
299 0.362806 0.0113364 0.545024 0.0242695
300 0.363311 0.0113782 0.549763 0.0242475
301 0.36422 0.0113565 0.540284 0.0242893
302 0.365761 0.0113919 0.540284 0.0242893
303 0.366951 0.0114163 0.535545 0.0243069
304 0.368846 0.0114113 0.535545 0.0243069
305 0.370684 0.0114403 0.533175 0.0243148
306 0.371827 0.0114234 0.533175 0.0243148
307 0.372712 0.011433 0.530806 0.0243222
308 0.37519 0.0114567 0.533175 0.0243148
309 0.376396 0.0114521 0.533175 0.0243148
310 0.377378 0.0114815 0.530806 0.0243222
311 0.379023 0.0115193 0.530806 0.0243222
312 0.380238 0.0115313 0.528436 0.0243291
313 0.381258 0.011533 0.528436 0.0243291
314 0.382083 0.0115603 0.530806 0.0243222
315 0.38279 0.0115582 0.533175 0.0243148
316 0.383695 0.0115611 0.530806 0.0243222
317 0.384292 0.0115631 0.530806 0.0243222
318 0.38597 0.0115602 0.526066 0.0243354
319 0.386759 0.0115725 0.521327 0.0243463
320 0.388274 0.0115776 0.523697 0.0243411
321 0.389277 0.0115894 0.523697 0.0243411
322 0.390404 0.0116038 0.523697 0.0243411
323 0.391192 0.0115984 0.521327 0.0243463
324 0.391984 0.0116326 0.523697 0.0243411
325 0.392588 0.0116564 0.521327 0.0243463
326 0.394403 0.0116524 0.518957 0.024351
327 0.394871 0.0116429 0.514218 0.0243587
328 0.396149 0.0116452 0.514218 0.0243587
329 0.397368 0.0116745 0.514218 0.0243587
330 0.398089 0.0116845 0.518957 0.024351
331 0.39887 0.0117087 0.518957 0.024351
332 0.399429 0.011693 0.518957 0.024351
333 0.400327 0.0117193 0.516588 0.0243551
334 0.402127 0.0117527 0.511848 0.0243617
335 0.402407 0.0117947 0.509479 0.0243641
336 0.403155 0.0118213 0.511848 0.0243617
337 0.404014 0.0118088 0.514218 0.0243587
338 0.404654 0.0118016 0.511848 0.0243617
339 0.405775 0.0118166 0.511848 0.0243617
340 0.406761 0.0118332 0.511848 0.0243617
341 0.4079 0.0118574 0.511848 0.0243617
342 0.407917 0.0118655 0.511848 0.0243617
343 0.409038 0.0118691 0.511848 0.0243617
344 0.410276 0.011895 0.511848 0.0243617
345 0.409885 0.0118902 0.514218 0.0243587
346 0.410845 0.0118885 0.514218 0.0243587
347 0.412049 0.0119091 0.511848 0.0243617
348 0.412435 0.0119161 0.514218 0.0243587
349 0.412874 0.0119192 0.511848 0.0243617
350 0.413855 0.0119226 0.509479 0.0243641
351 0.414589 0.0119109 0.50237 0.0243682
352 0.41464 0.0118897 0.5 0.0243685
353 0.415537 0.0119272 0.5 0.0243685
354 0.416345 0.0119496 0.5 0.0243685
355 0.41741 0.0119599 0.507109 0.024366
356 0.418623 0.0119699 0.49763 0.0243682
357 0.419255 0.0119782 0.49763 0.0243682
358 0.419979 0.0119889 0.495261 0.0243674
359 0.420983 0.0120174 0.495261 0.0243674
360 0.421358 0.0120179 0.490521 0.0243641
361 0.422586 0.0120608 0.495261 0.0243674
362 0.423506 0.0120595 0.495261 0.0243674
363 0.424547 0.012082 0.495261 0.0243674
364 0.425133 0.0120728 0.495261 0.0243674
365 0.426141 0.0120628 0.492891 0.024366
366 0.427223 0.0120844 0.495261 0.0243674
367 0.427971 0.0121172 0.495261 0.0243674
368 0.429189 0.0121265 0.490521 0.0243641
369 0.429767 0.0121392 0.490521 0.0243641
370 0.430239 0.0121247 0.490521 0.0243641
371 0.430581 0.0121561 0.492891 0.024366
372 0.431206 0.0121578 0.490521 0.0243641
373 0.432225 0.012159 0.490521 0.0243641
374 0.43352 0.0121724 0.490521 0.0243641
375 0.433965 0.0121811 0.490521 0.0243641
376 0.434261 0.0121883 0.488152 0.0243617
377 0.435286 0.0121891 0.490521 0.0243641
378 0.436653 0.0122123 0.490521 0.0243641
379 0.437157 0.0122184 0.488152 0.0243617
380 0.437446 0.0122198 0.490521 0.0243641
381 0.438157 0.0122049 0.490521 0.0243641
382 0.438748 0.0121831 0.490521 0.0243641
383 0.439074 0.0122211 0.495261 0.0243674
384 0.439241 0.0122193 0.5 0.0243685
385 0.43991 0.012199 0.490521 0.0243641
386 0.440551 0.0122257 0.492891 0.024366
387 0.441157 0.0122379 0.488152 0.0243617
388 0.441671 0.0122446 0.490521 0.0243641
389 0.442013 0.0122368 0.488152 0.0243617
390 0.44272 0.0122363 0.488152 0.0243617
391 0.443477 0.0122556 0.483412 0.0243551
392 0.443712 0.0122695 0.490521 0.0243641
393 0.444495 0.0122752 0.485782 0.0243587
394 0.444949 0.0122919 0.488152 0.0243617
395 0.445529 0.0122838 0.481043 0.024351
396 0.445507 0.0122722 0.478673 0.0243463
397 0.445918 0.012261 0.478673 0.0243463
398 0.447168 0.0122767 0.481043 0.024351
399 0.447901 0.012285 0.488152 0.0243617
400 0.449016 0.0122751 0.490521 0.0243641
401 0.449698 0.0122522 0.485782 0.0243587
402 0.450635 0.0122628 0.481043 0.024351
403 0.45097 0.0122589 0.483412 0.0243551
404 0.451695 0.0122299 0.481043 0.024351
405 0.452152 0.0122146 0.483412 0.0243551
406 0.452339 0.0122157 0.478673 0.0243463
407 0.452983 0.012248 0.476303 0.0243411
408 0.45404 0.0122596 0.476303 0.0243411
409 0.454715 0.0122612 0.483412 0.0243551
410 0.454641 0.0122549 0.478673 0.0243463
411 0.455135 0.0122596 0.469194 0.0243222
412 0.455488 0.0122681 0.471564 0.0243291
413 0.455321 0.0122651 0.473934 0.0243354
414 0.456077 0.0122726 0.471564 0.0243291
415 0.456476 0.0122793 0.466825 0.0243148
416 0.457338 0.0122862 0.471564 0.0243291
417 0.457885 0.0122966 0.469194 0.0243222
418 0.458219 0.012285 0.471564 0.0243291
419 0.459186 0.0122985 0.466825 0.0243148
420 0.45911 0.0122937 0.469194 0.0243222
421 0.460217 0.0122895 0.469194 0.0243222
422 0.461112 0.0122682 0.462085 0.0242983
423 0.461228 0.0122733 0.471564 0.0243291
424 0.461328 0.0122666 0.466825 0.0243148
425 0.461482 0.0122639 0.464455 0.0243069
426 0.461219 0.012293 0.469194 0.0243222
427 0.461397 0.0122905 0.466825 0.0243148
428 0.461295 0.0122891 0.469194 0.0243222
429 0.461819 0.0123024 0.464455 0.0243069
430 0.462052 0.0123003 0.469194 0.0243222
431 0.462066 0.0122901 0.466825 0.0243148
432 0.462941 0.0122645 0.464455 0.0243069
433 0.463562 0.0122737 0.462085 0.0242983
434 0.463782 0.0122675 0.459716 0.0242893
435 0.463911 0.012255 0.452607 0.0242588
436 0.464514 0.0122492 0.462085 0.0242983
437 0.46474 0.0122388 0.462085 0.0242983
438 0.465211 0.0122281 0.462085 0.0242983
439 0.466435 0.012228 0.459716 0.0242893
440 0.466211 0.0121967 0.457346 0.0242797
441 0.467127 0.0121963 0.452607 0.0242588
442 0.467828 0.0122037 0.452607 0.0242588
443 0.467431 0.0122236 0.459716 0.0242893
444 0.46816 0.0122392 0.457346 0.0242797
445 0.468447 0.0122599 0.454976 0.0242695
446 0.467978 0.0122289 0.450237 0.0242475
447 0.468242 0.0122588 0.452607 0.0242588
448 0.46876 0.0122472 0.447867 0.0242357
449 0.469359 0.0122641 0.450237 0.0242475
450 0.46971 0.0122655 0.447867 0.0242357
451 0.470419 0.012243 0.450237 0.0242475
452 0.470405 0.012268 0.447867 0.0242357
453 0.469574 0.0122517 0.445498 0.0242233
454 0.470484 0.0122588 0.452607 0.0242588
455 0.470021 0.012259 0.452607 0.0242588
456 0.470071 0.0122828 0.452607 0.0242588
457 0.470719 0.0122913 0.450237 0.0242475
458 0.470785 0.0123045 0.450237 0.0242475
459 0.470889 0.0123264 0.452607 0.0242588
460 0.471087 0.0123383 0.454976 0.0242695
461 0.47142 0.0123597 0.454976 0.0242695
462 0.471748 0.0123521 0.454976 0.0242695
463 0.471553 0.0123569 0.452607 0.0242588
464 0.472353 0.012374 0.457346 0.0242797
465 0.473019 0.0123574 0.450237 0.0242475
466 0.472911 0.0123561 0.457346 0.0242797
467 0.473953 0.0123579 0.452607 0.0242588
468 0.474009 0.0123737 0.450237 0.0242475
469 0.474153 0.0123682 0.452607 0.0242588
470 0.474307 0.0123318 0.452607 0.0242588
471 0.474035 0.0123404 0.452607 0.0242588
472 0.474465 0.0123631 0.457346 0.0242797
473 0.474775 0.0123446 0.457346 0.0242797
474 0.475208 0.0123556 0.464455 0.0243069
475 0.475554 0.012343 0.464455 0.0243069
476 0.476133 0.0123306 0.462085 0.0242983
477 0.475975 0.0123425 0.457346 0.0242797
478 0.476121 0.0123357 0.454976 0.0242695
479 0.476149 0.0123444 0.454976 0.0242695
480 0.476595 0.0123679 0.454976 0.0242695
481 0.476922 0.0123724 0.459716 0.0242893
482 0.476742 0.0123741 0.459716 0.0242893
483 0.476587 0.0123461 0.457346 0.0242797
484 0.477142 0.0123587 0.459716 0.0242893
485 0.477027 0.0123555 0.457346 0.0242797
486 0.477367 0.0123325 0.452607 0.0242588
487 0.478129 0.0123167 0.452607 0.0242588
488 0.478568 0.0123101 0.447867 0.0242357
489 0.478962 0.0122998 0.443128 0.0242104
490 0.478756 0.0122801 0.452607 0.0242588
491 0.478507 0.0122905 0.450237 0.0242475
492 0.479148 0.0123077 0.450237 0.0242475
493 0.479323 0.0122963 0.454976 0.0242695
494 0.479679 0.0123206 0.452607 0.0242588
495 0.47983 0.0123374 0.452607 0.0242588
496 0.480837 0.012352 0.450237 0.0242475
497 0.481123 0.0123605 0.452607 0.0242588
498 0.481455 0.0123703 0.452607 0.0242588
499 0.481691 0.0123472 0.450237 0.0242475
500 0.481754 0.0123492 0.452607 0.0242588
501 0.482327 0.0123362 0.443128 0.0242104
502 0.481981 0.0123314 0.438389 0.0241828
503 0.482172 0.0123155 0.445498 0.0242233
504 0.482437 0.0123084 0.436019 0.0241682
505 0.481727 0.0123 0.445498 0.0242233
506 0.482316 0.0122978 0.447867 0.0242357
507 0.481922 0.0123226 0.450237 0.0242475
508 0.482678 0.0123271 0.454976 0.0242695
509 0.48247 0.0123118 0.450237 0.0242475
510 0.482697 0.0123462 0.452607 0.0242588
511 0.482977 0.0123478 0.454976 0.0242695
512 0.48285 0.0123467 0.452607 0.0242588
513 0.482477 0.0123525 0.452607 0.0242588
514 0.481961 0.012376 0.452607 0.0242588
515 0.482582 0.0123665 0.452607 0.0242588
516 0.482496 0.0123614 0.452607 0.0242588
517 0.482717 0.0123439 0.454976 0.0242695
518 0.482821 0.012384 0.445498 0.0242233
519 0.483236 0.0123612 0.443128 0.0242104
520 0.482975 0.0123552 0.443128 0.0242104
521 0.483082 0.0123585 0.447867 0.0242357
522 0.483345 0.0123499 0.447867 0.0242357
523 0.483796 0.0123409 0.445498 0.0242233
524 0.48472 0.0123507 0.450237 0.0242475
525 0.485128 0.0123926 0.447867 0.0242357
526 0.484728 0.0123879 0.447867 0.0242357
527 0.485106 0.0123651 0.447867 0.0242357
528 0.485045 0.0123782 0.447867 0.0242357
529 0.485541 0.0123776 0.450237 0.0242475
530 0.485623 0.01237 0.452607 0.0242588
531 0.484954 0.012371 0.450237 0.0242475
532 0.485477 0.0123552 0.450237 0.0242475
533 0.485226 0.0123509 0.447867 0.0242357
534 0.485743 0.0123319 0.443128 0.0242104
535 0.484934 0.0123428 0.440758 0.0241969
536 0.485081 0.0123641 0.450237 0.0242475
537 0.484897 0.0123378 0.452607 0.0242588
538 0.485314 0.0123571 0.454976 0.0242695
539 0.485275 0.0123786 0.457346 0.0242797
540 0.485071 0.0123678 0.462085 0.0242983
541 0.485236 0.0123765 0.457346 0.0242797
542 0.485009 0.0123731 0.454976 0.0242695
543 0.48499 0.0123385 0.450237 0.0242475
544 0.485204 0.0123428 0.450237 0.0242475
545 0.485696 0.0123431 0.450237 0.0242475
546 0.485121 0.0123573 0.452607 0.0242588
547 0.484899 0.0123745 0.454976 0.0242695
548 0.484597 0.0123866 0.454976 0.0242695
549 0.484246 0.0123817 0.454976 0.0242695
550 0.484207 0.0124037 0.450237 0.0242475
551 0.484699 0.0123887 0.450237 0.0242475
552 0.484944 0.0123938 0.450237 0.0242475
553 0.484149 0.0124058 0.452607 0.0242588
554 0.484577 0.0123966 0.454976 0.0242695
555 0.484622 0.0123815 0.452607 0.0242588
556 0.484661 0.012409 0.454976 0.0242695
557 0.48473 0.0124242 0.457346 0.0242797
558 0.484737 0.0124112 0.457346 0.0242797
559 0.485359 0.0124225 0.454976 0.0242695
560 0.48519 0.0124047 0.452607 0.0242588
561 0.485715 0.0124011 0.452607 0.0242588
562 0.485574 0.0123902 0.454976 0.0242695
563 0.485562 0.0124027 0.457346 0.0242797
564 0.486164 0.0124133 0.454976 0.0242695
565 0.485863 0.0124354 0.457346 0.0242797
566 0.485966 0.0124447 0.462085 0.0242983
567 0.486004 0.0124429 0.452607 0.0242588
568 0.486168 0.0124504 0.454976 0.0242695
569 0.487025 0.0124309 0.450237 0.0242475
570 0.487127 0.0124506 0.440758 0.0241969
571 0.487448 0.0124555 0.440758 0.0241969
572 0.487621 0.0124395 0.447867 0.0242357
573 0.487695 0.0124725 0.445498 0.0242233
574 0.487922 0.0124654 0.447867 0.0242357
575 0.488018 0.0124729 0.450237 0.0242475
576 0.488251 0.0124674 0.445498 0.0242233
577 0.48826 0.0124615 0.443128 0.0242104
578 0.488191 0.0124526 0.440758 0.0241969
579 0.488212 0.0124658 0.447867 0.0242357
580 0.488482 0.0124762 0.443128 0.0242104
581 0.488673 0.0124718 0.445498 0.0242233
582 0.488297 0.0124593 0.454976 0.0242695
583 0.488742 0.0124409 0.443128 0.0242104
584 0.488483 0.0124387 0.438389 0.0241828
585 0.488986 0.0124477 0.438389 0.0241828
586 0.489253 0.0124347 0.436019 0.0241682
587 0.489473 0.0124349 0.438389 0.0241828
588 0.489509 0.0124567 0.43128 0.0241373
589 0.489083 0.0124546 0.438389 0.0241828
590 0.489085 0.0124385 0.443128 0.0242104
591 0.489142 0.0124501 0.438389 0.0241828
592 0.489201 0.0124574 0.438389 0.0241828
593 0.489618 0.0124647 0.43128 0.0241373
594 0.489645 0.0124602 0.43128 0.0241373
595 0.489387 0.0124512 0.42891 0.0241209
596 0.489909 0.0124782 0.424171 0.0240866
597 0.489313 0.0124584 0.43128 0.0241373
598 0.489325 0.0124252 0.43128 0.0241373
599 0.489331 0.012424 0.42891 0.0241209
600 0.489308 0.0124031 0.42891 0.0241209
601 0.488911 0.012429 0.433649 0.024153
602 0.488968 0.0124232 0.43128 0.0241373
603 0.488957 0.0124291 0.436019 0.0241682
604 0.488894 0.0124127 0.438389 0.0241828
605 0.489048 0.0124251 0.440758 0.0241969
606 0.489012 0.0124289 0.440758 0.0241969
607 0.488611 0.0124305 0.443128 0.0242104
608 0.488525 0.0124299 0.443128 0.0242104
609 0.489025 0.0124386 0.443128 0.0242104
610 0.488429 0.0124372 0.443128 0.0242104
611 0.488193 0.0124411 0.443128 0.0242104
612 0.488147 0.0124527 0.443128 0.0242104
613 0.488952 0.0124741 0.447867 0.0242357
614 0.489067 0.0124723 0.447867 0.0242357
615 0.488738 0.0124854 0.450237 0.0242475
616 0.488637 0.012493 0.450237 0.0242475
617 0.489053 0.0125075 0.443128 0.0242104
618 0.489298 0.0125219 0.443128 0.0242104
619 0.489689 0.0125111 0.440758 0.0241969
620 0.49031 0.0125027 0.436019 0.0241682
621 0.490454 0.012483 0.436019 0.0241682
622 0.490285 0.0125069 0.433649 0.024153
623 0.490292 0.0125106 0.43128 0.0241373
624 0.490306 0.0125112 0.433649 0.024153
625 0.490627 0.0125312 0.436019 0.0241682
626 0.489768 0.0125077 0.433649 0.024153
627 0.489382 0.0124756 0.433649 0.024153
628 0.48957 0.012492 0.436019 0.0241682
629 0.489733 0.0124699 0.436019 0.0241682
630 0.48948 0.012482 0.440758 0.0241969
631 0.489588 0.0124686 0.436019 0.0241682
632 0.48935 0.0124717 0.438389 0.0241828
633 0.489592 0.0124632 0.438389 0.0241828
634 0.489278 0.0124481 0.436019 0.0241682
635 0.489681 0.0124427 0.438389 0.0241828
636 0.488891 0.0124109 0.438389 0.0241828
637 0.488862 0.0124208 0.438389 0.0241828
638 0.489155 0.0124371 0.438389 0.0241828
639 0.489281 0.0124282 0.42654 0.0241041
640 0.489861 0.0124216 0.433649 0.024153
641 0.490254 0.0124107 0.433649 0.024153
642 0.489742 0.0124038 0.43128 0.0241373
643 0.48945 0.0123723 0.42654 0.0241041
644 0.490352 0.0123874 0.419431 0.0240501
645 0.490314 0.012363 0.433649 0.024153
646 0.490755 0.0123558 0.43128 0.0241373
647 0.490853 0.0123592 0.42891 0.0241209
648 0.490675 0.012364 0.42654 0.0241041
649 0.490792 0.012371 0.42654 0.0241041
650 0.490444 0.0123941 0.43128 0.0241373
651 0.489902 0.0123839 0.433649 0.024153
652 0.489797 0.0123832 0.436019 0.0241682
653 0.490155 0.0123839 0.433649 0.024153
654 0.489382 0.0123945 0.445498 0.0242233
655 0.489819 0.0123833 0.452607 0.0242588
656 0.490066 0.0124037 0.445498 0.0242233
657 0.489555 0.0124084 0.443128 0.0242104
658 0.489336 0.0123953 0.443128 0.0242104
659 0.489239 0.0123951 0.450237 0.0242475
660 0.488729 0.012412 0.447867 0.0242357
661 0.488273 0.0123946 0.452607 0.0242588
662 0.488363 0.0124156 0.447867 0.0242357
663 0.48883 0.0124018 0.447867 0.0242357
664 0.48812 0.0124277 0.445498 0.0242233
665 0.488111 0.0124268 0.445498 0.0242233
666 0.488345 0.0124307 0.447867 0.0242357
667 0.48827 0.0124009 0.443128 0.0242104
668 0.488796 0.0123833 0.443128 0.0242104
669 0.48863 0.0123747 0.443128 0.0242104
670 0.489257 0.0123746 0.438389 0.0241828
671 0.489149 0.012373 0.443128 0.0242104
672 0.489999 0.0123654 0.438389 0.0241828
673 0.489785 0.0123901 0.440758 0.0241969
674 0.490052 0.0123923 0.443128 0.0242104
675 0.489943 0.012368 0.440758 0.0241969
676 0.489964 0.0123996 0.443128 0.0242104
677 0.489913 0.012394 0.440758 0.0241969
678 0.490416 0.0123978 0.433649 0.024153
679 0.490451 0.0123893 0.433649 0.024153
680 0.490923 0.0123943 0.438389 0.0241828
681 0.490739 0.0123922 0.436019 0.0241682
682 0.490878 0.012412 0.436019 0.0241682
683 0.491031 0.0123918 0.436019 0.0241682
684 0.491474 0.0123752 0.433649 0.024153
685 0.492532 0.0123818 0.433649 0.024153
686 0.492493 0.0123839 0.438389 0.0241828
687 0.492776 0.0123949 0.445498 0.0242233
688 0.492848 0.0123853 0.445498 0.0242233
689 0.493295 0.012379 0.438389 0.0241828
690 0.493398 0.0123855 0.433649 0.024153
691 0.494017 0.0123817 0.436019 0.0241682
692 0.493951 0.0123611 0.43128 0.0241373
693 0.493775 0.0123765 0.440758 0.0241969
694 0.493933 0.0123712 0.436019 0.0241682
695 0.493588 0.0123733 0.440758 0.0241969
696 0.493624 0.0123909 0.438389 0.0241828
697 0.493826 0.0123978 0.438389 0.0241828
698 0.493149 0.0123906 0.438389 0.0241828
699 0.493453 0.0124139 0.443128 0.0242104
700 0.49331 0.0124297 0.433649 0.024153
701 0.49331 0.0124168 0.43128 0.0241373
702 0.493159 0.0124201 0.433649 0.024153
703 0.493174 0.0124262 0.42891 0.0241209
704 0.492661 0.01243 0.43128 0.0241373
705 0.4931 0.0124179 0.436019 0.0241682
706 0.492893 0.0123899 0.43128 0.0241373
707 0.492542 0.0123965 0.42891 0.0241209
708 0.491833 0.0123859 0.43128 0.0241373
709 0.492113 0.0123814 0.42654 0.0241041
710 0.491869 0.0123695 0.42891 0.0241209
711 0.492197 0.0123989 0.42891 0.0241209
712 0.492374 0.0124111 0.42891 0.0241209
713 0.492286 0.0124143 0.42891 0.0241209
714 0.492645 0.0124252 0.42891 0.0241209
715 0.493379 0.0124312 0.43128 0.0241373
716 0.493898 0.0124321 0.42891 0.0241209
717 0.493638 0.0124397 0.438389 0.0241828
718 0.494193 0.0123942 0.42654 0.0241041
719 0.494035 0.0124027 0.42654 0.0241041
720 0.493842 0.0124106 0.43128 0.0241373
721 0.494515 0.0124039 0.424171 0.0240866
722 0.49473 0.0124168 0.424171 0.0240866
723 0.494376 0.0124115 0.433649 0.024153
724 0.494119 0.0124174 0.42654 0.0241041
725 0.494243 0.0124127 0.433649 0.024153
726 0.494699 0.0124197 0.433649 0.024153
727 0.494075 0.0124159 0.433649 0.024153
728 0.493998 0.0124074 0.421801 0.0240686
729 0.493398 0.0124014 0.42654 0.0241041
730 0.493689 0.0124167 0.42891 0.0241209
731 0.494503 0.0124108 0.43128 0.0241373
732 0.493744 0.0124021 0.42891 0.0241209
733 0.493373 0.0124001 0.424171 0.0240866
734 0.492991 0.012382 0.421801 0.0240686
735 0.49314 0.0124025 0.421801 0.0240686
736 0.493486 0.0123926 0.42654 0.0241041
737 0.493692 0.0123874 0.42654 0.0241041
738 0.493015 0.0123806 0.43128 0.0241373
739 0.492941 0.0123928 0.43128 0.0241373
740 0.492973 0.012413 0.43128 0.0241373
741 0.493057 0.0124162 0.43128 0.0241373
742 0.492658 0.0123981 0.433649 0.024153
743 0.492288 0.012413 0.436019 0.0241682
744 0.492234 0.0123985 0.436019 0.0241682
745 0.492222 0.0123827 0.433649 0.024153
746 0.491919 0.0123696 0.433649 0.024153
747 0.492258 0.0123479 0.42891 0.0241209
748 0.492347 0.0123405 0.43128 0.0241373
749 0.49189 0.0123429 0.42891 0.0241209
750 0.49245 0.0123543 0.433649 0.024153
751 0.49251 0.0123706 0.440758 0.0241969
752 0.492638 0.012386 0.443128 0.0242104
753 0.493018 0.0123963 0.43128 0.0241373
754 0.492649 0.0123932 0.433649 0.024153
755 0.493219 0.0123806 0.424171 0.0240866
756 0.493398 0.0123847 0.43128 0.0241373
757 0.493398 0.0123847 0.43128 0.0241373
758 0.492793 0.0123807 0.424171 0.0240866
759 0.492859 0.0123868 0.43128 0.0241373
760 0.492365 0.0123965 0.433649 0.024153
761 0.491773 0.0124128 0.433649 0.024153
762 0.491179 0.0124231 0.433649 0.024153
763 0.491499 0.0124393 0.42891 0.0241209
764 0.491256 0.0124313 0.436019 0.0241682
765 0.490724 0.0124384 0.438389 0.0241828
766 0.490232 0.0124582 0.433649 0.024153
767 0.489994 0.0124575 0.436019 0.0241682
768 0.489596 0.0124613 0.436019 0.0241682
769 0.489829 0.0124865 0.443128 0.0242104
770 0.489577 0.0124853 0.436019 0.0241682
771 0.489723 0.0124786 0.440758 0.0241969
772 0.48993 0.0124787 0.433649 0.024153
773 0.489922 0.0124859 0.436019 0.0241682
774 0.489244 0.0124936 0.436019 0.0241682
775 0.48952 0.0124574 0.440758 0.0241969
776 0.489287 0.0124492 0.445498 0.0242233
777 0.489222 0.0124306 0.445498 0.0242233
778 0.48947 0.0124691 0.440758 0.0241969
779 0.488777 0.0124618 0.447867 0.0242357
780 0.489265 0.0124661 0.452607 0.0242588
781 0.489701 0.0124722 0.445498 0.0242233
782 0.489129 0.0124736 0.445498 0.0242233
783 0.489044 0.0124566 0.443128 0.0242104
784 0.488807 0.0124653 0.443128 0.0242104
785 0.489205 0.012473 0.440758 0.0241969
786 0.489498 0.0124574 0.443128 0.0242104
787 0.489701 0.0124625 0.440758 0.0241969
788 0.489838 0.0124784 0.445498 0.0242233
789 0.489495 0.0124722 0.445498 0.0242233
790 0.489444 0.0124612 0.450237 0.0242475
791 0.489596 0.012451 0.447867 0.0242357
792 0.489563 0.0124587 0.445498 0.0242233
793 0.489696 0.0124841 0.443128 0.0242104
794 0.490299 0.0124747 0.438389 0.0241828
795 0.490006 0.012469 0.440758 0.0241969
796 0.490483 0.0124717 0.440758 0.0241969
797 0.490883 0.0124658 0.440758 0.0241969
798 0.491268 0.0124361 0.43128 0.0241373
799 0.491882 0.0124338 0.433649 0.024153
800 0.491427 0.0124217 0.440758 0.0241969
801 0.491879 0.0124121 0.436019 0.0241682
802 0.491857 0.0123908 0.436019 0.0241682
803 0.492148 0.012385 0.438389 0.0241828
804 0.492351 0.0123865 0.445498 0.0242233
805 0.492427 0.0123809 0.445498 0.0242233
806 0.492296 0.012402 0.443128 0.0242104
807 0.492838 0.012404 0.440758 0.0241969
808 0.493042 0.0123765 0.440758 0.0241969
809 0.49279 0.0123726 0.43128 0.0241373
810 0.492594 0.0123889 0.440758 0.0241969
811 0.492246 0.0123968 0.440758 0.0241969
812 0.492545 0.0124059 0.440758 0.0241969
813 0.492053 0.0124024 0.438389 0.0241828
814 0.492071 0.012401 0.438389 0.0241828
815 0.492058 0.0123986 0.43128 0.0241373
816 0.492582 0.0124405 0.43128 0.0241373
817 0.492028 0.0124128 0.443128 0.0242104
818 0.491996 0.0124374 0.433649 0.024153
819 0.491588 0.0124303 0.436019 0.0241682
820 0.490926 0.0124332 0.436019 0.0241682
821 0.490945 0.0124351 0.436019 0.0241682
822 0.490711 0.0124278 0.436019 0.0241682
823 0.491177 0.012448 0.440758 0.0241969
824 0.490184 0.0124503 0.438389 0.0241828
825 0.49073 0.0124425 0.438389 0.0241828
826 0.490645 0.0124461 0.438389 0.0241828
827 0.490947 0.0124492 0.438389 0.0241828
828 0.491217 0.0124552 0.440758 0.0241969
829 0.491422 0.0124525 0.440758 0.0241969
830 0.491583 0.0124417 0.440758 0.0241969
831 0.491728 0.0124292 0.438389 0.0241828
832 0.49175 0.0124193 0.438389 0.0241828
833 0.491898 0.0124257 0.438389 0.0241828
834 0.492184 0.0124166 0.438389 0.0241828
835 0.492256 0.0124091 0.440758 0.0241969
836 0.492401 0.0124484 0.440758 0.0241969
837 0.49178 0.0124905 0.438389 0.0241828
838 0.491212 0.0124709 0.436019 0.0241682
839 0.491896 0.0124697 0.436019 0.0241682
840 0.49188 0.0124637 0.443128 0.0242104
841 0.491341 0.0124652 0.438389 0.0241828
842 0.491229 0.0124451 0.438389 0.0241828
843 0.491417 0.0124456 0.438389 0.0241828
844 0.490695 0.0124486 0.440758 0.0241969
845 0.491141 0.0124441 0.438389 0.0241828
846 0.491176 0.0124453 0.436019 0.0241682
847 0.490732 0.0124498 0.438389 0.0241828
848 0.491608 0.0124557 0.440758 0.0241969
849 0.491854 0.0124479 0.43128 0.0241373
850 0.492233 0.0124246 0.436019 0.0241682
851 0.491614 0.0124241 0.433649 0.024153
852 0.491528 0.0124289 0.438389 0.0241828
853 0.491838 0.0124361 0.436019 0.0241682
854 0.49231 0.0124382 0.440758 0.0241969
855 0.492207 0.0124172 0.436019 0.0241682
856 0.492138 0.0123959 0.440758 0.0241969
857 0.491728 0.0123664 0.438389 0.0241828
858 0.491966 0.0123841 0.436019 0.0241682
859 0.491666 0.0123803 0.436019 0.0241682
860 0.491616 0.0123858 0.433649 0.024153
861 0.492379 0.012392 0.43128 0.0241373
862 0.492438 0.01241 0.438389 0.0241828
863 0.49323 0.0124325 0.433649 0.024153
864 0.493051 0.0124238 0.438389 0.0241828
865 0.492503 0.0124355 0.436019 0.0241682
866 0.492731 0.0124438 0.440758 0.0241969
867 0.492894 0.0124421 0.438389 0.0241828
868 0.49259 0.0124748 0.438389 0.0241828
869 0.492335 0.012451 0.433649 0.024153
870 0.492176 0.0124507 0.433649 0.024153
871 0.491579 0.0124759 0.440758 0.0241969
872 0.491345 0.0124573 0.443128 0.0242104
873 0.491618 0.0124622 0.443128 0.0242104
874 0.491655 0.0124669 0.443128 0.0242104
875 0.491606 0.0124254 0.440758 0.0241969
876 0.491996 0.0124038 0.445498 0.0242233
877 0.491868 0.012386 0.440758 0.0241969
878 0.491618 0.0123664 0.440758 0.0241969
879 0.491097 0.0123911 0.447867 0.0242357
880 0.490697 0.0123712 0.450237 0.0242475
881 0.490767 0.0123563 0.450237 0.0242475
882 0.490307 0.0123754 0.443128 0.0242104
883 0.490392 0.012358 0.440758 0.0241969
884 0.490401 0.0123683 0.450237 0.0242475
885 0.490736 0.0123746 0.452607 0.0242588
886 0.491038 0.0123649 0.450237 0.0242475
887 0.49094 0.0123653 0.447867 0.0242357
888 0.491572 0.0123543 0.440758 0.0241969
889 0.491341 0.0123632 0.443128 0.0242104
890 0.491695 0.0123561 0.436019 0.0241682
891 0.491487 0.012349 0.443128 0.0242104
892 0.491768 0.0123581 0.443128 0.0242104
893 0.491486 0.0123518 0.438389 0.0241828
894 0.491165 0.0123417 0.447867 0.0242357
895 0.49088 0.01235 0.445498 0.0242233
896 0.49107 0.0123709 0.445498 0.0242233
897 0.491617 0.0123824 0.445498 0.0242233
898 0.491362 0.0123781 0.445498 0.0242233
899 0.491918 0.0123909 0.445498 0.0242233
900 0.492052 0.0123895 0.443128 0.0242104
901 0.492278 0.0123937 0.436019 0.0241682
902 0.49131 0.0123784 0.440758 0.0241969
903 0.491567 0.0124015 0.438389 0.0241828
904 0.49159 0.0124108 0.447867 0.0242357
905 0.491984 0.0124011 0.440758 0.0241969
906 0.492117 0.0123928 0.436019 0.0241682
907 0.49274 0.0123934 0.42891 0.0241209
908 0.493154 0.0123737 0.433649 0.024153
909 0.493357 0.0123796 0.433649 0.024153
910 0.492745 0.0123679 0.42891 0.0241209
911 0.492356 0.0123545 0.436019 0.0241682
912 0.492514 0.0123566 0.436019 0.0241682
913 0.492656 0.0123485 0.436019 0.0241682
914 0.492581 0.0123721 0.443128 0.0242104
915 0.493087 0.0123662 0.436019 0.0241682
916 0.492404 0.0123653 0.443128 0.0242104
917 0.492274 0.0123792 0.433649 0.024153
918 0.49229 0.0123798 0.436019 0.0241682
919 0.492807 0.0123727 0.436019 0.0241682
920 0.492996 0.0123812 0.440758 0.0241969
921 0.493162 0.0124067 0.436019 0.0241682
922 0.492839 0.0124262 0.438389 0.0241828
923 0.493262 0.0124665 0.438389 0.0241828
924 0.493071 0.0124408 0.433649 0.024153
925 0.492881 0.012441 0.436019 0.0241682
926 0.493344 0.0124119 0.43128 0.0241373
927 0.493707 0.0123908 0.42891 0.0241209
928 0.494017 0.0123815 0.42654 0.0241041
929 0.494416 0.0123669 0.42891 0.0241209
930 0.494851 0.0123558 0.433649 0.024153
931 0.494831 0.012338 0.42891 0.0241209
932 0.495428 0.0123597 0.42891 0.0241209
933 0.495333 0.0123468 0.42891 0.0241209
934 0.495491 0.0123816 0.42654 0.0241041
935 0.49526 0.0123802 0.43128 0.0241373
936 0.495836 0.012389 0.424171 0.0240866
937 0.495609 0.0123901 0.424171 0.0240866
938 0.496347 0.0123896 0.421801 0.0240686
939 0.496385 0.0123875 0.419431 0.0240501
940 0.496144 0.0123698 0.419431 0.0240501
941 0.496205 0.0123622 0.421801 0.0240686
942 0.496279 0.0123661 0.43128 0.0241373
943 0.496312 0.0123354 0.421801 0.0240686
944 0.495755 0.0123344 0.424171 0.0240866
945 0.494934 0.0123225 0.424171 0.0240866
946 0.494231 0.0123602 0.421801 0.0240686
947 0.494263 0.0123448 0.42891 0.0241209
948 0.494011 0.0123588 0.42891 0.0241209
949 0.494419 0.0123407 0.421801 0.0240686
950 0.494431 0.0123271 0.42654 0.0241041
951 0.493939 0.0123113 0.42891 0.0241209
952 0.493645 0.0123336 0.42654 0.0241041
953 0.493639 0.0123367 0.42654 0.0241041
954 0.493548 0.0123276 0.43128 0.0241373
955 0.493944 0.0123203 0.42891 0.0241209
956 0.493818 0.0123331 0.42891 0.0241209
957 0.494086 0.0123349 0.42891 0.0241209
958 0.493207 0.0123325 0.43128 0.0241373
959 0.493622 0.0123531 0.42891 0.0241209
960 0.49383 0.0123562 0.436019 0.0241682
961 0.493508 0.01234 0.433649 0.024153
962 0.493417 0.0123297 0.438389 0.0241828
963 0.49354 0.0123207 0.436019 0.0241682
964 0.493884 0.0123207 0.438389 0.0241828
965 0.493659 0.0123343 0.436019 0.0241682
966 0.493798 0.0123514 0.440758 0.0241969
967 0.492996 0.0123516 0.440758 0.0241969
968 0.493172 0.012322 0.433649 0.024153
969 0.493056 0.0122969 0.438389 0.0241828
970 0.492921 0.0123134 0.42891 0.0241209
971 0.493291 0.0123056 0.433649 0.024153
972 0.493103 0.0123135 0.42654 0.0241041
973 0.493416 0.0123246 0.424171 0.0240866
974 0.49376 0.0123378 0.424171 0.0240866
975 0.492297 0.0123512 0.42654 0.0241041
976 0.492204 0.0123659 0.42891 0.0241209
977 0.492283 0.0123682 0.433649 0.024153
978 0.492423 0.0123451 0.43128 0.0241373
979 0.492267 0.0123547 0.43128 0.0241373
980 0.492412 0.0123552 0.433649 0.024153
981 0.492341 0.0123396 0.433649 0.024153
982 0.492419 0.0123141 0.433649 0.024153
983 0.492315 0.0123088 0.43128 0.0241373
984 0.491492 0.0123408 0.43128 0.0241373
985 0.491638 0.0123324 0.438389 0.0241828
986 0.492384 0.0123356 0.438389 0.0241828
987 0.492151 0.0123487 0.443128 0.0242104
988 0.491858 0.0123572 0.443128 0.0242104
989 0.491669 0.0123607 0.440758 0.0241969
990 0.492106 0.0123435 0.445498 0.0242233
991 0.492563 0.0123471 0.440758 0.0241969
992 0.492381 0.0123519 0.440758 0.0241969
993 0.492462 0.0123577 0.443128 0.0242104
994 0.492341 0.0123683 0.445498 0.0242233
995 0.492443 0.0123866 0.445498 0.0242233
996 0.492596 0.0123976 0.445498 0.0242233
997 0.492788 0.0123789 0.445498 0.0242233
998 0.493397 0.0123898 0.443128 0.0242104
999 0.49404 0.0123695 0.433649 0.024153
1000 0.493321 0.0124014 0.438389 0.0241828
1001 0.4934 0.0123786 0.438389 0.0241828
1002 0.493767 0.0123497 0.433649 0.024153
1003 0.493932 0.0123664 0.438389 0.0241828
1004 0.494685 0.0123486 0.433649 0.024153
1005 0.494483 0.0123718 0.433649 0.024153
1006 0.494656 0.0123403 0.433649 0.024153
1007 0.493611 0.0123274 0.436019 0.0241682
1008 0.493704 0.0123308 0.440758 0.0241969
1009 0.493709 0.0123112 0.433649 0.024153
1010 0.493512 0.0123169 0.433649 0.024153
1011 0.49377 0.0123219 0.440758 0.0241969
1012 0.493768 0.0123194 0.438389 0.0241828
1013 0.493048 0.0123068 0.445498 0.0242233
1014 0.493965 0.0123033 0.438389 0.0241828
1015 0.493845 0.0123385 0.436019 0.0241682
1016 0.493597 0.0123252 0.438389 0.0241828
1017 0.494184 0.0123157 0.438389 0.0241828
1018 0.49431 0.0122988 0.433649 0.024153
1019 0.493556 0.0123017 0.443128 0.0242104
1020 0.493242 0.0123068 0.440758 0.0241969
1021 0.493462 0.012335 0.440758 0.0241969
1022 0.492895 0.0123224 0.438389 0.0241828
1023 0.493122 0.0123307 0.436019 0.0241682
1024 0.493045 0.0123216 0.433649 0.024153
1025 0.492996 0.0123281 0.440758 0.0241969
1026 0.493068 0.0123598 0.433649 0.024153
1027 0.492849 0.0123414 0.43128 0.0241373
1028 0.493361 0.0123531 0.42654 0.0241041
1029 0.493085 0.0123582 0.42654 0.0241041
1030 0.493458 0.0123675 0.43128 0.0241373
1031 0.493698 0.0123869 0.42654 0.0241041
1032 0.49352 0.0123835 0.43128 0.0241373
1033 0.494027 0.0123806 0.436019 0.0241682
1034 0.494567 0.0123924 0.42891 0.0241209
1035 0.494003 0.0123873 0.433649 0.024153
1036 0.494321 0.0123874 0.433649 0.024153
1037 0.49458 0.0123815 0.438389 0.0241828
1038 0.494368 0.0123769 0.433649 0.024153
1039 0.49525 0.0123707 0.438389 0.0241828
1040 0.495657 0.0123659 0.440758 0.0241969
1041 0.495632 0.0123468 0.438389 0.0241828
1042 0.495162 0.0123755 0.433649 0.024153
1043 0.495503 0.0123606 0.43128 0.0241373
1044 0.495304 0.0123606 0.436019 0.0241682
1045 0.495145 0.0123573 0.440758 0.0241969
1046 0.494825 0.0123448 0.43128 0.0241373
1047 0.49521 0.0123331 0.42891 0.0241209
1048 0.494758 0.0123602 0.438389 0.0241828
1049 0.495237 0.0123651 0.438389 0.0241828
1050 0.494609 0.0123508 0.440758 0.0241969
1051 0.493829 0.0123558 0.438389 0.0241828
1052 0.493744 0.0123472 0.438389 0.0241828
1053 0.493977 0.0123676 0.436019 0.0241682
1054 0.494034 0.0123734 0.438389 0.0241828
1055 0.493387 0.0123761 0.440758 0.0241969
1056 0.49293 0.0123666 0.433649 0.024153
1057 0.493292 0.0123683 0.43128 0.0241373
1058 0.493264 0.012395 0.433649 0.024153
1059 0.493863 0.0123676 0.436019 0.0241682
1060 0.49312 0.0123833 0.436019 0.0241682
1061 0.49351 0.0123619 0.440758 0.0241969
1062 0.493608 0.0123493 0.436019 0.0241682
1063 0.493738 0.012325 0.440758 0.0241969
1064 0.493865 0.0123327 0.433649 0.024153
1065 0.493468 0.0123314 0.438389 0.0241828
1066 0.493817 0.0123311 0.440758 0.0241969
1067 0.494323 0.0123169 0.438389 0.0241828
1068 0.494429 0.0123251 0.445498 0.0242233
1069 0.495302 0.0123318 0.438389 0.0241828
1070 0.49496 0.0123477 0.443128 0.0242104
1071 0.494947 0.0123717 0.433649 0.024153
1072 0.49438 0.0123645 0.436019 0.0241682
1073 0.494785 0.0123674 0.436019 0.0241682
1074 0.494183 0.0123811 0.438389 0.0241828
1075 0.494628 0.0123533 0.433649 0.024153
1076 0.494248 0.0123384 0.443128 0.0242104
1077 0.495064 0.012331 0.436019 0.0241682
1078 0.495021 0.0123195 0.436019 0.0241682
1079 0.494925 0.0123353 0.436019 0.0241682
1080 0.4948 0.0123526 0.433649 0.024153
1081 0.49425 0.0123618 0.440758 0.0241969
1082 0.494288 0.0123558 0.438389 0.0241828
1083 0.49496 0.0123491 0.438389 0.0241828
1084 0.494715 0.0123661 0.433649 0.024153
1085 0.494052 0.0123365 0.436019 0.0241682
1086 0.494701 0.0123534 0.445498 0.0242233
1087 0.494259 0.0123338 0.440758 0.0241969
1088 0.49395 0.0123474 0.436019 0.0241682
1089 0.493806 0.0123503 0.436019 0.0241682
1090 0.493796 0.0123802 0.436019 0.0241682
1091 0.493782 0.0123712 0.436019 0.0241682
1092 0.493566 0.012369 0.443128 0.0242104
1093 0.493987 0.0124008 0.443128 0.0242104
1094 0.493922 0.012444 0.445498 0.0242233
1095 0.494506 0.0124603 0.438389 0.0241828
1096 0.494439 0.0124631 0.438389 0.0241828
1097 0.494796 0.0124627 0.443128 0.0242104
1098 0.494242 0.0124704 0.447867 0.0242357
1099 0.494044 0.0124628 0.445498 0.0242233
1100 0.495209 0.0124629 0.443128 0.0242104
1101 0.494742 0.0124875 0.445498 0.0242233
1102 0.49498 0.0125143 0.450237 0.0242475
1103 0.494918 0.0124846 0.443128 0.0242104
1104 0.494842 0.0124803 0.443128 0.0242104
1105 0.494824 0.0124817 0.440758 0.0241969
1106 0.494745 0.0124626 0.445498 0.0242233
1107 0.494923 0.0124696 0.445498 0.0242233
1108 0.495063 0.0124508 0.43128 0.0241373
1109 0.495167 0.0124561 0.436019 0.0241682
1110 0.494998 0.0124548 0.443128 0.0242104
1111 0.494974 0.0124582 0.445498 0.0242233
1112 0.494815 0.0124431 0.433649 0.024153
1113 0.495045 0.0124398 0.438389 0.0241828
1114 0.494467 0.0124339 0.43128 0.0241373
1115 0.494152 0.012414 0.433649 0.024153
1116 0.494221 0.0123922 0.440758 0.0241969
1117 0.495072 0.0123736 0.42891 0.0241209
1118 0.49442 0.012377 0.438389 0.0241828
1119 0.494798 0.0124005 0.433649 0.024153
1120 0.495015 0.0124055 0.42654 0.0241041
1121 0.494911 0.0123926 0.433649 0.024153
1122 0.495031 0.0123816 0.436019 0.0241682
1123 0.495148 0.0123945 0.43128 0.0241373
1124 0.4945 0.0123751 0.436019 0.0241682
1125 0.494348 0.0123506 0.43128 0.0241373
1126 0.494197 0.0123537 0.43128 0.0241373
1127 0.494949 0.0123405 0.43128 0.0241373
1128 0.494993 0.0123387 0.42654 0.0241041
1129 0.495022 0.0123416 0.433649 0.024153
1130 0.495124 0.0123258 0.436019 0.0241682
1131 0.49557 0.0123357 0.438389 0.0241828
1132 0.495321 0.0123571 0.436019 0.0241682
1133 0.495534 0.0123304 0.438389 0.0241828
1134 0.495395 0.0123222 0.440758 0.0241969
1135 0.495691 0.0123135 0.440758 0.0241969
1136 0.495193 0.0123179 0.438389 0.0241828
1137 0.495219 0.0123243 0.440758 0.0241969
1138 0.494902 0.0123208 0.433649 0.024153
1139 0.494068 0.0123501 0.438389 0.0241828
1140 0.493797 0.0123242 0.443128 0.0242104
1141 0.493418 0.0122867 0.436019 0.0241682
1142 0.493288 0.0122951 0.43128 0.0241373
1143 0.492685 0.0122905 0.42891 0.0241209
1144 0.492595 0.0123017 0.436019 0.0241682
1145 0.493338 0.0123114 0.43128 0.0241373
1146 0.493173 0.0123126 0.433649 0.024153
1147 0.493477 0.0123117 0.42891 0.0241209
1148 0.493212 0.0122988 0.436019 0.0241682
1149 0.493196 0.0123168 0.43128 0.0241373
1150 0.493344 0.012326 0.42891 0.0241209
1151 0.49294 0.0123132 0.42654 0.0241041
1152 0.492888 0.0123068 0.42891 0.0241209
1153 0.493377 0.0123004 0.421801 0.0240686
1154 0.493487 0.0123158 0.419431 0.0240501
1155 0.493201 0.0123114 0.42891 0.0241209
1156 0.492939 0.0123231 0.42654 0.0241041
1157 0.492849 0.012313 0.419431 0.0240501
1158 0.492666 0.0123258 0.42654 0.0241041
1159 0.492085 0.0123466 0.42654 0.0241041
1160 0.492036 0.0123607 0.421801 0.0240686
1161 0.491376 0.0123613 0.424171 0.0240866
1162 0.491469 0.012373 0.419431 0.0240501
1163 0.491169 0.0123696 0.424171 0.0240866
1164 0.491297 0.0123687 0.42891 0.0241209
1165 0.492289 0.0123666 0.42891 0.0241209
1166 0.492684 0.0123674 0.42654 0.0241041
1167 0.492984 0.0123609 0.42891 0.0241209
1168 0.492631 0.0123431 0.42654 0.0241041
1169 0.492169 0.0123607 0.42654 0.0241041
1170 0.492343 0.0123728 0.42891 0.0241209
1171 0.492316 0.0123564 0.42654 0.0241041
1172 0.492082 0.0123631 0.42891 0.0241209
1173 0.492726 0.0123387 0.421801 0.0240686
1174 0.492441 0.0123566 0.421801 0.0240686
1175 0.492136 0.0123804 0.424171 0.0240866
1176 0.492364 0.0123714 0.42654 0.0241041
1177 0.492034 0.0123961 0.42891 0.0241209
1178 0.49199 0.0124064 0.433649 0.024153
1179 0.491449 0.0123926 0.42654 0.0241041
1180 0.490885 0.0124055 0.42654 0.0241041
1181 0.491081 0.0124257 0.43128 0.0241373
1182 0.491239 0.0124253 0.421801 0.0240686
1183 0.491206 0.0124244 0.42891 0.0241209
1184 0.491315 0.0124165 0.424171 0.0240866
1185 0.491035 0.0124174 0.433649 0.024153
1186 0.49084 0.0124065 0.433649 0.024153
1187 0.491065 0.0124106 0.424171 0.0240866
1188 0.491231 0.0123963 0.436019 0.0241682
1189 0.49149 0.0124027 0.436019 0.0241682
1190 0.49162 0.0124093 0.436019 0.0241682
1191 0.491847 0.0124117 0.42654 0.0241041
1192 0.491526 0.0123934 0.43128 0.0241373
1193 0.491777 0.0124074 0.42891 0.0241209
1194 0.491845 0.0124039 0.42654 0.0241041
1195 0.492035 0.0124236 0.42654 0.0241041
1196 0.492484 0.0124265 0.424171 0.0240866
1197 0.493215 0.01242 0.424171 0.0240866
1198 0.492915 0.0124026 0.424171 0.0240866
1199 0.493235 0.012409 0.42654 0.0241041
1200 0.493637 0.0124264 0.424171 0.0240866
1201 0.493707 0.0124217 0.42654 0.0241041
1202 0.493618 0.012419 0.43128 0.0241373
1203 0.493183 0.0124257 0.43128 0.0241373
1204 0.493398 0.0124168 0.433649 0.024153
1205 0.493545 0.0124109 0.436019 0.0241682
1206 0.494135 0.012416 0.42891 0.0241209
1207 0.494523 0.0124237 0.43128 0.0241373
1208 0.494889 0.0124317 0.43128 0.0241373
1209 0.49486 0.0123801 0.42891 0.0241209
1210 0.494907 0.01238 0.42654 0.0241041
1211 0.495293 0.0123996 0.424171 0.0240866
1212 0.495565 0.0123909 0.424171 0.0240866
1213 0.495655 0.0123911 0.424171 0.0240866
1214 0.495623 0.0124218 0.42654 0.0241041
1215 0.495399 0.0123957 0.42891 0.0241209
1216 0.495797 0.0123994 0.42891 0.0241209
1217 0.49546 0.0124085 0.42654 0.0241041
1218 0.496034 0.0124184 0.42891 0.0241209
1219 0.495864 0.0124071 0.424171 0.0240866
1220 0.496072 0.0123983 0.424171 0.0240866
1221 0.496193 0.0123786 0.421801 0.0240686
1222 0.496184 0.0123815 0.424171 0.0240866
1223 0.496041 0.0123933 0.421801 0.0240686
1224 0.496175 0.0123905 0.42654 0.0241041
1225 0.495534 0.0123705 0.424171 0.0240866
1226 0.495561 0.0123622 0.42654 0.0241041
1227 0.495774 0.0123875 0.421801 0.0240686
1228 0.495589 0.0124078 0.42654 0.0241041
1229 0.495624 0.0124034 0.419431 0.0240501
1230 0.495698 0.0124227 0.419431 0.0240501
1231 0.495327 0.0124171 0.419431 0.0240501
1232 0.494848 0.012445 0.42654 0.0241041
1233 0.494455 0.012442 0.417062 0.0240309
1234 0.49452 0.01244 0.412322 0.0239909
1235 0.494165 0.0124432 0.424171 0.0240866
1236 0.494178 0.0124539 0.43128 0.0241373
1237 0.494805 0.012429 0.421801 0.0240686
1238 0.494162 0.0124148 0.417062 0.0240309
1239 0.494381 0.0124049 0.424171 0.0240866
1240 0.494032 0.0124176 0.42891 0.0241209
1241 0.493881 0.012428 0.421801 0.0240686
1242 0.494149 0.0124361 0.424171 0.0240866
1243 0.49402 0.0124239 0.433649 0.024153
1244 0.494277 0.0123959 0.424171 0.0240866
1245 0.493861 0.0123899 0.42891 0.0241209
1246 0.493891 0.0123959 0.421801 0.0240686
1247 0.494164 0.0124088 0.424171 0.0240866
1248 0.493964 0.0123723 0.424171 0.0240866
1249 0.494041 0.0123881 0.42891 0.0241209
1250 0.494308 0.0124079 0.419431 0.0240501
1251 0.494678 0.0124194 0.421801 0.0240686
1252 0.493888 0.0124181 0.42654 0.0241041
1253 0.494322 0.0124098 0.42891 0.0241209
1254 0.493574 0.0123986 0.42891 0.0241209
1255 0.492813 0.0124168 0.42654 0.0241041
1256 0.493653 0.0124124 0.43128 0.0241373
1257 0.493429 0.0124039 0.42654 0.0241041
1258 0.493692 0.0124155 0.421801 0.0240686
1259 0.494184 0.0124287 0.42891 0.0241209
1260 0.493601 0.0124103 0.424171 0.0240866
1261 0.493329 0.012402 0.438389 0.0241828
1262 0.493872 0.0124016 0.43128 0.0241373
1263 0.494277 0.0124263 0.433649 0.024153
1264 0.494414 0.0124298 0.43128 0.0241373
1265 0.494178 0.0124408 0.440758 0.0241969
1266 0.494714 0.0124296 0.436019 0.0241682
1267 0.494113 0.0124117 0.443128 0.0242104
1268 0.493295 0.0124319 0.440758 0.0241969
1269 0.493762 0.0124668 0.438389 0.0241828
1270 0.493225 0.012442 0.433649 0.024153
1271 0.492854 0.0124655 0.445498 0.0242233
1272 0.492003 0.0124694 0.436019 0.0241682
1273 0.492243 0.0124835 0.436019 0.0241682
1274 0.491935 0.0124639 0.43128 0.0241373
1275 0.491988 0.0124499 0.43128 0.0241373
1276 0.491504 0.0124559 0.42654 0.0241041
1277 0.491673 0.0124275 0.433649 0.024153
1278 0.492207 0.0124515 0.436019 0.0241682
1279 0.492117 0.012445 0.42891 0.0241209
1280 0.491346 0.0124622 0.438389 0.0241828
1281 0.49204 0.0124315 0.43128 0.0241373
1282 0.492202 0.0124124 0.42891 0.0241209
1283 0.492362 0.0123944 0.438389 0.0241828
1284 0.492408 0.0124034 0.42654 0.0241041
1285 0.492359 0.0123993 0.433649 0.024153
1286 0.492232 0.0123978 0.42891 0.0241209
1287 0.492419 0.0123834 0.438389 0.0241828
1288 0.492517 0.0123878 0.424171 0.0240866
1289 0.493057 0.0123902 0.42891 0.0241209
1290 0.493301 0.0124145 0.424171 0.0240866
1291 0.493383 0.012444 0.438389 0.0241828
1292 0.49351 0.0124255 0.433649 0.024153
1293 0.494001 0.0124548 0.436019 0.0241682
1294 0.494374 0.0124484 0.436019 0.0241682
1295 0.495047 0.0124502 0.438389 0.0241828
1296 0.494864 0.0124593 0.438389 0.0241828
1297 0.4947 0.0124326 0.445498 0.0242233
1298 0.494851 0.0124059 0.42891 0.0241209
1299 0.494737 0.0123883 0.424171 0.0240866
1300 0.494164 0.0123962 0.433649 0.024153
1301 0.49395 0.0123945 0.42891 0.0241209
1302 0.493918 0.0123891 0.433649 0.024153
1303 0.494178 0.0124148 0.436019 0.0241682
1304 0.49411 0.0124114 0.421801 0.0240686
1305 0.49469 0.0124158 0.42891 0.0241209
1306 0.494611 0.0124273 0.424171 0.0240866
1307 0.494651 0.0124346 0.43128 0.0241373
1308 0.494277 0.0124596 0.43128 0.0241373
1309 0.493577 0.0124723 0.440758 0.0241969
1310 0.494218 0.0124497 0.438389 0.0241828
1311 0.493741 0.0124661 0.438389 0.0241828
1312 0.493225 0.0124332 0.438389 0.0241828
1313 0.493448 0.0124328 0.436019 0.0241682
1314 0.493633 0.0124189 0.433649 0.024153
1315 0.493576 0.0124037 0.424171 0.0240866
1316 0.493957 0.012435 0.43128 0.0241373
1317 0.493292 0.0124511 0.433649 0.024153
1318 0.493977 0.0124421 0.43128 0.0241373
1319 0.493939 0.0124428 0.43128 0.0241373
1320 0.493945 0.0124347 0.43128 0.0241373
1321 0.494272 0.0124047 0.424171 0.0240866
1322 0.494263 0.0124031 0.421801 0.0240686
1323 0.494461 0.0123938 0.42891 0.0241209
1324 0.494747 0.0123887 0.42654 0.0241041
1325 0.495035 0.0123876 0.42654 0.0241041
1326 0.495081 0.0123941 0.43128 0.0241373
1327 0.495204 0.0124155 0.43128 0.0241373
1328 0.495887 0.0124138 0.433649 0.024153
1329 0.495717 0.012407 0.436019 0.0241682
1330 0.49598 0.0123865 0.433649 0.024153
1331 0.495467 0.012418 0.43128 0.0241373
1332 0.496048 0.0123976 0.42891 0.0241209
1333 0.496303 0.0124007 0.421801 0.0240686
1334 0.496885 0.0124116 0.424171 0.0240866
1335 0.4968 0.0124029 0.419431 0.0240501
1336 0.496644 0.0123943 0.414692 0.0240112
1337 0.496279 0.0123785 0.421801 0.0240686
1338 0.496194 0.0123938 0.419431 0.0240501
1339 0.496162 0.0123964 0.419431 0.0240501
1340 0.495679 0.0123985 0.419431 0.0240501
1341 0.495793 0.0123991 0.419431 0.0240501
1342 0.495055 0.0124096 0.424171 0.0240866
1343 0.495379 0.0124285 0.42654 0.0241041
1344 0.495232 0.0124347 0.43128 0.0241373
1345 0.494931 0.0124469 0.42891 0.0241209
1346 0.49555 0.0124462 0.42891 0.0241209
1347 0.495909 0.0124274 0.43128 0.0241373
1348 0.496148 0.0124404 0.424171 0.0240866
1349 0.49604 0.0124301 0.421801 0.0240686
1350 0.49664 0.0124582 0.421801 0.0240686
1351 0.49635 0.0124783 0.417062 0.0240309
1352 0.496477 0.0124795 0.42654 0.0241041
1353 0.496587 0.0124773 0.419431 0.0240501
1354 0.496192 0.0124733 0.419431 0.0240501
1355 0.49592 0.0124752 0.424171 0.0240866
1356 0.495305 0.012479 0.424171 0.0240866
1357 0.495814 0.0124765 0.42654 0.0241041
1358 0.495478 0.0124985 0.42891 0.0241209
1359 0.495779 0.0124956 0.417062 0.0240309
1360 0.495215 0.0125011 0.42891 0.0241209
1361 0.495659 0.0125146 0.42891 0.0241209
1362 0.496128 0.012524 0.421801 0.0240686
1363 0.496359 0.0125079 0.424171 0.0240866
1364 0.495694 0.0125134 0.42654 0.0241041
1365 0.496399 0.0125122 0.424171 0.0240866
1366 0.496633 0.0125201 0.42654 0.0241041
1367 0.496679 0.0125194 0.42891 0.0241209
1368 0.496511 0.0125054 0.42891 0.0241209
1369 0.496581 0.0125039 0.42891 0.0241209
1370 0.496211 0.0125021 0.424171 0.0240866
1371 0.496525 0.012481 0.42654 0.0241041
1372 0.496232 0.0125256 0.43128 0.0241373
1373 0.496174 0.0125191 0.43128 0.0241373
1374 0.496487 0.0125175 0.42654 0.0241041
1375 0.495847 0.0125043 0.42654 0.0241041
1376 0.496197 0.0125091 0.43128 0.0241373
1377 0.496399 0.0124942 0.436019 0.0241682
1378 0.496367 0.012483 0.440758 0.0241969
1379 0.496532 0.0125075 0.436019 0.0241682
1380 0.496266 0.012501 0.440758 0.0241969
1381 0.495765 0.0125134 0.438389 0.0241828
1382 0.495791 0.0125073 0.436019 0.0241682
1383 0.495686 0.0124864 0.440758 0.0241969
1384 0.496017 0.012503 0.43128 0.0241373
1385 0.496023 0.0125144 0.42654 0.0241041
1386 0.496105 0.0125144 0.42891 0.0241209
1387 0.495924 0.0125362 0.433649 0.024153
1388 0.495712 0.0125435 0.433649 0.024153
1389 0.496182 0.0125438 0.42891 0.0241209
1390 0.495836 0.0125377 0.42891 0.0241209
1391 0.495488 0.0125452 0.424171 0.0240866
1392 0.496242 0.0125443 0.424171 0.0240866
1393 0.496326 0.0125446 0.43128 0.0241373
1394 0.497019 0.0125835 0.42891 0.0241209
1395 0.496692 0.0125699 0.42654 0.0241041
1396 0.496711 0.0125497 0.42654 0.0241041
1397 0.496604 0.0125348 0.421801 0.0240686
1398 0.497001 0.0125518 0.424171 0.0240866
1399 0.496566 0.0125467 0.42654 0.0241041
1400 0.496352 0.0125281 0.424171 0.0240866
1401 0.496398 0.0125361 0.42654 0.0241041
1402 0.496007 0.0125543 0.42654 0.0241041
1403 0.496623 0.0125627 0.433649 0.024153
1404 0.496324 0.0125431 0.433649 0.024153
1405 0.496808 0.0125374 0.436019 0.0241682
1406 0.496581 0.0125281 0.436019 0.0241682
1407 0.496643 0.012538 0.436019 0.0241682
1408 0.496499 0.012549 0.433649 0.024153
1409 0.496856 0.0125158 0.436019 0.0241682
1410 0.496408 0.0125051 0.436019 0.0241682
1411 0.495657 0.0124966 0.433649 0.024153
1412 0.495514 0.0125 0.438389 0.0241828
1413 0.495493 0.0124978 0.433649 0.024153
1414 0.495325 0.012495 0.433649 0.024153
1415 0.495214 0.0124856 0.445498 0.0242233
1416 0.494911 0.0124973 0.436019 0.0241682
1417 0.495184 0.0125016 0.438389 0.0241828
1418 0.495477 0.0124924 0.433649 0.024153
1419 0.495458 0.0124937 0.43128 0.0241373
1420 0.49625 0.0124735 0.438389 0.0241828
1421 0.49599 0.0124976 0.436019 0.0241682
1422 0.496181 0.0124924 0.42891 0.0241209
1423 0.496181 0.0125007 0.433649 0.024153
1424 0.496342 0.0124992 0.42891 0.0241209
1425 0.496425 0.0124874 0.438389 0.0241828
1426 0.496607 0.012468 0.438389 0.0241828
1427 0.49699 0.012501 0.43128 0.0241373
1428 0.496547 0.0125178 0.436019 0.0241682
1429 0.496588 0.0125266 0.43128 0.0241373
1430 0.497096 0.0125125 0.433649 0.024153
1431 0.497484 0.0125233 0.433649 0.024153
1432 0.497382 0.0124925 0.43128 0.0241373
1433 0.497288 0.0125163 0.433649 0.024153
1434 0.4978 0.0125088 0.438389 0.0241828
1435 0.497485 0.0125102 0.438389 0.0241828
1436 0.497328 0.0125141 0.438389 0.0241828
1437 0.49753 0.012511 0.436019 0.0241682
1438 0.497629 0.0124952 0.445498 0.0242233
1439 0.497185 0.0124882 0.447867 0.0242357
1440 0.497266 0.012487 0.443128 0.0242104
1441 0.496657 0.0124968 0.443128 0.0242104
1442 0.497062 0.0125095 0.445498 0.0242233
1443 0.497179 0.0125075 0.443128 0.0242104
1444 0.497527 0.012518 0.445498 0.0242233
1445 0.498248 0.0125187 0.447867 0.0242357
1446 0.49747 0.0125353 0.450237 0.0242475
1447 0.497143 0.0125443 0.447867 0.0242357
1448 0.496017 0.0125295 0.452607 0.0242588
1449 0.496429 0.0125424 0.452607 0.0242588
1450 0.496156 0.0125586 0.450237 0.0242475
1451 0.496056 0.012553 0.452607 0.0242588
1452 0.496046 0.0125434 0.452607 0.0242588
1453 0.495871 0.0125672 0.450237 0.0242475
1454 0.495252 0.0125744 0.445498 0.0242233
1455 0.495424 0.0125949 0.447867 0.0242357
1456 0.49557 0.0125898 0.447867 0.0242357
1457 0.495587 0.0125729 0.440758 0.0241969
1458 0.495535 0.0125837 0.447867 0.0242357
1459 0.495485 0.0126012 0.450237 0.0242475
1460 0.494718 0.012593 0.443128 0.0242104
1461 0.494193 0.0126048 0.452607 0.0242588
1462 0.493895 0.0126041 0.452607 0.0242588
1463 0.494196 0.0126127 0.452607 0.0242588
1464 0.494228 0.0126104 0.445498 0.0242233
1465 0.494708 0.0126371 0.450237 0.0242475
1466 0.49453 0.0126364 0.443128 0.0242104
1467 0.495001 0.0126388 0.440758 0.0241969
1468 0.495247 0.0126067 0.443128 0.0242104
1469 0.494798 0.0126218 0.447867 0.0242357
1470 0.494717 0.0126242 0.447867 0.0242357
1471 0.494569 0.012592 0.443128 0.0242104
1472 0.494818 0.0125945 0.443128 0.0242104
1473 0.495434 0.0126088 0.443128 0.0242104
1474 0.495563 0.0125925 0.443128 0.0242104
1475 0.495332 0.0125936 0.445498 0.0242233
1476 0.495097 0.0125525 0.445498 0.0242233
1477 0.495333 0.0125338 0.443128 0.0242104
1478 0.495219 0.0125207 0.438389 0.0241828
1479 0.494533 0.0125381 0.450237 0.0242475
1480 0.495256 0.0125193 0.443128 0.0242104
1481 0.495455 0.0124954 0.438389 0.0241828
1482 0.49533 0.0124985 0.438389 0.0241828
1483 0.495348 0.0125155 0.447867 0.0242357
1484 0.495238 0.0125122 0.443128 0.0242104
1485 0.495565 0.0125426 0.440758 0.0241969
1486 0.495329 0.0125475 0.436019 0.0241682
1487 0.495494 0.0125306 0.436019 0.0241682
1488 0.495883 0.012515 0.433649 0.024153
1489 0.495993 0.0124954 0.43128 0.0241373
1490 0.495864 0.0125141 0.433649 0.024153
1491 0.495512 0.0124958 0.43128 0.0241373
1492 0.495394 0.0124992 0.438389 0.0241828
1493 0.495587 0.0124943 0.43128 0.0241373
1494 0.495865 0.0125046 0.42654 0.0241041
1495 0.495904 0.0125028 0.433649 0.024153
1496 0.495662 0.0124815 0.424171 0.0240866
1497 0.495899 0.012484 0.43128 0.0241373
1498 0.495506 0.0124983 0.433649 0.024153
1499 0.495895 0.0125183 0.436019 0.0241682
1500 0.495573 0.0125166 0.433649 0.024153
1501 0.495166 0.0124927 0.43128 0.0241373
1502 0.494709 0.0124933 0.43128 0.0241373
1503 0.494652 0.0125043 0.43128 0.0241373
1504 0.494798 0.0125083 0.42891 0.0241209
1505 0.494969 0.0124952 0.424171 0.0240866
1506 0.495201 0.0124874 0.42654 0.0241041
1507 0.494661 0.0125038 0.424171 0.0240866
1508 0.495107 0.0125046 0.421801 0.0240686
1509 0.494545 0.0124897 0.424171 0.0240866
1510 0.494573 0.0125081 0.421801 0.0240686
1511 0.494629 0.0125007 0.42654 0.0241041
1512 0.494743 0.0124948 0.424171 0.0240866
1513 0.49479 0.0124892 0.417062 0.0240309
1514 0.494827 0.0124961 0.419431 0.0240501
1515 0.494948 0.0124961 0.42891 0.0241209
1516 0.495015 0.0125179 0.42891 0.0241209
1517 0.494991 0.0125236 0.42654 0.0241041
1518 0.494339 0.0125335 0.42891 0.0241209
1519 0.494038 0.0125298 0.438389 0.0241828
1520 0.493808 0.0125555 0.433649 0.024153
1521 0.49367 0.0125655 0.433649 0.024153
1522 0.493424 0.0125553 0.443128 0.0242104
1523 0.493469 0.012557 0.440758 0.0241969
1524 0.493409 0.0125596 0.436019 0.0241682
1525 0.493086 0.0125463 0.433649 0.024153
1526 0.492313 0.0125673 0.440758 0.0241969
1527 0.492778 0.012574 0.443128 0.0242104
1528 0.493306 0.0125967 0.438389 0.0241828
1529 0.494113 0.0125911 0.433649 0.024153
1530 0.494249 0.012572 0.433649 0.024153
1531 0.494037 0.0125459 0.433649 0.024153
1532 0.494535 0.0125528 0.438389 0.0241828
1533 0.49421 0.0125437 0.436019 0.0241682
1534 0.494003 0.0125597 0.436019 0.0241682
1535 0.494152 0.0125611 0.440758 0.0241969
1536 0.493725 0.0125753 0.436019 0.0241682
1537 0.49372 0.0125689 0.443128 0.0242104
1538 0.494156 0.0125661 0.436019 0.0241682
1539 0.494181 0.0125559 0.443128 0.0242104
1540 0.494131 0.0125766 0.440758 0.0241969
1541 0.493726 0.0125897 0.447867 0.0242357
1542 0.493899 0.0126031 0.445498 0.0242233
1543 0.494128 0.0125917 0.443128 0.0242104
1544 0.49426 0.0125947 0.433649 0.024153
1545 0.49401 0.0125859 0.433649 0.024153
1546 0.494145 0.012628 0.433649 0.024153
1547 0.494859 0.0126161 0.42891 0.0241209
1548 0.494082 0.0126062 0.42891 0.0241209
1549 0.494046 0.0126017 0.43128 0.0241373
1550 0.493667 0.01257 0.438389 0.0241828
1551 0.492868 0.0125605 0.438389 0.0241828
1552 0.493222 0.012566 0.438389 0.0241828
1553 0.494221 0.0125645 0.438389 0.0241828
1554 0.493605 0.0125616 0.440758 0.0241969
1555 0.493572 0.0125762 0.436019 0.0241682
1556 0.493595 0.0125771 0.438389 0.0241828
1557 0.493158 0.0125698 0.438389 0.0241828
1558 0.492374 0.0125691 0.436019 0.0241682
1559 0.492731 0.0125606 0.438389 0.0241828
1560 0.492861 0.0125392 0.433649 0.024153
1561 0.492414 0.0125507 0.43128 0.0241373
1562 0.493144 0.0125546 0.433649 0.024153
1563 0.493163 0.0125844 0.436019 0.0241682
1564 0.493556 0.0125654 0.42891 0.0241209
1565 0.49373 0.0125599 0.43128 0.0241373
1566 0.493873 0.0125602 0.433649 0.024153
1567 0.493987 0.0125804 0.43128 0.0241373
1568 0.493987 0.0125593 0.42891 0.0241209
1569 0.494348 0.0125636 0.42891 0.0241209
1570 0.494162 0.0125625 0.421801 0.0240686
1571 0.493761 0.0125864 0.42891 0.0241209
1572 0.493543 0.0125712 0.424171 0.0240866
1573 0.493151 0.0125875 0.42891 0.0241209
1574 0.493085 0.0125895 0.43128 0.0241373
1575 0.493366 0.0125775 0.42654 0.0241041
1576 0.492737 0.0125907 0.424171 0.0240866
1577 0.49262 0.0125885 0.42891 0.0241209
1578 0.493057 0.0125561 0.424171 0.0240866
1579 0.492987 0.0125878 0.436019 0.0241682
1580 0.493613 0.0125491 0.436019 0.0241682
1581 0.493728 0.0125777 0.433649 0.024153
1582 0.493787 0.0125742 0.433649 0.024153
1583 0.493035 0.0125906 0.436019 0.0241682
1584 0.493205 0.0125884 0.43128 0.0241373
1585 0.492533 0.0126008 0.42891 0.0241209
1586 0.49294 0.0126098 0.433649 0.024153
1587 0.492662 0.012609 0.43128 0.0241373
1588 0.492578 0.0126248 0.43128 0.0241373
1589 0.492985 0.0126168 0.440758 0.0241969
1590 0.493188 0.0126272 0.433649 0.024153
1591 0.492833 0.0126226 0.42654 0.0241041
1592 0.492893 0.0126184 0.42891 0.0241209
1593 0.492711 0.0126264 0.433649 0.024153
1594 0.492779 0.0126355 0.43128 0.0241373
1595 0.492587 0.0126311 0.436019 0.0241682
1596 0.492935 0.0126217 0.424171 0.0240866
1597 0.493092 0.0126062 0.424171 0.0240866
1598 0.493664 0.0125832 0.417062 0.0240309
1599 0.493322 0.0125838 0.417062 0.0240309
1600 0.492899 0.0126066 0.421801 0.0240686
1601 0.4926 0.0125953 0.42654 0.0241041
1602 0.493082 0.0125961 0.42891 0.0241209
1603 0.493154 0.0126096 0.42891 0.0241209
1604 0.49348 0.0125956 0.424171 0.0240866
1605 0.4941 0.0126084 0.42654 0.0241041
1606 0.493753 0.0125902 0.42654 0.0241041
1607 0.49417 0.012588 0.421801 0.0240686
1608 0.494738 0.012597 0.42891 0.0241209
1609 0.495182 0.0125992 0.42654 0.0241041
1610 0.494784 0.0125988 0.42891 0.0241209
1611 0.495552 0.0125774 0.43128 0.0241373
1612 0.495297 0.0125623 0.42654 0.0241041
1613 0.495436 0.0125648 0.42891 0.0241209
1614 0.495565 0.0125463 0.424171 0.0240866
1615 0.495077 0.0125544 0.42891 0.0241209
1616 0.495309 0.0125455 0.42891 0.0241209
1617 0.495363 0.0125551 0.424171 0.0240866
1618 0.49528 0.0125241 0.419431 0.0240501
1619 0.49557 0.0125176 0.419431 0.0240501
1620 0.496245 0.0125316 0.419431 0.0240501
1621 0.495633 0.0125265 0.424171 0.0240866
1622 0.495466 0.012524 0.421801 0.0240686
1623 0.495611 0.0125474 0.421801 0.0240686
1624 0.496236 0.0125656 0.419431 0.0240501
1625 0.496421 0.0125676 0.424171 0.0240866
1626 0.496625 0.012546 0.424171 0.0240866
1627 0.496889 0.0125384 0.42654 0.0241041
1628 0.497316 0.0125175 0.419431 0.0240501
1629 0.497238 0.0125281 0.424171 0.0240866
1630 0.496596 0.0125431 0.424171 0.0240866
1631 0.496785 0.0125479 0.421801 0.0240686
1632 0.496569 0.0125475 0.424171 0.0240866
1633 0.496456 0.012506 0.424171 0.0240866
1634 0.49612 0.0125197 0.424171 0.0240866
1635 0.496583 0.0124925 0.424171 0.0240866
1636 0.496584 0.012512 0.424171 0.0240866
1637 0.496011 0.0125098 0.421801 0.0240686
1638 0.496025 0.0125082 0.42654 0.0241041
1639 0.495692 0.012536 0.419431 0.0240501
1640 0.496113 0.0125226 0.424171 0.0240866
1641 0.495715 0.0125304 0.419431 0.0240501
1642 0.495956 0.0125183 0.421801 0.0240686
1643 0.496581 0.0125207 0.424171 0.0240866
1644 0.49691 0.0125049 0.421801 0.0240686
1645 0.496117 0.0125254 0.421801 0.0240686
1646 0.49647 0.0125415 0.419431 0.0240501
1647 0.495933 0.0125457 0.421801 0.0240686
1648 0.496399 0.0125629 0.424171 0.0240866
1649 0.496971 0.0125646 0.424171 0.0240866
1650 0.497237 0.0125593 0.42654 0.0241041
1651 0.497275 0.0125552 0.417062 0.0240309
1652 0.496859 0.0125173 0.419431 0.0240501
1653 0.496557 0.0125023 0.417062 0.0240309
1654 0.497598 0.0125294 0.417062 0.0240309
1655 0.498057 0.0125419 0.417062 0.0240309
1656 0.497878 0.012571 0.419431 0.0240501
1657 0.498221 0.0125462 0.417062 0.0240309
1658 0.498593 0.0125498 0.414692 0.0240112
1659 0.49894 0.0125575 0.412322 0.0239909
1660 0.498517 0.0125469 0.414692 0.0240112
1661 0.498372 0.0125413 0.419431 0.0240501
1662 0.498477 0.0125672 0.424171 0.0240866
1663 0.498074 0.0125607 0.424171 0.0240866
1664 0.498824 0.0125707 0.42654 0.0241041
1665 0.499129 0.0125773 0.419431 0.0240501
1666 0.499194 0.0125602 0.424171 0.0240866
1667 0.498544 0.0125484 0.419431 0.0240501
1668 0.497943 0.012563 0.424171 0.0240866
1669 0.497965 0.012548 0.42654 0.0241041
1670 0.498325 0.0125163 0.42654 0.0241041
1671 0.497592 0.0124991 0.421801 0.0240686
1672 0.497726 0.0125162 0.421801 0.0240686
1673 0.497802 0.0125168 0.424171 0.0240866
1674 0.498164 0.0125098 0.42654 0.0241041
1675 0.49802 0.0125103 0.424171 0.0240866
1676 0.497738 0.0125021 0.419431 0.0240501
1677 0.497486 0.0125013 0.414692 0.0240112
1678 0.497972 0.012489 0.414692 0.0240112
1679 0.497704 0.0124958 0.417062 0.0240309
1680 0.498218 0.0125019 0.412322 0.0239909
1681 0.497966 0.0124928 0.419431 0.0240501
1682 0.497563 0.0125235 0.419431 0.0240501
1683 0.497165 0.0125251 0.424171 0.0240866
1684 0.496836 0.0125082 0.419431 0.0240501
1685 0.496742 0.0125084 0.424171 0.0240866
1686 0.496499 0.0125099 0.424171 0.0240866
1687 0.49634 0.0124924 0.424171 0.0240866
1688 0.496388 0.0124828 0.433649 0.024153
1689 0.496481 0.0124656 0.419431 0.0240501
1690 0.496235 0.0124676 0.414692 0.0240112
1691 0.496179 0.0124719 0.417062 0.0240309
1692 0.496168 0.0124611 0.412322 0.0239909
1693 0.496178 0.0124825 0.419431 0.0240501
1694 0.496425 0.0125123 0.421801 0.0240686
1695 0.49687 0.0125091 0.419431 0.0240501
1696 0.496573 0.0125158 0.42654 0.0241041
1697 0.496178 0.0124869 0.424171 0.0240866
1698 0.496555 0.0124906 0.424171 0.0240866
1699 0.496199 0.0124885 0.424171 0.0240866
1700 0.495913 0.0125022 0.42654 0.0241041
1701 0.496012 0.0125202 0.421801 0.0240686
1702 0.495773 0.0125403 0.42654 0.0241041
1703 0.495742 0.0125422 0.433649 0.024153
1704 0.495486 0.0125214 0.43128 0.0241373
1705 0.495792 0.0125265 0.433649 0.024153
1706 0.49597 0.0125252 0.436019 0.0241682
1707 0.495735 0.0125039 0.438389 0.0241828
1708 0.495792 0.0125208 0.43128 0.0241373
1709 0.495932 0.0124866 0.438389 0.0241828
1710 0.496102 0.0124966 0.440758 0.0241969
1711 0.495677 0.0124981 0.436019 0.0241682
1712 0.496729 0.0124925 0.433649 0.024153
1713 0.496081 0.0124873 0.438389 0.0241828
1714 0.496528 0.0124705 0.433649 0.024153
1715 0.496389 0.0124735 0.436019 0.0241682
1716 0.497083 0.012492 0.433649 0.024153
1717 0.496895 0.0124832 0.43128 0.0241373
1718 0.497027 0.0124898 0.433649 0.024153
1719 0.497055 0.0124781 0.43128 0.0241373
1720 0.497826 0.0124626 0.42654 0.0241041
1721 0.497383 0.0124765 0.433649 0.024153
1722 0.497396 0.0124851 0.43128 0.0241373
1723 0.496855 0.0125041 0.42654 0.0241041
1724 0.496965 0.0125027 0.42891 0.0241209
1725 0.496843 0.0125363 0.421801 0.0240686
1726 0.496869 0.0125063 0.42891 0.0241209
1727 0.496598 0.0124951 0.433649 0.024153
1728 0.496573 0.0125057 0.42654 0.0241041
1729 0.496793 0.0125102 0.421801 0.0240686
1730 0.497471 0.0125064 0.421801 0.0240686
1731 0.49745 0.012497 0.424171 0.0240866
1732 0.496992 0.0124919 0.421801 0.0240686
1733 0.496553 0.0125079 0.42654 0.0241041
1734 0.496241 0.0124827 0.424171 0.0240866
1735 0.496103 0.012498 0.42891 0.0241209
1736 0.495942 0.0125128 0.42654 0.0241041
1737 0.496228 0.0125158 0.42891 0.0241209
1738 0.496969 0.0125216 0.43128 0.0241373
1739 0.496414 0.0125209 0.43128 0.0241373
1740 0.496618 0.0125124 0.433649 0.024153
1741 0.496113 0.0125062 0.433649 0.024153
1742 0.496811 0.0125031 0.433649 0.024153
1743 0.496175 0.0125112 0.433649 0.024153
1744 0.496056 0.012523 0.43128 0.0241373
1745 0.496046 0.0125499 0.436019 0.0241682
1746 0.496023 0.0125288 0.424171 0.0240866
1747 0.496046 0.0125157 0.436019 0.0241682
1748 0.495809 0.0124955 0.43128 0.0241373
1749 0.494948 0.0124865 0.43128 0.0241373
1750 0.494848 0.0124965 0.438389 0.0241828
1751 0.495069 0.0125059 0.433649 0.024153
1752 0.495109 0.0125183 0.436019 0.0241682
1753 0.494952 0.012499 0.43128 0.0241373
1754 0.494849 0.012512 0.438389 0.0241828
1755 0.494557 0.0125058 0.433649 0.024153
1756 0.494914 0.0125117 0.43128 0.0241373
1757 0.494545 0.0125067 0.42654 0.0241041
1758 0.494866 0.0124987 0.433649 0.024153
1759 0.495699 0.012481 0.440758 0.0241969
1760 0.49575 0.0125154 0.438389 0.0241828
1761 0.496065 0.0125035 0.433649 0.024153
1762 0.496389 0.0124912 0.433649 0.024153
1763 0.495797 0.0124984 0.43128 0.0241373
1764 0.495653 0.0125017 0.433649 0.024153
1765 0.495773 0.0125127 0.438389 0.0241828
1766 0.49615 0.0125296 0.433649 0.024153
1767 0.495816 0.0125224 0.438389 0.0241828
1768 0.495965 0.0125062 0.440758 0.0241969
1769 0.495894 0.0124847 0.438389 0.0241828
1770 0.496417 0.0124809 0.433649 0.024153
1771 0.496482 0.0124745 0.443128 0.0242104
1772 0.496606 0.0124896 0.438389 0.0241828
1773 0.497138 0.0125226 0.438389 0.0241828
1774 0.497328 0.0125171 0.438389 0.0241828
1775 0.497505 0.0124742 0.436019 0.0241682
1776 0.497537 0.0124796 0.438389 0.0241828
1777 0.49776 0.0124968 0.438389 0.0241828
1778 0.497841 0.0125107 0.443128 0.0242104
1779 0.498028 0.0125122 0.436019 0.0241682
1780 0.497922 0.0124859 0.445498 0.0242233
1781 0.497606 0.0124846 0.445498 0.0242233
1782 0.497916 0.0124794 0.450237 0.0242475
1783 0.497332 0.0124697 0.438389 0.0241828
1784 0.497387 0.0124711 0.433649 0.024153
1785 0.497431 0.012493 0.438389 0.0241828
1786 0.497159 0.0124958 0.436019 0.0241682
1787 0.497204 0.0125168 0.438389 0.0241828
1788 0.496931 0.0125008 0.440758 0.0241969
1789 0.496911 0.012498 0.440758 0.0241969
1790 0.496195 0.0125142 0.440758 0.0241969
1791 0.496 0.0124987 0.440758 0.0241969
1792 0.495922 0.0125132 0.440758 0.0241969
1793 0.495804 0.0125192 0.443128 0.0242104
1794 0.496069 0.0125123 0.438389 0.0241828
1795 0.495226 0.0125063 0.443128 0.0242104
1796 0.495332 0.0125073 0.443128 0.0242104
1797 0.495941 0.0124857 0.440758 0.0241969
1798 0.496174 0.0124998 0.438389 0.0241828
1799 0.496062 0.0124731 0.443128 0.0242104
1800 0.496507 0.0124625 0.440758 0.0241969
1801 0.496406 0.0124705 0.436019 0.0241682
1802 0.496795 0.0124792 0.440758 0.0241969
1803 0.496024 0.0124753 0.438389 0.0241828
1804 0.496035 0.0124932 0.440758 0.0241969
1805 0.495884 0.0124923 0.443128 0.0242104
1806 0.49578 0.0124938 0.440758 0.0241969
1807 0.495797 0.0125216 0.438389 0.0241828
1808 0.495241 0.0125138 0.438389 0.0241828
1809 0.495104 0.0125172 0.438389 0.0241828
1810 0.494966 0.0125334 0.436019 0.0241682
1811 0.495292 0.0125284 0.436019 0.0241682
1812 0.495573 0.0125389 0.436019 0.0241682
1813 0.494967 0.012557 0.43128 0.0241373
1814 0.495131 0.0125716 0.42891 0.0241209
1815 0.495634 0.0125767 0.433649 0.024153
1816 0.495399 0.0125634 0.42891 0.0241209
1817 0.495215 0.0125447 0.42891 0.0241209
1818 0.495356 0.0125406 0.43128 0.0241373
1819 0.495166 0.0125226 0.424171 0.0240866
1820 0.495926 0.0125244 0.43128 0.0241373
1821 0.496304 0.0125337 0.433649 0.024153
1822 0.496031 0.0125462 0.43128 0.0241373
1823 0.496665 0.0125491 0.433649 0.024153
1824 0.496552 0.012567 0.43128 0.0241373
1825 0.496534 0.0125729 0.43128 0.0241373
1826 0.496792 0.0125664 0.43128 0.0241373
1827 0.496446 0.0125609 0.438389 0.0241828
1828 0.496972 0.0125431 0.424171 0.0240866
1829 0.497701 0.0125417 0.421801 0.0240686
1830 0.497605 0.0125217 0.42654 0.0241041
1831 0.497437 0.0124986 0.419431 0.0240501
1832 0.497118 0.0124971 0.421801 0.0240686
1833 0.49682 0.0124938 0.421801 0.0240686
1834 0.497504 0.0125058 0.421801 0.0240686
1835 0.497268 0.0125121 0.424171 0.0240866
1836 0.496295 0.0125326 0.424171 0.0240866
1837 0.495998 0.0125462 0.424171 0.0240866
1838 0.495997 0.0125413 0.419431 0.0240501
1839 0.495947 0.0125524 0.424171 0.0240866
1840 0.496553 0.012556 0.42654 0.0241041
1841 0.496099 0.0125364 0.42654 0.0241041
1842 0.495597 0.0125421 0.424171 0.0240866
1843 0.49577 0.0125622 0.424171 0.0240866
1844 0.496017 0.0125602 0.424171 0.0240866
1845 0.496249 0.0125541 0.42654 0.0241041
1846 0.495841 0.0125399 0.42654 0.0241041
1847 0.495285 0.0125403 0.42654 0.0241041
1848 0.495809 0.0125167 0.43128 0.0241373
1849 0.496473 0.0125411 0.42654 0.0241041
1850 0.496253 0.0125494 0.42891 0.0241209
1851 0.496355 0.0125375 0.42654 0.0241041
1852 0.496616 0.0125127 0.42891 0.0241209
1853 0.496724 0.0125111 0.424171 0.0240866
1854 0.495954 0.0125076 0.433649 0.024153
1855 0.495893 0.0125169 0.42654 0.0241041
1856 0.49646 0.0125254 0.433649 0.024153
1857 0.495686 0.0125064 0.424171 0.0240866
1858 0.495674 0.0125032 0.436019 0.0241682
1859 0.495328 0.0125041 0.42654 0.0241041
1860 0.495087 0.0125086 0.436019 0.0241682
1861 0.49515 0.0125291 0.443128 0.0242104
1862 0.495421 0.0125453 0.438389 0.0241828
1863 0.495104 0.0125164 0.440758 0.0241969
1864 0.494931 0.0125276 0.436019 0.0241682
1865 0.495517 0.0125194 0.436019 0.0241682
1866 0.495762 0.0125089 0.440758 0.0241969
1867 0.495991 0.0125343 0.443128 0.0242104
1868 0.496194 0.0125099 0.436019 0.0241682
1869 0.496137 0.012506 0.440758 0.0241969
1870 0.496096 0.0124912 0.438389 0.0241828
1871 0.495983 0.0125061 0.433649 0.024153
1872 0.495841 0.0124998 0.43128 0.0241373
1873 0.496038 0.0125141 0.436019 0.0241682
1874 0.495374 0.0124807 0.43128 0.0241373
1875 0.495522 0.0124808 0.42891 0.0241209
1876 0.495524 0.0125138 0.43128 0.0241373
1877 0.495641 0.0124793 0.433649 0.024153
1878 0.495881 0.0124961 0.433649 0.024153
1879 0.496107 0.0124887 0.433649 0.024153
1880 0.496084 0.0125105 0.436019 0.0241682
1881 0.495739 0.0125018 0.43128 0.0241373
1882 0.495618 0.012505 0.43128 0.0241373
1883 0.4958 0.012483 0.436019 0.0241682
1884 0.495582 0.012475 0.440758 0.0241969
1885 0.495469 0.0124894 0.436019 0.0241682
1886 0.495175 0.0124706 0.436019 0.0241682
1887 0.495531 0.0124927 0.42891 0.0241209
1888 0.495938 0.0124951 0.433649 0.024153
1889 0.496644 0.0125015 0.436019 0.0241682
1890 0.496615 0.0125099 0.42891 0.0241209
1891 0.496249 0.0125034 0.43128 0.0241373
1892 0.496115 0.0124709 0.42891 0.0241209
1893 0.496453 0.0124853 0.42654 0.0241041
1894 0.496285 0.012456 0.43128 0.0241373
1895 0.496506 0.0124369 0.43128 0.0241373
1896 0.496633 0.0124611 0.42654 0.0241041
1897 0.496304 0.0124441 0.43128 0.0241373
1898 0.495959 0.0124401 0.433649 0.024153
1899 0.496224 0.0124326 0.436019 0.0241682
1900 0.495762 0.0124475 0.436019 0.0241682
1901 0.496672 0.0124459 0.445498 0.0242233
1902 0.495927 0.0124673 0.443128 0.0242104
1903 0.496252 0.0124718 0.450237 0.0242475
1904 0.496012 0.0124738 0.452607 0.0242588
1905 0.496046 0.0124712 0.445498 0.0242233
1906 0.496179 0.0124577 0.450237 0.0242475
1907 0.49579 0.0124705 0.443128 0.0242104
1908 0.496119 0.0124801 0.450237 0.0242475
1909 0.495549 0.0124644 0.450237 0.0242475
1910 0.495342 0.0124677 0.452607 0.0242588
1911 0.495178 0.0124664 0.452607 0.0242588
1912 0.495197 0.0124912 0.454976 0.0242695
1913 0.495725 0.0125119 0.457346 0.0242797
1914 0.495904 0.0125155 0.450237 0.0242475
1915 0.496082 0.012524 0.447867 0.0242357
1916 0.495864 0.0125144 0.445498 0.0242233
1917 0.496258 0.0125363 0.452607 0.0242588
1918 0.496106 0.0125271 0.447867 0.0242357
1919 0.496249 0.0125046 0.452607 0.0242588
1920 0.496037 0.0125031 0.447867 0.0242357
1921 0.496366 0.0125146 0.447867 0.0242357
1922 0.496288 0.0125056 0.450237 0.0242475
1923 0.496304 0.0125185 0.447867 0.0242357
1924 0.495815 0.0125247 0.447867 0.0242357
1925 0.495793 0.0125186 0.447867 0.0242357
1926 0.495992 0.0125467 0.447867 0.0242357
1927 0.496031 0.0125346 0.445498 0.0242233
1928 0.49628 0.0125308 0.447867 0.0242357
1929 0.496384 0.0125405 0.447867 0.0242357
1930 0.496358 0.0125196 0.450237 0.0242475
1931 0.495435 0.0125332 0.452607 0.0242588
1932 0.495981 0.0125017 0.447867 0.0242357
1933 0.495704 0.0124958 0.452607 0.0242588
1934 0.495937 0.0125154 0.450237 0.0242475
1935 0.496102 0.0125382 0.452607 0.0242588
1936 0.496138 0.0125222 0.454976 0.0242695
1937 0.496121 0.0125312 0.447867 0.0242357
1938 0.496667 0.0125295 0.447867 0.0242357
1939 0.496238 0.0125166 0.447867 0.0242357
1940 0.496197 0.012509 0.443128 0.0242104
1941 0.495657 0.0125287 0.450237 0.0242475
1942 0.496681 0.0125441 0.447867 0.0242357
1943 0.496543 0.0125483 0.445498 0.0242233
1944 0.496305 0.0125243 0.440758 0.0241969
1945 0.496161 0.012509 0.440758 0.0241969
1946 0.496275 0.0125124 0.443128 0.0242104
1947 0.496457 0.0125111 0.438389 0.0241828
1948 0.496695 0.0125114 0.436019 0.0241682
1949 0.49725 0.0125066 0.42891 0.0241209
1950 0.497229 0.0125434 0.42891 0.0241209
1951 0.497518 0.012541 0.433649 0.024153
1952 0.498485 0.0125159 0.42891 0.0241209
1953 0.498025 0.0125025 0.43128 0.0241373
1954 0.498128 0.0125191 0.42891 0.0241209
1955 0.497864 0.012524 0.433649 0.024153
1956 0.497818 0.0125243 0.443128 0.0242104
1957 0.498275 0.0125208 0.43128 0.0241373
1958 0.498303 0.012529 0.43128 0.0241373
1959 0.498082 0.0125197 0.42891 0.0241209
1960 0.497782 0.0125127 0.433649 0.024153
1961 0.497523 0.0125218 0.433649 0.024153
1962 0.497386 0.0125312 0.436019 0.0241682
1963 0.497373 0.0125239 0.433649 0.024153
1964 0.496883 0.0125473 0.438389 0.0241828
1965 0.496661 0.0125353 0.436019 0.0241682
1966 0.496792 0.0125192 0.436019 0.0241682
1967 0.496488 0.0125348 0.42891 0.0241209
1968 0.497488 0.012526 0.42654 0.0241041
1969 0.496616 0.0125147 0.433649 0.024153
1970 0.496328 0.0125229 0.436019 0.0241682
1971 0.496201 0.012519 0.42891 0.0241209
1972 0.495992 0.0125237 0.43128 0.0241373
1973 0.495783 0.0125301 0.438389 0.0241828
1974 0.495452 0.0125615 0.43128 0.0241373
1975 0.495025 0.0125481 0.436019 0.0241682
1976 0.495469 0.0125359 0.438389 0.0241828
1977 0.495667 0.0125504 0.436019 0.0241682
1978 0.495197 0.0125549 0.438389 0.0241828
1979 0.494309 0.0125469 0.433649 0.024153
1980 0.494252 0.0125253 0.43128 0.0241373
1981 0.494742 0.012529 0.438389 0.0241828
1982 0.494632 0.012516 0.436019 0.0241682
1983 0.494523 0.0124919 0.436019 0.0241682
1984 0.494037 0.0124854 0.436019 0.0241682
1985 0.494325 0.0124716 0.438389 0.0241828
1986 0.494168 0.0124723 0.433649 0.024153
1987 0.494133 0.0124779 0.433649 0.024153
1988 0.493584 0.0124628 0.436019 0.0241682
1989 0.494005 0.0124662 0.42891 0.0241209
1990 0.493976 0.0124895 0.42654 0.0241041
1991 0.494052 0.0124749 0.433649 0.024153
1992 0.493986 0.0124869 0.433649 0.024153
1993 0.494067 0.0125 0.438389 0.0241828
1994 0.493484 0.0124863 0.42891 0.0241209
1995 0.493752 0.0125052 0.42654 0.0241041
1996 0.494087 0.0125085 0.42891 0.0241209
1997 0.494184 0.0125355 0.433649 0.024153
1998 0.494661 0.012512 0.433649 0.024153
1999 0.494148 0.0125176 0.433649 0.024153
