#sample=2491
0 0.00107598 7.09923e-06 1 0
1 0.00110924 1.47314e-05 1 0
2 0.00113203 1.9351e-05 1 0
3 0.00121739 2.5169e-05 1 0
4 0.00126853 3.16618e-05 1 0
5 0.0013057 3.08505e-05 1 0
6 0.00143673 3.96551e-05 1 0
7 0.00154096 4.43084e-05 1 0
8 0.00157469 4.71689e-05 1 0
9 0.00173636 5.24549e-05 1 0
10 0.00180626 5.47408e-05 1 0
11 0.00200153 6.43985e-05 1 0
12 0.0021289 6.91795e-05 1 0
13 0.00220754 7.15313e-05 1 0
14 0.00241342 7.80336e-05 1 0
15 0.00262557 8.56118e-05 1 0
16 0.00267643 8.25955e-05 1 0
17 0.0028202 8.90736e-05 1 0
18 0.00295458 9.08109e-05 1 0
19 0.00309473 9.54118e-05 1 0
20 0.00336392 0.000103715 1 0
21 0.0033903 0.000105155 1 0
22 0.00370435 0.000113836 1 0
23 0.00393733 0.000119418 1 0
24 0.00421366 0.000126022 1 0
25 0.00455558 0.000132405 1 0
26 0.00471711 0.000134725 1 0
27 0.00483676 0.000139798 1 0
28 0.00509714 0.000149114 1 0
29 0.00532155 0.000152523 1 0
30 0.00565154 0.0001575 1 0
31 0.0057957 0.000161317 1 0
32 0.00596452 0.000166827 1 0
33 0.00625854 0.000173009 1 0
34 0.006389 0.000177873 1 0
35 0.00659357 0.000179644 1 0
36 0.00697328 0.000189927 1 0
37 0.00712594 0.000195331 1 0
38 0.00735674 0.000199727 1 0
39 0.00769458 0.000206253 1 0
40 0.00803379 0.000211162 1 0
41 0.00827327 0.000219058 1 0
42 0.0083392 0.000218939 1 0
43 0.00866631 0.000224118 1 0
44 0.00877618 0.000228098 1 0
45 0.00919195 0.000237822 1 0
46 0.00940484 0.00024402 1 0
47 0.00959603 0.000247384 1 0
48 0.00967205 0.000248091 1 0
49 0.0100111 0.000256533 1 0
50 0.0102738 0.00026295 1 0
51 0.0107847 0.000275482 1 0
52 0.010974 0.000275825 1 0
53 0.0109783 0.000277549 1 0
54 0.0110932 0.000280994 1 0
55 0.0114087 0.000286467 1 0
56 0.0115803 0.000291161 1 0
57 0.0117345 0.000294163 1 0
58 0.0119157 0.00029988 1 0
59 0.0121461 0.000304576 1 0
60 0.0124342 0.000312598 1 0
61 0.0124946 0.000313921 1 0
62 0.0128054 0.000318524 1 0
63 0.0130018 0.000325762 1 0
64 0.0130689 0.000328092 1 0
65 0.0132638 0.000329975 1 0
66 0.013401 0.00033762 1 0
67 0.0136057 0.00033922 1 0
68 0.0135051 0.000337197 1 0
69 0.0137849 0.000344481 1 0
70 0.0141736 0.0003535 1 0
71 0.0144176 0.000359971 1 0
72 0.0144988 0.000358219 1 0
73 0.0147413 0.000365648 1 0
74 0.0149999 0.000371835 1 0
75 0.0152417 0.000377059 1 0
76 0.015209 0.000373554 1 0
77 0.0154089 0.000377619 1 0
78 0.0156364 0.000385119 1 0
79 0.0158899 0.000385871 1 0
80 0.0160327 0.000388673 1 0
81 0.0160895 0.000388473 1 0
82 0.0163067 0.000392332 1 0
83 0.0163921 0.000396673 1 0
84 0.0168361 0.000404669 1 0
85 0.0169586 0.000408667 1 0
86 0.0170719 0.00041513 1 0
87 0.0172901 0.00041756 1 0
88 0.017556 0.000422939 1 0
89 0.0176126 0.000422232 1 0
90 0.0179864 0.000429407 1 0
91 0.017912 0.000428178 1 0
92 0.01812 0.000434334 1 0
93 0.0182113 0.000437758 1 0
94 0.0183628 0.000438477 1 0
95 0.0185843 0.000437667 1 0
96 0.0187587 0.000443384 1 0
97 0.0187437 0.000444988 1 0
98 0.0191307 0.00044755 1 0
99 0.0190984 0.000453405 1 0
100 0.0192878 0.000460834 1 0
101 0.0194031 0.000459318 1 0
102 0.0194847 0.000464001 1 0
103 0.0198386 0.000468337 1 0
104 0.0201764 0.000471606 1 0
105 0.0202269 0.000475485 1 0
106 0.0205251 0.000478487 1 0
107 0.020661 0.000484105 1 0
108 0.020994 0.000492934 1 0
109 0.0210178 0.000497955 1 0
110 0.0212721 0.000496483 1 0
111 0.0218243 0.000512212 1 0
112 0.0215509 0.000505441 1 0
113 0.0215565 0.000500993 1 0
114 0.0220441 0.000512491 1 0
115 0.0221007 0.000515092 1 0
116 0.0221068 0.000514717 1 0
117 0.0222454 0.000516957 1 0
118 0.0223673 0.000517521 1 0
119 0.0225459 0.000521792 1 0
120 0.0226199 0.000527523 1 0
121 0.0226429 0.000527097 1 0
122 0.0226923 0.000528559 1 0
123 0.0231488 0.00054067 1 0
124 0.0232347 0.000536567 1 0
125 0.0233827 0.000538306 1 0
126 0.0236468 0.000547907 1 0
127 0.0239118 0.000548057 1 0
128 0.0239837 0.000551162 1 0
129 0.0238927 0.000550166 1 0
130 0.0241212 0.000553156 1 0
131 0.0245871 0.000564421 1 0
132 0.0250704 0.000565275 1 0
133 0.0246246 0.000552112 1 0
134 0.0250981 0.000559697 1 0
135 0.0252427 0.00055999 1 0
136 0.0257244 0.00057471 1 0
137 0.0258481 0.00057771 1 0
138 0.0258441 0.000573614 1 0
139 0.0258388 0.000581084 1 0
140 0.025727 0.000577461 1 0
141 0.0262962 0.000583304 1 0
142 0.0260266 0.000587213 1 0
143 0.0265424 0.000595722 1 0
144 0.0266419 0.000594234 1 0
145 0.0269464 0.000598616 1 0
146 0.0272583 0.000611516 1 0
147 0.0274904 0.000613956 1 0
148 0.0278231 0.000615855 1 0
149 0.0276354 0.000613665 1 0
150 0.0280096 0.000618178 1 0
151 0.0275431 0.00060984 1 0
152 0.0280963 0.000621838 1 0
153 0.0282927 0.000625251 1 0
154 0.0286133 0.0006277 1 0
155 0.0286877 0.00062829 1 0
156 0.0291755 0.000640701 1 0
157 0.029214 0.000637422 1 0
158 0.0295378 0.000646895 1 0
159 0.0295402 0.000638727 1 0
160 0.0300791 0.000650515 1 0
161 0.0301941 0.000653816 1 0
162 0.0299316 0.000650846 1 0
163 0.0302749 0.000661214 1 0
164 0.0303052 0.000661273 1 0
165 0.0307258 0.000671633 1 0
166 0.0316307 0.000679792 1 0
167 0.0312393 0.000673666 1 0
168 0.0313981 0.000679487 1 0
169 0.0318484 0.000684142 1 0
170 0.0319267 0.000680824 1 0
171 0.0324051 0.000686103 1 0
172 0.0327945 0.000707101 1 0
173 0.0328358 0.00070977 1 0
174 0.0332956 0.000717005 1 0
175 0.0336286 0.000720856 1 0
176 0.0338191 0.000727139 1 0
177 0.0335346 0.000723476 1 0
178 0.0337009 0.000727566 1 0
179 0.0339141 0.000727015 1 0
180 0.0342776 0.00073755 1 0
181 0.0343944 0.000742534 1 0
182 0.0341192 0.000734741 1 0
183 0.0343256 0.000736374 1 0
184 0.0346153 0.000738394 1 0
185 0.0350908 0.000748005 1 0
186 0.034511 0.000736729 1 0
187 0.0349262 0.000743339 1 0
188 0.0351133 0.000737469 1 0
189 0.0351746 0.00074596 1 0
190 0.035421 0.000745094 1 0
191 0.035871 0.000755847 1 0
192 0.0356405 0.00074671 1 0
193 0.0361117 0.000754719 1 0
194 0.036623 0.000761085 1 0
195 0.0364004 0.000751751 1 0
196 0.0365303 0.000757656 1 0
197 0.0365795 0.000763547 1 0
198 0.03706 0.000766593 1 0
199 0.0368268 0.000765542 1 0
200 0.0372485 0.000766674 1 0
201 0.0378119 0.000776518 1 0
202 0.0375622 0.000777818 1 0
203 0.038378 0.000788682 1 0
204 0.0378593 0.000780937 1 0
205 0.0382999 0.00078786 1 0
206 0.0384902 0.000791604 1 0
207 0.0389617 0.000796739 1 0
208 0.0388698 0.000794033 1 0
209 0.0390752 0.000805748 1 0
210 0.0396391 0.000810711 1 0
211 0.0396162 0.000816111 1 0
212 0.0402472 0.000834117 1 0
213 0.040081 0.000834521 1 0
214 0.04015 0.00083006 1 0
215 0.0406767 0.000847249 1 0
216 0.0407271 0.000849464 1 0
217 0.041143 0.000857061 1 0
218 0.0420583 0.000874479 1 0
219 0.0414815 0.000863816 1 0
220 0.0419282 0.000867175 1 0
221 0.0428343 0.000886359 1 0
222 0.0422039 0.000879257 1 0
223 0.0429564 0.00088432 1 0
224 0.0431807 0.00089259 1 0
225 0.0437125 0.000892892 1 0
226 0.0436694 0.00089627 1 0
227 0.0434632 0.000894647 1 0
228 0.0437574 0.000889483 1 0
229 0.0445392 0.000911843 1 0
230 0.0441541 0.00090991 1 0
231 0.0446725 0.000912359 1 0
232 0.044363 0.000904155 1 0
233 0.0446287 0.000908421 1 0
234 0.0449994 0.000918794 1 0
235 0.0451865 0.000919672 1 0
236 0.0457914 0.000924556 1 0
237 0.0459685 0.000928995 1 0
238 0.0460824 0.000934982 1 0
239 0.0467771 0.000949579 1 0
240 0.0471194 0.000950008 1 0
241 0.0476371 0.000956624 1 0
242 0.0471685 0.000958282 1 0
243 0.0471993 0.000950653 1 0
244 0.0477183 0.000962657 1 0
245 0.048439 0.000984967 1 0
246 0.0484234 0.000984887 0.999599 0.000401445
247 0.0485109 0.000983573 1 0
248 0.0494794 0.00100174 1 0
249 0.0489711 0.000986277 1 0
250 0.0494948 0.00100025 1 0
251 0.0492777 0.000993561 1 0
252 0.0495857 0.000988469 1 0
253 0.0505166 0.00100892 1 0
254 0.0503179 0.00101609 0.999599 0.000401445
255 0.0510441 0.00103224 1 0
256 0.0512194 0.00104216 0.999599 0.000401445
257 0.0517291 0.00104472 1 0
258 0.0527852 0.0010628 1 0
259 0.0526142 0.00106122 1 0
260 0.052526 0.00105865 1 0
261 0.0527475 0.00106968 1 0
262 0.0536165 0.00107331 0.999599 0.000401445
263 0.0537732 0.00107593 1 0
264 0.0533456 0.00107618 1 0
265 0.0536542 0.00107428 1 0
266 0.0545804 0.00107318 1 0
267 0.0551291 0.00108336 0.999599 0.000401445
268 0.0552763 0.00107445 1 0
269 0.0556742 0.00109176 1 0
270 0.0558192 0.00109715 1 0
271 0.0562691 0.0011021 1 0
272 0.0561502 0.00109877 1 0
273 0.0573752 0.00111644 1 0
274 0.0577392 0.00113176 1 0
275 0.0577671 0.00112411 0.999599 0.000401445
276 0.0584618 0.00114486 0.999599 0.000401445
277 0.0587334 0.00114339 0.999599 0.000401445
278 0.0591541 0.00116193 1 0
279 0.0593243 0.00116605 0.999599 0.000401445
280 0.0592257 0.00117685 1 0
281 0.0604397 0.00118374 1 0
282 0.0606709 0.00117469 1 0
283 0.061355 0.00119671 0.999599 0.000401445
284 0.0610343 0.00119427 0.999599 0.000401445
285 0.0619822 0.0012058 0.999599 0.000401445
286 0.0625343 0.00122851 0.999599 0.000401445
287 0.0626463 0.00123035 0.999599 0.000401445
288 0.0633612 0.00122717 0.998796 0.000695044
289 0.0638252 0.00124704 0.999197 0.000567615
290 0.0631372 0.001242 0.999599 0.000401445
291 0.0638395 0.00124834 0.999599 0.000401445
292 0.0638944 0.00125317 0.999197 0.000567615
293 0.0644319 0.00126563 0.998394 0.000802407
294 0.0653378 0.00128514 0.998394 0.000802407
295 0.0657765 0.00128015 0.998394 0.000802407
296 0.0659386 0.00128911 0.997591 0.000982348
297 0.0668008 0.00130099 0.998394 0.000802407
298 0.0672037 0.00130806 0.998394 0.000802407
299 0.0672245 0.00132345 0.998796 0.000695044
300 0.0670844 0.00131657 0.999599 0.000401445
301 0.0672227 0.0013072 0.998796 0.000695044
302 0.0677726 0.00132013 0.998394 0.000802407
303 0.0692285 0.00133553 0.998796 0.000695044
304 0.069129 0.00132741 0.998796 0.000695044
305 0.0698552 0.00134755 0.998796 0.000695044
306 0.0707063 0.00134938 0.998796 0.000695044
307 0.0712505 0.00137485 0.998796 0.000695044
308 0.0718029 0.00139604 0.998394 0.000802407
309 0.0716979 0.0013921 0.999197 0.000567615
310 0.0721287 0.00139518 0.997591 0.000982348
311 0.0720036 0.00139836 0.997993 0.000896937
312 0.0726701 0.00138728 0.999599 0.000401445
313 0.0732432 0.00140471 0.998796 0.000695044
314 0.0739247 0.00141049 0.999197 0.000567615
315 0.0734548 0.00141574 0.998394 0.000802407
316 0.0746973 0.00143276 0.998394 0.000802407
317 0.0754056 0.00144898 0.997591 0.000982348
318 0.0765158 0.00145332 0.997591 0.000982348
319 0.0776364 0.00146549 0.997993 0.000896937
320 0.0785861 0.00147848 0.99719 0.00106084
321 0.0789889 0.00148576 0.997591 0.000982348
322 0.0793796 0.00149636 0.99719 0.00106084
323 0.07926 0.00148952 0.996788 0.00113386
324 0.0811924 0.00152672 0.996387 0.0012024
325 0.0811298 0.00153788 0.995183 0.00138757
326 0.0822872 0.00154623 0.994781 0.00144394
327 0.0831782 0.00155605 0.994781 0.00144394
328 0.0836464 0.00157847 0.99438 0.00149814
329 0.0838411 0.00159624 0.995584 0.00132877
330 0.0843899 0.00159742 0.994781 0.00144394
331 0.0858606 0.0016261 0.995183 0.00138757
332 0.0856328 0.00163363 0.994781 0.00144394
333 0.0861108 0.00164333 0.995183 0.00138757
334 0.0876755 0.00167139 0.990767 0.00191674
335 0.088526 0.00167424 0.992373 0.00174352
336 0.0892149 0.00168672 0.993175 0.00164987
337 0.0903722 0.00169528 0.992774 0.00169736
338 0.0909226 0.0017114 0.992373 0.00174352
339 0.0908094 0.00171984 0.99157 0.00183225
340 0.0921065 0.00172317 0.991971 0.00178845
341 0.0946922 0.00175163 0.991971 0.00178845
342 0.0946655 0.00174854 0.989562 0.00203668
343 0.0952718 0.00177381 0.989964 0.00199753
344 0.0956351 0.00178339 0.98876 0.0021127
345 0.0961353 0.00178749 0.986351 0.00232524
346 0.0961508 0.00181349 0.987154 0.00225674
347 0.0976895 0.00180504 0.985548 0.00239168
348 0.0974419 0.00180512 0.987154 0.00225674
349 0.099914 0.00182518 0.986752 0.00229126
350 0.100743 0.00183662 0.988358 0.00214966
351 0.102117 0.00186352 0.984344 0.00248782
352 0.103781 0.00187884 0.983541 0.00254977
353 0.104784 0.00189916 0.981935 0.00266908
354 0.106102 0.00191439 0.981534 0.00269802
355 0.106058 0.00192252 0.981132 0.00272663
356 0.107695 0.00194455 0.978322 0.00291844
357 0.108598 0.00195848 0.976716 0.00302212
358 0.110756 0.00197473 0.980329 0.0027829
359 0.1097 0.00198028 0.978723 0.00289189
360 0.111292 0.00200214 0.974709 0.00314645
361 0.112428 0.00202738 0.973906 0.00319469
362 0.113859 0.00203142 0.976315 0.00304743
363 0.115276 0.00204563 0.9723 0.00328881
364 0.116503 0.00206664 0.973103 0.00324213
365 0.117886 0.00209231 0.96949 0.00344661
366 0.120374 0.00210624 0.967081 0.00357562
367 0.12204 0.00213747 0.960658 0.00389593
368 0.122885 0.00214449 0.962666 0.0037992
369 0.124233 0.00218169 0.957848 0.00402677
370 0.124987 0.00219996 0.95825 0.00400839
371 0.126626 0.00221832 0.958651 0.0039899
372 0.128493 0.00223999 0.95825 0.00400839
373 0.129356 0.00225756 0.954235 0.00418787
374 0.131848 0.00228757 0.948615 0.00442449
375 0.132918 0.0023068 0.950622 0.0043418
376 0.134869 0.00233783 0.952228 0.00427423
377 0.137029 0.00234269 0.943396 0.00463095
378 0.138392 0.00237522 0.942593 0.00466169
379 0.140769 0.00239838 0.935367 0.0049274
380 0.142376 0.00243032 0.933762 0.00498395
381 0.144833 0.00246334 0.93055 0.00509456
382 0.147392 0.00248363 0.923725 0.00531939
383 0.150844 0.00251604 0.918507 0.0054828
384 0.152257 0.00254609 0.912485 0.0056631
385 0.155193 0.00256322 0.909675 0.00574444
386 0.157361 0.00259831 0.90285 0.00593511
387 0.159294 0.0026226 0.902047 0.00595694
388 0.161797 0.00264155 0.892814 0.0061994
389 0.164723 0.00269734 0.884785 0.00639843
390 0.168347 0.00275444 0.881975 0.0064657
391 0.170304 0.00274915 0.879968 0.00651302
392 0.173886 0.00275294 0.877559 0.00656904
393 0.176182 0.00278518 0.868727 0.00676751
394 0.178502 0.00280824 0.861903 0.00691388
395 0.181752 0.00284489 0.858691 0.00698077
396 0.184687 0.00288314 0.846246 0.00722872
397 0.189358 0.00293702 0.841429 0.00732016
398 0.193452 0.0030024 0.828181 0.00755959
399 0.196919 0.00302776 0.818547 0.00772333
400 0.199893 0.00306464 0.808912 0.00787894
401 0.202749 0.00309083 0.806102 0.00792286
402 0.206808 0.00314404 0.797672 0.00805083
403 0.211053 0.00316255 0.788438 0.0081847
404 0.21356 0.00317667 0.784424 0.00824093
405 0.218695 0.00322349 0.773183 0.00839226
406 0.221996 0.00324986 0.771176 0.00841836
407 0.225455 0.00328671 0.759133 0.00856935
408 0.229622 0.00333608 0.737455 0.008818
409 0.233164 0.00334454 0.736251 0.00883098
410 0.234965 0.00336483 0.729827 0.00889879
411 0.238161 0.00337705 0.723003 0.00896826
412 0.240909 0.00340259 0.720594 0.00899215
413 0.243485 0.00345948 0.707748 0.0091142
414 0.246946 0.00351364 0.704938 0.00913971
415 0.248358 0.00351665 0.704135 0.00914693
416 0.251894 0.0035481 0.690887 0.0092611
417 0.254187 0.00356438 0.68607 0.00930039
418 0.255813 0.00357552 0.682858 0.00932593
419 0.257468 0.00359656 0.677238 0.00936941
420 0.259917 0.00361752 0.663589 0.00946858
421 0.262849 0.00364433 0.662786 0.00947414
422 0.265306 0.00367417 0.654356 0.00953064
423 0.269253 0.00368849 0.642312 0.00960562
424 0.271662 0.00373034 0.642714 0.00960323
425 0.274934 0.0037615 0.635086 0.00964743
426 0.276779 0.00376992 0.631072 0.00966965
427 0.278768 0.00377427 0.625452 0.00969954
428 0.281393 0.00377863 0.620634 0.00972405
429 0.283084 0.00379719 0.612204 0.0097645
430 0.284548 0.00383083 0.618226 0.00973592
431 0.287573 0.00383684 0.615014 0.00975136
432 0.289704 0.00384091 0.607788 0.00978446
433 0.292598 0.00384798 0.598153 0.0098251
434 0.296139 0.00389255 0.590927 0.00985298
435 0.297825 0.0038792 0.592935 0.00984546
436 0.299535 0.00391949 0.577278 0.00989966
437 0.301145 0.0039247 0.57768 0.0098984
438 0.302631 0.00394452 0.576475 0.00990216
439 0.305439 0.00393645 0.574468 0.0099083
440 0.3081 0.00394506 0.563228 0.00993962
441 0.31051 0.00394866 0.566439 0.00993121
442 0.312902 0.00396068 0.560418 0.00994664
443 0.31459 0.00396144 0.55841 0.00995145
444 0.316448 0.00396757 0.553191 0.0099632
445 0.318915 0.00400935 0.543958 0.00998126
446 0.322222 0.00404055 0.539141 0.00998931
447 0.322464 0.00407205 0.539542 0.00998868
448 0.324363 0.00408811 0.536331 0.00999357
449 0.32574 0.004116 0.52228 0.0100101
450 0.327656 0.00409771 0.517061 0.0100142
451 0.328181 0.00411372 0.519872 0.0100121
452 0.33005 0.00411995 0.512646 0.0100169
453 0.331005 0.00411865 0.517061 0.0100142
454 0.333237 0.00413617 0.51385 0.0100162
455 0.33658 0.00416865 0.512646 0.0100169
456 0.339056 0.0041736 0.504617 0.0100196
457 0.340194 0.00420682 0.50542 0.0100195
458 0.341868 0.00421064 0.502208 0.01002
459 0.342832 0.00420047 0.494982 0.0100196
460 0.344128 0.00419841 0.49458 0.0100195
461 0.345571 0.00420287 0.489362 0.0100178
462 0.346976 0.00421232 0.493376 0.0100192
463 0.349332 0.00422684 0.481734 0.0100134
464 0.351406 0.00422257 0.481333 0.0100131
465 0.353585 0.00421795 0.474107 0.0100066
466 0.355917 0.00422578 0.474107 0.0100066
467 0.357821 0.00423879 0.467684 0.00999911
468 0.358213 0.00422534 0.4721 0.0100044
469 0.361609 0.00423419 0.458049 0.00998473
470 0.36209 0.00424757 0.461261 0.00998994
471 0.363656 0.00427123 0.458852 0.00998607
472 0.364331 0.00430111 0.457648 0.00998405
473 0.364755 0.00428785 0.456443 0.00998197
474 0.366008 0.00431157 0.451626 0.00997305
475 0.369714 0.00433144 0.441188 0.0099505
476 0.370337 0.00433459 0.441188 0.0099505
477 0.373641 0.00432972 0.439984 0.00994762
478 0.375224 0.00432933 0.435167 0.00993547
479 0.376332 0.00433628 0.435167 0.00993547
480 0.378241 0.00433144 0.425933 0.00990951
481 0.379749 0.00432885 0.429145 0.00991894
482 0.381242 0.00432863 0.428342 0.00991662
483 0.383285 0.00437881 0.4167 0.00988003
484 0.384065 0.00436606 0.420313 0.00989199
485 0.384667 0.00437382 0.421517 0.00989585
486 0.384896 0.00438023 0.414693 0.00987315
487 0.387298 0.00437822 0.411481 0.00986178
488 0.387935 0.00437398 0.411883 0.00986323
489 0.388593 0.00437296 0.409876 0.00985594
490 0.389077 0.00436034 0.413087 0.00986752
491 0.390458 0.0043696 0.413489 0.00986894
492 0.392218 0.00436861 0.405058 0.00983776
493 0.392716 0.00436237 0.405861 0.00984086
494 0.394075 0.00436939 0.393015 0.009788
495 0.394714 0.00436806 0.391811 0.00978268
496 0.396308 0.00436158 0.390606 0.0097773
497 0.395515 0.00434563 0.395825 0.00980016
498 0.39675 0.00435758 0.391811 0.00978268
499 0.399535 0.0043681 0.388599 0.00976819
500 0.400581 0.00437185 0.384986 0.00975136
501 0.401629 0.00439043 0.384585 0.00974946
502 0.403099 0.00438715 0.391008 0.0097791
503 0.403884 0.00438458 0.388599 0.00976819
504 0.406 0.00438399 0.376556 0.00970988
505 0.40739 0.00435427 0.373745 0.00969536
506 0.407929 0.00436902 0.371337 0.00968263
507 0.407403 0.00438128 0.37495 0.00970162
508 0.408035 0.00437777 0.378563 0.00972004
509 0.407083 0.00441265 0.384585 0.00974946
510 0.409459 0.00443731 0.378964 0.00972205
511 0.411541 0.00444598 0.376154 0.00970782
512 0.412489 0.00448114 0.374147 0.00969745
513 0.413537 0.00447101 0.375753 0.00970576
514 0.415187 0.00445499 0.369731 0.009674
515 0.41632 0.0044437 0.361301 0.00962682
516 0.417536 0.00444752 0.354878 0.00958872
517 0.418699 0.00445225 0.356483 0.00959842
518 0.419545 0.00445754 0.358491 0.00961038
519 0.421527 0.00446264 0.351265 0.00956646
520 0.42262 0.00445557 0.343637 0.00951749
521 0.4244 0.00444994 0.342031 0.00950683
522 0.425832 0.00444944 0.34163 0.00950415
523 0.426045 0.00445292 0.338017 0.00947966
524 0.427059 0.00444835 0.340426 0.00949606
525 0.427186 0.00445846 0.340827 0.00949876
526 0.4264 0.00444346 0.342433 0.00950951
527 0.427365 0.00448032 0.338017 0.00947966
528 0.42854 0.00446569 0.338418 0.00948242
529 0.429883 0.00447386 0.335608 0.009463
530 0.429927 0.00449673 0.334805 0.00945738
531 0.429148 0.00449185 0.335207 0.00946019
532 0.430518 0.00447675 0.329988 0.00942303
533 0.433018 0.00450164 0.324368 0.00938154
534 0.433376 0.00448902 0.31955 0.00934476
535 0.435206 0.00450135 0.329988 0.00942303
536 0.434853 0.00447394 0.332397 0.00944035
537 0.437917 0.00446799 0.324769 0.00938456
538 0.439292 0.00448145 0.32236 0.00936635
539 0.439265 0.00446035 0.321959 0.00936329
540 0.441676 0.00448118 0.310317 0.00927103
541 0.442314 0.00448249 0.307507 0.00924774
542 0.443462 0.00449032 0.31112 0.00927761
543 0.442096 0.0044712 0.302288 0.00920341
544 0.442235 0.00451792 0.31112 0.00927761
545 0.443315 0.0045171 0.310719 0.00927432
546 0.442603 0.00452433 0.312726 0.00929067
547 0.444359 0.00453619 0.311521 0.00928089
548 0.445419 0.00452223 0.31393 0.00930039
549 0.445615 0.00452125 0.311923 0.00928416
550 0.447217 0.00449851 0.305098 0.00922745
551 0.447955 0.00450497 0.307908 0.00925109
552 0.448108 0.00450215 0.310317 0.00927103
553 0.44848 0.00451193 0.3055 0.00923086
554 0.448538 0.00452934 0.304295 0.00922063
555 0.448878 0.00452727 0.305901 0.00923425
556 0.449806 0.00450578 0.295464 0.00914332
557 0.451202 0.00448871 0.294661 0.00913609
558 0.452865 0.00445189 0.292252 0.0091142
559 0.452464 0.00443306 0.287435 0.00906948
560 0.454525 0.00446675 0.287836 0.00907325
561 0.455494 0.00447807 0.280209 0.00900004
562 0.455172 0.00451591 0.28623 0.0090581
563 0.455248 0.00455048 0.290245 0.00909572
564 0.455671 0.00455832 0.293456 0.00912518
565 0.456612 0.00455391 0.289843 0.00909199
566 0.458083 0.00455395 0.295062 0.00913971
567 0.458655 0.00453719 0.291048 0.00910313
568 0.459341 0.00452514 0.287836 0.00907325
569 0.460161 0.00454495 0.287435 0.00906948
570 0.460622 0.00456498 0.289442 0.00908826
571 0.461603 0.00455201 0.285829 0.00905429
572 0.463394 0.00458501 0.283019 0.00902738
573 0.46447 0.00457417 0.281413 0.00901181
574 0.464648 0.00455758 0.283019 0.00902738
575 0.464918 0.00455182 0.287435 0.00906948
576 0.467061 0.00455924 0.281413 0.00901181
577 0.467681 0.00453821 0.279406 0.00899215
578 0.468874 0.00451273 0.268567 0.00888206
579 0.470175 0.00455466 0.261341 0.00880493
580 0.47114 0.00457165 0.264552 0.00883959
581 0.471604 0.00455872 0.265757 0.00885243
582 0.472272 0.00457677 0.266158 0.00885669
583 0.473013 0.00454892 0.268165 0.00887786
584 0.473282 0.00453798 0.268567 0.00888206
585 0.473618 0.00454779 0.265355 0.00884816
586 0.473516 0.0045483 0.263348 0.00882666
587 0.473284 0.00452463 0.265757 0.00885243
588 0.474659 0.00454272 0.268165 0.00887786
589 0.475277 0.00454119 0.267363 0.00886942
590 0.475961 0.00453986 0.263749 0.00883098
591 0.475179 0.00453938 0.260939 0.00880056
592 0.475933 0.0045112 0.262144 0.00881365
593 0.477022 0.00452059 0.260538 0.00879617
594 0.477028 0.00452794 0.254918 0.00873378
595 0.476553 0.00452106 0.255721 0.00874281
596 0.476771 0.00453834 0.259735 0.00878738
597 0.478181 0.00451454 0.262545 0.008818
598 0.477193 0.00452488 0.260538 0.00879617
599 0.478142 0.00450677 0.256122 0.00874731
600 0.478311 0.00452726 0.255319 0.0087383
601 0.477443 0.00456814 0.263749 0.00883098
602 0.478859 0.00456795 0.263348 0.00882666
603 0.478118 0.00453759 0.264151 0.00883529
604 0.47739 0.00454832 0.260939 0.00880056
605 0.4767 0.00454229 0.260538 0.00879617
606 0.477758 0.0045434 0.254918 0.00873378
607 0.478044 0.00456838 0.251305 0.00869267
608 0.477233 0.00456425 0.262144 0.00881365
609 0.476264 0.00457301 0.263348 0.00882666
610 0.477512 0.00455116 0.256523 0.0087518
611 0.478697 0.0045456 0.256523 0.0087518
612 0.479556 0.00449528 0.252509 0.00870646
613 0.480875 0.00450112 0.247692 0.00865075
614 0.481464 0.00448587 0.249297 0.00866948
615 0.480551 0.0044805 0.247692 0.00865075
616 0.480391 0.00447036 0.256523 0.0087518
617 0.480257 0.00445541 0.249699 0.00867414
618 0.4812 0.00446797 0.245283 0.00862236
619 0.482074 0.00446592 0.249699 0.00867414
620 0.482238 0.00448167 0.244882 0.00861759
621 0.483821 0.00446468 0.244079 0.00860803
622 0.482887 0.00445565 0.244079 0.00860803
623 0.482399 0.00446983 0.247692 0.00865075
624 0.483618 0.00446331 0.246086 0.00863186
625 0.483437 0.00446224 0.242473 0.00858877
626 0.481531 0.0044679 0.246487 0.0086366
627 0.482615 0.00448233 0.244882 0.00861759
628 0.482926 0.00449804 0.244079 0.00860803
629 0.482694 0.00451999 0.248093 0.00865545
630 0.482393 0.00449762 0.255319 0.0087383
631 0.483026 0.00450885 0.248093 0.00865545
632 0.484355 0.00450835 0.248495 0.00866014
633 0.48508 0.00450509 0.246086 0.00863186
634 0.484888 0.00449323 0.251305 0.00869267
635 0.486289 0.00454296 0.246086 0.00863186
636 0.485256 0.00452859 0.244079 0.00860803
637 0.485001 0.00453247 0.249699 0.00867414
638 0.484681 0.00451874 0.251305 0.00869267
639 0.486346 0.00453909 0.247692 0.00865075
640 0.486549 0.0045243 0.249297 0.00866948
641 0.4875 0.00453155 0.239261 0.00854977
642 0.486512 0.00451608 0.248495 0.00866014
643 0.487322 0.00450855 0.249297 0.00866948
644 0.488033 0.00450028 0.243677 0.00860323
645 0.488054 0.00451721 0.254115 0.00872472
646 0.488947 0.00449975 0.250903 0.00868805
647 0.489108 0.00446316 0.246889 0.00864133
648 0.488988 0.00446587 0.243677 0.00860323
649 0.489042 0.00447933 0.2501 0.00867879
650 0.489491 0.00446544 0.2501 0.00867879
651 0.490284 0.00445947 0.249699 0.00867414
652 0.489575 0.00442775 0.243677 0.00860323
653 0.490417 0.00443749 0.237656 0.00853002
654 0.491615 0.0044484 0.240064 0.00855958
655 0.491756 0.004405 0.232437 0.00846467
656 0.492108 0.00440258 0.231634 0.00845445
657 0.491491 0.00440192 0.232838 0.00846976
658 0.491251 0.00443783 0.235247 0.00850008
659 0.491668 0.00443706 0.23605 0.0085101
660 0.492283 0.00443034 0.238458 0.00853991
661 0.493947 0.00444396 0.234845 0.00849505
662 0.494572 0.00443597 0.235648 0.00850509
663 0.493771 0.00445013 0.240064 0.00855958
664 0.494026 0.00447556 0.239261 0.00854977
665 0.49526 0.00447613 0.236451 0.0085151
666 0.495255 0.00449648 0.237656 0.00853002
667 0.495233 0.00448237 0.240466 0.00856447
668 0.495043 0.00448744 0.237656 0.00853002
669 0.494518 0.00448037 0.237254 0.00852505
670 0.494054 0.00448107 0.234444 0.00849001
671 0.494117 0.00447545 0.236451 0.0085151
672 0.493712 0.00448136 0.232035 0.00845956
673 0.494536 0.00444944 0.226014 0.00838174
674 0.494998 0.00445716 0.226415 0.00838701
675 0.49592 0.00446768 0.226014 0.00838174
676 0.49447 0.00446878 0.236853 0.00852008
677 0.494644 0.00447827 0.231634 0.00845445
678 0.496397 0.00447421 0.232035 0.00845956
679 0.497649 0.00446648 0.226817 0.00839226
680 0.498172 0.00445808 0.222401 0.00833386
681 0.498643 0.0044627 0.223204 0.00834458
682 0.49901 0.00446271 0.220795 0.00831229
683 0.498831 0.00445618 0.227218 0.0083975
684 0.498814 0.00445818 0.224006 0.00835525
685 0.498298 0.0044666 0.218788 0.00828507
686 0.498514 0.00445385 0.217182 0.00826309
687 0.497556 0.00447387 0.214773 0.00822977
688 0.496734 0.00444685 0.213569 0.00821296
689 0.496883 0.00445732 0.217985 0.0082741
690 0.497249 0.00444843 0.212766 0.00820169
691 0.497585 0.00444108 0.225612 0.00837647
692 0.497626 0.0044453 0.220795 0.00831229
693 0.498608 0.00445663 0.210759 0.00817331
694 0.49916 0.004455 0.218386 0.00827959
695 0.498683 0.00442736 0.217985 0.0082741
696 0.499099 0.00442293 0.21397 0.00821858
697 0.498093 0.00443951 0.215978 0.00824648
698 0.498023 0.0043891 0.214773 0.00822977
699 0.495891 0.0044393 0.215978 0.00824648
700 0.495631 0.00446664 0.219591 0.00829599
701 0.494733 0.00446144 0.215978 0.00824648
702 0.49401 0.00448572 0.221999 0.00832849
703 0.49406 0.00451467 0.224006 0.00835525
704 0.494549 0.00454105 0.223605 0.00834992
705 0.495252 0.00457242 0.223204 0.00834458
706 0.495771 0.00457319 0.225211 0.00837118
707 0.494041 0.00453909 0.226014 0.00838174
708 0.495697 0.00454189 0.223204 0.00834458
709 0.495758 0.00453473 0.225211 0.00837118
710 0.496419 0.00453157 0.227619 0.00840273
711 0.496874 0.00452369 0.226415 0.00838701
712 0.498002 0.00449302 0.228422 0.00841317
713 0.498432 0.00450474 0.226415 0.00838701
714 0.499163 0.00451474 0.23043 0.00843905
715 0.498001 0.00452326 0.224809 0.00836588
716 0.499793 0.00452073 0.224408 0.00836057
717 0.499527 0.00450269 0.221999 0.00832849
718 0.499546 0.00450426 0.224006 0.00835525
719 0.500931 0.00450579 0.217583 0.0082686
720 0.501233 0.00452058 0.221598 0.0083231
721 0.500415 0.00452047 0.228824 0.00841836
722 0.499985 0.00451874 0.230028 0.0084339
723 0.499437 0.0045142 0.229225 0.00842355
724 0.499109 0.00450751 0.228021 0.00840796
725 0.497227 0.00453198 0.230028 0.0084339
726 0.497315 0.00452194 0.226014 0.00838174
727 0.498741 0.00453405 0.229627 0.00842873
728 0.498393 0.00451729 0.23043 0.00843905
729 0.497777 0.00452602 0.224809 0.00836588
730 0.496653 0.00454942 0.236451 0.0085151
731 0.494089 0.00456423 0.232838 0.00846976
732 0.492962 0.00458223 0.236853 0.00852008
733 0.492709 0.00456845 0.235247 0.00850008
734 0.493118 0.00458565 0.235648 0.00850509
735 0.492625 0.00456448 0.236451 0.0085151
736 0.492637 0.00456266 0.232838 0.00846976
737 0.492426 0.0045577 0.234845 0.00849505
738 0.492914 0.00456417 0.231232 0.00844933
739 0.493875 0.00456311 0.234444 0.00849001
740 0.494317 0.004565 0.240466 0.00856447
741 0.494613 0.00453716 0.235247 0.00850008
742 0.494121 0.0045519 0.23605 0.0085101
743 0.495107 0.0045634 0.233641 0.00847991
744 0.494578 0.00457266 0.236853 0.00852008
745 0.495155 0.00459623 0.244079 0.00860803
746 0.494676 0.00456495 0.237254 0.00852505
747 0.49325 0.00454198 0.247692 0.00865075
748 0.492803 0.00456383 0.236451 0.0085151
749 0.492187 0.00456454 0.242473 0.00858877
750 0.493001 0.00458396 0.240466 0.00856447
751 0.49339 0.00457941 0.239663 0.00855468
752 0.492831 0.00457714 0.239663 0.00855468
753 0.49352 0.00456668 0.239261 0.00854977
754 0.494664 0.00457915 0.23886 0.00854485
755 0.494902 0.00459564 0.238458 0.00853991
756 0.495599 0.00458635 0.239261 0.00854977
757 0.49699 0.00458298 0.231232 0.00844933
758 0.496417 0.00456818 0.234444 0.00849001
759 0.498418 0.00457704 0.228422 0.00841317
760 0.498254 0.00460818 0.235648 0.00850509
761 0.497508 0.00458917 0.23324 0.00847484
762 0.497364 0.00453429 0.226817 0.00839226
763 0.497142 0.00451874 0.227619 0.00840273
764 0.496729 0.00450528 0.231232 0.00844933
765 0.49653 0.00448973 0.23043 0.00843905
766 0.497313 0.00450887 0.228422 0.00841317
767 0.497459 0.00449434 0.23043 0.00843905
768 0.497283 0.00450041 0.236853 0.00852008
769 0.497089 0.00449318 0.228422 0.00841317
770 0.49629 0.00450904 0.236853 0.00852008
771 0.495792 0.00450464 0.232838 0.00846976
772 0.496647 0.00451375 0.232437 0.00846467
773 0.495493 0.00450085 0.232035 0.00845956
774 0.495396 0.00450614 0.234845 0.00849505
775 0.494724 0.00452617 0.237656 0.00853002
776 0.494314 0.00453451 0.236451 0.0085151
777 0.494471 0.00454789 0.23605 0.0085101
778 0.495809 0.00454794 0.239663 0.00855468
779 0.496514 0.00455682 0.240466 0.00856447
780 0.495912 0.00453833 0.234444 0.00849001
781 0.49601 0.0045342 0.229225 0.00842355
782 0.49532 0.00453319 0.228422 0.00841317
783 0.496367 0.00454021 0.228824 0.00841836
784 0.496531 0.00451949 0.231634 0.00845445
785 0.496168 0.00451459 0.234043 0.00848497
786 0.49563 0.00451259 0.234043 0.00848497
787 0.495967 0.00451363 0.232035 0.00845956
788 0.495404 0.00449566 0.229225 0.00842355
789 0.497102 0.00449494 0.230831 0.0084442
790 0.496333 0.00448234 0.224408 0.00836057
791 0.497131 0.0045084 0.228422 0.00841317
792 0.498388 0.00448921 0.226415 0.00838701
793 0.498182 0.00446503 0.217182 0.00826309
794 0.498418 0.00447158 0.218386 0.00827959
795 0.497869 0.0044756 0.223204 0.00834458
796 0.496691 0.00446785 0.223605 0.00834992
797 0.496626 0.00446695 0.229225 0.00842355
798 0.496149 0.00448807 0.232035 0.00845956
799 0.495988 0.00453065 0.234444 0.00849001
800 0.495915 0.00450909 0.231634 0.00845445
801 0.496058 0.00449706 0.228824 0.00841836
802 0.49695 0.00450331 0.228824 0.00841836
803 0.497294 0.00448275 0.225612 0.00837647
804 0.497008 0.00447955 0.227619 0.00840273
805 0.497348 0.00449195 0.228824 0.00841836
806 0.497068 0.00450579 0.227619 0.00840273
807 0.498429 0.00450922 0.23324 0.00847484
808 0.498174 0.00448877 0.224408 0.00836057
809 0.498005 0.0044627 0.225211 0.00837118
810 0.498965 0.00447568 0.224809 0.00836588
811 0.499338 0.0045014 0.232035 0.00845956
812 0.49833 0.00450372 0.229627 0.00842873
813 0.49778 0.00448924 0.228422 0.00841317
814 0.497077 0.00450266 0.229627 0.00842873
815 0.496939 0.00448921 0.231634 0.00845445
816 0.496812 0.00450289 0.238458 0.00853991
817 0.497186 0.00449939 0.235247 0.00850008
818 0.497883 0.00450897 0.230028 0.0084339
819 0.497684 0.00452192 0.232437 0.00846467
820 0.499559 0.0045275 0.236451 0.0085151
821 0.500345 0.00453083 0.234845 0.00849505
822 0.499482 0.00455375 0.23886 0.00854485
823 0.500573 0.00454886 0.234845 0.00849505
824 0.500822 0.00455762 0.229225 0.00842355
825 0.500274 0.0045254 0.234444 0.00849001
826 0.500996 0.00449964 0.231634 0.00845445
827 0.500339 0.00453916 0.229225 0.00842355
828 0.500183 0.00450165 0.228422 0.00841317
829 0.498447 0.00453922 0.232838 0.00846976
830 0.49967 0.00452809 0.231634 0.00845445
831 0.499547 0.00451142 0.224408 0.00836057
832 0.500545 0.00450917 0.228422 0.00841317
833 0.500907 0.00449005 0.220795 0.00831229
834 0.499842 0.00449725 0.222802 0.00833923
835 0.499375 0.00450713 0.226817 0.00839226
836 0.499498 0.00449024 0.229225 0.00842355
837 0.499265 0.00451466 0.226817 0.00839226
838 0.497261 0.00452437 0.23324 0.00847484
839 0.498234 0.00452155 0.231232 0.00844933
840 0.499122 0.0045535 0.23324 0.00847484
841 0.498666 0.00454584 0.230831 0.0084442
842 0.499178 0.00454139 0.231634 0.00845445
843 0.499827 0.00452648 0.225211 0.00837118
844 0.499908 0.0044928 0.226415 0.00838701
845 0.497546 0.00449886 0.230831 0.0084442
846 0.497473 0.00449447 0.233641 0.00847991
847 0.49858 0.00450462 0.227619 0.00840273
848 0.49838 0.00451118 0.23324 0.00847484
849 0.496836 0.00450649 0.232838 0.00846976
850 0.49617 0.00447135 0.230028 0.0084339
851 0.496202 0.00448262 0.225612 0.00837647
852 0.494962 0.00449161 0.227218 0.0083975
853 0.495245 0.00450547 0.229627 0.00842873
854 0.496037 0.00447993 0.23324 0.00847484
855 0.49589 0.00446974 0.231634 0.00845445
856 0.495969 0.00447599 0.232838 0.00846976
857 0.494482 0.00447785 0.234444 0.00849001
858 0.495118 0.00450254 0.232838 0.00846976
859 0.493578 0.00450431 0.230831 0.0084442
860 0.49322 0.00448305 0.232838 0.00846976
861 0.491576 0.00447486 0.236853 0.00852008
862 0.491735 0.00449417 0.229627 0.00842873
863 0.492578 0.00448728 0.238057 0.00853497
864 0.491951 0.00451437 0.234043 0.00848497
865 0.491942 0.00450468 0.242874 0.0085936
866 0.493336 0.00447781 0.238057 0.00853497
867 0.494534 0.00450585 0.232437 0.00846467
868 0.49473 0.00453641 0.234845 0.00849505
869 0.493744 0.00453239 0.237254 0.00852505
870 0.493625 0.00453188 0.23605 0.0085101
871 0.494316 0.00454213 0.231634 0.00845445
872 0.495304 0.00453247 0.234845 0.00849505
873 0.495255 0.00453347 0.233641 0.00847991
874 0.494199 0.00453381 0.239261 0.00854977
875 0.494389 0.0045433 0.232035 0.00845956
876 0.494458 0.00450316 0.237656 0.00853002
877 0.495075 0.00455137 0.237656 0.00853002
878 0.493907 0.00454154 0.238458 0.00853991
879 0.494546 0.00454013 0.235247 0.00850008
880 0.495087 0.00454938 0.242473 0.00858877
881 0.494805 0.00456847 0.234043 0.00848497
882 0.495758 0.00456858 0.236451 0.0085151
883 0.495297 0.0045804 0.236853 0.00852008
884 0.495226 0.00455748 0.234444 0.00849001
885 0.495346 0.00455071 0.235648 0.00850509
886 0.495926 0.00454566 0.241269 0.00857422
887 0.496321 0.00455625 0.240064 0.00855958
888 0.496198 0.004555 0.245283 0.00862236
889 0.496924 0.00454067 0.243276 0.00859842
890 0.497028 0.00454961 0.240064 0.00855958
891 0.498208 0.0045427 0.239663 0.00855468
892 0.496916 0.00455648 0.240867 0.00856935
893 0.496266 0.00457348 0.241269 0.00857422
894 0.497244 0.0045971 0.246086 0.00863186
895 0.497345 0.00456407 0.238057 0.00853497
896 0.496413 0.00461611 0.243677 0.00860323
897 0.494933 0.00459802 0.23886 0.00854485
898 0.494794 0.00457544 0.242473 0.00858877
899 0.494898 0.00455143 0.245283 0.00862236
900 0.496271 0.00455596 0.239261 0.00854977
901 0.495479 0.00455124 0.237254 0.00852505
902 0.496566 0.00455204 0.243276 0.00859842
903 0.497992 0.00453935 0.238057 0.00853497
904 0.499535 0.00453316 0.231232 0.00844933
905 0.498548 0.00450345 0.231634 0.00845445
906 0.499137 0.00449326 0.232437 0.00846467
907 0.499335 0.00448469 0.229627 0.00842873
908 0.498305 0.00447306 0.235247 0.00850008
909 0.498771 0.00451821 0.230831 0.0084442
910 0.499424 0.00452825 0.232838 0.00846976
911 0.499544 0.00450569 0.232035 0.00845956
912 0.499103 0.00453435 0.231232 0.00844933
913 0.500786 0.00454431 0.228824 0.00841836
914 0.500266 0.00455269 0.235648 0.00850509
915 0.499546 0.00454485 0.235247 0.00850008
916 0.499785 0.0045545 0.23043 0.00843905
917 0.500721 0.00453864 0.226014 0.00838174
918 0.501465 0.00452282 0.229627 0.00842873
919 0.501038 0.00452202 0.226415 0.00838701
920 0.50166 0.0045335 0.226014 0.00838174
921 0.501515 0.00452462 0.228824 0.00841836
922 0.501797 0.00453978 0.226817 0.00839226
923 0.500138 0.00454042 0.232437 0.00846467
924 0.500927 0.00456474 0.232437 0.00846467
925 0.500949 0.00455375 0.223204 0.00834458
926 0.499356 0.00455208 0.224408 0.00836057
927 0.499121 0.00456673 0.226014 0.00838174
928 0.4991 0.00460707 0.224809 0.00836588
929 0.499011 0.00460442 0.225211 0.00837118
930 0.499235 0.00460047 0.224006 0.00835525
931 0.499108 0.00457866 0.228824 0.00841836
932 0.498743 0.00455198 0.225211 0.00837118
933 0.498163 0.00456638 0.229627 0.00842873
934 0.499446 0.00458689 0.231232 0.00844933
935 0.499723 0.00458241 0.229627 0.00842873
936 0.499225 0.00458165 0.223605 0.00834992
937 0.499413 0.00458426 0.224809 0.00836588
938 0.498823 0.00462993 0.222401 0.00833386
939 0.499151 0.0046241 0.227218 0.0083975
940 0.499893 0.00459316 0.226817 0.00839226
941 0.498295 0.00458557 0.226817 0.00839226
942 0.498957 0.00457714 0.222802 0.00833923
943 0.49931 0.00456909 0.223204 0.00834458
944 0.498613 0.00455245 0.219189 0.00829054
945 0.497895 0.00453627 0.220393 0.00830687
946 0.498342 0.0045362 0.228422 0.00841317
947 0.498576 0.00452355 0.222401 0.00833386
948 0.498922 0.00452959 0.220795 0.00831229
949 0.500179 0.00454791 0.219992 0.00830144
950 0.499841 0.00454398 0.226817 0.00839226
951 0.500667 0.00454688 0.231232 0.00844933
952 0.501344 0.0045313 0.232437 0.00846467
953 0.502049 0.00451914 0.226817 0.00839226
954 0.502084 0.00451133 0.220795 0.00831229
955 0.501428 0.00452681 0.224006 0.00835525
956 0.500842 0.00453601 0.222401 0.00833386
957 0.501549 0.00455893 0.219591 0.00829599
958 0.502199 0.00456643 0.214773 0.00822977
959 0.50078 0.00458533 0.224006 0.00835525
960 0.501241 0.00455656 0.221999 0.00832849
961 0.500935 0.00456486 0.226014 0.00838174
962 0.502064 0.00456486 0.221196 0.0083177
963 0.501946 0.00456831 0.229627 0.00842873
964 0.503577 0.00456449 0.223204 0.00834458
965 0.503877 0.00458211 0.224809 0.00836588
966 0.503939 0.00456829 0.218386 0.00827959
967 0.504403 0.00457191 0.220393 0.00830687
968 0.504325 0.00458788 0.228021 0.00840796
969 0.502425 0.00457611 0.221999 0.00832849
970 0.502567 0.0045644 0.226415 0.00838701
971 0.50138 0.00454767 0.225612 0.00837647
972 0.502412 0.00454957 0.220393 0.00830687
973 0.50321 0.00454368 0.221598 0.0083231
974 0.5025 0.00457945 0.225211 0.00837118
975 0.502372 0.0045607 0.229225 0.00842355
976 0.500996 0.00457563 0.230028 0.0084339
977 0.501908 0.00457812 0.226817 0.00839226
978 0.501345 0.00457942 0.223204 0.00834458
979 0.500623 0.00457505 0.220795 0.00831229
980 0.500346 0.00455258 0.220393 0.00830687
981 0.500874 0.00454691 0.219189 0.00829054
982 0.501149 0.00453686 0.224006 0.00835525
983 0.500078 0.00455331 0.225612 0.00837647
984 0.501308 0.00454557 0.223204 0.00834458
985 0.499812 0.00452327 0.221999 0.00832849
986 0.498873 0.00454801 0.224809 0.00836588
987 0.499014 0.00453796 0.224809 0.00836588
988 0.500124 0.00452029 0.227619 0.00840273
989 0.501012 0.00452568 0.220795 0.00831229
990 0.502777 0.00451861 0.223605 0.00834992
991 0.503029 0.00452668 0.221999 0.00832849
992 0.502864 0.00451498 0.216379 0.00825203
993 0.503842 0.00455871 0.220393 0.00830687
994 0.503616 0.00454907 0.220795 0.00831229
995 0.50316 0.00455856 0.218788 0.00828507
996 0.50284 0.00455778 0.215175 0.00823536
997 0.50216 0.00454726 0.221999 0.00832849
998 0.503352 0.00457552 0.227218 0.0083975
999 0.50174 0.00455596 0.221196 0.0083177
