#sample=319
0 0.000666871 9.45887e-05 1 0
1 0.000674923 8.56686e-05 1 0
2 0.000721019 0.000104426 1 0
3 0.000720005 9.23657e-05 1 0
4 0.00120209 0.000544856 1 0
5 0.000823432 0.000142469 1 0
6 0.000851651 0.000137185 1 0
7 0.000889576 0.000131776 1 0
8 0.000966016 0.00016801 1 0
9 0.000976735 0.000153136 1 0
10 0.00103159 0.000174042 1 0
11 0.00108596 0.000155468 1 0
12 0.00119782 0.000159899 1 0
13 0.00162807 0.000393861 1 0
14 0.00140542 0.000227368 1 0
15 0.00190216 0.000513368 1 0
16 0.00205663 0.000549831 1 0
17 0.00183853 0.000278744 1 0
18 0.00256481 0.000722048 1 0
19 0.00236232 0.000666614 1 0
20 0.00337518 0.000984036 1 0
21 0.00339448 0.000974948 1 0
22 0.00333018 0.000913027 1 0
23 0.00401588 0.000784099 1 0
24 0.00301806 0.000609931 1 0
25 0.00430039 0.00112908 1 0
26 0.00617635 0.00168411 0.996865 0.0031348
27 0.00588254 0.00154173 0.996865 0.0031348
28 0.00662684 0.00171519 0.996865 0.0031348
29 0.00690738 0.00217255 0.996865 0.0031348
30 0.00826167 0.00229833 0.99373 0.0044263
31 0.00650063 0.00164546 0.996865 0.0031348
32 0.0104719 0.00233598 0.996865 0.0031348
33 0.0104967 0.00277036 0.990596 0.00541253
34 0.0071369 0.00173763 0.996865 0.0031348
35 0.00821108 0.00194564 0.996865 0.0031348
36 0.00952152 0.00193541 1 0
37 0.0101583 0.00198227 0.996865 0.0031348
38 0.00942918 0.0020091 0.996865 0.0031348
39 0.0143673 0.00277171 0.990596 0.00541253
40 0.0117027 0.00217482 0.99373 0.0044263
41 0.0109464 0.0024842 0.987461 0.00623995
42 0.00897479 0.00139904 1 0
43 0.0105368 0.00183367 1 0
44 0.0122667 0.00193728 1 0
45 0.0120462 0.00214819 0.996865 0.0031348
46 0.0164415 0.00279256 0.996865 0.0031348
47 0.0136672 0.00212495 1 0
48 0.0129337 0.00245567 0.996865 0.0031348
49 0.0147801 0.002491 0.99373 0.0044263
50 0.0146297 0.0022741 0.996865 0.0031348
51 0.0176287 0.00324511 0.990596 0.00541253
52 0.0189718 0.0027521 0.996865 0.0031348
53 0.0179371 0.00260604 0.996865 0.0031348
54 0.0147714 0.00226504 0.996865 0.0031348
55 0.0171974 0.00263327 0.996865 0.0031348
56 0.0209258 0.00310235 0.99373 0.0044263
57 0.016324 0.00246012 0.996865 0.0031348
58 0.0199733 0.00303685 0.99373 0.0044263
59 0.0181159 0.0025054 0.996865 0.0031348
60 0.0165883 0.00235867 0.996865 0.0031348
61 0.0160865 0.00226751 0.996865 0.0031348
62 0.020376 0.00304083 0.996865 0.0031348
63 0.0249271 0.00330789 0.99373 0.0044263
64 0.0242556 0.00312326 0.990596 0.00541253
65 0.0219032 0.00307686 0.99373 0.0044263
66 0.0239591 0.00332219 0.987461 0.00623995
67 0.0288613 0.00396318 0.987461 0.00623995
68 0.020854 0.00247062 0.996865 0.0031348
69 0.0267384 0.00361181 0.987461 0.00623995
70 0.0289111 0.00386473 0.984326 0.00696539
71 0.0276248 0.00364659 0.984326 0.00696539
72 0.0253646 0.00327504 0.99373 0.0044263
73 0.0305212 0.00409376 0.984326 0.00696539
74 0.0229883 0.00299343 0.996865 0.0031348
75 0.0265859 0.00336584 0.99373 0.0044263
76 0.0251704 0.00327503 0.990596 0.00541253
77 0.028302 0.00369035 0.990596 0.00541253
78 0.0352626 0.00454931 0.984326 0.00696539
79 0.0346533 0.00449074 0.981191 0.00761805
80 0.0279056 0.00330435 0.987461 0.00623995
81 0.0314363 0.00394465 0.990596 0.00541253
82 0.0354806 0.0044621 0.978056 0.00821527
83 0.0340608 0.00433302 0.981191 0.00761805
84 0.0386194 0.00464405 0.987461 0.00623995
85 0.0335905 0.00419765 0.971787 0.00928534
86 0.0382109 0.00435802 0.978056 0.00821527
87 0.0397971 0.0047344 0.978056 0.00821527
88 0.039083 0.0046278 0.981191 0.00761805
89 0.0423863 0.00493054 0.968652 0.00977181
90 0.0452576 0.00519499 0.978056 0.00821527
91 0.0456313 0.00524611 0.968652 0.00977181
92 0.0461836 0.00490373 0.978056 0.00821527
93 0.0573349 0.00604151 0.949843 0.0122399
94 0.0595773 0.00586636 0.962382 0.0106698
95 0.0628239 0.00619624 0.965517 0.0102322
96 0.0660444 0.0069735 0.934169 0.0139064
97 0.0829924 0.00809041 0.909091 0.0161211
98 0.0895786 0.00850232 0.899687 0.0168466
99 0.0886103 0.00868533 0.893417 0.0173044
100 0.098007 0.00917265 0.880878 0.0181652
101 0.11223 0.0100348 0.846395 0.0202197
102 0.122504 0.0105215 0.830721 0.0210289
103 0.130444 0.0112098 0.808777 0.0220531
104 0.136272 0.0115035 0.796238 0.0225876
105 0.146933 0.0119406 0.789969 0.022842
106 0.159611 0.012408 0.77116 0.0235573
107 0.167979 0.0127254 0.752351 0.0242055
108 0.17794 0.0131916 0.730408 0.0248842
109 0.184365 0.0132789 0.714734 0.0253212
110 0.190526 0.0135343 0.708464 0.0254854
111 0.19659 0.0138192 0.708464 0.0254854
112 0.199337 0.0141351 0.705329 0.0255653
113 0.205528 0.0146527 0.695925 0.0257963
114 0.212388 0.0148215 0.683386 0.0260846
115 0.216112 0.0149774 0.673981 0.0262864
116 0.225267 0.0154265 0.648903 0.0267664
117 0.234112 0.0158097 0.645768 0.0268206
118 0.24058 0.0161438 0.645768 0.0268206
119 0.242138 0.0160732 0.645768 0.0268206
120 0.244368 0.0163306 0.658307 0.0265961
121 0.250433 0.0163559 0.633229 0.0270249
122 0.253325 0.016406 0.636364 0.0269757
123 0.256919 0.0165629 0.630094 0.0270729
124 0.257564 0.0167067 0.642633 0.0268736
125 0.261136 0.0168522 0.636364 0.0269757
126 0.26243 0.0170874 0.636364 0.0269757
127 0.267221 0.0171348 0.630094 0.0270729
128 0.274788 0.0171626 0.617555 0.0272527
129 0.27596 0.017299 0.611285 0.0273353
130 0.277212 0.0172999 0.61442 0.0272946
131 0.279819 0.0173761 0.598746 0.0274864
132 0.284653 0.017617 0.598746 0.0274864
133 0.286646 0.0177263 0.598746 0.0274864
134 0.28861 0.017901 0.586207 0.0276187
135 0.291687 0.0179064 0.589342 0.0275874
136 0.293245 0.0180708 0.589342 0.0275874
137 0.297475 0.0182028 0.592476 0.0275549
138 0.299764 0.0183021 0.583072 0.0276489
139 0.304064 0.018409 0.576803 0.0277059
140 0.304429 0.0184019 0.570533 0.0277582
141 0.305273 0.0186128 0.579937 0.027678
142 0.310623 0.018791 0.576803 0.0277059
143 0.31373 0.0188851 0.573668 0.0277326
144 0.318883 0.019066 0.564263 0.0278061
145 0.324928 0.0192647 0.557994 0.0278494
146 0.327199 0.0192962 0.557994 0.0278494
147 0.328283 0.0193137 0.551724 0.0278882
148 0.32787 0.0192783 0.551724 0.0278882
149 0.328729 0.0194237 0.561129 0.0278283
150 0.332244 0.0194613 0.561129 0.0278283
151 0.335054 0.0195512 0.561129 0.0278283
152 0.337915 0.0196938 0.561129 0.0278283
153 0.338609 0.0196689 0.557994 0.0278494
154 0.341327 0.0198008 0.554859 0.0278693
155 0.343299 0.019982 0.551724 0.0278882
156 0.345736 0.0200162 0.554859 0.0278693
157 0.349723 0.0200628 0.54232 0.027938
158 0.348545 0.0201123 0.551724 0.0278882
159 0.350574 0.0201924 0.545455 0.0279225
160 0.350978 0.0202176 0.548589 0.0279059
161 0.352451 0.020287 0.551724 0.0278882
162 0.353936 0.0203775 0.554859 0.0278693
163 0.355662 0.0204744 0.548589 0.0279059
164 0.355812 0.0204591 0.545455 0.0279225
165 0.356576 0.0205478 0.545455 0.0279225
166 0.359487 0.0205973 0.551724 0.0278882
167 0.363875 0.0207451 0.545455 0.0279225
168 0.36609 0.0208345 0.545455 0.0279225
169 0.366988 0.0208408 0.54232 0.027938
170 0.367641 0.0208485 0.54232 0.027938
171 0.369218 0.0209383 0.539185 0.0279524
172 0.371502 0.0209524 0.529781 0.0279888
173 0.371494 0.0209188 0.53605 0.0279656
174 0.371481 0.0209558 0.53605 0.0279656
175 0.371024 0.0209721 0.54232 0.027938
176 0.370368 0.0210076 0.539185 0.0279524
177 0.371246 0.0210421 0.539185 0.0279524
178 0.371987 0.0210136 0.53605 0.0279656
179 0.372806 0.0210427 0.53605 0.0279656
180 0.373324 0.0209585 0.529781 0.0279888
181 0.373059 0.0209609 0.539185 0.0279524
182 0.374005 0.0210068 0.53605 0.0279656
183 0.374445 0.0210941 0.539185 0.0279524
184 0.37554 0.0211292 0.53605 0.0279656
185 0.377892 0.0211714 0.532915 0.0279778
186 0.378321 0.0211859 0.529781 0.0279888
187 0.378053 0.0212414 0.53605 0.0279656
188 0.378742 0.0213056 0.53605 0.0279656
189 0.379462 0.021301 0.532915 0.0279778
190 0.382447 0.0213024 0.53605 0.0279656
191 0.385172 0.0213305 0.532915 0.0279778
192 0.385324 0.0213498 0.532915 0.0279778
193 0.387844 0.0214268 0.539185 0.0279524
194 0.390377 0.0214714 0.523511 0.0280076
195 0.390338 0.0214661 0.526646 0.0279988
196 0.392413 0.0215252 0.526646 0.0279988
197 0.392664 0.0215108 0.526646 0.0279988
198 0.392899 0.0215076 0.526646 0.0279988
199 0.394379 0.0215237 0.526646 0.0279988
200 0.394918 0.0214868 0.523511 0.0280076
201 0.39478 0.0215288 0.523511 0.0280076
202 0.395645 0.0215921 0.529781 0.0279888
203 0.396841 0.0216401 0.526646 0.0279988
204 0.39653 0.0216156 0.526646 0.0279988
205 0.397743 0.0216562 0.523511 0.0280076
206 0.396773 0.0216679 0.529781 0.0279888
207 0.399339 0.0217676 0.539185 0.0279524
208 0.400553 0.0217619 0.523511 0.0280076
209 0.399924 0.0217934 0.532915 0.0279778
210 0.401812 0.0218106 0.529781 0.0279888
211 0.400726 0.0218371 0.526646 0.0279988
212 0.403105 0.0218522 0.523511 0.0280076
213 0.405129 0.0219406 0.523511 0.0280076
214 0.40543 0.0219336 0.520376 0.0280153
215 0.409064 0.0220266 0.520376 0.0280153
216 0.410126 0.0220552 0.523511 0.0280076
217 0.409708 0.022041 0.526646 0.0279988
218 0.41105 0.0220651 0.529781 0.0279888
219 0.410651 0.0220182 0.523511 0.0280076
220 0.411882 0.0220091 0.523511 0.0280076
221 0.413288 0.0220632 0.523511 0.0280076
222 0.412815 0.0220425 0.526646 0.0279988
223 0.414098 0.0220936 0.523511 0.0280076
224 0.414225 0.0220845 0.523511 0.0280076
225 0.413909 0.0221014 0.520376 0.0280153
226 0.415969 0.0221695 0.520376 0.0280153
227 0.417164 0.0222457 0.526646 0.0279988
228 0.417789 0.0222411 0.520376 0.0280153
229 0.418178 0.022256 0.520376 0.0280153
230 0.418581 0.0222872 0.517241 0.0280219
231 0.419576 0.022292 0.517241 0.0280219
232 0.420246 0.022343 0.517241 0.0280219
233 0.421035 0.0223563 0.520376 0.0280153
234 0.421811 0.0223849 0.514107 0.0280274
235 0.421319 0.0224093 0.520376 0.0280153
236 0.422357 0.0223734 0.514107 0.0280274
237 0.422653 0.0223903 0.520376 0.0280153
238 0.423058 0.0224272 0.517241 0.0280219
239 0.423283 0.0224429 0.520376 0.0280153
240 0.423785 0.0224218 0.520376 0.0280153
241 0.42538 0.0224402 0.514107 0.0280274
242 0.425886 0.0224552 0.514107 0.0280274
243 0.42725 0.0224653 0.517241 0.0280219
244 0.427959 0.0224875 0.517241 0.0280219
245 0.428257 0.022465 0.514107 0.0280274
246 0.427541 0.0224757 0.514107 0.0280274
247 0.428722 0.0224519 0.514107 0.0280274
248 0.428263 0.0224573 0.514107 0.0280274
249 0.430121 0.0225455 0.514107 0.0280274
250 0.4309 0.0225602 0.514107 0.0280274
251 0.429686 0.0225282 0.514107 0.0280274
252 0.43055 0.0225341 0.517241 0.0280219
253 0.430499 0.0225665 0.514107 0.0280274
254 0.432088 0.0226031 0.517241 0.0280219
255 0.431561 0.0226414 0.517241 0.0280219
256 0.433028 0.022679 0.517241 0.0280219
257 0.435212 0.0227312 0.514107 0.0280274
258 0.435474 0.0227377 0.510972 0.0280319
259 0.43514 0.0227317 0.510972 0.0280319
260 0.437421 0.0227899 0.514107 0.0280274
261 0.438003 0.0228061 0.514107 0.0280274
262 0.438591 0.0228087 0.510972 0.0280319
263 0.438206 0.022832 0.510972 0.0280319
264 0.439667 0.02285 0.510972 0.0280319
265 0.440331 0.0229076 0.510972 0.0280319
266 0.441284 0.0229294 0.507837 0.0280352
267 0.44269 0.0229447 0.510972 0.0280319
268 0.443403 0.0229818 0.507837 0.0280352
269 0.442779 0.0229339 0.507837 0.0280352
270 0.442926 0.0229611 0.510972 0.0280319
271 0.442672 0.0229484 0.507837 0.0280352
272 0.444016 0.022996 0.507837 0.0280352
273 0.444736 0.0229999 0.507837 0.0280352
274 0.44597 0.023034 0.507837 0.0280352
275 0.446322 0.0230568 0.507837 0.0280352
276 0.446363 0.023055 0.510972 0.0280319
277 0.446314 0.0230921 0.510972 0.0280319
278 0.447202 0.0230982 0.510972 0.0280319
279 0.447966 0.0231172 0.510972 0.0280319
280 0.448329 0.0231479 0.510972 0.0280319
281 0.448769 0.0231333 0.510972 0.0280319
282 0.449746 0.0231253 0.510972 0.0280319
283 0.450218 0.0231366 0.510972 0.0280319
284 0.450452 0.0231445 0.510972 0.0280319
285 0.449908 0.0231581 0.510972 0.0280319
286 0.450959 0.0231944 0.510972 0.0280319
287 0.451934 0.0231727 0.510972 0.0280319
288 0.453012 0.0232119 0.507837 0.0280352
289 0.45356 0.0232151 0.507837 0.0280352
290 0.454899 0.0232455 0.510972 0.0280319
291 0.455244 0.0232353 0.507837 0.0280352
292 0.454524 0.0232123 0.510972 0.0280319
293 0.454769 0.0232214 0.510972 0.0280319
294 0.45726 0.0232648 0.510972 0.0280319
295 0.45637 0.0232495 0.510972 0.0280319
296 0.456171 0.0232375 0.510972 0.0280319
297 0.456451 0.0232303 0.510972 0.0280319
298 0.456887 0.0232774 0.510972 0.0280319
299 0.456616 0.0232769 0.510972 0.0280319
300 0.457 0.0232884 0.510972 0.0280319
301 0.458212 0.0233242 0.510972 0.0280319
302 0.459163 0.0232985 0.507837 0.0280352
303 0.459118 0.0232994 0.507837 0.0280352
304 0.460329 0.0233396 0.507837 0.0280352
305 0.461425 0.0233479 0.504702 0.0280374
306 0.461105 0.0233546 0.507837 0.0280352
307 0.461352 0.0233266 0.504702 0.0280374
308 0.462052 0.0233545 0.504702 0.0280374
309 0.462621 0.0233649 0.504702 0.0280374
310 0.46297 0.023424 0.507837 0.0280352
311 0.463485 0.0234275 0.507837 0.0280352
312 0.463065 0.0233833 0.507837 0.0280352
313 0.464511 0.0234031 0.504702 0.0280374
314 0.464078 0.0234214 0.507837 0.0280352
315 0.464108 0.0233902 0.507837 0.0280352
316 0.463892 0.0233878 0.507837 0.0280352
317 0.463717 0.0234052 0.507837 0.0280352
318 0.46344 0.0233993 0.507837 0.0280352
319 0.464212 0.0234464 0.507837 0.0280352
320 0.463955 0.0234502 0.510972 0.0280319
321 0.46432 0.0234392 0.507837 0.0280352
322 0.466282 0.0234801 0.510972 0.0280319
323 0.46586 0.0234751 0.507837 0.0280352
324 0.466827 0.0235136 0.510972 0.0280319
325 0.466968 0.0235256 0.507837 0.0280352
326 0.468203 0.0235224 0.507837 0.0280352
327 0.468909 0.0235728 0.507837 0.0280352
328 0.470026 0.023547 0.507837 0.0280352
329 0.470133 0.0236048 0.507837 0.0280352
330 0.469939 0.0235714 0.507837 0.0280352
331 0.469509 0.023568 0.507837 0.0280352
332 0.47013 0.0236008 0.507837 0.0280352
333 0.470417 0.0236031 0.504702 0.0280374
334 0.469763 0.0235805 0.507837 0.0280352
335 0.470837 0.023627 0.507837 0.0280352
336 0.472038 0.0236256 0.507837 0.0280352
337 0.472282 0.0236129 0.504702 0.0280374
338 0.472046 0.0235888 0.504702 0.0280374
339 0.473337 0.0235947 0.501567 0.0280385
340 0.473537 0.0235967 0.501567 0.0280385
341 0.474132 0.0235857 0.501567 0.0280385
342 0.474687 0.0236265 0.501567 0.0280385
343 0.47451 0.0236068 0.504702 0.0280374
344 0.475075 0.0235868 0.501567 0.0280385
345 0.475993 0.023607 0.498433 0.0280385
346 0.476071 0.0236155 0.501567 0.0280385
347 0.476041 0.023615 0.501567 0.0280385
348 0.476456 0.0236367 0.504702 0.0280374
349 0.476416 0.0236246 0.504702 0.0280374
350 0.476432 0.0236018 0.501567 0.0280385
351 0.476386 0.0236418 0.501567 0.0280385
352 0.47659 0.0236332 0.501567 0.0280385
353 0.475904 0.0236277 0.504702 0.0280374
354 0.476451 0.0236632 0.501567 0.0280385
355 0.477087 0.0236333 0.501567 0.0280385
356 0.476516 0.0236219 0.501567 0.0280385
357 0.477158 0.0236026 0.501567 0.0280385
358 0.47683 0.0235845 0.501567 0.0280385
359 0.477573 0.0236063 0.501567 0.0280385
360 0.478477 0.0236385 0.504702 0.0280374
361 0.478764 0.0236249 0.501567 0.0280385
362 0.478216 0.0236035 0.501567 0.0280385
363 0.478002 0.0236518 0.501567 0.0280385
364 0.478047 0.0236524 0.501567 0.0280385
365 0.477991 0.0236205 0.504702 0.0280374
366 0.478347 0.0236498 0.504702 0.0280374
367 0.477767 0.0236259 0.504702 0.0280374
368 0.476722 0.0235899 0.507837 0.0280352
369 0.477265 0.023589 0.507837 0.0280352
370 0.477776 0.0235744 0.507837 0.0280352
371 0.477978 0.0235988 0.507837 0.0280352
372 0.478829 0.0235908 0.507837 0.0280352
373 0.479226 0.0235471 0.507837 0.0280352
374 0.479708 0.0235504 0.507837 0.0280352
375 0.480239 0.0235458 0.507837 0.0280352
376 0.480432 0.0235545 0.501567 0.0280385
377 0.480323 0.0235491 0.504702 0.0280374
378 0.479823 0.0235654 0.507837 0.0280352
379 0.478474 0.0235854 0.504702 0.0280374
380 0.479167 0.0235633 0.504702 0.0280374
381 0.479211 0.0235547 0.507837 0.0280352
382 0.47938 0.0236046 0.504702 0.0280374
383 0.479165 0.0235913 0.504702 0.0280374
384 0.479652 0.0236205 0.504702 0.0280374
385 0.479313 0.0236345 0.507837 0.0280352
386 0.479234 0.0236463 0.507837 0.0280352
387 0.479881 0.0236634 0.507837 0.0280352
388 0.480622 0.0236709 0.507837 0.0280352
389 0.479539 0.0236833 0.507837 0.0280352
390 0.479408 0.0237136 0.507837 0.0280352
391 0.479569 0.0236982 0.507837 0.0280352
392 0.479737 0.023674 0.504702 0.0280374
393 0.480113 0.0236738 0.507837 0.0280352
394 0.480236 0.023683 0.507837 0.0280352
395 0.480053 0.0236932 0.507837 0.0280352
396 0.480135 0.0236694 0.504702 0.0280374
397 0.481005 0.0237101 0.504702 0.0280374
398 0.481799 0.0237196 0.504702 0.0280374
399 0.482134 0.0237591 0.504702 0.0280374
400 0.482114 0.0237816 0.504702 0.0280374
401 0.482103 0.0238125 0.504702 0.0280374
402 0.482048 0.0238113 0.504702 0.0280374
403 0.483075 0.0238077 0.504702 0.0280374
404 0.483857 0.0238123 0.501567 0.0280385
405 0.483449 0.0238056 0.501567 0.0280385
406 0.484041 0.0237997 0.501567 0.0280385
407 0.484316 0.0238562 0.501567 0.0280385
408 0.483596 0.0238446 0.501567 0.0280385
409 0.483518 0.0238439 0.501567 0.0280385
410 0.482949 0.0238532 0.501567 0.0280385
411 0.48362 0.0238856 0.504702 0.0280374
412 0.482447 0.0239166 0.507837 0.0280352
413 0.482819 0.0238888 0.507837 0.0280352
414 0.482973 0.023871 0.501567 0.0280385
415 0.483924 0.0238856 0.504702 0.0280374
416 0.482882 0.023926 0.507837 0.0280352
417 0.48319 0.0239033 0.507837 0.0280352
418 0.483842 0.0239256 0.507837 0.0280352
419 0.483644 0.0239556 0.507837 0.0280352
420 0.484732 0.0239223 0.501567 0.0280385
421 0.483954 0.0239214 0.504702 0.0280374
422 0.484278 0.0239447 0.507837 0.0280352
423 0.48413 0.0239607 0.507837 0.0280352
424 0.484362 0.0240095 0.507837 0.0280352
425 0.485109 0.0239727 0.507837 0.0280352
426 0.484998 0.0239927 0.504702 0.0280374
427 0.484802 0.0240044 0.501567 0.0280385
428 0.484806 0.0239716 0.504702 0.0280374
429 0.486055 0.0239702 0.501567 0.0280385
430 0.487127 0.0239534 0.501567 0.0280385
431 0.487567 0.0239821 0.498433 0.0280385
432 0.487809 0.0240373 0.504702 0.0280374
433 0.487739 0.024032 0.504702 0.0280374
434 0.487878 0.0240106 0.504702 0.0280374
435 0.488286 0.0239926 0.504702 0.0280374
436 0.487618 0.0239806 0.504702 0.0280374
437 0.48798 0.0239647 0.504702 0.0280374
438 0.488993 0.0239861 0.504702 0.0280374
439 0.488909 0.02396 0.504702 0.0280374
440 0.488135 0.0239563 0.504702 0.0280374
441 0.487378 0.023953 0.504702 0.0280374
442 0.487206 0.0239401 0.504702 0.0280374
443 0.487214 0.0239282 0.504702 0.0280374
444 0.486818 0.0239065 0.504702 0.0280374
445 0.486882 0.0239065 0.504702 0.0280374
446 0.487901 0.0239142 0.498433 0.0280385
447 0.487292 0.0238872 0.501567 0.0280385
448 0.48778 0.0239005 0.501567 0.0280385
449 0.488044 0.0238728 0.501567 0.0280385
450 0.487922 0.023864 0.498433 0.0280385
451 0.488245 0.02383 0.498433 0.0280385
452 0.488456 0.0238472 0.501567 0.0280385
453 0.488216 0.0238435 0.504702 0.0280374
454 0.488706 0.0238691 0.501567 0.0280385
455 0.487934 0.0238765 0.504702 0.0280374
456 0.488539 0.023889 0.504702 0.0280374
457 0.488711 0.0238675 0.504702 0.0280374
458 0.48965 0.0239081 0.504702 0.0280374
459 0.489413 0.0239222 0.504702 0.0280374
460 0.490124 0.0239465 0.504702 0.0280374
461 0.490556 0.0239563 0.504702 0.0280374
462 0.490848 0.023957 0.504702 0.0280374
463 0.490068 0.023961 0.504702 0.0280374
464 0.490315 0.0239465 0.501567 0.0280385
465 0.489403 0.0239198 0.501567 0.0280385
466 0.48994 0.0239578 0.504702 0.0280374
467 0.489375 0.023936 0.504702 0.0280374
468 0.489274 0.0239207 0.504702 0.0280374
469 0.488879 0.023951 0.504702 0.0280374
470 0.48873 0.0238928 0.504702 0.0280374
471 0.488643 0.023867 0.504702 0.0280374
472 0.488928 0.0239148 0.504702 0.0280374
473 0.488769 0.0238836 0.504702 0.0280374
474 0.488795 0.0238834 0.504702 0.0280374
475 0.488459 0.0238985 0.504702 0.0280374
476 0.487771 0.0238615 0.504702 0.0280374
477 0.487539 0.0238637 0.504702 0.0280374
478 0.487709 0.0239033 0.504702 0.0280374
479 0.488761 0.0238869 0.504702 0.0280374
480 0.488567 0.0238954 0.504702 0.0280374
481 0.488385 0.0239256 0.504702 0.0280374
482 0.488129 0.0239022 0.504702 0.0280374
483 0.487102 0.0238828 0.504702 0.0280374
484 0.487795 0.0238704 0.504702 0.0280374
485 0.488211 0.0238889 0.504702 0.0280374
486 0.488527 0.023876 0.504702 0.0280374
487 0.488488 0.0238491 0.504702 0.0280374
488 0.488469 0.0238416 0.504702 0.0280374
489 0.488396 0.0238626 0.504702 0.0280374
490 0.488349 0.0238686 0.504702 0.0280374
491 0.48811 0.0238978 0.504702 0.0280374
492 0.487473 0.02388 0.504702 0.0280374
493 0.488097 0.0239135 0.504702 0.0280374
494 0.488454 0.0238883 0.504702 0.0280374
495 0.487939 0.0238824 0.504702 0.0280374
496 0.487821 0.0238704 0.504702 0.0280374
497 0.488338 0.0239249 0.504702 0.0280374
498 0.488422 0.0239524 0.504702 0.0280374
499 0.4883 0.0239417 0.504702 0.0280374
500 0.488046 0.0239457 0.504702 0.0280374
501 0.488282 0.0239513 0.504702 0.0280374
502 0.488527 0.023962 0.501567 0.0280385
503 0.488212 0.023942 0.501567 0.0280385
504 0.488585 0.0239577 0.504702 0.0280374
505 0.487757 0.0239675 0.504702 0.0280374
506 0.487915 0.0239635 0.504702 0.0280374
507 0.488386 0.0239586 0.504702 0.0280374
508 0.488332 0.0239495 0.504702 0.0280374
509 0.487996 0.0239371 0.504702 0.0280374
510 0.487136 0.0238988 0.504702 0.0280374
511 0.487254 0.0239319 0.504702 0.0280374
512 0.487253 0.0239241 0.504702 0.0280374
513 0.487213 0.0239229 0.504702 0.0280374
514 0.48744 0.0239202 0.504702 0.0280374
515 0.486922 0.023893 0.504702 0.0280374
516 0.486091 0.0238716 0.504702 0.0280374
517 0.486786 0.0238814 0.504702 0.0280374
518 0.486433 0.0238525 0.504702 0.0280374
519 0.486491 0.0238872 0.507837 0.0280352
520 0.487522 0.0239131 0.507837 0.0280352
521 0.487943 0.0238842 0.504702 0.0280374
522 0.487475 0.0238969 0.501567 0.0280385
523 0.487716 0.0239458 0.501567 0.0280385
524 0.487309 0.0239516 0.504702 0.0280374
525 0.487666 0.0239407 0.504702 0.0280374
526 0.487545 0.0239432 0.504702 0.0280374
527 0.487924 0.0239143 0.504702 0.0280374
528 0.488446 0.0239227 0.504702 0.0280374
529 0.488293 0.0239478 0.504702 0.0280374
530 0.490054 0.0239345 0.504702 0.0280374
531 0.489601 0.0239282 0.504702 0.0280374
532 0.490109 0.0239704 0.504702 0.0280374
533 0.490443 0.0239673 0.504702 0.0280374
534 0.490214 0.0239766 0.504702 0.0280374
535 0.490329 0.0239353 0.504702 0.0280374
536 0.49044 0.0239687 0.504702 0.0280374
537 0.490432 0.0239728 0.504702 0.0280374
538 0.49133 0.023999 0.504702 0.0280374
539 0.491671 0.0239693 0.504702 0.0280374
540 0.491368 0.0239626 0.504702 0.0280374
541 0.490554 0.0239308 0.504702 0.0280374
542 0.491586 0.0239404 0.504702 0.0280374
543 0.490687 0.0239576 0.504702 0.0280374
544 0.491077 0.0239246 0.501567 0.0280385
545 0.49129 0.0239279 0.501567 0.0280385
546 0.491329 0.0239223 0.504702 0.0280374
547 0.491782 0.0239151 0.504702 0.0280374
548 0.492489 0.0238942 0.501567 0.0280385
549 0.492118 0.0238475 0.504702 0.0280374
550 0.491651 0.0238512 0.504702 0.0280374
551 0.492013 0.0238831 0.504702 0.0280374
552 0.49263 0.0238336 0.504702 0.0280374
553 0.49276 0.0238862 0.504702 0.0280374
554 0.493187 0.0238549 0.504702 0.0280374
555 0.492786 0.0238653 0.504702 0.0280374
556 0.492252 0.023837 0.504702 0.0280374
557 0.49191 0.0238387 0.504702 0.0280374
558 0.491925 0.0238589 0.504702 0.0280374
559 0.491504 0.0238659 0.507837 0.0280352
560 0.492125 0.0238663 0.504702 0.0280374
561 0.492447 0.0238584 0.504702 0.0280374
562 0.49222 0.0238421 0.504702 0.0280374
563 0.492196 0.0238331 0.504702 0.0280374
564 0.492816 0.0238612 0.504702 0.0280374
565 0.492912 0.0238438 0.504702 0.0280374
566 0.492938 0.02381 0.504702 0.0280374
567 0.492965 0.0238359 0.504702 0.0280374
568 0.492714 0.0238528 0.504702 0.0280374
569 0.49174 0.0238303 0.504702 0.0280374
570 0.49224 0.0238622 0.504702 0.0280374
571 0.492566 0.0238356 0.504702 0.0280374
572 0.492905 0.0238083 0.504702 0.0280374
573 0.493691 0.023834 0.504702 0.0280374
574 0.494197 0.0238391 0.504702 0.0280374
575 0.494653 0.0238516 0.504702 0.0280374
576 0.494477 0.0238973 0.504702 0.0280374
577 0.49379 0.0239059 0.501567 0.0280385
578 0.493626 0.0239126 0.501567 0.0280385
579 0.493476 0.0239514 0.504702 0.0280374
580 0.493338 0.0239582 0.504702 0.0280374
581 0.492853 0.0239357 0.504702 0.0280374
582 0.492588 0.0239717 0.504702 0.0280374
583 0.492536 0.0239264 0.504702 0.0280374
584 0.491782 0.0239362 0.504702 0.0280374
585 0.491745 0.0239523 0.504702 0.0280374
586 0.491941 0.023931 0.504702 0.0280374
587 0.491672 0.0239076 0.504702 0.0280374
588 0.491913 0.0239433 0.504702 0.0280374
589 0.491936 0.0239203 0.504702 0.0280374
590 0.491203 0.0239305 0.504702 0.0280374
591 0.4909 0.0239467 0.504702 0.0280374
592 0.491084 0.0239501 0.504702 0.0280374
593 0.491859 0.0239668 0.504702 0.0280374
594 0.491879 0.0240014 0.504702 0.0280374
595 0.49167 0.0240254 0.504702 0.0280374
596 0.490903 0.0240132 0.504702 0.0280374
597 0.490477 0.0240328 0.507837 0.0280352
598 0.491285 0.0240646 0.507837 0.0280352
599 0.491842 0.0240714 0.507837 0.0280352
600 0.491375 0.0240834 0.507837 0.0280352
601 0.49221 0.0240926 0.507837 0.0280352
602 0.49193 0.0240909 0.507837 0.0280352
603 0.492237 0.0240749 0.507837 0.0280352
604 0.493423 0.0240679 0.507837 0.0280352
605 0.493588 0.024078 0.507837 0.0280352
606 0.493369 0.0240843 0.507837 0.0280352
607 0.493847 0.0240686 0.504702 0.0280374
608 0.494022 0.0240635 0.507837 0.0280352
609 0.493649 0.0240657 0.507837 0.0280352
610 0.493697 0.0240572 0.507837 0.0280352
611 0.493718 0.0240549 0.507837 0.0280352
612 0.494311 0.024071 0.507837 0.0280352
613 0.494243 0.0240599 0.504702 0.0280374
614 0.49408 0.024054 0.507837 0.0280352
615 0.4939 0.0240398 0.507837 0.0280352
616 0.493444 0.0240614 0.507837 0.0280352
617 0.493111 0.0240487 0.504702 0.0280374
618 0.493748 0.0240553 0.501567 0.0280385
619 0.493827 0.0240655 0.501567 0.0280385
620 0.493527 0.0240436 0.501567 0.0280385
621 0.494228 0.024055 0.504702 0.0280374
622 0.493693 0.0240367 0.501567 0.0280385
623 0.494033 0.0240288 0.504702 0.0280374
624 0.493969 0.0240313 0.501567 0.0280385
625 0.493809 0.0240308 0.501567 0.0280385
626 0.494854 0.0239987 0.501567 0.0280385
627 0.494801 0.0240066 0.501567 0.0280385
628 0.494963 0.0239775 0.504702 0.0280374
629 0.494693 0.0239772 0.501567 0.0280385
630 0.494555 0.0239883 0.504702 0.0280374
631 0.493914 0.0239934 0.507837 0.0280352
632 0.494155 0.0239863 0.504702 0.0280374
633 0.4939 0.0239724 0.504702 0.0280374
634 0.493986 0.0239706 0.504702 0.0280374
635 0.493088 0.024011 0.507837 0.0280352
636 0.492322 0.023992 0.507837 0.0280352
637 0.491954 0.0239733 0.507837 0.0280352
638 0.492117 0.0239747 0.507837 0.0280352
639 0.491084 0.023981 0.507837 0.0280352
640 0.490966 0.023983 0.507837 0.0280352
641 0.490891 0.0239768 0.510972 0.0280319
642 0.490966 0.0239504 0.510972 0.0280319
643 0.49075 0.0239319 0.507837 0.0280352
644 0.490927 0.0239658 0.510972 0.0280319
645 0.491003 0.0239568 0.507837 0.0280352
646 0.490846 0.0239716 0.507837 0.0280352
647 0.491044 0.0239862 0.510972 0.0280319
648 0.491109 0.0239644 0.507837 0.0280352
649 0.491177 0.0239616 0.504702 0.0280374
650 0.491648 0.0239552 0.504702 0.0280374
651 0.490671 0.0240032 0.507837 0.0280352
652 0.490939 0.024009 0.507837 0.0280352
653 0.491123 0.023989 0.504702 0.0280374
654 0.490779 0.0240143 0.507837 0.0280352
655 0.490809 0.0240264 0.507837 0.0280352
656 0.490893 0.0239869 0.507837 0.0280352
657 0.490706 0.0239959 0.507837 0.0280352
658 0.490175 0.0239948 0.507837 0.0280352
659 0.490771 0.0240041 0.507837 0.0280352
660 0.490282 0.0240009 0.504702 0.0280374
661 0.490052 0.0239887 0.504702 0.0280374
662 0.490572 0.023977 0.507837 0.0280352
663 0.490707 0.0239791 0.504702 0.0280374
664 0.490552 0.0239331 0.504702 0.0280374
665 0.490806 0.0239305 0.504702 0.0280374
666 0.491367 0.0239423 0.504702 0.0280374
667 0.491552 0.0239234 0.501567 0.0280385
668 0.490695 0.0239267 0.504702 0.0280374
669 0.491133 0.0239165 0.504702 0.0280374
670 0.491018 0.0238971 0.504702 0.0280374
671 0.491098 0.023881 0.504702 0.0280374
672 0.491003 0.0238796 0.504702 0.0280374
673 0.491649 0.0238919 0.504702 0.0280374
674 0.491117 0.0239041 0.504702 0.0280374
675 0.490546 0.0238751 0.504702 0.0280374
676 0.490573 0.0238518 0.504702 0.0280374
677 0.490451 0.0238537 0.504702 0.0280374
678 0.490823 0.0238765 0.504702 0.0280374
679 0.490543 0.0238545 0.504702 0.0280374
680 0.490387 0.0238724 0.504702 0.0280374
681 0.48975 0.0238847 0.507837 0.0280352
682 0.490085 0.0238791 0.507837 0.0280352
683 0.490274 0.0238586 0.501567 0.0280385
684 0.490206 0.0238455 0.501567 0.0280385
685 0.490564 0.0238676 0.504702 0.0280374
686 0.489606 0.0239212 0.507837 0.0280352
687 0.489194 0.0239008 0.504702 0.0280374
688 0.489112 0.0239196 0.510972 0.0280319
689 0.489851 0.0239028 0.507837 0.0280352
690 0.488986 0.0239111 0.507837 0.0280352
691 0.489394 0.0239024 0.504702 0.0280374
692 0.489833 0.0239105 0.507837 0.0280352
693 0.490017 0.0239506 0.504702 0.0280374
694 0.489916 0.0239521 0.504702 0.0280374
695 0.489592 0.0239543 0.504702 0.0280374
696 0.490015 0.0239257 0.507837 0.0280352
697 0.489975 0.0239594 0.507837 0.0280352
698 0.49016 0.0239758 0.507837 0.0280352
699 0.490411 0.0239946 0.507837 0.0280352
700 0.490302 0.0240068 0.507837 0.0280352
701 0.490118 0.0239627 0.507837 0.0280352
702 0.490899 0.0239547 0.507837 0.0280352
703 0.490624 0.023934 0.507837 0.0280352
704 0.491006 0.0239531 0.507837 0.0280352
705 0.491341 0.02397 0.507837 0.0280352
706 0.491416 0.0239741 0.507837 0.0280352
707 0.491104 0.0239476 0.507837 0.0280352
708 0.490327 0.0239586 0.507837 0.0280352
709 0.491023 0.023938 0.507837 0.0280352
710 0.490822 0.0239574 0.507837 0.0280352
711 0.490889 0.023946 0.507837 0.0280352
712 0.490733 0.0239337 0.507837 0.0280352
713 0.490691 0.023956 0.507837 0.0280352
714 0.491354 0.0239828 0.507837 0.0280352
715 0.490521 0.0239625 0.507837 0.0280352
716 0.490417 0.0239485 0.504702 0.0280374
717 0.489825 0.0239526 0.504702 0.0280374
718 0.49097 0.0239594 0.504702 0.0280374
719 0.491142 0.0239417 0.504702 0.0280374
720 0.491122 0.0239806 0.507837 0.0280352
721 0.491151 0.0239544 0.507837 0.0280352
722 0.491119 0.0239578 0.507837 0.0280352
723 0.491044 0.0239666 0.510972 0.0280319
724 0.490392 0.0239692 0.507837 0.0280352
725 0.490248 0.0239929 0.507837 0.0280352
726 0.490462 0.024008 0.507837 0.0280352
727 0.490655 0.0239929 0.507837 0.0280352
728 0.490596 0.0239904 0.507837 0.0280352
729 0.490577 0.0239884 0.507837 0.0280352
730 0.490769 0.0239804 0.507837 0.0280352
731 0.491165 0.0239828 0.510972 0.0280319
732 0.491552 0.0239975 0.510972 0.0280319
733 0.491719 0.0240153 0.510972 0.0280319
734 0.491776 0.0239826 0.510972 0.0280319
735 0.49166 0.0239517 0.510972 0.0280319
736 0.491301 0.023956 0.507837 0.0280352
737 0.492086 0.0239651 0.507837 0.0280352
738 0.492125 0.0239437 0.507837 0.0280352
739 0.492822 0.0239324 0.504702 0.0280374
740 0.492352 0.0239273 0.504702 0.0280374
741 0.492105 0.0239434 0.507837 0.0280352
742 0.491455 0.0239744 0.507837 0.0280352
743 0.491496 0.023967 0.504702 0.0280374
744 0.491509 0.0239534 0.507837 0.0280352
745 0.490881 0.023975 0.501567 0.0280385
746 0.489945 0.0239561 0.504702 0.0280374
747 0.489812 0.0239287 0.501567 0.0280385
748 0.489831 0.023939 0.501567 0.0280385
749 0.490227 0.0239114 0.501567 0.0280385
750 0.490256 0.0238996 0.501567 0.0280385
751 0.49053 0.023899 0.498433 0.0280385
752 0.490361 0.0238924 0.498433 0.0280385
753 0.490773 0.023886 0.498433 0.0280385
754 0.490922 0.023885 0.498433 0.0280385
755 0.490589 0.0238769 0.501567 0.0280385
756 0.491093 0.0239146 0.501567 0.0280385
757 0.491567 0.023912 0.501567 0.0280385
758 0.492458 0.0239061 0.501567 0.0280385
759 0.492239 0.0239308 0.498433 0.0280385
760 0.491931 0.0239494 0.501567 0.0280385
761 0.492405 0.0239893 0.498433 0.0280385
762 0.492396 0.0239905 0.498433 0.0280385
763 0.492045 0.0239822 0.501567 0.0280385
764 0.491494 0.0239858 0.501567 0.0280385
765 0.492306 0.0239719 0.501567 0.0280385
766 0.492715 0.0239797 0.498433 0.0280385
767 0.492527 0.0239921 0.501567 0.0280385
768 0.493649 0.0239882 0.501567 0.0280385
769 0.49372 0.0239957 0.498433 0.0280385
770 0.494155 0.0240216 0.501567 0.0280385
771 0.49311 0.0239665 0.501567 0.0280385
772 0.493022 0.0239843 0.498433 0.0280385
773 0.493084 0.0239981 0.498433 0.0280385
774 0.492577 0.024041 0.498433 0.0280385
775 0.492159 0.0240303 0.498433 0.0280385
776 0.492503 0.024047 0.498433 0.0280385
777 0.492655 0.0240521 0.498433 0.0280385
778 0.493554 0.0240315 0.498433 0.0280385
779 0.493032 0.0240512 0.501567 0.0280385
780 0.493203 0.0240672 0.501567 0.0280385
781 0.493023 0.0240593 0.501567 0.0280385
782 0.492312 0.0240489 0.501567 0.0280385
783 0.492911 0.024019 0.501567 0.0280385
784 0.491734 0.0240346 0.501567 0.0280385
785 0.492186 0.0240753 0.504702 0.0280374
786 0.492365 0.024062 0.504702 0.0280374
787 0.491926 0.0240627 0.504702 0.0280374
788 0.491962 0.0240789 0.504702 0.0280374
789 0.492189 0.0240626 0.504702 0.0280374
790 0.492334 0.0240713 0.504702 0.0280374
791 0.492198 0.0240906 0.504702 0.0280374
792 0.492142 0.0240865 0.504702 0.0280374
793 0.492658 0.0240656 0.504702 0.0280374
794 0.492663 0.0240899 0.504702 0.0280374
795 0.492994 0.024095 0.504702 0.0280374
796 0.492995 0.0240627 0.504702 0.0280374
797 0.49326 0.024064 0.504702 0.0280374
798 0.493811 0.0240663 0.504702 0.0280374
799 0.493756 0.024021 0.504702 0.0280374
800 0.493273 0.0240101 0.504702 0.0280374
801 0.493639 0.0240232 0.504702 0.0280374
802 0.493727 0.023974 0.504702 0.0280374
803 0.493203 0.0239819 0.504702 0.0280374
804 0.493183 0.0239892 0.504702 0.0280374
805 0.492829 0.0239842 0.504702 0.0280374
806 0.492566 0.0239947 0.504702 0.0280374
807 0.492608 0.0240147 0.504702 0.0280374
808 0.492116 0.0240117 0.504702 0.0280374
809 0.491757 0.024002 0.504702 0.0280374
810 0.491737 0.0239842 0.504702 0.0280374
811 0.492669 0.023984 0.504702 0.0280374
812 0.492906 0.0240066 0.504702 0.0280374
813 0.492716 0.0240159 0.504702 0.0280374
814 0.492391 0.0240009 0.504702 0.0280374
815 0.493289 0.0239809 0.501567 0.0280385
816 0.493685 0.0240021 0.504702 0.0280374
817 0.492615 0.0240018 0.504702 0.0280374
818 0.493171 0.0239776 0.501567 0.0280385
819 0.492666 0.0239643 0.501567 0.0280385
820 0.492837 0.0239677 0.501567 0.0280385
821 0.493727 0.0239383 0.501567 0.0280385
822 0.494199 0.0239249 0.501567 0.0280385
823 0.494144 0.0239159 0.504702 0.0280374
824 0.493903 0.0238892 0.504702 0.0280374
825 0.494028 0.0238965 0.504702 0.0280374
826 0.492967 0.0239037 0.504702 0.0280374
827 0.493582 0.0239198 0.504702 0.0280374
828 0.493115 0.0238898 0.504702 0.0280374
829 0.492427 0.0239398 0.504702 0.0280374
830 0.492183 0.0239156 0.504702 0.0280374
831 0.492387 0.0238707 0.504702 0.0280374
832 0.491994 0.0239197 0.504702 0.0280374
833 0.491577 0.0239352 0.504702 0.0280374
834 0.492295 0.0239367 0.504702 0.0280374
835 0.493201 0.0239302 0.504702 0.0280374
836 0.492598 0.0239113 0.504702 0.0280374
837 0.492818 0.0239282 0.504702 0.0280374
838 0.49238 0.0239553 0.504702 0.0280374
839 0.492767 0.0239377 0.504702 0.0280374
840 0.492279 0.0239233 0.504702 0.0280374
841 0.491509 0.0239411 0.504702 0.0280374
842 0.490849 0.0239424 0.504702 0.0280374
843 0.490388 0.0238838 0.504702 0.0280374
844 0.490644 0.0239117 0.501567 0.0280385
845 0.490361 0.0239221 0.504702 0.0280374
846 0.490538 0.0239152 0.504702 0.0280374
847 0.49033 0.0239144 0.504702 0.0280374
848 0.490235 0.023905 0.504702 0.0280374
849 0.490398 0.0239311 0.504702 0.0280374
850 0.491213 0.0239425 0.504702 0.0280374
851 0.491247 0.0239274 0.504702 0.0280374
852 0.491371 0.0238984 0.504702 0.0280374
853 0.491247 0.0239307 0.504702 0.0280374
854 0.490583 0.0239574 0.504702 0.0280374
855 0.490891 0.0239457 0.504702 0.0280374
856 0.49146 0.0239154 0.501567 0.0280385
857 0.490995 0.0239261 0.504702 0.0280374
858 0.490321 0.0239511 0.504702 0.0280374
859 0.490194 0.0239493 0.504702 0.0280374
860 0.490625 0.0239569 0.504702 0.0280374
861 0.491105 0.0239781 0.504702 0.0280374
862 0.490722 0.023966 0.504702 0.0280374
863 0.491244 0.0239839 0.504702 0.0280374
864 0.490679 0.0239696 0.504702 0.0280374
865 0.490348 0.0239506 0.504702 0.0280374
866 0.49045 0.0239898 0.504702 0.0280374
867 0.490547 0.0239593 0.504702 0.0280374
868 0.490284 0.0239574 0.504702 0.0280374
869 0.49099 0.0239716 0.504702 0.0280374
870 0.491123 0.0239495 0.504702 0.0280374
871 0.490369 0.0239774 0.504702 0.0280374
872 0.490842 0.0240017 0.504702 0.0280374
873 0.491999 0.0240152 0.504702 0.0280374
874 0.491799 0.0240179 0.504702 0.0280374
875 0.492197 0.0240284 0.504702 0.0280374
876 0.491296 0.0240644 0.504702 0.0280374
877 0.490833 0.0240611 0.504702 0.0280374
878 0.491307 0.0240916 0.504702 0.0280374
879 0.491025 0.0240903 0.504702 0.0280374
880 0.490562 0.0240837 0.504702 0.0280374
881 0.4905 0.0241164 0.504702 0.0280374
882 0.490785 0.0241239 0.504702 0.0280374
883 0.490483 0.0241338 0.504702 0.0280374
884 0.490671 0.0241283 0.504702 0.0280374
885 0.491107 0.0241442 0.504702 0.0280374
886 0.49136 0.0241204 0.504702 0.0280374
887 0.491173 0.0240917 0.504702 0.0280374
888 0.490887 0.0240859 0.504702 0.0280374
889 0.490631 0.0240943 0.504702 0.0280374
890 0.490475 0.0240633 0.504702 0.0280374
891 0.490779 0.0240757 0.504702 0.0280374
892 0.491191 0.0240753 0.501567 0.0280385
893 0.491606 0.0240674 0.504702 0.0280374
894 0.491689 0.0240952 0.504702 0.0280374
895 0.491515 0.0240767 0.504702 0.0280374
896 0.491698 0.0240713 0.504702 0.0280374
897 0.491146 0.0240924 0.504702 0.0280374
898 0.492007 0.0240762 0.504702 0.0280374
899 0.492384 0.0240988 0.504702 0.0280374
900 0.492229 0.0240869 0.504702 0.0280374
901 0.492492 0.0240683 0.504702 0.0280374
902 0.492892 0.0240629 0.504702 0.0280374
903 0.492632 0.0240854 0.504702 0.0280374
904 0.493185 0.0240943 0.504702 0.0280374
905 0.492905 0.0241269 0.504702 0.0280374
906 0.492997 0.0241177 0.504702 0.0280374
907 0.493019 0.0241143 0.504702 0.0280374
908 0.493308 0.0241078 0.504702 0.0280374
909 0.493321 0.0240923 0.504702 0.0280374
910 0.493019 0.0241132 0.504702 0.0280374
911 0.493053 0.0241391 0.504702 0.0280374
912 0.492979 0.0241654 0.504702 0.0280374
913 0.492752 0.0241643 0.504702 0.0280374
914 0.493002 0.0241453 0.504702 0.0280374
915 0.492842 0.0241258 0.504702 0.0280374
916 0.492513 0.0241242 0.504702 0.0280374
917 0.492481 0.0240967 0.501567 0.0280385
918 0.492654 0.0240961 0.504702 0.0280374
919 0.492714 0.0241074 0.501567 0.0280385
920 0.491683 0.024087 0.504702 0.0280374
921 0.491678 0.0240745 0.501567 0.0280385
922 0.492275 0.0240633 0.501567 0.0280385
923 0.492435 0.0240411 0.501567 0.0280385
924 0.491598 0.0239995 0.501567 0.0280385
925 0.492001 0.0239952 0.504702 0.0280374
926 0.491541 0.0239709 0.504702 0.0280374
927 0.491916 0.0239859 0.501567 0.0280385
928 0.492397 0.0240295 0.504702 0.0280374
929 0.49306 0.0240657 0.501567 0.0280385
930 0.493396 0.0240735 0.504702 0.0280374
931 0.493373 0.0240656 0.504702 0.0280374
932 0.492825 0.0240484 0.504702 0.0280374
933 0.492159 0.0240491 0.504702 0.0280374
934 0.492637 0.02405 0.504702 0.0280374
935 0.492685 0.0240356 0.504702 0.0280374
936 0.49263 0.0240518 0.504702 0.0280374
937 0.492757 0.0240338 0.501567 0.0280385
938 0.492563 0.0240484 0.504702 0.0280374
939 0.493635 0.0240597 0.501567 0.0280385
940 0.493557 0.0240297 0.501567 0.0280385
941 0.493536 0.0240088 0.501567 0.0280385
942 0.493282 0.0240269 0.501567 0.0280385
943 0.493859 0.0240306 0.501567 0.0280385
944 0.494604 0.0240508 0.501567 0.0280385
945 0.494254 0.0240282 0.501567 0.0280385
946 0.494394 0.0240186 0.501567 0.0280385
947 0.494105 0.0240198 0.501567 0.0280385
948 0.494412 0.0240398 0.504702 0.0280374
949 0.494199 0.0240187 0.501567 0.0280385
950 0.49388 0.0240569 0.501567 0.0280385
951 0.493068 0.0240407 0.501567 0.0280385
952 0.493019 0.0240136 0.501567 0.0280385
953 0.493069 0.0239935 0.498433 0.0280385
954 0.493878 0.0240053 0.501567 0.0280385
955 0.493461 0.0239992 0.504702 0.0280374
956 0.49364 0.0240486 0.504702 0.0280374
957 0.492342 0.0239955 0.504702 0.0280374
958 0.492422 0.0240204 0.504702 0.0280374
959 0.492387 0.0240554 0.504702 0.0280374
960 0.492118 0.0240392 0.504702 0.0280374
961 0.49264 0.0240478 0.504702 0.0280374
962 0.492689 0.0240421 0.504702 0.0280374
963 0.49266 0.024011 0.501567 0.0280385
964 0.492532 0.0240004 0.501567 0.0280385
965 0.492193 0.024006 0.504702 0.0280374
966 0.492277 0.0239904 0.501567 0.0280385
967 0.492627 0.0239844 0.501567 0.0280385
968 0.492559 0.0239361 0.501567 0.0280385
969 0.491794 0.0239607 0.501567 0.0280385
970 0.490493 0.023928 0.501567 0.0280385
971 0.490483 0.0239058 0.501567 0.0280385
972 0.489906 0.0238753 0.501567 0.0280385
973 0.49034 0.0238846 0.501567 0.0280385
974 0.490882 0.0238803 0.504702 0.0280374
975 0.491132 0.0238874 0.504702 0.0280374
976 0.491583 0.0238947 0.501567 0.0280385
977 0.491654 0.0238927 0.501567 0.0280385
978 0.491937 0.0239221 0.501567 0.0280385
979 0.4922 0.0239287 0.501567 0.0280385
980 0.49174 0.0239194 0.501567 0.0280385
981 0.491478 0.0239308 0.501567 0.0280385
982 0.4913 0.0239271 0.504702 0.0280374
983 0.491168 0.0239073 0.504702 0.0280374
984 0.490938 0.0239111 0.504702 0.0280374
985 0.490874 0.023934 0.504702 0.0280374
986 0.490185 0.0239274 0.504702 0.0280374
987 0.49116 0.0239371 0.504702 0.0280374
988 0.490756 0.0239284 0.504702 0.0280374
989 0.491279 0.0239057 0.504702 0.0280374
990 0.490876 0.0239403 0.504702 0.0280374
991 0.491686 0.0239542 0.504702 0.0280374
992 0.490898 0.0239641 0.504702 0.0280374
993 0.491012 0.0239556 0.504702 0.0280374
994 0.490671 0.0239634 0.504702 0.0280374
995 0.491023 0.0239685 0.507837 0.0280352
996 0.491481 0.0239747 0.504702 0.0280374
997 0.491449 0.023979 0.504702 0.0280374
998 0.491235 0.0239747 0.507837 0.0280352
999 0.490522 0.0239784 0.507837 0.0280352
