#sample=990
0 0.00100033 1.08451e-05 1 0
1 0.00101859 1.12367e-05 1 0
2 0.00106201 1.22006e-05 1 0
3 0.00111507 1.42034e-05 1 0
4 0.00124187 1.84106e-05 1 0
5 0.0013612 2.20224e-05 1 0
6 0.00149778 2.72255e-05 1 0
7 0.00166919 3.51109e-05 1 0
8 0.00185316 4.06351e-05 1 0
9 0.00212078 4.82907e-05 1 0
10 0.00236737 5.67984e-05 1 0
11 0.00265357 6.69453e-05 1 0
12 0.00299374 7.75912e-05 1 0
13 0.00330588 8.84806e-05 1 0
14 0.00365812 0.000100326 1 0
15 0.0039799 0.000108732 1 0
16 0.00436967 0.000121686 1 0
17 0.00471666 0.000129927 1 0
18 0.00507414 0.000142956 1 0
19 0.00536882 0.000152073 1 0
20 0.00572757 0.000163087 1 0
21 0.00601734 0.000171079 1 0
22 0.00635608 0.000180428 1 0
23 0.00672861 0.000194572 1 0
24 0.00708554 0.000206898 1 0
25 0.00742668 0.000217794 1 0
26 0.00778502 0.0002279 1 0
27 0.00825681 0.000241248 1 0
28 0.00887684 0.000354779 1 0
29 0.0090914 0.000268284 1 0
30 0.00946402 0.000278382 1 0
31 0.00991543 0.000292699 1 0
32 0.0101778 0.000300035 1 0
33 0.010579 0.000311192 1 0
34 0.0108676 0.000319277 1 0
35 0.0112847 0.000333378 1 0
36 0.0116796 0.000344233 1 0
37 0.0121408 0.000357559 1 0
38 0.0126783 0.000369053 1 0
39 0.0132206 0.000405221 1 0
40 0.0137069 0.000414849 1 0
41 0.0139343 0.000411942 1 0
42 0.0142995 0.000415419 1 0
43 0.0146688 0.000425993 1 0
44 0.0154099 0.000477002 1 0
45 0.015599 0.000455569 1 0
46 0.0160934 0.000473372 1 0
47 0.016525 0.000479165 1 0
48 0.0169078 0.000486701 1 0
49 0.017452 0.00049348 1 0
50 0.0179542 0.000511657 1 0
51 0.0186883 0.000525036 1 0
52 0.0192886 0.000552996 1 0
53 0.0201743 0.00060706 1 0
54 0.0203464 0.000576142 1 0
55 0.0208109 0.000582804 1 0
56 0.02162 0.000603953 1 0
57 0.0224881 0.000638763 1 0
58 0.0235676 0.000687128 1 0
59 0.0232095 0.000648019 1 0
60 0.0241617 0.000668903 1 0
61 0.0248907 0.000700283 1 0
62 0.0255664 0.000685047 1 0
63 0.026246 0.00068275 1 0
64 0.0266898 0.000710867 1 0
65 0.0275325 0.000747837 1 0
66 0.0277098 0.00070386 1 0
67 0.0290377 0.000745948 1 0
68 0.0302921 0.000795001 1 0
69 0.0301436 0.000763194 1 0
70 0.0306051 0.000786524 1 0
71 0.0309282 0.000765572 1 0
72 0.0327043 0.000825344 1 0
73 0.0324278 0.000809622 1 0
74 0.0336871 0.000869421 1 0
75 0.0345654 0.000892124 1 0
76 0.0341744 0.000824377 1 0
77 0.0355414 0.000885176 1 0
78 0.0369166 0.000920124 1 0
79 0.0373011 0.00088438 1 0
80 0.0381707 0.000929327 1 0
81 0.0389546 0.000961306 1 0
82 0.0395592 0.000908324 1 0
83 0.0398566 0.000945374 1 0
84 0.0404224 0.00093377 1 0
85 0.0406091 0.000929428 1 0
86 0.0424031 0.000963444 1 0
87 0.0423997 0.000962736 1 0
88 0.0426714 0.000950265 1 0
89 0.0435482 0.000975637 1 0
90 0.0449302 0.000993298 1 0
91 0.0459819 0.00101835 1 0
92 0.0469169 0.00104954 1 0
93 0.0470772 0.00101669 1 0
94 0.0483814 0.00107176 1 0
95 0.0506008 0.00111394 1 0
96 0.0492828 0.00107069 1 0
97 0.0497675 0.00108476 1 0
98 0.050566 0.00107596 1 0
99 0.0526496 0.00114778 1 0
100 0.0531968 0.00115105 1 0
101 0.0537262 0.00114646 1 0
102 0.0513952 0.00109906 1 0
103 0.0544072 0.00115951 1 0
104 0.0549303 0.00117614 1 0
105 0.0556245 0.00118216 1 0
106 0.0561435 0.00118095 1 0
107 0.0570612 0.0012295 1 0
108 0.0564328 0.00117116 1 0
109 0.058066 0.00119704 1 0
110 0.058691 0.00119339 1 0
111 0.0593513 0.00120855 1 0
112 0.0600163 0.0012224 1 0
113 0.0614594 0.00120787 1 0
114 0.0623655 0.00121638 1 0
115 0.0626515 0.00128429 1 0
116 0.0635744 0.00127342 1 0
117 0.0639278 0.00127598 1 0
118 0.0647862 0.00129322 1 0
119 0.0651489 0.00129502 1 0
120 0.0652049 0.00128259 1 0
121 0.0662549 0.00132257 1 0
122 0.065465 0.0013102 1 0
123 0.0673806 0.00136386 1 0
124 0.0669695 0.00132924 1 0
125 0.0676058 0.00132518 1 0
126 0.0676274 0.00133473 1 0
127 0.0676401 0.00135032 1 0
128 0.0686779 0.00138024 1 0
129 0.0696812 0.00137334 1 0
130 0.0696464 0.0013752 1 0
131 0.0708494 0.00138179 1 0
132 0.0706821 0.00136033 1 0
133 0.0701237 0.00141504 1 0
134 0.0701834 0.00138635 1 0
135 0.0719996 0.00143241 1 0
136 0.0718283 0.00139984 1 0
137 0.0732541 0.00143573 1 0
138 0.0725363 0.0014314 1 0
139 0.0736098 0.00145281 1 0
140 0.074245 0.00142196 1 0
141 0.0752737 0.00150256 1 0
142 0.0754406 0.00148731 1 0
143 0.0752845 0.0014738 1 0
144 0.0742502 0.00146279 1 0
145 0.0754362 0.0014792 1 0
146 0.0755946 0.00148543 1 0
147 0.0768607 0.00149432 1 0
148 0.0761744 0.0015108 1 0
149 0.0769132 0.00152851 1 0
150 0.0783555 0.00153549 1 0
151 0.0787535 0.00154628 1 0
152 0.0770236 0.00150908 1 0
153 0.0796878 0.00154541 1 0
154 0.0799386 0.00157163 1 0
155 0.0801297 0.00154385 1 0
156 0.0822911 0.00156844 1 0
157 0.0806526 0.0015729 1 0
158 0.080376 0.00160091 1 0
159 0.0803647 0.00158749 1 0
160 0.0816601 0.00162503 1 0
161 0.0811332 0.001625 1 0
162 0.0809197 0.00160058 1 0
163 0.0825301 0.00161919 1 0
164 0.0839159 0.00161568 1 0
165 0.0837558 0.00159765 1 0
166 0.0830409 0.0016317 1 0
167 0.0834883 0.00164738 1 0
168 0.0838464 0.00167053 1 0
169 0.0844954 0.00164713 1 0
170 0.0847013 0.00166731 1 0
171 0.0863627 0.00166784 1 0
172 0.0852288 0.001673 1 0
173 0.0859294 0.00168079 1 0
174 0.0875656 0.00168501 1 0
175 0.0889867 0.00168399 1 0
176 0.0899971 0.00171734 1 0
177 0.0891005 0.00173003 1 0
178 0.0899887 0.00170851 1 0
179 0.0903216 0.00174311 1 0
180 0.0903269 0.001735 1 0
181 0.090735 0.00173833 1 0
182 0.0910627 0.00177093 1 0
183 0.0904597 0.00175203 1 0
184 0.0901151 0.00174635 1 0
185 0.0909206 0.00176169 1 0
186 0.0919948 0.00176639 1 0
187 0.0920224 0.00177308 1 0
188 0.0919258 0.00177886 1 0
189 0.0909495 0.00177303 1 0
190 0.0923097 0.00181338 1 0
191 0.0927165 0.0017868 1 0
192 0.0935066 0.00179753 1 0
193 0.093561 0.00176752 1 0
194 0.0922901 0.00179314 1 0
195 0.0940015 0.00180035 1 0
196 0.0958244 0.00179041 1 0
197 0.0961274 0.00185512 1 0
198 0.096544 0.00184772 1 0
199 0.0968511 0.00181784 1 0
200 0.0963514 0.00180431 1 0
201 0.0970067 0.00184424 1 0
202 0.0966404 0.00184525 1 0
203 0.0973376 0.0018013 1 0
204 0.0984288 0.00184506 1 0
205 0.0986371 0.00188631 1 0
206 0.100574 0.00185056 1 0
207 0.0996869 0.0019086 1 0
208 0.100606 0.00191212 1 0
209 0.0996341 0.00190956 1 0
210 0.0991239 0.00187731 1 0
211 0.101635 0.00188443 1 0
212 0.103041 0.00190885 1 0
213 0.102085 0.00191673 1 0
214 0.102919 0.00190006 1 0
215 0.102462 0.00191959 1 0
216 0.105371 0.00192023 1 0
217 0.104419 0.00190707 1 0
218 0.104859 0.0019037 1 0
219 0.103605 0.00196966 1 0
220 0.105106 0.00193216 1 0
221 0.104732 0.00195217 1 0
222 0.106702 0.0019911 1 0
223 0.107589 0.00193253 1 0
224 0.107703 0.00196781 1 0
225 0.10724 0.00201302 1 0
226 0.106468 0.00200958 1 0
227 0.107733 0.00199721 1 0
228 0.110148 0.00201177 1 0
229 0.110735 0.00198688 1 0
230 0.110406 0.00201075 1 0
231 0.111131 0.0020185 1 0
232 0.109625 0.00200848 1 0
233 0.111052 0.00204107 1 0
234 0.111602 0.00208325 0.99798 0.00142778
235 0.113048 0.00203796 0.99899 0.0010101
236 0.113945 0.00207333 1 0
237 0.112999 0.00204819 1 0
238 0.113708 0.00208235 0.99899 0.0010101
239 0.113666 0.00208121 0.99899 0.0010101
240 0.114184 0.00205395 1 0
241 0.115912 0.00207607 1 0
242 0.116583 0.00208718 0.99899 0.0010101
243 0.116448 0.00208234 0.99899 0.0010101
244 0.118018 0.00209544 0.99798 0.00142778
245 0.117393 0.00214414 0.99798 0.00142778
246 0.118917 0.0021755 0.99798 0.00142778
247 0.12009 0.00220399 0.99798 0.00142778
248 0.118639 0.0022169 0.99596 0.00201714
249 0.118984 0.00222878 0.99697 0.00174778
250 0.119933 0.00219389 0.99596 0.00201714
251 0.119764 0.00224421 0.99697 0.00174778
252 0.120607 0.00223017 0.99596 0.00201714
253 0.122432 0.00225751 0.99596 0.00201714
254 0.123532 0.00227078 0.99697 0.00174778
255 0.121426 0.00224691 0.994949 0.00225408
256 0.124946 0.00223507 0.99798 0.00142778
257 0.124642 0.00227757 0.994949 0.00225408
258 0.123381 0.00229429 0.99697 0.00174778
259 0.123404 0.00230084 0.99697 0.00174778
260 0.124118 0.00229917 0.99596 0.00201714
261 0.124665 0.00233798 0.99596 0.00201714
262 0.126007 0.00232775 0.994949 0.00225408
263 0.127951 0.00230281 0.994949 0.00225408
264 0.127479 0.00233817 0.993939 0.00246797
265 0.129853 0.00235597 0.989899 0.00317965
266 0.127451 0.00232963 0.993939 0.00246797
267 0.128604 0.00232793 0.994949 0.00225408
268 0.128456 0.00236702 0.992929 0.00266436
269 0.131056 0.00233434 0.992929 0.00266436
270 0.132739 0.0023891 0.992929 0.00266436
271 0.132375 0.00238752 0.992929 0.00266436
272 0.13099 0.00243385 0.991919 0.00284687
273 0.134255 0.0024506 0.989899 0.00317965
274 0.131692 0.00241984 0.990909 0.00301802
275 0.134344 0.00249051 0.987879 0.00347958
276 0.135936 0.00250601 0.984848 0.00388432
277 0.135403 0.0025562 0.985859 0.00375453
278 0.135962 0.00249784 0.986869 0.00361981
279 0.138107 0.00243764 0.985859 0.00375453
280 0.137289 0.00252007 0.986869 0.00361981
281 0.138552 0.00250233 0.986869 0.00361981
282 0.139855 0.00252943 0.979798 0.00447371
283 0.140947 0.00250847 0.986869 0.00361981
284 0.14096 0.00247769 0.983838 0.00400965
285 0.142046 0.00248444 0.986869 0.00361981
286 0.143559 0.00252387 0.981818 0.0042485
287 0.144197 0.00251795 0.983838 0.00400965
288 0.145028 0.00261022 0.977778 0.00468722
289 0.144907 0.0026116 0.979798 0.00447371
290 0.144919 0.00263746 0.976768 0.00479009
291 0.145903 0.00262996 0.982828 0.00413093
292 0.146452 0.00265272 0.980808 0.00436268
293 0.147363 0.00262593 0.978788 0.00458182
294 0.146769 0.00263296 0.977778 0.00468722
295 0.148392 0.00269093 0.973737 0.00508501
296 0.148977 0.00273903 0.971717 0.00527149
297 0.150605 0.00272078 0.976768 0.00479009
298 0.153148 0.0027827 0.964646 0.00587222
299 0.155005 0.00281033 0.967677 0.00562373
300 0.156474 0.0028056 0.963636 0.0059524
301 0.157924 0.00286632 0.962626 0.00603134
302 0.157325 0.00284197 0.962626 0.00603134
303 0.157649 0.0028473 0.964646 0.00587222
304 0.160293 0.00290781 0.961616 0.0061091
305 0.162301 0.00287619 0.956566 0.00648151
306 0.163175 0.00289552 0.956566 0.00648151
307 0.166484 0.00297277 0.952525 0.00676194
308 0.165908 0.00296476 0.949495 0.00696331
309 0.167253 0.00300565 0.946465 0.00715771
310 0.169353 0.00309311 0.943434 0.00734572
311 0.169415 0.0030702 0.942424 0.00740704
312 0.172314 0.00307419 0.941414 0.00746773
313 0.175071 0.00305075 0.943434 0.00734572
314 0.177108 0.00313175 0.930303 0.00809694
315 0.177527 0.00313464 0.934343 0.00787579
316 0.177733 0.00321091 0.928283 0.00820453
317 0.180281 0.00324664 0.922222 0.00851623
318 0.18334 0.0033141 0.911111 0.00904922
319 0.182312 0.00330449 0.912121 0.00900265
320 0.184924 0.00334845 0.907071 0.00923206
321 0.186966 0.00334877 0.905051 0.00932147
322 0.188173 0.00337073 0.90303 0.0094096
323 0.190607 0.00338991 0.89798 0.0096245
324 0.190792 0.00344744 0.894949 0.0097499
325 0.192527 0.00345682 0.89899 0.00958212
326 0.194706 0.00347935 0.894949 0.0097499
327 0.195976 0.00352711 0.893939 0.00979113
328 0.197118 0.00353758 0.885859 0.0101113
329 0.200164 0.00357699 0.882828 0.0102271
330 0.201533 0.00359579 0.872727 0.0105976
331 0.201256 0.00358711 0.877778 0.0104152
332 0.206821 0.00363238 0.871717 0.0106334
333 0.206995 0.00368118 0.859596 0.0110469
334 0.208649 0.00372484 0.855556 0.0111783
335 0.211962 0.00376314 0.853535 0.0112429
336 0.212236 0.00383857 0.843434 0.0115552
337 0.214998 0.00382214 0.840404 0.0116455
338 0.217809 0.00385458 0.834343 0.0118217
339 0.218582 0.00391795 0.840404 0.0116455
340 0.221422 0.00394631 0.828283 0.0119922
341 0.221029 0.00396364 0.834343 0.0118217
342 0.22633 0.00397433 0.819192 0.0122378
343 0.228615 0.00400439 0.816162 0.0123171
344 0.229853 0.00401686 0.810101 0.0124719
345 0.231991 0.00407049 0.815152 0.0123432
346 0.236156 0.00412378 0.806061 0.0125724
347 0.237292 0.00415145 0.79899 0.0127433
348 0.240057 0.00418761 0.793939 0.0128615
349 0.243763 0.0042612 0.783838 0.0130889
350 0.245585 0.00428473 0.784848 0.0130667
351 0.248905 0.00428922 0.783838 0.0130889
352 0.249463 0.00432518 0.776768 0.0132412
353 0.25297 0.00436042 0.770707 0.0133672
354 0.254768 0.00441513 0.757576 0.0136271
355 0.256476 0.00446551 0.752525 0.0137223
356 0.258619 0.00449703 0.752525 0.0137223
357 0.26082 0.00454858 0.752525 0.0137223
358 0.263298 0.004572 0.741414 0.0139231
359 0.266422 0.00457247 0.736364 0.0140104
360 0.268239 0.00465192 0.732323 0.0140786
361 0.271231 0.00464844 0.727273 0.0141617
362 0.273508 0.00467969 0.721212 0.0142584
363 0.276068 0.00469921 0.711111 0.0144124
364 0.277813 0.00476647 0.70404 0.014515
365 0.279779 0.00480122 0.70404 0.014515
366 0.283172 0.00485122 0.685859 0.0147598
367 0.286654 0.00489931 0.681818 0.0148106
368 0.288452 0.00494815 0.679798 0.0148356
369 0.291238 0.00501097 0.665657 0.0150011
370 0.293715 0.00504872 0.652525 0.0151413
371 0.296478 0.0050387 0.658586 0.0150782
372 0.299378 0.00511187 0.651515 0.0151515
373 0.301204 0.00512199 0.648485 0.0151818
374 0.304023 0.00514654 0.639394 0.0152687
375 0.305841 0.00517867 0.635354 0.0153054
376 0.308807 0.00522886 0.626263 0.0153838
377 0.311895 0.00526252 0.620202 0.0154328
378 0.313397 0.00530709 0.621212 0.0154248
379 0.315502 0.00534016 0.619192 0.0154407
380 0.319182 0.00536764 0.615152 0.0154717
381 0.321857 0.00542077 0.6 0.0155778
382 0.325176 0.00546567 0.593939 0.0156159
383 0.327263 0.00551491 0.593939 0.0156159
384 0.32999 0.00555022 0.591919 0.0156281
385 0.331689 0.00560926 0.588889 0.0156458
386 0.334157 0.00565585 0.584848 0.0156685
387 0.336223 0.005669 0.577778 0.0157055
388 0.339807 0.00572531 0.573737 0.0157252
389 0.341873 0.00575282 0.573737 0.0157252
390 0.343698 0.00577673 0.573737 0.0157252
391 0.345781 0.00582161 0.573737 0.0157252
392 0.349158 0.00588294 0.560606 0.0157818
393 0.350869 0.00593401 0.558586 0.0157896
394 0.352663 0.00598689 0.563636 0.0157698
395 0.355227 0.00600281 0.563636 0.0157698
396 0.357395 0.0060316 0.556566 0.015797
397 0.359712 0.00608621 0.544444 0.0158361
398 0.361725 0.00609437 0.544444 0.0158361
399 0.364346 0.00614625 0.538384 0.0158522
400 0.365997 0.00618566 0.537374 0.0158546
401 0.36857 0.00623471 0.525253 0.0158788
402 0.371222 0.00628409 0.528283 0.0158736
403 0.372787 0.00631222 0.526263 0.0158771
404 0.373955 0.00633824 0.522222 0.0158834
405 0.375637 0.00633768 0.517172 0.0158897
406 0.376786 0.00635024 0.520202 0.0158861
407 0.379016 0.00638188 0.514141 0.0158927
408 0.381542 0.00641654 0.506061 0.0158979
409 0.382325 0.00644027 0.510101 0.0158958
410 0.38448 0.00650023 0.506061 0.0158979
411 0.386181 0.0065262 0.508081 0.015897
412 0.387772 0.00654396 0.50202 0.0158989
413 0.389326 0.00657486 0.505051 0.0158983
414 0.390555 0.00656343 0.49697 0.0158988
415 0.392729 0.00660035 0.491919 0.015897
416 0.394376 0.00663538 0.494949 0.0158983
417 0.394325 0.00664086 0.492929 0.0158975
418 0.396407 0.00667179 0.494949 0.0158983
419 0.397947 0.00670807 0.490909 0.0158964
420 0.399163 0.00673589 0.487879 0.0158944
421 0.400354 0.00673565 0.488889 0.0158951
422 0.401778 0.00676026 0.483838 0.0158908
423 0.40347 0.00679034 0.484848 0.0158918
424 0.404415 0.00681151 0.481818 0.0158886
425 0.405865 0.0068424 0.485859 0.0158927
426 0.407463 0.00685777 0.485859 0.0158927
427 0.409679 0.00690433 0.480808 0.0158874
428 0.411034 0.00693644 0.477778 0.0158834
429 0.411628 0.00695453 0.483838 0.0158908
430 0.412798 0.00696892 0.479798 0.0158861
431 0.413406 0.00698808 0.483838 0.0158908
432 0.415313 0.00700504 0.476768 0.0158819
433 0.415887 0.00702394 0.479798 0.0158861
434 0.416687 0.00704269 0.476768 0.0158819
435 0.417618 0.00705312 0.477778 0.0158834
436 0.418286 0.00707173 0.477778 0.0158834
437 0.419778 0.00708713 0.468687 0.0158679
438 0.420157 0.00711023 0.468687 0.0158679
439 0.421633 0.00713655 0.469697 0.0158698
440 0.422604 0.00714407 0.472727 0.0158754
441 0.424022 0.00714952 0.469697 0.0158698
442 0.425057 0.00715281 0.469697 0.0158698
443 0.425267 0.00717526 0.471717 0.0158736
444 0.426516 0.00719049 0.464646 0.0158593
445 0.427652 0.00722154 0.462626 0.0158546
446 0.427648 0.00724043 0.466667 0.0158637
447 0.428441 0.00726159 0.462626 0.0158546
448 0.430382 0.00729678 0.461616 0.0158522
449 0.43065 0.00730755 0.464646 0.0158593
450 0.431696 0.00731836 0.465657 0.0158615
451 0.432131 0.00732125 0.461616 0.0158522
452 0.432812 0.00730919 0.460606 0.0158497
453 0.433833 0.00732186 0.458586 0.0158444
454 0.434551 0.00732355 0.453535 0.0158303
455 0.435205 0.00733696 0.454545 0.0158332
456 0.435725 0.00735519 0.453535 0.0158303
457 0.436455 0.00736337 0.454545 0.0158332
458 0.437774 0.00737413 0.453535 0.0158303
459 0.438384 0.0073748 0.448485 0.0158145
460 0.438826 0.00737987 0.450505 0.015821
461 0.438953 0.0073802 0.449495 0.0158178
462 0.439255 0.00738282 0.447475 0.0158111
463 0.440233 0.00739742 0.447475 0.0158111
464 0.440233 0.00740786 0.450505 0.015821
465 0.441625 0.00742134 0.450505 0.015821
466 0.442552 0.00743418 0.448485 0.0158145
467 0.442712 0.00743546 0.449495 0.0158178
468 0.443521 0.00746512 0.446465 0.0158077
469 0.444608 0.00747505 0.447475 0.0158111
470 0.445158 0.00749451 0.450505 0.015821
471 0.445529 0.007511 0.448485 0.0158145
472 0.445991 0.00752866 0.446465 0.0158077
473 0.446774 0.00753976 0.445455 0.0158042
474 0.447356 0.00755574 0.449495 0.0158178
475 0.448171 0.00755537 0.443434 0.015797
476 0.448287 0.00755506 0.444444 0.0158006
477 0.448839 0.00755756 0.444444 0.0158006
478 0.449658 0.00755781 0.442424 0.0157933
479 0.449932 0.0075677 0.445455 0.0158042
480 0.450845 0.00758275 0.443434 0.015797
481 0.452004 0.00759794 0.442424 0.0157933
482 0.453169 0.00759878 0.441414 0.0157896
483 0.453436 0.00759866 0.443434 0.015797
484 0.453876 0.00760781 0.441414 0.0157896
485 0.453777 0.00762226 0.440404 0.0157857
486 0.454716 0.00762715 0.439394 0.0157818
487 0.455208 0.00762098 0.441414 0.0157896
488 0.456247 0.00762634 0.442424 0.0157933
489 0.456824 0.00762462 0.443434 0.015797
490 0.456632 0.0076332 0.442424 0.0157933
491 0.457119 0.00767174 0.442424 0.0157933
492 0.457463 0.00765967 0.442424 0.0157933
493 0.458093 0.00766635 0.438384 0.0157779
494 0.45863 0.00768153 0.435354 0.0157656
495 0.459167 0.00769624 0.435354 0.0157656
496 0.458894 0.00769852 0.437374 0.0157739
497 0.460143 0.00770133 0.432323 0.0157528
498 0.460134 0.00771694 0.436364 0.0157698
499 0.460395 0.00772093 0.430303 0.0157439
500 0.460671 0.00773485 0.434343 0.0157614
501 0.460709 0.00774133 0.435354 0.0157656
502 0.46077 0.00774844 0.435354 0.0157656
503 0.461407 0.00776132 0.436364 0.0157698
504 0.461694 0.00777511 0.432323 0.0157528
505 0.461536 0.00776668 0.436364 0.0157698
506 0.461949 0.00777013 0.436364 0.0157698
507 0.462524 0.00777141 0.434343 0.0157614
508 0.46304 0.00776398 0.433333 0.0157571
509 0.463309 0.00776025 0.435354 0.0157656
510 0.463489 0.00777087 0.434343 0.0157614
511 0.463454 0.00777074 0.434343 0.0157614
512 0.463435 0.00778019 0.434343 0.0157614
513 0.464179 0.007804 0.437374 0.0157739
514 0.464607 0.00780119 0.432323 0.0157528
515 0.46539 0.00780715 0.428283 0.0157347
516 0.465538 0.00780828 0.426263 0.0157252
517 0.466187 0.00781154 0.427273 0.01573
518 0.466824 0.00781621 0.429293 0.0157393
519 0.466995 0.00781905 0.425253 0.0157204
520 0.467833 0.00782669 0.425253 0.0157204
521 0.468537 0.00783627 0.424242 0.0157155
522 0.468275 0.00781606 0.422222 0.0157055
523 0.46901 0.00782803 0.421212 0.0157004
524 0.468967 0.00784531 0.422222 0.0157055
525 0.469048 0.00785887 0.422222 0.0157055
526 0.46932 0.00788744 0.426263 0.0157252
527 0.469731 0.00787857 0.425253 0.0157204
528 0.469809 0.00787624 0.425253 0.0157204
529 0.47 0.00787061 0.424242 0.0157155
530 0.470552 0.00788268 0.424242 0.0157155
531 0.470369 0.00789205 0.424242 0.0157155
532 0.470291 0.00790802 0.427273 0.01573
533 0.470064 0.00790899 0.429293 0.0157393
534 0.470604 0.00790606 0.426263 0.0157252
535 0.471188 0.00790567 0.418182 0.0156848
536 0.471829 0.00791037 0.422222 0.0157055
537 0.471694 0.00792106 0.424242 0.0157155
538 0.472112 0.00792737 0.427273 0.01573
539 0.472093 0.0079413 0.429293 0.0157393
540 0.472269 0.00793471 0.426263 0.0157252
541 0.472339 0.00794285 0.426263 0.0157252
542 0.472551 0.00795128 0.434343 0.0157614
543 0.473524 0.00795134 0.435354 0.0157656
544 0.47345 0.00793775 0.434343 0.0157614
545 0.473722 0.00794296 0.432323 0.0157528
546 0.473892 0.00793676 0.431313 0.0157483
547 0.474701 0.00793356 0.436364 0.0157698
548 0.474848 0.00794147 0.432323 0.0157528
549 0.475099 0.00794902 0.435354 0.0157656
550 0.475307 0.00794556 0.433333 0.0157571
551 0.475885 0.00794874 0.430303 0.0157439
552 0.476191 0.00793934 0.428283 0.0157347
553 0.47625 0.00793402 0.424242 0.0157155
554 0.47674 0.00793752 0.427273 0.01573
555 0.47671 0.00794668 0.425253 0.0157204
556 0.4766 0.00796302 0.423232 0.0157106
557 0.477598 0.00796433 0.422222 0.0157055
558 0.478462 0.00795738 0.423232 0.0157106
559 0.478498 0.0079719 0.423232 0.0157106
560 0.47866 0.00795857 0.420202 0.0156953
561 0.478841 0.00796599 0.421212 0.0157004
562 0.479236 0.00795443 0.423232 0.0157106
563 0.479698 0.00795883 0.422222 0.0157055
564 0.479166 0.00796634 0.424242 0.0157155
565 0.479643 0.00796147 0.425253 0.0157204
566 0.479771 0.00795437 0.420202 0.0156953
567 0.480254 0.00794521 0.424242 0.0157155
568 0.48109 0.00794735 0.420202 0.0156953
569 0.480668 0.00796332 0.425253 0.0157204
570 0.480762 0.00795758 0.419192 0.0156901
571 0.480637 0.00795902 0.418182 0.0156848
572 0.480743 0.00797101 0.421212 0.0157004
573 0.481147 0.00796995 0.421212 0.0157004
574 0.480819 0.0079767 0.422222 0.0157055
575 0.480601 0.00798287 0.430303 0.0157439
576 0.480421 0.0079891 0.433333 0.0157571
577 0.480996 0.00801137 0.434343 0.0157614
578 0.480575 0.00800999 0.433333 0.0157571
579 0.480403 0.00799216 0.427273 0.01573
580 0.480427 0.00800843 0.425253 0.0157204
581 0.480639 0.00801057 0.425253 0.0157204
582 0.480686 0.00801013 0.421212 0.0157004
583 0.48058 0.00801544 0.422222 0.0157055
584 0.480763 0.0080257 0.421212 0.0157004
585 0.480356 0.00803041 0.423232 0.0157106
586 0.480264 0.00802688 0.424242 0.0157155
587 0.48021 0.00801946 0.420202 0.0156953
588 0.479959 0.00803359 0.427273 0.01573
589 0.480732 0.0080358 0.425253 0.0157204
590 0.480317 0.00804337 0.425253 0.0157204
591 0.479896 0.00803552 0.427273 0.01573
592 0.480026 0.00804938 0.429293 0.0157393
593 0.479945 0.00805297 0.429293 0.0157393
594 0.479753 0.00806381 0.437374 0.0157739
595 0.480381 0.0080635 0.428283 0.0157347
596 0.480257 0.00807719 0.434343 0.0157614
597 0.480272 0.00806063 0.431313 0.0157483
598 0.480524 0.00804843 0.429293 0.0157393
599 0.480487 0.00804818 0.431313 0.0157483
600 0.481241 0.0080546 0.428283 0.0157347
601 0.48161 0.00806416 0.430303 0.0157439
602 0.481771 0.00806509 0.428283 0.0157347
603 0.482154 0.00806174 0.427273 0.01573
604 0.482056 0.00806726 0.425253 0.0157204
605 0.482336 0.00805915 0.424242 0.0157155
606 0.482535 0.00807081 0.427273 0.01573
607 0.482295 0.00808031 0.425253 0.0157204
608 0.482078 0.00807504 0.426263 0.0157252
609 0.482379 0.00808363 0.428283 0.0157347
610 0.482281 0.00807197 0.425253 0.0157204
611 0.482544 0.00808347 0.428283 0.0157347
612 0.482764 0.00807748 0.425253 0.0157204
613 0.482738 0.00806749 0.424242 0.0157155
614 0.483277 0.00805565 0.418182 0.0156848
615 0.484035 0.0080661 0.414141 0.0156629
616 0.483686 0.00806954 0.422222 0.0157055
617 0.483696 0.00807123 0.419192 0.0156901
618 0.48346 0.00809123 0.420202 0.0156953
619 0.483734 0.00808825 0.422222 0.0157055
620 0.483889 0.00808091 0.428283 0.0157347
621 0.484124 0.0080824 0.428283 0.0157347
622 0.484255 0.00808493 0.426263 0.0157252
623 0.484501 0.00807561 0.424242 0.0157155
624 0.484411 0.00807151 0.423232 0.0157106
625 0.484141 0.0080635 0.423232 0.0157106
626 0.484158 0.0080719 0.426263 0.0157252
627 0.484106 0.00808445 0.428283 0.0157347
628 0.484381 0.00808385 0.425253 0.0157204
629 0.484014 0.00808881 0.425253 0.0157204
630 0.483788 0.00809694 0.423232 0.0157106
631 0.48323 0.00809911 0.426263 0.0157252
632 0.482912 0.00809035 0.420202 0.0156953
633 0.483153 0.00809523 0.419192 0.0156901
634 0.482667 0.00810983 0.426263 0.0157252
635 0.483021 0.00810085 0.418182 0.0156848
636 0.483128 0.00809945 0.423232 0.0157106
637 0.4829 0.00809974 0.426263 0.0157252
638 0.483506 0.00811282 0.424242 0.0157155
639 0.483755 0.00811178 0.421212 0.0157004
640 0.48341 0.00811146 0.421212 0.0157004
641 0.483982 0.00810408 0.425253 0.0157204
642 0.48363 0.00810625 0.421212 0.0157004
643 0.483945 0.00810025 0.422222 0.0157055
644 0.483925 0.00809826 0.425253 0.0157204
645 0.483886 0.00809383 0.423232 0.0157106
646 0.484456 0.00809404 0.424242 0.0157155
647 0.485524 0.00811481 0.424242 0.0157155
648 0.485075 0.00810562 0.421212 0.0157004
649 0.485572 0.00811293 0.419192 0.0156901
650 0.485835 0.00811705 0.421212 0.0157004
651 0.485733 0.00811202 0.418182 0.0156848
652 0.485779 0.0081151 0.425253 0.0157204
653 0.48597 0.0081086 0.421212 0.0157004
654 0.485972 0.00811262 0.423232 0.0157106
655 0.486329 0.00811174 0.423232 0.0157106
656 0.48589 0.00813204 0.421212 0.0157004
657 0.48603 0.00812841 0.424242 0.0157155
658 0.485648 0.00811735 0.420202 0.0156953
659 0.485398 0.00811831 0.416162 0.015674
660 0.485962 0.00810615 0.417172 0.0156794
661 0.485616 0.00810977 0.415152 0.0156685
662 0.486051 0.00811908 0.413131 0.0156573
663 0.486126 0.00810723 0.416162 0.015674
664 0.486359 0.00810616 0.413131 0.0156573
665 0.486563 0.00811032 0.416162 0.015674
666 0.486143 0.00812134 0.420202 0.0156953
667 0.486752 0.00812242 0.419192 0.0156901
668 0.486667 0.00812823 0.420202 0.0156953
669 0.486902 0.00813991 0.421212 0.0157004
670 0.486672 0.00813333 0.424242 0.0157155
671 0.486413 0.0081287 0.424242 0.0157155
672 0.486181 0.00812881 0.419192 0.0156901
673 0.486251 0.00812617 0.423232 0.0157106
674 0.486245 0.00813662 0.424242 0.0157155
675 0.486217 0.0081479 0.420202 0.0156953
676 0.486991 0.00814631 0.422222 0.0157055
677 0.486738 0.00814782 0.422222 0.0157055
678 0.486344 0.00815795 0.424242 0.0157155
679 0.486174 0.00815888 0.425253 0.0157204
680 0.486498 0.00817054 0.426263 0.0157252
681 0.486381 0.00816638 0.428283 0.0157347
682 0.486505 0.00815715 0.423232 0.0157106
683 0.486254 0.00815496 0.425253 0.0157204
684 0.48641 0.00816253 0.431313 0.0157483
685 0.486549 0.00816643 0.428283 0.0157347
686 0.486736 0.00815811 0.428283 0.0157347
687 0.48643 0.00816318 0.427273 0.01573
688 0.486728 0.00815878 0.428283 0.0157347
689 0.486658 0.0081369 0.423232 0.0157106
690 0.486541 0.00813993 0.421212 0.0157004
691 0.486312 0.0081296 0.425253 0.0157204
692 0.486155 0.00812114 0.427273 0.01573
693 0.486408 0.00813369 0.424242 0.0157155
694 0.486583 0.00815023 0.420202 0.0156953
695 0.486654 0.00814859 0.418182 0.0156848
696 0.487009 0.00816246 0.423232 0.0157106
697 0.487102 0.00815837 0.422222 0.0157055
698 0.487983 0.00816079 0.427273 0.01573
699 0.487798 0.00814307 0.423232 0.0157106
700 0.487707 0.00814578 0.415152 0.0156685
701 0.487644 0.00813906 0.419192 0.0156901
702 0.487517 0.00815312 0.422222 0.0157055
703 0.487031 0.00815523 0.426263 0.0157252
704 0.487079 0.00815207 0.428283 0.0157347
705 0.487232 0.00814199 0.428283 0.0157347
706 0.487759 0.00815055 0.424242 0.0157155
707 0.488087 0.00815243 0.425253 0.0157204
708 0.488222 0.00816512 0.425253 0.0157204
709 0.488328 0.00816426 0.421212 0.0157004
710 0.488212 0.00815225 0.423232 0.0157106
711 0.487589 0.0081505 0.431313 0.0157483
712 0.488017 0.00814572 0.426263 0.0157252
713 0.487632 0.00814146 0.423232 0.0157106
714 0.487834 0.00814072 0.424242 0.0157155
715 0.488291 0.00814782 0.426263 0.0157252
716 0.488769 0.00814889 0.423232 0.0157106
717 0.488732 0.00815681 0.425253 0.0157204
718 0.489216 0.00817014 0.425253 0.0157204
719 0.488618 0.00815655 0.425253 0.0157204
720 0.488924 0.00813535 0.420202 0.0156953
721 0.488986 0.00813551 0.420202 0.0156953
722 0.488948 0.00813937 0.416162 0.015674
723 0.488801 0.00814528 0.424242 0.0157155
724 0.488444 0.0081536 0.423232 0.0157106
725 0.488211 0.00813843 0.422222 0.0157055
726 0.488455 0.00814385 0.418182 0.0156848
727 0.488445 0.00815416 0.421212 0.0157004
728 0.48883 0.00814553 0.413131 0.0156573
729 0.488788 0.00813988 0.411111 0.0156458
730 0.488411 0.0081387 0.406061 0.0156159
731 0.488523 0.00813626 0.410101 0.01564
732 0.48922 0.00813248 0.408081 0.0156281
733 0.489329 0.00811941 0.413131 0.0156573
734 0.489715 0.00812367 0.413131 0.0156573
735 0.48928 0.00811527 0.412121 0.0156516
736 0.48907 0.0080949 0.413131 0.0156573
737 0.488864 0.00809867 0.414141 0.0156629
738 0.489155 0.0080975 0.416162 0.015674
739 0.489647 0.0081027 0.415152 0.0156685
740 0.489906 0.00810571 0.415152 0.0156685
741 0.490272 0.00811592 0.418182 0.0156848
742 0.48978 0.00811697 0.418182 0.0156848
743 0.489438 0.00811319 0.415152 0.0156685
744 0.48973 0.00811233 0.417172 0.0156794
745 0.489988 0.00813202 0.415152 0.0156685
746 0.490217 0.00813623 0.413131 0.0156573
747 0.48965 0.00811612 0.413131 0.0156573
748 0.490069 0.00811722 0.415152 0.0156685
749 0.490612 0.00810449 0.411111 0.0156458
750 0.490516 0.00809239 0.414141 0.0156629
751 0.490613 0.00810709 0.416162 0.015674
752 0.490342 0.0081042 0.411111 0.0156458
753 0.489854 0.00809843 0.412121 0.0156516
754 0.490064 0.00810414 0.409091 0.0156341
755 0.489924 0.00810083 0.411111 0.0156458
756 0.489975 0.00809623 0.410101 0.01564
757 0.489883 0.008094 0.414141 0.0156629
758 0.489441 0.00808767 0.412121 0.0156516
759 0.489611 0.00809614 0.408081 0.0156281
760 0.489828 0.00809905 0.415152 0.0156685
761 0.490151 0.00810603 0.409091 0.0156341
762 0.49047 0.00809819 0.415152 0.0156685
763 0.490216 0.00809539 0.409091 0.0156341
764 0.490022 0.00811302 0.409091 0.0156341
765 0.49027 0.00812028 0.409091 0.0156341
766 0.489554 0.00811311 0.408081 0.0156281
767 0.489973 0.00811897 0.411111 0.0156458
768 0.490015 0.00811453 0.412121 0.0156516
769 0.490001 0.00810219 0.408081 0.0156281
770 0.489732 0.00811772 0.411111 0.0156458
771 0.489137 0.00810654 0.413131 0.0156573
772 0.489195 0.00809758 0.412121 0.0156516
773 0.489479 0.00809797 0.412121 0.0156516
774 0.489534 0.00811683 0.411111 0.0156458
775 0.48908 0.00810784 0.415152 0.0156685
776 0.489048 0.00809806 0.412121 0.0156516
777 0.489063 0.00810806 0.409091 0.0156341
778 0.488836 0.00810446 0.409091 0.0156341
779 0.48905 0.00808044 0.410101 0.01564
780 0.489194 0.00809264 0.407071 0.0156221
781 0.489102 0.00810666 0.408081 0.0156281
782 0.489196 0.00811195 0.408081 0.0156281
783 0.489016 0.0080955 0.407071 0.0156221
784 0.489165 0.0081143 0.407071 0.0156221
785 0.48972 0.00811049 0.409091 0.0156341
786 0.489941 0.00811526 0.410101 0.01564
787 0.490192 0.00812964 0.410101 0.01564
788 0.489406 0.00812221 0.415152 0.0156685
789 0.489715 0.00813539 0.412121 0.0156516
790 0.489661 0.00812246 0.414141 0.0156629
791 0.489958 0.00812221 0.411111 0.0156458
792 0.489855 0.00811408 0.412121 0.0156516
793 0.489541 0.00811724 0.412121 0.0156516
794 0.489654 0.00811329 0.411111 0.0156458
795 0.490152 0.00812145 0.416162 0.015674
796 0.489749 0.00812667 0.413131 0.0156573
797 0.489822 0.00811761 0.410101 0.01564
798 0.490037 0.00810774 0.409091 0.0156341
799 0.490437 0.00810879 0.407071 0.0156221
800 0.490555 0.00811655 0.409091 0.0156341
801 0.490466 0.00812271 0.407071 0.0156221
802 0.489963 0.008131 0.412121 0.0156516
803 0.490283 0.00813474 0.411111 0.0156458
804 0.490669 0.00813747 0.408081 0.0156281
805 0.490822 0.00813125 0.409091 0.0156341
806 0.490534 0.00813584 0.410101 0.01564
807 0.490673 0.00813466 0.408081 0.0156281
808 0.490581 0.00813373 0.412121 0.0156516
809 0.490681 0.00812796 0.414141 0.0156629
810 0.490565 0.00812367 0.412121 0.0156516
811 0.490514 0.00811446 0.408081 0.0156281
812 0.490423 0.00812349 0.414141 0.0156629
813 0.490542 0.00812514 0.410101 0.01564
814 0.490804 0.00813437 0.407071 0.0156221
815 0.490796 0.00812989 0.415152 0.0156685
816 0.489925 0.00812308 0.414141 0.0156629
817 0.490328 0.00813676 0.418182 0.0156848
818 0.490075 0.00813781 0.414141 0.0156629
819 0.489805 0.00814288 0.417172 0.0156794
820 0.489922 0.00813254 0.417172 0.0156794
821 0.489884 0.00814562 0.418182 0.0156848
822 0.489947 0.00815518 0.416162 0.015674
823 0.490166 0.00815541 0.415152 0.0156685
824 0.490384 0.0081482 0.409091 0.0156341
825 0.490447 0.00815057 0.411111 0.0156458
826 0.490823 0.00814854 0.413131 0.0156573
827 0.491027 0.00814807 0.413131 0.0156573
828 0.490857 0.0081561 0.411111 0.0156458
829 0.490423 0.00814806 0.412121 0.0156516
830 0.490963 0.00815745 0.409091 0.0156341
831 0.491099 0.00816002 0.412121 0.0156516
832 0.491063 0.0081714 0.412121 0.0156516
833 0.491075 0.00818618 0.417172 0.0156794
834 0.490752 0.00818911 0.412121 0.0156516
835 0.491111 0.00818593 0.410101 0.01564
836 0.491834 0.00818221 0.408081 0.0156281
837 0.491569 0.00819945 0.407071 0.0156221
838 0.49163 0.00820027 0.412121 0.0156516
839 0.490852 0.0081932 0.410101 0.01564
840 0.491281 0.00820336 0.410101 0.01564
841 0.491647 0.00819632 0.409091 0.0156341
842 0.491854 0.00819805 0.4 0.0155778
843 0.491584 0.00820064 0.405051 0.0156098
844 0.491937 0.0081902 0.40404 0.0156035
845 0.49149 0.00819378 0.406061 0.0156159
846 0.491793 0.00818389 0.410101 0.01564
847 0.491654 0.00818968 0.412121 0.0156516
848 0.49147 0.00818972 0.406061 0.0156159
849 0.491377 0.00819085 0.411111 0.0156458
850 0.491609 0.00819682 0.413131 0.0156573
851 0.49208 0.00820517 0.409091 0.0156341
852 0.49209 0.00821588 0.411111 0.0156458
853 0.491751 0.00822086 0.412121 0.0156516
854 0.491784 0.00821967 0.408081 0.0156281
855 0.491688 0.00821981 0.412121 0.0156516
856 0.491408 0.00821076 0.409091 0.0156341
857 0.491553 0.00821706 0.411111 0.0156458
858 0.49167 0.00821925 0.408081 0.0156281
859 0.492005 0.00820899 0.413131 0.0156573
860 0.492316 0.0082112 0.411111 0.0156458
861 0.491834 0.00820044 0.419192 0.0156901
862 0.491997 0.00819874 0.412121 0.0156516
863 0.492414 0.00819568 0.414141 0.0156629
864 0.492291 0.00819482 0.409091 0.0156341
865 0.491639 0.00818886 0.414141 0.0156629
866 0.492097 0.00818489 0.415152 0.0156685
867 0.492204 0.0081894 0.416162 0.015674
868 0.492451 0.00819913 0.420202 0.0156953
869 0.492147 0.00818778 0.416162 0.015674
870 0.492495 0.00819991 0.415152 0.0156685
871 0.491736 0.00820174 0.417172 0.0156794
872 0.491667 0.00820084 0.416162 0.015674
873 0.491682 0.00819477 0.415152 0.0156685
874 0.491598 0.00819794 0.414141 0.0156629
875 0.491267 0.00821219 0.418182 0.0156848
876 0.491368 0.00820559 0.423232 0.0157106
877 0.49116 0.00819595 0.417172 0.0156794
878 0.49101 0.00819708 0.416162 0.015674
879 0.491084 0.00820116 0.418182 0.0156848
880 0.491194 0.00821279 0.414141 0.0156629
881 0.491482 0.0082208 0.414141 0.0156629
882 0.49168 0.00820545 0.416162 0.015674
883 0.491451 0.00820386 0.416162 0.015674
884 0.491552 0.00820853 0.418182 0.0156848
885 0.49192 0.00822076 0.414141 0.0156629
886 0.491383 0.00820948 0.411111 0.0156458
887 0.491847 0.00821043 0.412121 0.0156516
888 0.492031 0.00821391 0.415152 0.0156685
889 0.491735 0.00821102 0.415152 0.0156685
890 0.491382 0.00821695 0.419192 0.0156901
891 0.491794 0.00821708 0.416162 0.015674
892 0.491958 0.00822104 0.421212 0.0157004
893 0.49216 0.00820814 0.417172 0.0156794
894 0.492195 0.00819532 0.419192 0.0156901
895 0.492188 0.00821462 0.418182 0.0156848
896 0.492146 0.00821085 0.415152 0.0156685
897 0.492138 0.00823071 0.421212 0.0157004
898 0.492326 0.0082228 0.418182 0.0156848
899 0.492103 0.00821469 0.419192 0.0156901
900 0.492307 0.00820338 0.418182 0.0156848
901 0.492624 0.00819628 0.411111 0.0156458
902 0.492479 0.00819156 0.412121 0.0156516
903 0.492147 0.00818559 0.421212 0.0157004
904 0.491975 0.00817725 0.416162 0.015674
905 0.492215 0.00818768 0.413131 0.0156573
906 0.492203 0.00817683 0.412121 0.0156516
907 0.492108 0.00817619 0.412121 0.0156516
908 0.492859 0.00816964 0.410101 0.01564
909 0.492988 0.00817814 0.405051 0.0156098
910 0.493165 0.0081811 0.413131 0.0156573
911 0.492882 0.00818002 0.410101 0.01564
912 0.492879 0.00817384 0.416162 0.015674
913 0.492936 0.00817005 0.413131 0.0156573
914 0.49288 0.00817346 0.410101 0.01564
915 0.493159 0.00817649 0.414141 0.0156629
916 0.493027 0.00819135 0.413131 0.0156573
917 0.493796 0.00818528 0.408081 0.0156281
918 0.493971 0.0081854 0.407071 0.0156221
919 0.494387 0.00819134 0.408081 0.0156281
920 0.494431 0.00819318 0.409091 0.0156341
921 0.493962 0.00817611 0.40303 0.0155972
922 0.493644 0.00816925 0.405051 0.0156098
923 0.49394 0.00816178 0.405051 0.0156098
924 0.493347 0.00816221 0.410101 0.01564
925 0.492971 0.00816784 0.408081 0.0156281
926 0.493124 0.00816128 0.411111 0.0156458
927 0.492712 0.00815984 0.411111 0.0156458
928 0.492245 0.00816823 0.409091 0.0156341
929 0.492625 0.00815231 0.405051 0.0156098
930 0.492587 0.00815586 0.409091 0.0156341
931 0.492211 0.00815546 0.407071 0.0156221
932 0.491991 0.00814414 0.406061 0.0156159
933 0.492176 0.00813468 0.40404 0.0156035
934 0.491922 0.00812711 0.407071 0.0156221
935 0.491312 0.00811785 0.406061 0.0156159
936 0.491357 0.00813313 0.40404 0.0156035
937 0.491429 0.00813683 0.405051 0.0156098
938 0.491325 0.00813091 0.406061 0.0156159
939 0.491248 0.00812617 0.405051 0.0156098
940 0.491102 0.00813718 0.409091 0.0156341
941 0.491422 0.00813821 0.407071 0.0156221
942 0.491531 0.00813064 0.407071 0.0156221
943 0.491112 0.00812968 0.411111 0.0156458
944 0.491353 0.00812762 0.408081 0.0156281
945 0.491141 0.00813439 0.407071 0.0156221
946 0.491727 0.00813531 0.40101 0.0155844
947 0.492071 0.00812681 0.4 0.0155778
948 0.491588 0.00812888 0.40101 0.0155844
949 0.490644 0.00812621 0.406061 0.0156159
950 0.490506 0.00812564 0.40404 0.0156035
951 0.490242 0.00813703 0.40202 0.0155908
952 0.490196 0.00813611 0.407071 0.0156221
953 0.490177 0.00814213 0.406061 0.0156159
954 0.489994 0.0081471 0.411111 0.0156458
955 0.489931 0.0081433 0.405051 0.0156098
956 0.489852 0.00814224 0.405051 0.0156098
957 0.490214 0.0081385 0.40404 0.0156035
958 0.490492 0.00813946 0.406061 0.0156159
959 0.489755 0.00813592 0.409091 0.0156341
960 0.490184 0.00813675 0.412121 0.0156516
961 0.490288 0.0081428 0.413131 0.0156573
962 0.490005 0.00814738 0.417172 0.0156794
963 0.490172 0.00815151 0.415152 0.0156685
964 0.490126 0.00814093 0.417172 0.0156794
965 0.490322 0.00814643 0.414141 0.0156629
966 0.490387 0.00815144 0.410101 0.01564
967 0.490194 0.00814303 0.411111 0.0156458
968 0.49004 0.00814863 0.410101 0.01564
969 0.489732 0.00815081 0.411111 0.0156458
970 0.489615 0.00815538 0.418182 0.0156848
971 0.489045 0.00814496 0.414141 0.0156629
972 0.488785 0.00815643 0.417172 0.0156794
973 0.48934 0.00816117 0.418182 0.0156848
974 0.489837 0.00815464 0.418182 0.0156848
975 0.489712 0.00815849 0.419192 0.0156901
976 0.489494 0.00816232 0.420202 0.0156953
977 0.489736 0.00816319 0.420202 0.0156953
978 0.489425 0.008173 0.418182 0.0156848
979 0.489433 0.00818942 0.420202 0.0156953
980 0.489288 0.00819751 0.420202 0.0156953
981 0.489119 0.00817726 0.419192 0.0156901
982 0.489369 0.00818055 0.421212 0.0157004
983 0.489066 0.0081753 0.419192 0.0156901
984 0.488972 0.00817929 0.417172 0.0156794
985 0.489343 0.0081844 0.425253 0.0157204
986 0.48971 0.00818402 0.413131 0.0156573
987 0.489424 0.00817311 0.407071 0.0156221
988 0.489182 0.00818507 0.415152 0.0156685
989 0.488963 0.00818987 0.411111 0.0156458
990 0.488993 0.00817825 0.409091 0.0156341
991 0.489129 0.00817905 0.411111 0.0156458
992 0.489081 0.00817746 0.412121 0.0156516
993 0.489213 0.00817909 0.406061 0.0156159
994 0.488881 0.00817558 0.409091 0.0156341
995 0.489202 0.00818434 0.406061 0.0156159
996 0.488559 0.00818817 0.414141 0.0156629
997 0.488961 0.00819024 0.406061 0.0156159
998 0.489079 0.00819287 0.412121 0.0156516
999 0.489337 0.0081895 0.416162 0.015674
1000 0.489265 0.0082033 0.413131 0.0156573
1001 0.489447 0.00818639 0.408081 0.0156281
1002 0.489378 0.00818155 0.405051 0.0156098
1003 0.48976 0.0081843 0.410101 0.01564
1004 0.490277 0.00817424 0.40404 0.0156035
1005 0.490158 0.00818739 0.406061 0.0156159
1006 0.49025 0.00819212 0.411111 0.0156458
1007 0.490818 0.00820682 0.411111 0.0156458
1008 0.490972 0.00820301 0.408081 0.0156281
1009 0.49112 0.0082035 0.417172 0.0156794
1010 0.491214 0.00820238 0.411111 0.0156458
1011 0.491366 0.00818206 0.412121 0.0156516
1012 0.491418 0.00818613 0.411111 0.0156458
1013 0.49134 0.0081835 0.413131 0.0156573
1014 0.491573 0.00819034 0.409091 0.0156341
1015 0.491126 0.00819329 0.411111 0.0156458
1016 0.490809 0.00817745 0.413131 0.0156573
1017 0.491267 0.00817606 0.405051 0.0156098
1018 0.491747 0.00818231 0.411111 0.0156458
1019 0.492016 0.00817727 0.410101 0.01564
1020 0.492313 0.00818394 0.411111 0.0156458
1021 0.491932 0.0081877 0.40404 0.0156035
1022 0.491553 0.00817379 0.406061 0.0156159
1023 0.49167 0.00817811 0.410101 0.01564
1024 0.491465 0.00817158 0.409091 0.0156341
1025 0.491443 0.00818673 0.409091 0.0156341
1026 0.491333 0.00819114 0.408081 0.0156281
1027 0.491286 0.00817188 0.410101 0.01564
1028 0.491362 0.00817983 0.409091 0.0156341
1029 0.491143 0.0081896 0.407071 0.0156221
1030 0.490901 0.00818474 0.414141 0.0156629
1031 0.490577 0.00818785 0.407071 0.0156221
1032 0.491111 0.00819177 0.408081 0.0156281
1033 0.4915 0.00819725 0.413131 0.0156573
1034 0.491409 0.00818857 0.413131 0.0156573
1035 0.49142 0.00819405 0.408081 0.0156281
1036 0.491861 0.00819275 0.408081 0.0156281
1037 0.492045 0.00820464 0.409091 0.0156341
1038 0.492057 0.00820782 0.406061 0.0156159
1039 0.492496 0.00819894 0.40202 0.0155908
1040 0.492436 0.00820164 0.406061 0.0156159
1041 0.492326 0.00819026 0.405051 0.0156098
1042 0.492572 0.00819546 0.410101 0.01564
1043 0.492911 0.00819944 0.409091 0.0156341
1044 0.493353 0.00818371 0.40404 0.0156035
1045 0.493014 0.00820075 0.409091 0.0156341
1046 0.493681 0.00820285 0.410101 0.01564
1047 0.493329 0.00820565 0.408081 0.0156281
1048 0.493275 0.00820238 0.411111 0.0156458
1049 0.493135 0.00819588 0.414141 0.0156629
1050 0.492874 0.00818366 0.408081 0.0156281
1051 0.493661 0.00818088 0.412121 0.0156516
1052 0.493706 0.00818699 0.413131 0.0156573
1053 0.493703 0.00819652 0.411111 0.0156458
1054 0.49432 0.00818829 0.40303 0.0155972
1055 0.493939 0.00818677 0.410101 0.01564
1056 0.493854 0.00817968 0.407071 0.0156221
1057 0.493797 0.00818652 0.411111 0.0156458
1058 0.493976 0.00818741 0.408081 0.0156281
1059 0.494149 0.00818953 0.412121 0.0156516
1060 0.494057 0.00819834 0.411111 0.0156458
1061 0.494079 0.00820138 0.414141 0.0156629
1062 0.493551 0.00820003 0.410101 0.01564
1063 0.494287 0.00821205 0.407071 0.0156221
1064 0.494733 0.00820461 0.409091 0.0156341
1065 0.49526 0.00820028 0.410101 0.01564
1066 0.495382 0.00820496 0.406061 0.0156159
1067 0.494756 0.0081972 0.412121 0.0156516
1068 0.494605 0.00820967 0.412121 0.0156516
1069 0.494891 0.00820417 0.411111 0.0156458
1070 0.494276 0.00819149 0.414141 0.0156629
1071 0.493644 0.00820154 0.412121 0.0156516
1072 0.493382 0.00820122 0.416162 0.015674
1073 0.493245 0.00820628 0.410101 0.01564
1074 0.493561 0.00820738 0.412121 0.0156516
1075 0.493467 0.00819921 0.410101 0.01564
1076 0.493479 0.00822646 0.413131 0.0156573
1077 0.493263 0.00821757 0.410101 0.01564
1078 0.493151 0.00821409 0.409091 0.0156341
1079 0.492942 0.008228 0.414141 0.0156629
1080 0.492983 0.00822523 0.413131 0.0156573
1081 0.492866 0.00822225 0.413131 0.0156573
1082 0.492957 0.00821318 0.409091 0.0156341
1083 0.493124 0.00821081 0.406061 0.0156159
1084 0.493171 0.00820952 0.407071 0.0156221
1085 0.493316 0.00820887 0.410101 0.01564
1086 0.493612 0.00820578 0.410101 0.01564
1087 0.492953 0.00820027 0.406061 0.0156159
1088 0.492763 0.00819373 0.40202 0.0155908
1089 0.492304 0.0082028 0.405051 0.0156098
1090 0.492179 0.00820792 0.412121 0.0156516
1091 0.491823 0.0081964 0.406061 0.0156159
1092 0.491182 0.00818567 0.407071 0.0156221
1093 0.491461 0.00818454 0.40404 0.0156035
1094 0.491967 0.00819256 0.406061 0.0156159
1095 0.491968 0.00819391 0.407071 0.0156221
1096 0.491829 0.0081971 0.410101 0.01564
1097 0.491788 0.00820615 0.408081 0.0156281
1098 0.491705 0.00819455 0.412121 0.0156516
1099 0.492143 0.00820897 0.414141 0.0156629
1100 0.492087 0.00819374 0.410101 0.01564
1101 0.491805 0.00816759 0.415152 0.0156685
1102 0.491838 0.00815913 0.410101 0.01564
1103 0.492159 0.00815828 0.413131 0.0156573
1104 0.492303 0.00816071 0.414141 0.0156629
1105 0.492607 0.00816105 0.415152 0.0156685
1106 0.4923 0.00816392 0.411111 0.0156458
1107 0.492091 0.00815644 0.417172 0.0156794
1108 0.492022 0.00815508 0.414141 0.0156629
1109 0.49199 0.00816283 0.414141 0.0156629
1110 0.492075 0.00815698 0.411111 0.0156458
1111 0.492323 0.00815978 0.413131 0.0156573
1112 0.492297 0.0081531 0.412121 0.0156516
1113 0.49225 0.00814689 0.410101 0.01564
1114 0.492488 0.00814854 0.412121 0.0156516
1115 0.492455 0.00815088 0.410101 0.01564
1116 0.492018 0.00814769 0.414141 0.0156629
1117 0.492157 0.00815688 0.416162 0.015674
1118 0.492394 0.00815505 0.408081 0.0156281
1119 0.492495 0.00815958 0.410101 0.01564
1120 0.492639 0.00815035 0.410101 0.01564
1121 0.49277 0.0081585 0.414141 0.0156629
1122 0.492913 0.00816557 0.413131 0.0156573
1123 0.492622 0.00817218 0.413131 0.0156573
1124 0.492036 0.00817276 0.414141 0.0156629
1125 0.49144 0.00816428 0.412121 0.0156516
1126 0.491552 0.00816439 0.411111 0.0156458
1127 0.491034 0.00816158 0.408081 0.0156281
1128 0.490574 0.00815478 0.412121 0.0156516
1129 0.490526 0.00816129 0.413131 0.0156573
1130 0.490936 0.00816557 0.413131 0.0156573
1131 0.490687 0.00815793 0.415152 0.0156685
1132 0.490681 0.00816603 0.411111 0.0156458
1133 0.490794 0.00817503 0.416162 0.015674
1134 0.490819 0.00817614 0.411111 0.0156458
1135 0.490814 0.00818353 0.413131 0.0156573
1136 0.490265 0.00819282 0.410101 0.01564
1137 0.490442 0.0081864 0.411111 0.0156458
1138 0.490348 0.00818827 0.414141 0.0156629
1139 0.490569 0.00818109 0.410101 0.01564
1140 0.490901 0.00818096 0.411111 0.0156458
1141 0.490607 0.00818857 0.418182 0.0156848
1142 0.490323 0.00819429 0.419192 0.0156901
1143 0.49042 0.00818632 0.415152 0.0156685
1144 0.490444 0.00817457 0.421212 0.0157004
1145 0.490571 0.00817309 0.421212 0.0157004
1146 0.490895 0.00817538 0.420202 0.0156953
1147 0.491203 0.00815326 0.413131 0.0156573
1148 0.491113 0.00815249 0.415152 0.0156685
1149 0.491023 0.00814338 0.411111 0.0156458
1150 0.491091 0.00814452 0.412121 0.0156516
1151 0.490922 0.00812889 0.410101 0.01564
1152 0.49042 0.00813477 0.411111 0.0156458
1153 0.490815 0.0081292 0.413131 0.0156573
1154 0.490813 0.00813755 0.414141 0.0156629
1155 0.49104 0.00813641 0.413131 0.0156573
1156 0.490952 0.00814008 0.413131 0.0156573
1157 0.49093 0.00813954 0.409091 0.0156341
1158 0.49086 0.00814173 0.408081 0.0156281
1159 0.490612 0.00813982 0.408081 0.0156281
1160 0.49043 0.00813408 0.411111 0.0156458
1161 0.490597 0.00814031 0.414141 0.0156629
1162 0.490588 0.00813974 0.412121 0.0156516
1163 0.490544 0.00814666 0.412121 0.0156516
1164 0.490512 0.00812517 0.405051 0.0156098
1165 0.491157 0.00813041 0.405051 0.0156098
1166 0.490571 0.0081211 0.405051 0.0156098
1167 0.490805 0.00811943 0.406061 0.0156159
1168 0.491298 0.00810443 0.407071 0.0156221
1169 0.491199 0.00809583 0.40404 0.0156035
1170 0.490719 0.00809692 0.40404 0.0156035
1171 0.491079 0.00807919 0.39697 0.0155579
1172 0.491122 0.00807302 0.39899 0.0155713
1173 0.491359 0.00807873 0.4 0.0155778
1174 0.491534 0.00807451 0.40101 0.0155844
1175 0.491208 0.00807968 0.408081 0.0156281
1176 0.492072 0.00808218 0.40303 0.0155972
1177 0.491696 0.00808929 0.40303 0.0155972
1178 0.491125 0.00808501 0.407071 0.0156221
1179 0.491377 0.00809526 0.407071 0.0156221
1180 0.490835 0.00808089 0.410101 0.01564
1181 0.491042 0.00810429 0.411111 0.0156458
1182 0.491018 0.00811257 0.40404 0.0156035
1183 0.491428 0.00811569 0.40202 0.0155908
1184 0.490846 0.00813313 0.39596 0.0155511
1185 0.491017 0.00812579 0.40404 0.0156035
1186 0.491092 0.00813251 0.410101 0.01564
1187 0.490725 0.00813735 0.40303 0.0155972
1188 0.491403 0.00813519 0.40202 0.0155908
1189 0.491082 0.00812902 0.405051 0.0156098
1190 0.490865 0.00814639 0.409091 0.0156341
1191 0.490761 0.00814584 0.405051 0.0156098
1192 0.490965 0.00814154 0.407071 0.0156221
1193 0.490635 0.00814294 0.408081 0.0156281
1194 0.490858 0.00814361 0.406061 0.0156159
1195 0.490816 0.00814951 0.407071 0.0156221
1196 0.490898 0.00814279 0.405051 0.0156098
1197 0.491129 0.00814176 0.40404 0.0156035
1198 0.490951 0.008148 0.406061 0.0156159
1199 0.491093 0.00813579 0.40404 0.0156035
1200 0.49079 0.00813083 0.410101 0.01564
1201 0.49063 0.00813398 0.408081 0.0156281
1202 0.490541 0.0081283 0.412121 0.0156516
1203 0.490986 0.00813256 0.408081 0.0156281
1204 0.49083 0.00813201 0.408081 0.0156281
1205 0.490626 0.00811836 0.407071 0.0156221
1206 0.49056 0.00810567 0.40202 0.0155908
1207 0.490604 0.00811411 0.405051 0.0156098
1208 0.490705 0.00812306 0.40303 0.0155972
1209 0.490651 0.00812383 0.40202 0.0155908
1210 0.491192 0.00811634 0.40303 0.0155972
1211 0.491367 0.00813231 0.40404 0.0156035
1212 0.491066 0.0081287 0.408081 0.0156281
1213 0.491084 0.00810069 0.40202 0.0155908
1214 0.490407 0.00809957 0.406061 0.0156159
1215 0.490315 0.0081129 0.409091 0.0156341
1216 0.490408 0.00811648 0.410101 0.01564
1217 0.491348 0.00813134 0.411111 0.0156458
1218 0.49107 0.00811465 0.412121 0.0156516
1219 0.490791 0.00811732 0.406061 0.0156159
1220 0.49097 0.00810841 0.413131 0.0156573
1221 0.49122 0.0081083 0.405051 0.0156098
1222 0.491003 0.008112 0.410101 0.01564
1223 0.491337 0.00811747 0.410101 0.01564
1224 0.49102 0.00810924 0.412121 0.0156516
1225 0.490803 0.00812251 0.413131 0.0156573
1226 0.490484 0.00810361 0.408081 0.0156281
1227 0.490759 0.0081153 0.408081 0.0156281
1228 0.490645 0.0081096 0.408081 0.0156281
1229 0.490616 0.00810718 0.405051 0.0156098
1230 0.490823 0.0081136 0.406061 0.0156159
1231 0.491382 0.00811359 0.40202 0.0155908
1232 0.491576 0.00810522 0.411111 0.0156458
1233 0.491795 0.00810116 0.409091 0.0156341
1234 0.491273 0.0081048 0.407071 0.0156221
1235 0.490984 0.0081073 0.407071 0.0156221
1236 0.490788 0.00811465 0.409091 0.0156341
1237 0.490144 0.00812014 0.411111 0.0156458
1238 0.490187 0.00810996 0.409091 0.0156341
1239 0.490066 0.00810919 0.410101 0.01564
1240 0.489818 0.00810719 0.412121 0.0156516
1241 0.48937 0.00810626 0.407071 0.0156221
1242 0.489145 0.00809734 0.412121 0.0156516
1243 0.488938 0.0080886 0.416162 0.015674
1244 0.488575 0.00808571 0.412121 0.0156516
1245 0.488397 0.00808801 0.412121 0.0156516
1246 0.487957 0.00808346 0.409091 0.0156341
1247 0.488113 0.0080775 0.410101 0.01564
1248 0.488679 0.00807897 0.407071 0.0156221
1249 0.488939 0.00808405 0.413131 0.0156573
1250 0.489274 0.00807516 0.411111 0.0156458
1251 0.489141 0.00809374 0.411111 0.0156458
1252 0.489202 0.00809677 0.416162 0.015674
1253 0.48967 0.00808355 0.411111 0.0156458
1254 0.489891 0.0080831 0.410101 0.01564
1255 0.490274 0.00808737 0.415152 0.0156685
1256 0.490316 0.00809295 0.411111 0.0156458
1257 0.490209 0.00808749 0.410101 0.01564
1258 0.489744 0.00809686 0.415152 0.0156685
1259 0.489457 0.00809452 0.420202 0.0156953
1260 0.489096 0.00810503 0.417172 0.0156794
1261 0.488989 0.00809056 0.414141 0.0156629
1262 0.489451 0.00810273 0.413131 0.0156573
1263 0.48967 0.00809285 0.410101 0.01564
1264 0.489564 0.00808991 0.413131 0.0156573
1265 0.489724 0.00808115 0.410101 0.01564
1266 0.489957 0.00807866 0.410101 0.01564
1267 0.490036 0.00808279 0.411111 0.0156458
1268 0.489864 0.00808803 0.411111 0.0156458
1269 0.489797 0.00809223 0.414141 0.0156629
1270 0.489946 0.00809748 0.413131 0.0156573
1271 0.490143 0.00810394 0.410101 0.01564
1272 0.489783 0.00810813 0.414141 0.0156629
1273 0.489641 0.00811314 0.413131 0.0156573
1274 0.490155 0.00810774 0.415152 0.0156685
1275 0.490227 0.00809397 0.414141 0.0156629
1276 0.490379 0.00810189 0.410101 0.01564
1277 0.490417 0.00811426 0.413131 0.0156573
1278 0.490269 0.0081015 0.417172 0.0156794
1279 0.49084 0.00809734 0.415152 0.0156685
1280 0.491242 0.00810131 0.413131 0.0156573
1281 0.490767 0.0081078 0.414141 0.0156629
1282 0.491166 0.00810272 0.414141 0.0156629
1283 0.490542 0.00811162 0.413131 0.0156573
1284 0.490663 0.00811302 0.416162 0.015674
1285 0.490685 0.0081206 0.417172 0.0156794
1286 0.491188 0.00811977 0.409091 0.0156341
1287 0.491559 0.00812632 0.413131 0.0156573
1288 0.492075 0.00812596 0.408081 0.0156281
1289 0.491748 0.00813351 0.413131 0.0156573
1290 0.491032 0.0081313 0.411111 0.0156458
1291 0.491103 0.00812994 0.415152 0.0156685
1292 0.491196 0.00814598 0.416162 0.015674
1293 0.491265 0.00815066 0.417172 0.0156794
1294 0.49095 0.00815657 0.414141 0.0156629
1295 0.49078 0.0081516 0.408081 0.0156281
1296 0.490454 0.00814849 0.408081 0.0156281
1297 0.49067 0.00814899 0.410101 0.01564
1298 0.490596 0.00814805 0.40202 0.0155908
1299 0.49121 0.00814712 0.406061 0.0156159
1300 0.490763 0.00814311 0.407071 0.0156221
1301 0.491066 0.00814603 0.409091 0.0156341
1302 0.490703 0.00812973 0.40202 0.0155908
1303 0.490698 0.00813763 0.406061 0.0156159
1304 0.490615 0.00812261 0.407071 0.0156221
1305 0.491055 0.00812522 0.405051 0.0156098
1306 0.491239 0.00815265 0.407071 0.0156221
1307 0.490987 0.00816497 0.409091 0.0156341
1308 0.491266 0.00815929 0.406061 0.0156159
1309 0.491029 0.00816772 0.408081 0.0156281
1310 0.491613 0.00817163 0.410101 0.01564
1311 0.492055 0.00814747 0.411111 0.0156458
1312 0.491813 0.0081643 0.411111 0.0156458
1313 0.491325 0.00816924 0.418182 0.0156848
1314 0.491076 0.00815981 0.418182 0.0156848
1315 0.49141 0.0081591 0.413131 0.0156573
1316 0.491673 0.00817164 0.410101 0.01564
1317 0.491657 0.00816424 0.410101 0.01564
1318 0.492244 0.008158 0.414141 0.0156629
1319 0.492491 0.00816107 0.415152 0.0156685
1320 0.492545 0.00815062 0.412121 0.0156516
1321 0.492611 0.00815926 0.413131 0.0156573
1322 0.492303 0.00815829 0.409091 0.0156341
1323 0.492216 0.0081621 0.415152 0.0156685
1324 0.492243 0.00816687 0.416162 0.015674
1325 0.492586 0.0081711 0.416162 0.015674
1326 0.492959 0.00816595 0.413131 0.0156573
1327 0.492653 0.0081578 0.413131 0.0156573
1328 0.491963 0.0081509 0.412121 0.0156516
1329 0.492031 0.00815733 0.417172 0.0156794
1330 0.491691 0.00815288 0.414141 0.0156629
1331 0.49157 0.00815259 0.413131 0.0156573
1332 0.4916 0.00813375 0.410101 0.01564
1333 0.491184 0.00814133 0.406061 0.0156159
1334 0.491123 0.00813185 0.407071 0.0156221
1335 0.491333 0.00813749 0.405051 0.0156098
1336 0.491445 0.00815103 0.409091 0.0156341
1337 0.491555 0.00814433 0.40303 0.0155972
1338 0.491613 0.00814187 0.410101 0.01564
1339 0.491269 0.00813529 0.40303 0.0155972
1340 0.491246 0.00814146 0.40404 0.0156035
1341 0.491729 0.00814613 0.40303 0.0155972
1342 0.491876 0.0081516 0.405051 0.0156098
1343 0.491777 0.00813485 0.40202 0.0155908
1344 0.491836 0.00813731 0.407071 0.0156221
1345 0.491903 0.00812772 0.40303 0.0155972
1346 0.491505 0.00813203 0.411111 0.0156458
1347 0.491755 0.00813603 0.412121 0.0156516
1348 0.491415 0.00813323 0.412121 0.0156516
1349 0.49141 0.00813959 0.409091 0.0156341
1350 0.491538 0.00812797 0.412121 0.0156516
1351 0.491717 0.00813659 0.411111 0.0156458
1352 0.491542 0.00812743 0.418182 0.0156848
1353 0.491664 0.00813275 0.412121 0.0156516
1354 0.491998 0.00813074 0.406061 0.0156159
1355 0.491985 0.00812517 0.40303 0.0155972
1356 0.491806 0.00812083 0.408081 0.0156281
1357 0.492441 0.00812488 0.40404 0.0156035
1358 0.49258 0.00812121 0.405051 0.0156098
1359 0.491984 0.00811376 0.40303 0.0155972
1360 0.49182 0.00811402 0.405051 0.0156098
1361 0.492031 0.00810655 0.40303 0.0155972
1362 0.491966 0.0080958 0.40202 0.0155908
1363 0.491867 0.00809778 0.39899 0.0155713
1364 0.492222 0.00810298 0.40202 0.0155908
1365 0.492283 0.00809221 0.39798 0.0155646
1366 0.492442 0.00809741 0.39899 0.0155713
1367 0.492314 0.00809169 0.405051 0.0156098
1368 0.492408 0.00808893 0.40404 0.0156035
1369 0.49237 0.00809651 0.407071 0.0156221
1370 0.492445 0.00809018 0.407071 0.0156221
1371 0.492848 0.00809795 0.406061 0.0156159
1372 0.493148 0.00808398 0.407071 0.0156221
1373 0.493573 0.00808354 0.40202 0.0155908
1374 0.493684 0.00809556 0.40101 0.0155844
1375 0.493564 0.0080954 0.40303 0.0155972
1376 0.49383 0.00809337 0.405051 0.0156098
1377 0.493649 0.00810294 0.406061 0.0156159
1378 0.493767 0.00810605 0.407071 0.0156221
1379 0.493849 0.00809371 0.39697 0.0155579
1380 0.494126 0.00810233 0.40101 0.0155844
1381 0.494408 0.00811788 0.40303 0.0155972
1382 0.494362 0.00810872 0.39798 0.0155646
1383 0.494325 0.00811825 0.4 0.0155778
1384 0.494303 0.00811836 0.39899 0.0155713
1385 0.494697 0.00812189 0.4 0.0155778
1386 0.494306 0.00813379 0.40101 0.0155844
1387 0.494636 0.0081301 0.39798 0.0155646
1388 0.494333 0.00812378 0.40303 0.0155972
1389 0.49455 0.00812561 0.40202 0.0155908
1390 0.494116 0.00812829 0.40202 0.0155908
1391 0.494232 0.00813005 0.39899 0.0155713
1392 0.49458 0.00812409 0.40303 0.0155972
1393 0.494638 0.00811316 0.4 0.0155778
1394 0.494552 0.00810645 0.4 0.0155778
1395 0.495146 0.00810499 0.40303 0.0155972
1396 0.494598 0.00811253 0.39899 0.0155713
1397 0.494441 0.00810791 0.40101 0.0155844
1398 0.494629 0.00810359 0.40404 0.0156035
1399 0.494557 0.00809979 0.40404 0.0156035
1400 0.494612 0.00811816 0.40202 0.0155908
1401 0.49388 0.00811088 0.40303 0.0155972
1402 0.493901 0.00810701 0.4 0.0155778
1403 0.493796 0.00810738 0.40303 0.0155972
1404 0.493827 0.0081047 0.407071 0.0156221
1405 0.493806 0.00808718 0.406061 0.0156159
1406 0.493773 0.00809243 0.409091 0.0156341
1407 0.494124 0.0080935 0.407071 0.0156221
1408 0.49345 0.00810062 0.408081 0.0156281
1409 0.49367 0.00809845 0.406061 0.0156159
1410 0.493825 0.00811955 0.40303 0.0155972
1411 0.493755 0.00812516 0.40404 0.0156035
1412 0.493514 0.00811889 0.406061 0.0156159
1413 0.493085 0.00812568 0.405051 0.0156098
1414 0.492487 0.00812463 0.407071 0.0156221
1415 0.492428 0.00812523 0.407071 0.0156221
1416 0.49243 0.0081267 0.40404 0.0156035
1417 0.49207 0.00812611 0.40202 0.0155908
1418 0.492328 0.00812421 0.40404 0.0156035
1419 0.491843 0.00814106 0.413131 0.0156573
1420 0.492023 0.00815461 0.406061 0.0156159
1421 0.492116 0.00814804 0.410101 0.01564
1422 0.491925 0.00814199 0.410101 0.01564
1423 0.492436 0.00814405 0.411111 0.0156458
1424 0.49224 0.00812857 0.411111 0.0156458
1425 0.492107 0.00812596 0.407071 0.0156221
1426 0.492138 0.00811134 0.410101 0.01564
1427 0.492075 0.00812167 0.411111 0.0156458
1428 0.492042 0.00812314 0.412121 0.0156516
1429 0.491462 0.00812147 0.409091 0.0156341
1430 0.491031 0.00811058 0.410101 0.01564
1431 0.491149 0.0080975 0.412121 0.0156516
1432 0.490801 0.00810211 0.409091 0.0156341
1433 0.490653 0.00811656 0.407071 0.0156221
1434 0.490346 0.00811711 0.406061 0.0156159
1435 0.490966 0.00812352 0.407071 0.0156221
1436 0.490837 0.00811797 0.412121 0.0156516
1437 0.490981 0.00812357 0.413131 0.0156573
1438 0.491022 0.00812626 0.411111 0.0156458
1439 0.491233 0.00811808 0.412121 0.0156516
1440 0.491513 0.00810404 0.411111 0.0156458
1441 0.491286 0.00810031 0.411111 0.0156458
1442 0.491433 0.00809802 0.412121 0.0156516
1443 0.491768 0.00810201 0.414141 0.0156629
1444 0.491779 0.00810301 0.411111 0.0156458
1445 0.491373 0.00811101 0.410101 0.01564
1446 0.491791 0.00809866 0.412121 0.0156516
1447 0.492281 0.00810579 0.411111 0.0156458
1448 0.492725 0.00811201 0.407071 0.0156221
1449 0.493149 0.00811152 0.408081 0.0156281
1450 0.492843 0.00811587 0.411111 0.0156458
1451 0.492244 0.00811906 0.409091 0.0156341
1452 0.492652 0.0081085 0.411111 0.0156458
1453 0.49214 0.00811162 0.413131 0.0156573
1454 0.491638 0.00810409 0.412121 0.0156516
1455 0.491588 0.00810889 0.411111 0.0156458
1456 0.491288 0.00811937 0.408081 0.0156281
1457 0.491917 0.00811875 0.410101 0.01564
1458 0.491355 0.00811098 0.407071 0.0156221
1459 0.491857 0.00810661 0.412121 0.0156516
1460 0.491614 0.00810923 0.414141 0.0156629
1461 0.491105 0.00811359 0.412121 0.0156516
1462 0.491132 0.00812794 0.414141 0.0156629
1463 0.491372 0.0081101 0.415152 0.0156685
1464 0.491754 0.00811031 0.413131 0.0156573
1465 0.491931 0.0081143 0.417172 0.0156794
1466 0.491728 0.0081184 0.412121 0.0156516
1467 0.491499 0.00811798 0.409091 0.0156341
1468 0.491579 0.00811764 0.413131 0.0156573
1469 0.491875 0.00811798 0.416162 0.015674
1470 0.491898 0.00811782 0.409091 0.0156341
1471 0.491556 0.00811747 0.412121 0.0156516
1472 0.491476 0.00811731 0.411111 0.0156458
1473 0.491127 0.00812917 0.412121 0.0156516
1474 0.491166 0.0081304 0.413131 0.0156573
1475 0.491344 0.00813473 0.411111 0.0156458
1476 0.491435 0.00813541 0.414141 0.0156629
1477 0.491657 0.0081379 0.418182 0.0156848
1478 0.491698 0.0081374 0.417172 0.0156794
1479 0.492094 0.00813342 0.418182 0.0156848
1480 0.491645 0.00813467 0.417172 0.0156794
1481 0.491543 0.00813363 0.416162 0.015674
1482 0.491487 0.00812331 0.415152 0.0156685
1483 0.491305 0.0081241 0.414141 0.0156629
1484 0.491254 0.00813162 0.416162 0.015674
1485 0.491646 0.00813262 0.415152 0.0156685
1486 0.491573 0.00814064 0.414141 0.0156629
1487 0.491669 0.00814064 0.419192 0.0156901
1488 0.491298 0.00813094 0.419192 0.0156901
1489 0.491073 0.00813842 0.420202 0.0156953
1490 0.491405 0.00814037 0.417172 0.0156794
1491 0.490875 0.00812499 0.419192 0.0156901
1492 0.491142 0.00811504 0.419192 0.0156901
1493 0.490788 0.0081168 0.421212 0.0157004
1494 0.490421 0.00811848 0.421212 0.0157004
1495 0.491102 0.00812711 0.421212 0.0157004
1496 0.490525 0.00813294 0.417172 0.0156794
1497 0.491033 0.00813132 0.418182 0.0156848
1498 0.491345 0.00814785 0.417172 0.0156794
1499 0.491436 0.00814475 0.418182 0.0156848
1500 0.491601 0.00816334 0.418182 0.0156848
1501 0.49174 0.00816534 0.417172 0.0156794
1502 0.492394 0.00815771 0.418182 0.0156848
1503 0.491918 0.00814477 0.416162 0.015674
1504 0.492034 0.00814612 0.416162 0.015674
1505 0.49263 0.00814041 0.417172 0.0156794
1506 0.492887 0.00814861 0.413131 0.0156573
1507 0.492473 0.00815525 0.417172 0.0156794
1508 0.491408 0.00815571 0.419192 0.0156901
1509 0.491403 0.00816371 0.421212 0.0157004
1510 0.491201 0.00816246 0.420202 0.0156953
1511 0.491277 0.00816108 0.419192 0.0156901
1512 0.491196 0.00816756 0.419192 0.0156901
1513 0.490998 0.00815629 0.417172 0.0156794
1514 0.490211 0.008156 0.418182 0.0156848
1515 0.490306 0.00816772 0.416162 0.015674
1516 0.490404 0.00816457 0.418182 0.0156848
1517 0.490575 0.00817701 0.411111 0.0156458
1518 0.490642 0.00817502 0.412121 0.0156516
1519 0.490457 0.00818878 0.416162 0.015674
1520 0.490342 0.00819743 0.416162 0.015674
1521 0.489915 0.00818274 0.414141 0.0156629
1522 0.490092 0.00818695 0.421212 0.0157004
1523 0.489694 0.0081952 0.421212 0.0157004
1524 0.489997 0.00819649 0.415152 0.0156685
1525 0.489562 0.00820542 0.417172 0.0156794
1526 0.490016 0.00820555 0.414141 0.0156629
1527 0.489744 0.00821737 0.420202 0.0156953
1528 0.49022 0.00821656 0.421212 0.0157004
1529 0.490015 0.00821635 0.421212 0.0157004
1530 0.490396 0.00822621 0.421212 0.0157004
1531 0.49061 0.00823792 0.418182 0.0156848
1532 0.490688 0.00824902 0.424242 0.0157155
1533 0.490271 0.00826402 0.423232 0.0157106
1534 0.490397 0.00826238 0.424242 0.0157155
1535 0.490713 0.00825951 0.427273 0.01573
1536 0.49016 0.00825184 0.425253 0.0157204
1537 0.490085 0.00824491 0.422222 0.0157055
1538 0.489718 0.00824195 0.423232 0.0157106
1539 0.49013 0.00823517 0.420202 0.0156953
1540 0.489727 0.00822398 0.419192 0.0156901
1541 0.489645 0.00823564 0.416162 0.015674
1542 0.489461 0.00822454 0.414141 0.0156629
1543 0.48911 0.00822794 0.419192 0.0156901
1544 0.488982 0.00822793 0.417172 0.0156794
1545 0.488811 0.00821187 0.417172 0.0156794
1546 0.488881 0.00822853 0.420202 0.0156953
1547 0.488996 0.00822607 0.424242 0.0157155
1548 0.48852 0.00823036 0.422222 0.0157055
1549 0.488788 0.00821766 0.427273 0.01573
1550 0.488606 0.00821301 0.426263 0.0157252
1551 0.488647 0.0082159 0.432323 0.0157528
1552 0.488968 0.00822434 0.432323 0.0157528
1553 0.488931 0.00823581 0.432323 0.0157528
1554 0.48865 0.00823517 0.429293 0.0157393
1555 0.488324 0.00824125 0.429293 0.0157393
1556 0.488258 0.00823183 0.427273 0.01573
1557 0.488269 0.00823415 0.430303 0.0157439
1558 0.487895 0.00823373 0.424242 0.0157155
1559 0.487999 0.00821745 0.427273 0.01573
1560 0.48815 0.00822352 0.423232 0.0157106
1561 0.488241 0.00822996 0.425253 0.0157204
1562 0.488591 0.00823873 0.423232 0.0157106
1563 0.488494 0.00824447 0.426263 0.0157252
1564 0.488448 0.00824551 0.422222 0.0157055
1565 0.48902 0.00823111 0.419192 0.0156901
1566 0.489395 0.00822025 0.420202 0.0156953
1567 0.489856 0.00822152 0.419192 0.0156901
1568 0.489585 0.00821028 0.414141 0.0156629
1569 0.489469 0.00821434 0.416162 0.015674
1570 0.48896 0.00820817 0.419192 0.0156901
1571 0.489266 0.00821057 0.418182 0.0156848
1572 0.489645 0.00818879 0.421212 0.0157004
1573 0.489493 0.00818194 0.419192 0.0156901
1574 0.488974 0.00818806 0.414141 0.0156629
1575 0.489047 0.00818862 0.418182 0.0156848
1576 0.488868 0.00819035 0.423232 0.0157106
1577 0.488855 0.00818216 0.420202 0.0156953
1578 0.489415 0.00817918 0.415152 0.0156685
1579 0.48943 0.00819168 0.417172 0.0156794
1580 0.489413 0.00818498 0.422222 0.0157055
1581 0.489622 0.00817771 0.419192 0.0156901
1582 0.489192 0.00817932 0.418182 0.0156848
1583 0.488936 0.00818368 0.420202 0.0156953
1584 0.48868 0.00818084 0.421212 0.0157004
1585 0.488583 0.00816855 0.417172 0.0156794
1586 0.488693 0.00817583 0.418182 0.0156848
1587 0.488843 0.00817465 0.418182 0.0156848
1588 0.488831 0.00816921 0.416162 0.015674
1589 0.489424 0.00816285 0.413131 0.0156573
1590 0.489146 0.00817617 0.413131 0.0156573
1591 0.489595 0.008162 0.411111 0.0156458
1592 0.489509 0.00816182 0.412121 0.0156516
1593 0.489803 0.00816654 0.410101 0.01564
1594 0.490167 0.00818353 0.406061 0.0156159
1595 0.489898 0.00819558 0.409091 0.0156341
1596 0.489983 0.00820232 0.409091 0.0156341
1597 0.490507 0.0082125 0.413131 0.0156573
1598 0.490965 0.00821144 0.416162 0.015674
1599 0.49094 0.00822178 0.416162 0.015674
1600 0.490626 0.00821558 0.416162 0.015674
1601 0.490844 0.00821426 0.418182 0.0156848
1602 0.490981 0.00820962 0.421212 0.0157004
1603 0.49082 0.00820357 0.421212 0.0157004
1604 0.49078 0.0081911 0.420202 0.0156953
1605 0.490826 0.0081803 0.414141 0.0156629
1606 0.490519 0.00816441 0.418182 0.0156848
1607 0.49057 0.00817183 0.425253 0.0157204
1608 0.490876 0.00817606 0.420202 0.0156953
1609 0.491205 0.00816172 0.417172 0.0156794
1610 0.490951 0.00815982 0.416162 0.015674
1611 0.490259 0.00815589 0.423232 0.0157106
1612 0.489914 0.0081463 0.417172 0.0156794
1613 0.489918 0.00814411 0.415152 0.0156685
1614 0.489791 0.0081366 0.416162 0.015674
1615 0.489894 0.00814267 0.411111 0.0156458
1616 0.489825 0.00813915 0.419192 0.0156901
1617 0.489513 0.00814833 0.418182 0.0156848
1618 0.489738 0.0081468 0.413131 0.0156573
1619 0.490229 0.00814565 0.414141 0.0156629
1620 0.489879 0.00815242 0.413131 0.0156573
1621 0.489987 0.00815637 0.411111 0.0156458
1622 0.490315 0.00816678 0.414141 0.0156629
1623 0.490614 0.00816543 0.413131 0.0156573
1624 0.491255 0.00814505 0.410101 0.01564
1625 0.491291 0.00815294 0.411111 0.0156458
1626 0.491742 0.00814732 0.413131 0.0156573
1627 0.491629 0.00814132 0.408081 0.0156281
1628 0.491251 0.00815111 0.415152 0.0156685
1629 0.491231 0.00816275 0.417172 0.0156794
1630 0.490707 0.00815763 0.417172 0.0156794
1631 0.491026 0.00814902 0.423232 0.0157106
1632 0.491156 0.00816209 0.420202 0.0156953
1633 0.491583 0.00815998 0.416162 0.015674
1634 0.491428 0.0081692 0.412121 0.0156516
1635 0.49093 0.00816552 0.414141 0.0156629
1636 0.491027 0.00816855 0.419192 0.0156901
1637 0.491068 0.00816456 0.415152 0.0156685
1638 0.491328 0.00814851 0.415152 0.0156685
1639 0.491246 0.00813882 0.413131 0.0156573
1640 0.491162 0.00813183 0.416162 0.015674
1641 0.490752 0.00812687 0.414141 0.0156629
1642 0.490981 0.00812193 0.413131 0.0156573
1643 0.491226 0.00813228 0.417172 0.0156794
1644 0.491151 0.00812263 0.415152 0.0156685
1645 0.491352 0.00811283 0.415152 0.0156685
1646 0.491598 0.00811521 0.417172 0.0156794
1647 0.491676 0.00810931 0.419192 0.0156901
1648 0.491791 0.0081147 0.416162 0.015674
1649 0.492 0.00812046 0.419192 0.0156901
1650 0.491907 0.00810562 0.415152 0.0156685
1651 0.491508 0.00811441 0.418182 0.0156848
1652 0.490967 0.00811592 0.413131 0.0156573
1653 0.491356 0.00810195 0.413131 0.0156573
1654 0.491476 0.00810042 0.416162 0.015674
1655 0.491545 0.00810715 0.413131 0.0156573
1656 0.491921 0.00809779 0.416162 0.015674
1657 0.491739 0.00809932 0.416162 0.015674
1658 0.491536 0.00810443 0.408081 0.0156281
1659 0.490733 0.00809301 0.409091 0.0156341
1660 0.490977 0.00809908 0.418182 0.0156848
1661 0.490902 0.00810791 0.415152 0.0156685
1662 0.491103 0.0080922 0.412121 0.0156516
1663 0.49085 0.00809197 0.410101 0.01564
1664 0.490702 0.00809236 0.411111 0.0156458
1665 0.490486 0.00809114 0.419192 0.0156901
1666 0.490561 0.00808583 0.417172 0.0156794
1667 0.490774 0.00809029 0.418182 0.0156848
1668 0.490919 0.00810336 0.414141 0.0156629
1669 0.490853 0.0081135 0.410101 0.01564
1670 0.491004 0.0081216 0.410101 0.01564
1671 0.491237 0.00813199 0.414141 0.0156629
1672 0.490776 0.00812647 0.417172 0.0156794
1673 0.4904 0.00813321 0.415152 0.0156685
1674 0.490255 0.00814591 0.414141 0.0156629
1675 0.490933 0.00815798 0.409091 0.0156341
1676 0.490635 0.00814928 0.412121 0.0156516
1677 0.490773 0.00814156 0.416162 0.015674
1678 0.489823 0.00813952 0.420202 0.0156953
1679 0.490067 0.00814127 0.415152 0.0156685
1680 0.490504 0.00814209 0.414141 0.0156629
1681 0.49071 0.00813855 0.412121 0.0156516
1682 0.490386 0.00814265 0.412121 0.0156516
1683 0.490492 0.00814073 0.410101 0.01564
1684 0.490435 0.00814575 0.415152 0.0156685
1685 0.490476 0.0081533 0.410101 0.01564
1686 0.491078 0.00815271 0.412121 0.0156516
1687 0.491082 0.0081598 0.406061 0.0156159
1688 0.490162 0.00816942 0.412121 0.0156516
1689 0.490241 0.00816343 0.413131 0.0156573
1690 0.490083 0.00816241 0.409091 0.0156341
1691 0.490285 0.00816629 0.410101 0.01564
1692 0.489978 0.00815324 0.409091 0.0156341
1693 0.490728 0.00815503 0.408081 0.0156281
1694 0.490233 0.00815065 0.411111 0.0156458
1695 0.490905 0.00815182 0.415152 0.0156685
1696 0.491274 0.00815558 0.414141 0.0156629
1697 0.491519 0.00815924 0.410101 0.01564
1698 0.49187 0.00816346 0.413131 0.0156573
1699 0.491376 0.00815017 0.414141 0.0156629
1700 0.491458 0.00815771 0.415152 0.0156685
1701 0.491528 0.0081687 0.406061 0.0156159
1702 0.491739 0.00815477 0.406061 0.0156159
1703 0.491731 0.00816028 0.410101 0.01564
1704 0.492332 0.00816625 0.412121 0.0156516
1705 0.492689 0.00817039 0.414141 0.0156629
1706 0.492789 0.00817092 0.416162 0.015674
1707 0.492949 0.00819968 0.412121 0.0156516
1708 0.492491 0.0081903 0.415152 0.0156685
1709 0.4922 0.00819021 0.415152 0.0156685
1710 0.492469 0.00819088 0.411111 0.0156458
1711 0.492286 0.00820041 0.415152 0.0156685
1712 0.4929 0.00820037 0.411111 0.0156458
1713 0.492915 0.00820347 0.422222 0.0157055
1714 0.49294 0.0081945 0.413131 0.0156573
1715 0.493287 0.0081951 0.411111 0.0156458
1716 0.493189 0.00819485 0.415152 0.0156685
1717 0.493261 0.00819855 0.416162 0.015674
1718 0.493304 0.00821309 0.417172 0.0156794
1719 0.493097 0.00821228 0.414141 0.0156629
1720 0.493158 0.00820787 0.415152 0.0156685
1721 0.493535 0.00821824 0.421212 0.0157004
1722 0.493471 0.00820203 0.425253 0.0157204
1723 0.493045 0.00819825 0.417172 0.0156794
1724 0.493075 0.00820257 0.419192 0.0156901
1725 0.493088 0.00821439 0.418182 0.0156848
1726 0.493373 0.00821109 0.420202 0.0156953
1727 0.493351 0.00820589 0.419192 0.0156901
1728 0.493408 0.00820227 0.418182 0.0156848
1729 0.493067 0.00818817 0.415152 0.0156685
1730 0.493118 0.00819462 0.414141 0.0156629
1731 0.492888 0.00819183 0.416162 0.015674
1732 0.492403 0.00818755 0.413131 0.0156573
1733 0.492114 0.0081927 0.410101 0.01564
1734 0.492115 0.00818542 0.411111 0.0156458
1735 0.492091 0.00818024 0.414141 0.0156629
1736 0.492202 0.00819282 0.416162 0.015674
1737 0.492302 0.00818596 0.415152 0.0156685
1738 0.492866 0.00817894 0.411111 0.0156458
1739 0.493032 0.00819517 0.412121 0.0156516
1740 0.492764 0.00820043 0.405051 0.0156098
1741 0.492944 0.0082087 0.408081 0.0156281
1742 0.492349 0.00822055 0.409091 0.0156341
1743 0.492705 0.00821222 0.410101 0.01564
1744 0.493406 0.00823201 0.406061 0.0156159
1745 0.493013 0.00821178 0.409091 0.0156341
1746 0.492866 0.00822643 0.40404 0.0156035
1747 0.492758 0.00822795 0.407071 0.0156221
1748 0.492802 0.00823141 0.408081 0.0156281
1749 0.492808 0.0082328 0.408081 0.0156281
1750 0.492997 0.0082422 0.420202 0.0156953
1751 0.492682 0.00824356 0.415152 0.0156685
1752 0.492816 0.00824837 0.415152 0.0156685
1753 0.492634 0.00824474 0.416162 0.015674
1754 0.492118 0.00823623 0.413131 0.0156573
1755 0.492712 0.00823368 0.408081 0.0156281
1756 0.493334 0.00823235 0.414141 0.0156629
1757 0.493114 0.00824069 0.409091 0.0156341
1758 0.492632 0.00824211 0.413131 0.0156573
1759 0.493435 0.0082229 0.408081 0.0156281
1760 0.493257 0.0082325 0.416162 0.015674
1761 0.493142 0.00823614 0.408081 0.0156281
1762 0.493595 0.0082276 0.411111 0.0156458
1763 0.493535 0.00823421 0.410101 0.01564
1764 0.493422 0.00821648 0.410101 0.01564
1765 0.493419 0.00820593 0.411111 0.0156458
1766 0.493222 0.00821099 0.408081 0.0156281
1767 0.494046 0.0082211 0.407071 0.0156221
1768 0.493249 0.00820748 0.406061 0.0156159
1769 0.493187 0.00820077 0.408081 0.0156281
1770 0.492966 0.00819852 0.407071 0.0156221
1771 0.493384 0.00821219 0.412121 0.0156516
1772 0.493625 0.00821244 0.413131 0.0156573
1773 0.493742 0.00820802 0.410101 0.01564
1774 0.493569 0.00821418 0.410101 0.01564
1775 0.49332 0.00820769 0.411111 0.0156458
1776 0.49346 0.00822276 0.410101 0.01564
1777 0.493323 0.00821948 0.411111 0.0156458
1778 0.492874 0.00821554 0.407071 0.0156221
1779 0.492783 0.00822246 0.407071 0.0156221
1780 0.493241 0.00821831 0.407071 0.0156221
1781 0.492923 0.00822327 0.407071 0.0156221
1782 0.49289 0.00823044 0.406061 0.0156159
1783 0.492716 0.00822007 0.408081 0.0156281
1784 0.492817 0.00820351 0.40202 0.0155908
1785 0.492735 0.00820374 0.405051 0.0156098
1786 0.492731 0.00821073 0.407071 0.0156221
1787 0.492001 0.00819649 0.4 0.0155778
1788 0.491876 0.00819987 0.405051 0.0156098
1789 0.492632 0.00820008 0.40202 0.0155908
1790 0.492336 0.00819149 0.40303 0.0155972
1791 0.493029 0.00819176 0.39798 0.0155646
1792 0.492849 0.00820725 0.410101 0.01564
1793 0.492639 0.00821468 0.406061 0.0156159
1794 0.492501 0.00823288 0.407071 0.0156221
1795 0.492715 0.0082298 0.409091 0.0156341
1796 0.492645 0.00822802 0.413131 0.0156573
1797 0.492477 0.00821885 0.410101 0.01564
1798 0.492149 0.00822181 0.408081 0.0156281
1799 0.491919 0.00822409 0.414141 0.0156629
1800 0.491935 0.00822494 0.413131 0.0156573
1801 0.492357 0.00821308 0.416162 0.015674
1802 0.492561 0.0082072 0.411111 0.0156458
1803 0.492671 0.0082211 0.408081 0.0156281
1804 0.492039 0.00822034 0.414141 0.0156629
1805 0.492224 0.0082177 0.412121 0.0156516
1806 0.492202 0.00821453 0.410101 0.01564
1807 0.49248 0.00821149 0.409091 0.0156341
1808 0.492285 0.00821547 0.409091 0.0156341
1809 0.492226 0.00820809 0.410101 0.01564
1810 0.492249 0.00820616 0.413131 0.0156573
1811 0.492733 0.00818746 0.410101 0.01564
1812 0.492556 0.00820815 0.407071 0.0156221
1813 0.492577 0.00822425 0.40303 0.0155972
1814 0.492906 0.00822252 0.410101 0.01564
1815 0.492829 0.00821575 0.406061 0.0156159
1816 0.492972 0.00822455 0.40202 0.0155908
1817 0.493343 0.00824127 0.405051 0.0156098
1818 0.493303 0.00824378 0.405051 0.0156098
1819 0.493418 0.00824009 0.4 0.0155778
1820 0.493962 0.00824989 0.4 0.0155778
1821 0.49405 0.00824151 0.40202 0.0155908
1822 0.493552 0.00825276 0.39899 0.0155713
1823 0.493266 0.00824002 0.39697 0.0155579
1824 0.493165 0.00824489 0.39899 0.0155713
1825 0.492981 0.00823058 0.40101 0.0155844
1826 0.492728 0.00824931 0.406061 0.0156159
1827 0.492448 0.00824597 0.39899 0.0155713
1828 0.492363 0.00822775 0.40404 0.0156035
1829 0.492575 0.00821378 0.406061 0.0156159
1830 0.492898 0.00822654 0.40404 0.0156035
1831 0.492996 0.00823361 0.39798 0.0155646
1832 0.493018 0.00823825 0.407071 0.0156221
1833 0.493012 0.0082348 0.408081 0.0156281
1834 0.493524 0.0082374 0.405051 0.0156098
1835 0.493961 0.00823819 0.40202 0.0155908
1836 0.493602 0.00824467 0.40303 0.0155972
1837 0.493072 0.00823028 0.40202 0.0155908
1838 0.492579 0.00822247 0.39899 0.0155713
1839 0.492497 0.00821597 0.40303 0.0155972
1840 0.492181 0.00821427 0.40202 0.0155908
1841 0.492948 0.00820236 0.407071 0.0156221
1842 0.493145 0.00821392 0.407071 0.0156221
1843 0.493204 0.00820887 0.406061 0.0156159
1844 0.49325 0.00822039 0.40101 0.0155844
1845 0.49311 0.00821785 0.40404 0.0156035
1846 0.493039 0.00822568 0.408081 0.0156281
1847 0.493127 0.00822555 0.408081 0.0156281
1848 0.493245 0.00821385 0.408081 0.0156281
1849 0.492769 0.00820672 0.408081 0.0156281
1850 0.493324 0.00820413 0.405051 0.0156098
1851 0.493209 0.00820518 0.40303 0.0155972
1852 0.492808 0.0082024 0.406061 0.0156159
1853 0.492529 0.008211 0.40202 0.0155908
1854 0.492414 0.00820452 0.405051 0.0156098
1855 0.492185 0.0082025 0.408081 0.0156281
1856 0.492132 0.00820756 0.409091 0.0156341
1857 0.492208 0.00821115 0.40202 0.0155908
1858 0.492934 0.00821258 0.40101 0.0155844
1859 0.492877 0.00820449 0.394949 0.0155442
1860 0.492702 0.00819645 0.39798 0.0155646
1861 0.493001 0.00820381 0.4 0.0155778
1862 0.49297 0.00819536 0.40303 0.0155972
1863 0.493107 0.00819885 0.405051 0.0156098
1864 0.493513 0.00820353 0.405051 0.0156098
1865 0.493921 0.00821387 0.405051 0.0156098
1866 0.493406 0.00820132 0.40404 0.0156035
1867 0.493215 0.00819994 0.40202 0.0155908
1868 0.493208 0.0081885 0.406061 0.0156159
1869 0.493176 0.00819477 0.40303 0.0155972
1870 0.493848 0.00821147 0.405051 0.0156098
1871 0.494056 0.00821519 0.406061 0.0156159
1872 0.493455 0.0082147 0.407071 0.0156221
1873 0.49347 0.00821298 0.40404 0.0156035
1874 0.492706 0.00820574 0.407071 0.0156221
1875 0.492872 0.00820634 0.406061 0.0156159
1876 0.492742 0.00821526 0.40202 0.0155908
1877 0.492856 0.00820736 0.409091 0.0156341
1878 0.492414 0.0081937 0.40303 0.0155972
1879 0.492461 0.00819796 0.39798 0.0155646
1880 0.492312 0.00818601 0.4 0.0155778
1881 0.492231 0.0081737 0.40202 0.0155908
1882 0.493228 0.0081778 0.39899 0.0155713
1883 0.492475 0.00816953 0.39899 0.0155713
1884 0.492213 0.00817985 0.39798 0.0155646
1885 0.49239 0.00817326 0.40202 0.0155908
1886 0.492017 0.00817571 0.4 0.0155778
1887 0.491663 0.00818249 0.40404 0.0156035
1888 0.491292 0.00818119 0.40101 0.0155844
1889 0.491981 0.00818081 0.406061 0.0156159
1890 0.491632 0.00818568 0.407071 0.0156221
1891 0.491854 0.00817561 0.414141 0.0156629
1892 0.492052 0.00818182 0.407071 0.0156221
1893 0.49171 0.00818386 0.407071 0.0156221
1894 0.491202 0.00817782 0.407071 0.0156221
1895 0.491476 0.00818193 0.409091 0.0156341
1896 0.492123 0.0081902 0.405051 0.0156098
1897 0.492441 0.00820425 0.40404 0.0156035
1898 0.492715 0.00820337 0.406061 0.0156159
1899 0.492766 0.00820872 0.408081 0.0156281
1900 0.492681 0.00820823 0.414141 0.0156629
1901 0.492591 0.00819715 0.410101 0.01564
1902 0.492772 0.00820474 0.410101 0.01564
1903 0.492901 0.00820902 0.411111 0.0156458
1904 0.492789 0.00819716 0.409091 0.0156341
1905 0.492655 0.0081911 0.412121 0.0156516
1906 0.492532 0.00818753 0.410101 0.01564
1907 0.492551 0.00818248 0.406061 0.0156159
1908 0.492879 0.00818793 0.409091 0.0156341
1909 0.493258 0.00819739 0.415152 0.0156685
1910 0.493288 0.00819225 0.413131 0.0156573
1911 0.493435 0.00818953 0.413131 0.0156573
1912 0.493586 0.00817898 0.414141 0.0156629
1913 0.492919 0.00817333 0.410101 0.01564
1914 0.492625 0.0081732 0.412121 0.0156516
1915 0.492635 0.00816402 0.410101 0.01564
1916 0.492731 0.00817194 0.415152 0.0156685
1917 0.492998 0.00815887 0.411111 0.0156458
1918 0.492889 0.00815938 0.40404 0.0156035
1919 0.49325 0.00816559 0.412121 0.0156516
1920 0.493259 0.0081681 0.409091 0.0156341
1921 0.493217 0.00816996 0.410101 0.01564
1922 0.492751 0.00816717 0.406061 0.0156159
1923 0.492441 0.00816645 0.410101 0.01564
1924 0.492252 0.00817188 0.414141 0.0156629
1925 0.4918 0.00818621 0.414141 0.0156629
1926 0.491952 0.00818659 0.412121 0.0156516
1927 0.492509 0.00818682 0.410101 0.01564
1928 0.493013 0.0081866 0.415152 0.0156685
1929 0.493105 0.00818122 0.416162 0.015674
1930 0.493255 0.0081869 0.412121 0.0156516
1931 0.493188 0.00818509 0.414141 0.0156629
1932 0.493331 0.00818852 0.409091 0.0156341
1933 0.492973 0.0081775 0.415152 0.0156685
1934 0.492697 0.00816644 0.413131 0.0156573
1935 0.492744 0.00815834 0.414141 0.0156629
1936 0.492561 0.00815404 0.413131 0.0156573
1937 0.492556 0.00816237 0.411111 0.0156458
1938 0.492178 0.00815854 0.412121 0.0156516
1939 0.492024 0.00817008 0.414141 0.0156629
1940 0.492392 0.0081671 0.409091 0.0156341
1941 0.492534 0.00816781 0.412121 0.0156516
1942 0.492762 0.00816582 0.411111 0.0156458
1943 0.492732 0.00817595 0.410101 0.01564
1944 0.491824 0.00818397 0.416162 0.015674
1945 0.492404 0.00819086 0.418182 0.0156848
1946 0.49222 0.00818767 0.416162 0.015674
1947 0.492507 0.00819009 0.416162 0.015674
1948 0.493006 0.00818745 0.409091 0.0156341
1949 0.492687 0.00817622 0.411111 0.0156458
1950 0.492475 0.00816707 0.409091 0.0156341
1951 0.492138 0.0081562 0.407071 0.0156221
1952 0.491605 0.00816195 0.412121 0.0156516
1953 0.491662 0.00817408 0.413131 0.0156573
1954 0.49202 0.00816649 0.410101 0.01564
1955 0.492019 0.00818439 0.410101 0.01564
1956 0.491972 0.00817014 0.405051 0.0156098
1957 0.492148 0.00817044 0.408081 0.0156281
1958 0.491653 0.00817708 0.406061 0.0156159
1959 0.491371 0.00818706 0.407071 0.0156221
1960 0.490832 0.00818112 0.408081 0.0156281
1961 0.490076 0.00818718 0.410101 0.01564
1962 0.490409 0.00819942 0.409091 0.0156341
1963 0.491062 0.00819974 0.408081 0.0156281
1964 0.49084 0.00820714 0.406061 0.0156159
1965 0.490581 0.00820996 0.411111 0.0156458
1966 0.490444 0.00820433 0.408081 0.0156281
1967 0.490893 0.00819007 0.409091 0.0156341
1968 0.490389 0.00817836 0.406061 0.0156159
1969 0.490583 0.0081725 0.408081 0.0156281
1970 0.490734 0.00816568 0.406061 0.0156159
1971 0.490855 0.00815701 0.40303 0.0155972
1972 0.490643 0.00814361 0.39899 0.0155713
1973 0.490478 0.00814186 0.40303 0.0155972
1974 0.489926 0.00815114 0.394949 0.0155442
1975 0.49033 0.00814605 0.40202 0.0155908
1976 0.49102 0.00815004 0.4 0.0155778
1977 0.490707 0.00813433 0.40101 0.0155844
1978 0.490503 0.00813137 0.40101 0.0155844
1979 0.490782 0.00812455 0.4 0.0155778
1980 0.490853 0.00812635 0.4 0.0155778
1981 0.490809 0.00812444 0.40202 0.0155908
1982 0.490404 0.00812728 0.39798 0.0155646
1983 0.49026 0.00812134 0.40404 0.0156035
1984 0.490343 0.00812845 0.40404 0.0156035
1985 0.490387 0.0081327 0.408081 0.0156281
1986 0.491023 0.00811889 0.406061 0.0156159
1987 0.491453 0.00812699 0.405051 0.0156098
1988 0.491285 0.0081226 0.405051 0.0156098
1989 0.492057 0.00812665 0.406061 0.0156159
1990 0.49242 0.00813212 0.40202 0.0155908
1991 0.492343 0.00812725 0.406061 0.0156159
1992 0.492074 0.00813749 0.410101 0.01564
1993 0.492269 0.0081308 0.406061 0.0156159
1994 0.492148 0.0081369 0.409091 0.0156341
1995 0.492475 0.00813004 0.40404 0.0156035
1996 0.492286 0.00813293 0.40303 0.0155972
1997 0.492293 0.00814252 0.409091 0.0156341
1998 0.492762 0.00814108 0.408081 0.0156281
1999 0.492835 0.00814319 0.407071 0.0156221
