#sample=10000
0 0.00133433 3.75184e-05 1 0
1 0.00137655 4.09876e-05 1 0
2 0.00141228 5.97767e-05 0.9999 0.0001
3 0.00141513 4.96223e-05 0.9999 0.0001
4 0.00143842 4.45239e-05 1 0
5 0.00160534 7.71279e-05 0.9998 0.000141414
6 0.00156487 5.43712e-05 1 0
7 0.00154319 2.91157e-05 1 0
8 0.00169166 7.54588e-05 0.9999 0.0001
9 0.00179334 6.83628e-05 0.9998 0.000141414
10 0.00188075 7.04298e-05 0.9998 0.000141414
11 0.00189724 4.11888e-05 1 0
12 0.00200826 5.35514e-05 0.9999 0.0001
13 0.00212213 6.31901e-05 0.9999 0.0001
14 0.00223274 6.30779e-05 0.9999 0.0001
15 0.00234017 5.62939e-05 1 0
16 0.00248335 6.62786e-05 1 0
17 0.00265814 8.43468e-05 0.9997 0.000173188
18 0.00275014 7.04495e-05 0.9999 0.0001
19 0.00286533 8.72932e-05 0.9998 0.000141414
20 0.00294949 8.4862e-05 0.9999 0.0001
21 0.00308393 7.14039e-05 0.9999 0.0001
22 0.0032215 6.11589e-05 1 0
23 0.00340312 6.52498e-05 1 0
24 0.00360584 8.12586e-05 0.9999 0.0001
25 0.00365678 6.04707e-05 1 0
26 0.00388154 7.72791e-05 0.9999 0.0001
27 0.00399424 6.90337e-05 0.9999 0.0001
28 0.00421902 7.50703e-05 0.9999 0.0001
29 0.00451403 9.53804e-05 0.9997 0.000173188
30 0.00462972 7.54042e-05 1 0
31 0.00487917 0.000103747 0.9998 0.000141414
32 0.00497114 8.24617e-05 1 0
33 0.00513404 8.03567e-05 1 0
34 0.00533446 8.27682e-05 1 0
35 0.0055859 8.38339e-05 1 0
36 0.00582795 9.86471e-05 0.9998 0.000141414
37 0.00603834 9.69161e-05 1 0
38 0.00636965 0.000130499 0.9997 0.000173188
39 0.00662951 0.000137322 0.9995 0.000223562
40 0.00674072 0.000112392 0.9999 0.0001
41 0.00688302 0.000110503 1 0
42 0.00719627 0.00011885 0.9998 0.000141414
43 0.00734361 0.000116887 0.9999 0.0001
44 0.00758618 0.000119787 0.9999 0.0001
45 0.00777229 0.000121223 0.9999 0.0001
46 0.00803424 0.00012321 0.9999 0.0001
47 0.00819342 0.000117117 1 0
48 0.00860599 0.00013563 0.9999 0.0001
49 0.00885138 0.000137351 0.9999 0.0001
50 0.00913981 0.000148014 0.9996 0.00019997
51 0.00920627 0.000129879 1 0
52 0.00964311 0.000158392 0.9997 0.000173188
53 0.00993423 0.000158965 0.9997 0.000173188
54 0.010269 0.000169379 0.9996 0.00019997
55 0.0103334 0.000157371 0.9997 0.000173188
56 0.0105221 0.00014956 0.9999 0.0001
57 0.0109842 0.000171582 0.9998 0.000141414
58 0.0110964 0.00016713 0.9996 0.00019997
59 0.0115283 0.000179796 0.9997 0.000173188
60 0.0116012 0.000168906 0.9999 0.0001
61 0.0119752 0.000182795 0.9996 0.00019997
62 0.0121991 0.000182308 0.9997 0.000173188
63 0.0125312 0.000182268 0.9999 0.0001
64 0.0126367 0.000177464 1 0
65 0.0131452 0.000198451 0.9995 0.000223562
66 0.0132533 0.0001855 0.9998 0.000141414
67 0.013669 0.000196509 0.9998 0.000141414
68 0.0140908 0.000209196 0.9996 0.00019997
69 0.0143435 0.000214669 0.9996 0.00019997
70 0.0145843 0.00020715 0.9999 0.0001
71 0.0148894 0.000213491 0.9997 0.000173188
72 0.0154102 0.00023616 0.999 0.000316085
73 0.0154889 0.000212914 1 0
74 0.016047 0.00023792 0.9994 0.000244888
75 0.0164379 0.000233634 0.9997 0.000173188
76 0.0166531 0.000235099 0.9995 0.000223562
77 0.0173348 0.000254776 0.9993 0.000264496
78 0.0175785 0.000246164 0.9998 0.000141414
79 0.0178057 0.000242922 0.9997 0.000173188
80 0.0185404 0.000271109 0.999 0.000316085
81 0.0187809 0.000262014 0.9997 0.000173188
82 0.0193001 0.00027526 0.9995 0.000223562
83 0.0196517 0.000266104 0.9997 0.000173188
84 0.0199994 0.000272634 0.9997 0.000173188
85 0.0204785 0.000280533 0.9993 0.000264496
86 0.0207663 0.000272859 0.9998 0.000141414
87 0.0214445 0.00030342 0.9992 0.000282744
88 0.0219721 0.000302744 0.9993 0.000264496
89 0.022206 0.000294955 0.9996 0.00019997
90 0.0226928 0.000310985 0.9995 0.000223562
91 0.0230984 0.000314697 0.9993 0.000264496
92 0.0237369 0.000319057 0.9995 0.000223562
93 0.0242001 0.000334376 0.999 0.000316085
94 0.0245747 0.000328764 0.9996 0.00019997
95 0.0250964 0.000327544 0.9997 0.000173188
96 0.0257208 0.000337983 0.9996 0.00019997
97 0.0263825 0.000351619 0.999 0.000316085
98 0.0270347 0.000356097 0.9993 0.000264496
99 0.0280651 0.000380314 0.9988 0.00034622
100 0.0283775 0.000377108 0.999 0.000316085
101 0.0288934 0.000372679 0.9995 0.000223562
102 0.0296123 0.000384198 0.9995 0.000223562
103 0.0303163 0.000394358 0.999 0.000316085
104 0.0310037 0.000405574 0.999 0.000316085
105 0.0316364 0.000413076 0.9988 0.00034622
106 0.0319447 0.000406848 0.9994 0.000244888
107 0.0328771 0.00043109 0.9985 0.000387027
108 0.0333344 0.000425319 0.9991 0.00029988
109 0.0340555 0.000434471 0.999 0.000316085
110 0.034918 0.000459074 0.9983 0.000411981
111 0.0352817 0.000455589 0.9989 0.000331497
112 0.0359508 0.000460457 0.9985 0.000387027
113 0.0364882 0.000463469 0.9986 0.000373922
114 0.0371635 0.00047783 0.9983 0.000411981
115 0.0378531 0.000483133 0.9984 0.0003997
116 0.0382854 0.000489492 0.9983 0.000411981
117 0.0389635 0.000499854 0.9981 0.000435497
118 0.0396613 0.000508656 0.998 0.000446788
119 0.0402202 0.000519022 0.9977 0.000479055
120 0.0406328 0.000515632 0.998 0.000446788
121 0.0413238 0.000517809 0.9985 0.000387027
122 0.0420782 0.000530568 0.998 0.000446788
123 0.0428776 0.000544723 0.9978 0.000468549
124 0.0436465 0.000562547 0.9975 0.0004994
125 0.0446013 0.000575767 0.9965 0.000590601
126 0.0450246 0.000567144 0.9974 0.000509264
127 0.0457244 0.000582126 0.9968 0.000564808
128 0.0463298 0.000583025 0.9971 0.000537762
129 0.0469329 0.000595535 0.997 0.000546928
130 0.0475095 0.000594777 0.9968 0.000564808
131 0.0483234 0.000603732 0.9964 0.000598949
132 0.0491223 0.000620123 0.9962 0.0006153
133 0.0499824 0.000628204 0.9964 0.000598949
134 0.0506956 0.000638791 0.996 0.000631221
135 0.0512345 0.000636997 0.9966 0.000582132
136 0.0520783 0.000644257 0.996 0.000631221
137 0.0528056 0.000655612 0.9961 0.000623312
138 0.0537116 0.000666955 0.996 0.000631221
139 0.0543439 0.000671063 0.9963 0.00060718
140 0.0552872 0.000684635 0.9955 0.000669343
141 0.0561271 0.000693151 0.9945 0.000739615
142 0.0569414 0.000704517 0.9948 0.000719269
143 0.05743 0.000707658 0.9951 0.000698318
144 0.0582515 0.000715517 0.9949 0.000712355
145 0.0591298 0.000723052 0.9941 0.000765884
146 0.0598812 0.000741084 0.994 0.000772308
147 0.0610097 0.00075117 0.9935 0.000803641
148 0.0617194 0.000755985 0.9931 0.000827833
149 0.0624759 0.000761457 0.9936 0.000797476
150 0.0634302 0.000775424 0.9928 0.00084551
151 0.0645778 0.00079094 0.9916 0.000912703
152 0.065188 0.00079331 0.9911 0.000939238
153 0.0665243 0.000814038 0.9901 0.0009901
154 0.0667676 0.000805902 0.9913 0.000928718
155 0.0675734 0.000811009 0.991 0.000944452
156 0.0686972 0.00082276 0.9906 0.000965017
157 0.0696483 0.000836866 0.9897 0.0010097
158 0.0707014 0.000852147 0.9888 0.00105241
159 0.0715774 0.000858256 0.9886 0.00106166
160 0.0725389 0.000865793 0.988 0.00108891
161 0.0736652 0.000883075 0.9875 0.00111108
162 0.0743436 0.000879668 0.9865 0.00115408
163 0.0756315 0.00089716 0.9861 0.00117082
164 0.076757 0.000906716 0.9851 0.00121159
165 0.0774833 0.000918045 0.9847 0.00122749
166 0.0788692 0.000932933 0.9828 0.00130023
167 0.0801941 0.000938003 0.982 0.00132958
168 0.0811705 0.000950061 0.9809 0.00136883
169 0.0822193 0.000960218 0.9816 0.001344
170 0.083325 0.000975194 0.9804 0.00138628
171 0.0844438 0.000983189 0.9798 0.00140691
172 0.0856707 0.000996719 0.9789 0.00143725
173 0.0866443 0.00100288 0.9782 0.00146037
174 0.0877957 0.00101827 0.9762 0.00152433
175 0.0885455 0.00102885 0.9769 0.00150229
176 0.0894887 0.00103082 0.9758 0.00153677
177 0.0906387 0.00103611 0.9748 0.0015674
178 0.0919781 0.00105421 0.9731 0.00161799
179 0.0929096 0.0010653 0.9717 0.00165837
180 0.0942054 0.00107734 0.9704 0.0016949
181 0.0953754 0.00108141 0.9696 0.00171694
182 0.0970814 0.00110191 0.9676 0.00177069
183 0.0980618 0.0011098 0.9657 0.00182008
184 0.099294 0.00112273 0.9646 0.00184798
185 0.100906 0.00113421 0.9637 0.00187045
186 0.102083 0.00114301 0.9631 0.00188526
187 0.103653 0.00116173 0.9604 0.00195027
188 0.104947 0.0011694 0.9588 0.00198762
189 0.105971 0.00117589 0.9582 0.00200142
190 0.107691 0.00118964 0.9562 0.0020466
191 0.10866 0.00119729 0.9561 0.00204883
192 0.110088 0.0012067 0.9529 0.00211863
193 0.111418 0.00122249 0.9517 0.0021441
194 0.112977 0.00123708 0.949 0.00220009
195 0.114413 0.00124398 0.9472 0.00223645
196 0.115493 0.00124886 0.9475 0.00223044
197 0.117118 0.00125935 0.9466 0.00224841
198 0.118396 0.00126718 0.9433 0.0023128
199 0.119888 0.00128377 0.94 0.00237499
200 0.120891 0.00128834 0.9386 0.00240075
201 0.122447 0.00129965 0.9357 0.00245299
202 0.123806 0.00130552 0.9345 0.00247418
203 0.12535 0.00132042 0.9309 0.00253637
204 0.126951 0.00132895 0.9285 0.00257671
205 0.128689 0.0013442 0.9275 0.00259327
206 0.13029 0.00135492 0.9243 0.00264531
207 0.131602 0.00136604 0.9235 0.0026581
208 0.13336 0.00137256 0.9215 0.0026897
209 0.134975 0.00138813 0.918 0.00274378
210 0.136353 0.00139052 0.9171 0.00275745
211 0.137917 0.00140378 0.9142 0.00280082
212 0.139302 0.00141322 0.912 0.00283309
213 0.140843 0.00142341 0.9098 0.00286482
214 0.14251 0.00143502 0.9085 0.00288333
215 0.144106 0.00144518 0.9055 0.00292538
216 0.145824 0.00145719 0.9023 0.00296923
217 0.147332 0.00146493 0.8987 0.00301741
218 0.148913 0.00146961 0.8963 0.00304886
219 0.150486 0.00148008 0.8928 0.00309383
220 0.152303 0.00149195 0.8913 0.00311278
221 0.153438 0.00150165 0.8887 0.00314519
222 0.155136 0.00151089 0.8837 0.003206
223 0.15673 0.0015188 0.8793 0.00325795
224 0.158299 0.00152265 0.8789 0.0032626
225 0.159954 0.00154095 0.8772 0.00328224
226 0.16143 0.00154767 0.8746 0.00331188
227 0.163111 0.00155608 0.8707 0.00335548
228 0.164903 0.00156853 0.867 0.00339592
229 0.166782 0.00157606 0.8631 0.00343759
230 0.168322 0.00159044 0.8579 0.0034917
231 0.169706 0.00159574 0.8566 0.00350498
232 0.172137 0.00160678 0.8504 0.00356697
233 0.173918 0.00161929 0.8438 0.00363063
234 0.175938 0.00162638 0.8425 0.0036429
235 0.177766 0.00163463 0.84 0.00366624
236 0.179004 0.00164013 0.8387 0.00367826
237 0.180612 0.00164551 0.8353 0.00370928
238 0.181952 0.00165303 0.8333 0.00372726
239 0.183373 0.00165575 0.8312 0.00374594
240 0.185334 0.00166564 0.8273 0.00378007
241 0.186775 0.00167285 0.8224 0.00382195
242 0.188555 0.00168179 0.8183 0.00385616
243 0.190767 0.00169649 0.814 0.00389126
244 0.192088 0.00170609 0.8114 0.0039121
245 0.194276 0.00171324 0.8104 0.00392004
246 0.19554 0.00172266 0.8058 0.00395603
247 0.19745 0.00172778 0.8026 0.00398057
248 0.199152 0.00173886 0.7994 0.00400469
249 0.20156 0.00174963 0.7938 0.00404596
250 0.202888 0.00175011 0.7911 0.00406543
251 0.204414 0.00175749 0.7879 0.00408816
252 0.206302 0.0017671 0.7835 0.00411879
253 0.208697 0.0017721 0.7778 0.00415746
254 0.210681 0.00178238 0.7744 0.00417998
255 0.212601 0.00178703 0.7703 0.00420661
256 0.214323 0.0017916 0.7645 0.00424332
257 0.216048 0.00180324 0.762 0.0042588
258 0.217896 0.00181296 0.7576 0.00428556
259 0.219721 0.00182324 0.7523 0.00431698
260 0.221126 0.00182997 0.7508 0.00432571
261 0.222708 0.00183867 0.7439 0.004365
262 0.224102 0.00184444 0.7423 0.0043739
263 0.225872 0.00184809 0.7386 0.00439419
264 0.227081 0.00185001 0.7356 0.00441035
265 0.22894 0.00185839 0.7326 0.00442625
266 0.230687 0.00186098 0.7326 0.00442625
267 0.232627 0.00186898 0.728 0.00445012
268 0.234161 0.00187615 0.7247 0.00446688
269 0.235988 0.00188503 0.7183 0.0044985
270 0.237521 0.00189177 0.7167 0.00450623
271 0.239337 0.00190382 0.711 0.00453321
272 0.241761 0.00190125 0.707 0.00455161
273 0.242719 0.00190029 0.7061 0.00455569
274 0.24502 0.00190742 0.6992 0.00458629
275 0.246422 0.00191738 0.6975 0.00459364
276 0.247835 0.00191877 0.6974 0.00459407
277 0.249821 0.00192717 0.6917 0.00461814
278 0.251808 0.0019316 0.6864 0.00463979
279 0.253453 0.00193847 0.6827 0.00465449
280 0.255907 0.00194605 0.6786 0.00467037
281 0.258024 0.00195329 0.6714 0.00469728
282 0.259188 0.00195662 0.6673 0.00471204
283 0.261234 0.00196728 0.6626 0.00472846
284 0.262639 0.00197272 0.6615 0.00473223
285 0.264396 0.00197733 0.6598 0.004738
286 0.265573 0.00198052 0.6586 0.00474203
287 0.267499 0.00199155 0.6579 0.00474437
288 0.269514 0.00199542 0.6526 0.00476168
289 0.271224 0.0019981 0.6468 0.00477988
290 0.273404 0.00200548 0.6453 0.00478446
291 0.275084 0.00201024 0.6401 0.00479995
292 0.277082 0.00201172 0.6381 0.00480574
293 0.278928 0.00201864 0.6303 0.00482748
294 0.280413 0.00202019 0.6275 0.00483495
295 0.282453 0.00202518 0.6245 0.00484276
296 0.284479 0.0020328 0.6177 0.00485974
297 0.285571 0.00203275 0.6159 0.00486406
298 0.28667 0.00203915 0.6132 0.00487042
299 0.28863 0.00204102 0.6085 0.0048811
300 0.290787 0.00203802 0.6023 0.00489447
301 0.292315 0.00204023 0.6007 0.00489779
302 0.293501 0.0020425 0.6006 0.004898
303 0.29506 0.00204214 0.5952 0.00490878
304 0.296996 0.00205148 0.591 0.00491674
305 0.298941 0.00205396 0.5842 0.00492884
306 0.300463 0.00205839 0.582 0.00493255
307 0.302063 0.00206314 0.5793 0.00493696
308 0.303811 0.00206838 0.573 0.00494667
309 0.305509 0.00207582 0.5705 0.0049503
310 0.307057 0.002079 0.5662 0.00495623
311 0.308446 0.00208219 0.5598 0.00496436
312 0.30949 0.00207983 0.5651 0.00495769
313 0.311003 0.00208364 0.5568 0.00496788
314 0.312695 0.00208792 0.5593 0.00496496
315 0.314829 0.00209464 0.5571 0.00496754
316 0.316537 0.0021063 0.5503 0.00497488
317 0.3177 0.00210946 0.5472 0.00497792
318 0.319301 0.00211163 0.5448 0.00498014
319 0.320955 0.00211315 0.5393 0.00498478
320 0.322073 0.00211109 0.5382 0.00498564
321 0.32373 0.00212114 0.5348 0.00498812
322 0.325779 0.00212522 0.5305 0.00499094
323 0.327161 0.00212685 0.5297 0.00499142
324 0.328178 0.00213289 0.5272 0.00499285
325 0.330033 0.0021433 0.524 0.00499449
326 0.33186 0.00214516 0.5203 0.00499613
327 0.333847 0.00214885 0.519 0.00499664
328 0.33551 0.0021549 0.5153 0.00499791
329 0.337286 0.00216233 0.5108 0.00499908
330 0.338576 0.00215953 0.5078 0.00499964
331 0.339681 0.00215451 0.5047 0.00500003
332 0.341417 0.00215863 0.5033 0.00500014
333 0.342808 0.00215966 0.4973 0.00500018
334 0.343959 0.00216452 0.4951 0.00500001
335 0.345533 0.0021636 0.4938 0.00499987
336 0.34631 0.00216624 0.4899 0.00499923
337 0.347498 0.00216707 0.487 0.00499856
338 0.349893 0.0021657 0.4818 0.00499694
339 0.351177 0.00216789 0.4774 0.00499514
340 0.352635 0.00217649 0.4767 0.00499482
341 0.354073 0.00217785 0.4753 0.00499415
342 0.355505 0.0021815 0.476 0.00499449
343 0.357469 0.00218465 0.4682 0.00499013
344 0.358427 0.00219083 0.4629 0.00498647
345 0.359611 0.00219112 0.464 0.00498727
346 0.360801 0.00219064 0.4595 0.00498382
347 0.362055 0.00220479 0.458 0.00498258
348 0.36332 0.00220263 0.4565 0.00498129
349 0.365092 0.0022009 0.4517 0.00497687
350 0.365948 0.00220573 0.4512 0.00497638
351 0.366666 0.00220504 0.4488 0.00497397
352 0.36766 0.00220749 0.4481 0.00497324
353 0.369398 0.00221621 0.4458 0.00497079
354 0.370698 0.00222332 0.4486 0.00497376
355 0.371872 0.00221439 0.4447 0.00496957
356 0.373527 0.00221466 0.4408 0.00496508
357 0.374637 0.00221786 0.4407 0.00496496
358 0.37686 0.00222041 0.4383 0.00496203
359 0.377954 0.00222407 0.4315 0.0049531
360 0.379313 0.00222564 0.4285 0.00494886
361 0.380725 0.00222661 0.4292 0.00494987
362 0.381164 0.00223274 0.4259 0.00494503
363 0.382942 0.00223241 0.4233 0.00494107
364 0.384097 0.00222864 0.4252 0.00494398
365 0.385482 0.00222888 0.422 0.00493903
366 0.386796 0.00222712 0.4163 0.00492969
367 0.38765 0.00222724 0.4171 0.00493104
368 0.389174 0.00223544 0.4166 0.0049302
369 0.390124 0.00223066 0.4129 0.0049238
370 0.391209 0.00222444 0.4088 0.00491637
371 0.392263 0.00222291 0.4055 0.00491013
372 0.393001 0.00221452 0.4035 0.00490624
373 0.394112 0.00221559 0.4005 0.00490024
374 0.395443 0.00221824 0.3986 0.00489635
375 0.396418 0.00222195 0.3968 0.00489258
376 0.397622 0.00222408 0.3922 0.00488265
377 0.398519 0.00222673 0.391 0.00487999
378 0.40008 0.0022286 0.3878 0.00487273
379 0.401303 0.00222838 0.3838 0.00486334
380 0.402571 0.00223132 0.3841 0.00486406
381 0.40371 0.00223104 0.3829 0.00486119
382 0.404366 0.00223767 0.3819 0.00485877
383 0.405718 0.00223089 0.3822 0.00485949
384 0.406201 0.00223433 0.382 0.00485901
385 0.406658 0.00223793 0.3777 0.00484836
386 0.407584 0.00224386 0.3781 0.00484937
387 0.408709 0.00224057 0.3737 0.0048381
388 0.409697 0.00224345 0.3733 0.00483705
389 0.411236 0.00224124 0.3676 0.00482176
390 0.412254 0.00223841 0.3721 0.00483389
391 0.413419 0.00224303 0.3692 0.00482612
392 0.414785 0.00224359 0.362 0.00480603
393 0.415794 0.00224814 0.363 0.00480889
394 0.417015 0.0022524 0.3637 0.00481088
395 0.417692 0.00225093 0.3613 0.00480401
396 0.418589 0.00225246 0.3605 0.0048017
397 0.419565 0.00225398 0.3573 0.00479228
398 0.420798 0.00225545 0.3554 0.00478658
399 0.421279 0.00225777 0.3534 0.00478049
400 0.421493 0.00226465 0.3543 0.00478325
401 0.422325 0.00227211 0.3532 0.00477988
402 0.423273 0.00227029 0.3524 0.00477742
403 0.424579 0.00227082 0.3486 0.00476551
404 0.42608 0.00227532 0.3463 0.00475814
405 0.426129 0.00227527 0.3472 0.00476104
406 0.427442 0.00227304 0.3429 0.00474702
407 0.428459 0.00227558 0.3431 0.00474768
408 0.429698 0.00227358 0.3406 0.00473935
409 0.43008 0.00228061 0.3408 0.00474002
410 0.43069 0.00228224 0.3402 0.004738
411 0.430738 0.00227404 0.3359 0.00472328
412 0.432563 0.00227509 0.336 0.00472362
413 0.432685 0.00228117 0.3335 0.00471487
414 0.43418 0.00227053 0.3325 0.00471133
415 0.434955 0.00227192 0.33 0.00470236
416 0.435419 0.00227288 0.3289 0.00469837
417 0.436055 0.00227085 0.3293 0.00469983
418 0.437102 0.00227131 0.3277 0.00469398
419 0.437454 0.00226984 0.3238 0.00467948
420 0.438156 0.00226848 0.3235 0.00467835
421 0.437862 0.00226902 0.3235 0.00467835
422 0.438234 0.00226735 0.3237 0.0046791
423 0.438666 0.00226716 0.3256 0.00468622
424 0.439039 0.00226823 0.3243 0.00468136
425 0.439575 0.00227105 0.3246 0.00468249
426 0.440231 0.00227015 0.3237 0.0046791
427 0.440859 0.00226692 0.3194 0.00466267
428 0.441628 0.00226755 0.3207 0.00466769
429 0.442759 0.00226652 0.3185 0.00465918
430 0.443031 0.00227445 0.3192 0.0046619
431 0.444408 0.00227157 0.3161 0.00464976
432 0.444851 0.0022691 0.3146 0.0046438
433 0.445936 0.0022725 0.311 0.00462926
434 0.447165 0.00227363 0.3093 0.00462228
435 0.448147 0.00227164 0.3123 0.00463455
436 0.448915 0.00226368 0.31 0.00462516
437 0.450042 0.00226772 0.3083 0.00461814
438 0.450838 0.00226447 0.3048 0.00460346
439 0.451487 0.00227083 0.3106 0.00462762
440 0.451739 0.00226857 0.3038 0.0045992
441 0.452002 0.0022729 0.3078 0.00461606
442 0.452403 0.00227719 0.3025 0.00459364
443 0.452553 0.00228199 0.3043 0.00460133
444 0.453236 0.0022821 0.3031 0.00459621
445 0.454058 0.00228352 0.302 0.00459148
446 0.454651 0.00228184 0.2993 0.00457974
447 0.455204 0.002281 0.2973 0.00457093
448 0.45571 0.00227819 0.3013 0.00458846
449 0.456414 0.00227455 0.2968 0.0045687
450 0.456081 0.0022788 0.2966 0.00456781
451 0.456363 0.00227656 0.2986 0.00457667
452 0.456618 0.00227606 0.2968 0.0045687
453 0.45749 0.00228055 0.296 0.00456514
454 0.458293 0.00227681 0.2948 0.00455976
455 0.458337 0.00227971 0.2969 0.00456915
456 0.458555 0.00227406 0.2965 0.00456737
457 0.458714 0.00227508 0.291 0.00454246
458 0.459433 0.00227564 0.2918 0.00454613
459 0.459245 0.00227708 0.2923 0.00454842
460 0.459656 0.00227409 0.2922 0.00454796
461 0.460566 0.00226985 0.2889 0.00453274
462 0.460274 0.00226938 0.2874 0.00452572
463 0.461324 0.00226926 0.2858 0.00451817
464 0.461502 0.0022727 0.289 0.00453321
465 0.461426 0.00227361 0.2893 0.0045346
466 0.462307 0.0022733 0.2886 0.00453134
467 0.4629 0.00227681 0.2863 0.00452054
468 0.463512 0.00227779 0.2836 0.00450768
469 0.464627 0.00228523 0.2839 0.00450911
470 0.464813 0.00228351 0.2839 0.00450911
471 0.46498 0.00228263 0.2837 0.00450816
472 0.465831 0.00228385 0.2834 0.00450671
473 0.466234 0.0022875 0.282 0.00449996
474 0.466656 0.00228539 0.2815 0.00449753
475 0.467048 0.0022861 0.2785 0.00448283
476 0.467361 0.00228874 0.2781 0.00448085
477 0.467797 0.00229062 0.2794 0.00448727
478 0.468344 0.00229098 0.276 0.00447039
479 0.46868 0.00229688 0.2792 0.00448628
480 0.469843 0.00229459 0.2776 0.00447837
481 0.470098 0.00229121 0.2795 0.00448776
482 0.470599 0.0022916 0.2758 0.00446939
483 0.470299 0.00228538 0.2748 0.00446436
484 0.470808 0.00227979 0.2741 0.00446082
485 0.470356 0.0022858 0.2764 0.00447239
486 0.470143 0.00228417 0.2761 0.00447089
487 0.470497 0.00228071 0.2754 0.00446738
488 0.47042 0.0022842 0.2769 0.00447489
489 0.471539 0.00229111 0.2732 0.00445625
490 0.471847 0.00228702 0.2735 0.00445778
491 0.471554 0.00228977 0.2749 0.00446486
492 0.472453 0.00229101 0.2723 0.00445166
493 0.472693 0.00229183 0.2741 0.00446082
494 0.472996 0.00229014 0.2703 0.00444137
495 0.473379 0.00229138 0.2718 0.0044491
496 0.47377 0.00229325 0.2709 0.00444447
497 0.474192 0.00229563 0.2702 0.00444085
498 0.47395 0.00229632 0.2694 0.0044367
499 0.474722 0.00229793 0.2678 0.00442835
500 0.474735 0.00230144 0.2705 0.0044424
501 0.474656 0.00230625 0.2702 0.00444085
502 0.47496 0.00229807 0.27 0.00443982
503 0.474775 0.00229601 0.2711 0.0044455
504 0.475098 0.00228877 0.2669 0.00442362
505 0.476521 0.00228834 0.2639 0.00440768
506 0.476552 0.00229142 0.2657 0.00441727
507 0.476331 0.00228728 0.2646 0.00441142
508 0.476042 0.00228443 0.264 0.00440821
509 0.476102 0.00229251 0.266 0.00441886
510 0.476239 0.00229238 0.2659 0.00441833
511 0.476048 0.00229307 0.2681 0.00442992
512 0.476497 0.00229305 0.272 0.00445012
513 0.477488 0.00229296 0.2664 0.00442098
514 0.47844 0.00229236 0.2672 0.0044252
515 0.478932 0.002289 0.2666 0.00442204
516 0.478795 0.00228595 0.2669 0.00442362
517 0.479156 0.00228813 0.262 0.00439745
518 0.479024 0.00228327 0.2636 0.00440607
519 0.479466 0.00227976 0.2584 0.00437777
520 0.479699 0.00228162 0.2606 0.00438984
521 0.480047 0.00228378 0.2635 0.00440553
522 0.479734 0.00228202 0.2617 0.00439582
523 0.480499 0.00228374 0.2585 0.00437832
524 0.480479 0.00228036 0.2564 0.00436667
525 0.480531 0.00227604 0.2571 0.00437057
526 0.480809 0.00227904 0.2566 0.00436779
527 0.480901 0.00227777 0.2573 0.00437168
528 0.480799 0.0022781 0.2565 0.00436723
529 0.48057 0.00227832 0.256 0.00436444
530 0.480865 0.00227737 0.2588 0.00437997
531 0.481382 0.00227698 0.2563 0.00436611
532 0.481264 0.0022741 0.2595 0.00438382
533 0.481359 0.00228185 0.2563 0.00436611
534 0.481927 0.00228359 0.2576 0.00437334
535 0.481644 0.00227958 0.2576 0.00437334
536 0.481857 0.00227619 0.258 0.00437556
537 0.482047 0.00228186 0.258 0.00437556
538 0.482217 0.00227133 0.2557 0.00436276
539 0.482124 0.00226686 0.2511 0.00433668
540 0.482167 0.0022773 0.2559 0.00436388
541 0.482446 0.00227519 0.255 0.00435883
542 0.48244 0.00227601 0.2552 0.00435995
543 0.483316 0.00227536 0.2547 0.00435714
544 0.483582 0.00227909 0.2522 0.00434297
545 0.482942 0.00228452 0.2572 0.00437112
546 0.483467 0.00227963 0.255 0.00435883
547 0.483366 0.00227487 0.2544 0.00435545
548 0.484073 0.00227174 0.2542 0.00435432
549 0.484348 0.00227025 0.2522 0.00434297
550 0.484647 0.00227464 0.2481 0.00431932
551 0.484961 0.00227577 0.2495 0.00432745
552 0.485968 0.00226905 0.2488 0.00432339
553 0.485878 0.00226428 0.2506 0.0043338
554 0.486588 0.00226527 0.2487 0.00432281
555 0.486361 0.0022633 0.2484 0.00432107
556 0.486487 0.00226501 0.2473 0.00431464
557 0.485852 0.00226379 0.2506 0.0043338
558 0.486146 0.0022685 0.2497 0.00432861
559 0.48599 0.00226657 0.2525 0.00434468
560 0.486165 0.0022746 0.2515 0.00433897
561 0.486673 0.00227786 0.2492 0.00432571
562 0.486061 0.00227559 0.2507 0.00433438
563 0.485647 0.00227564 0.2502 0.0043315
564 0.485803 0.00227249 0.2509 0.00433553
565 0.486063 0.00226897 0.2468 0.00431171
566 0.485718 0.00227183 0.2499 0.00432977
567 0.485706 0.00227176 0.2507 0.00433438
568 0.485828 0.00226949 0.2516 0.00433954
569 0.485697 0.00226969 0.254 0.00435319
570 0.485787 0.00227211 0.251 0.0043361
571 0.485634 0.00226893 0.2548 0.00435771
572 0.485879 0.0022673 0.2498 0.00432919
573 0.485788 0.00227268 0.2524 0.00434411
574 0.48566 0.00226633 0.2523 0.00434354
575 0.486137 0.00226956 0.2504 0.00433265
576 0.485651 0.00226264 0.2496 0.00432803
577 0.486274 0.00226689 0.2494 0.00432687
578 0.485609 0.00226884 0.2494 0.00432687
579 0.485913 0.0022723 0.2507 0.00433438
580 0.486065 0.00226979 0.2507 0.00433438
581 0.486534 0.00226777 0.2526 0.00434525
582 0.486601 0.00226377 0.2472 0.00431406
583 0.487171 0.00226689 0.2457 0.00430523
584 0.487949 0.00226492 0.2452 0.00430227
585 0.488463 0.00226133 0.2455 0.00430405
586 0.48833 0.00226149 0.2463 0.00430877
587 0.487522 0.00225653 0.248 0.00431873
588 0.487877 0.00225595 0.2467 0.00431112
589 0.488372 0.00225946 0.2482 0.0043199
590 0.488638 0.00226014 0.2497 0.00432861
591 0.48852 0.00226737 0.2516 0.00433954
592 0.488668 0.00226149 0.2481 0.00431932
593 0.48871 0.00226725 0.2506 0.0043338
594 0.488856 0.00226837 0.2466 0.00431053
595 0.488939 0.00226742 0.2462 0.00430818
596 0.489781 0.00226644 0.2448 0.0042999
597 0.490414 0.00226734 0.2409 0.00427651
598 0.490735 0.00226903 0.2459 0.00430641
599 0.490385 0.00227542 0.247 0.00431288
600 0.490021 0.00227255 0.2468 0.00431171
601 0.489946 0.00226985 0.2456 0.00430464
602 0.489422 0.00226751 0.2502 0.0043315
603 0.49046 0.00226754 0.2447 0.00429931
604 0.489966 0.00227123 0.2459 0.00430641
605 0.48999 0.00227514 0.2456 0.00430464
606 0.490304 0.00227477 0.2471 0.00431347
607 0.490596 0.00227218 0.2468 0.00431171
608 0.490587 0.00227556 0.2466 0.00431053
609 0.491305 0.00228269 0.2453 0.00430286
610 0.49162 0.00227998 0.2441 0.00429574
611 0.491599 0.00228958 0.242 0.00428316
612 0.491791 0.00229461 0.2455 0.00430405
613 0.491836 0.00229068 0.2469 0.0043123
614 0.492505 0.00228802 0.2484 0.00432107
615 0.492653 0.00229083 0.2489 0.00432397
616 0.492135 0.00229127 0.2476 0.0043164
617 0.492334 0.00229709 0.2452 0.00430227
618 0.491922 0.00229613 0.2478 0.00431757
619 0.491762 0.00229557 0.2458 0.00430582
620 0.491712 0.00229857 0.2479 0.00431815
621 0.491893 0.00229154 0.2475 0.00431581
622 0.491157 0.00228945 0.2456 0.00430464
623 0.490565 0.00228916 0.2453 0.00430286
624 0.490324 0.00228555 0.243 0.00428917
625 0.490604 0.00229411 0.2422 0.00428436
626 0.491121 0.00228442 0.2427 0.00428737
627 0.491184 0.00228342 0.2416 0.00428074
628 0.492318 0.00228786 0.2424 0.00428556
629 0.492601 0.00229095 0.2398 0.00426983
630 0.493316 0.0022924 0.2413 0.00427893
631 0.492569 0.00229291 0.2435 0.00429216
632 0.492333 0.00229886 0.2458 0.00430582
633 0.492599 0.00230237 0.2437 0.00429335
634 0.492721 0.0023057 0.2453 0.00430286
635 0.493404 0.00230621 0.2423 0.00428496
636 0.492959 0.00230154 0.2435 0.00429216
637 0.493121 0.00230387 0.2432 0.00429036
638 0.493197 0.00231075 0.2455 0.00430405
639 0.493794 0.00230499 0.2439 0.00429455
640 0.493369 0.00230556 0.2457 0.00430523
641 0.492647 0.00230269 0.248 0.00431873
642 0.492611 0.00230682 0.2455 0.00430405
643 0.492506 0.00230472 0.2423 0.00428496
644 0.492597 0.00230259 0.2438 0.00429395
645 0.492099 0.00230235 0.2427 0.00428737
646 0.492293 0.00229995 0.242 0.00428316
647 0.492982 0.00229808 0.2411 0.00427772
648 0.493463 0.00229805 0.2423 0.00428496
649 0.493894 0.00230499 0.244 0.00429514
650 0.493767 0.00230212 0.2436 0.00429276
651 0.494396 0.00230009 0.2461 0.00430759
652 0.494433 0.00229849 0.2452 0.00430227
653 0.494292 0.00229541 0.2451 0.00430168
654 0.495014 0.00229484 0.2445 0.00429812
655 0.495281 0.00228986 0.2424 0.00428556
656 0.495199 0.00228749 0.2439 0.00429455
657 0.494684 0.00228786 0.2438 0.00429395
658 0.49547 0.00228989 0.241 0.00427712
659 0.495127 0.00228976 0.2427 0.00428737
660 0.494624 0.00228315 0.2423 0.00428496
661 0.494704 0.00227769 0.2424 0.00428556
662 0.495201 0.00227452 0.2427 0.00428737
663 0.495211 0.00227988 0.2407 0.0042753
664 0.49469 0.0022758 0.2393 0.00426678
665 0.494987 0.00227735 0.2399 0.00427044
666 0.494384 0.00227946 0.2418 0.00428195
667 0.494704 0.00228001 0.2357 0.00424457
668 0.495287 0.00228014 0.2358 0.00424519
669 0.495205 0.00228236 0.2378 0.00425757
670 0.495081 0.00228004 0.2399 0.00427044
671 0.495876 0.0022853 0.2366 0.00425016
672 0.495924 0.00228263 0.2383 0.00426065
673 0.495296 0.00227813 0.2383 0.00426065
674 0.495542 0.00227653 0.2349 0.00423958
675 0.495498 0.00227935 0.2386 0.00426249
676 0.494546 0.00228128 0.24 0.00427104
677 0.495324 0.0022824 0.2406 0.00427469
678 0.494748 0.00228581 0.2388 0.00426372
679 0.494525 0.00228713 0.2402 0.00427226
680 0.494746 0.00229053 0.2415 0.00428014
681 0.494784 0.00227932 0.2393 0.00426678
682 0.495182 0.00227629 0.237 0.00425264
683 0.496142 0.002277 0.2383 0.00426065
684 0.495566 0.00227645 0.2417 0.00428135
685 0.494712 0.00227814 0.2399 0.00427044
686 0.495467 0.00227817 0.2388 0.00426372
687 0.495723 0.00228079 0.2381 0.00425942
688 0.496238 0.00228418 0.2411 0.00427772
689 0.496173 0.00228999 0.2402 0.00427226
690 0.495672 0.00228884 0.2416 0.00428074
691 0.495334 0.00229206 0.2416 0.00428074
692 0.494999 0.00229086 0.2423 0.00428496
693 0.494932 0.00228328 0.2387 0.0042631
694 0.494947 0.00228331 0.239 0.00426494
695 0.495197 0.00228565 0.2411 0.00427772
696 0.495649 0.0022818 0.237 0.00425264
697 0.49616 0.00228761 0.2361 0.00424706
698 0.496089 0.00228723 0.2349 0.00423958
699 0.495674 0.0022901 0.2347 0.00423832
700 0.495983 0.00228945 0.2357 0.00424457
701 0.496351 0.00229455 0.2337 0.00423205
702 0.496191 0.00229457 0.2344 0.00423644
703 0.496628 0.0022877 0.2342 0.00423519
704 0.496496 0.00228878 0.2362 0.00424768
705 0.496476 0.0022925 0.2391 0.00426555
706 0.495685 0.0022925 0.2385 0.00426188
707 0.495411 0.0022921 0.235 0.0042402
708 0.49537 0.00229804 0.2365 0.00424954
709 0.495196 0.00229368 0.239 0.00426494
710 0.495619 0.00229444 0.2355 0.00424332
711 0.495842 0.00229837 0.2391 0.00426555
712 0.496364 0.00229409 0.2367 0.00425078
713 0.496488 0.00229264 0.2362 0.00424768
714 0.496192 0.00229523 0.2349 0.00423958
715 0.496513 0.00229435 0.2344 0.00423644
716 0.496652 0.00229239 0.2363 0.0042483
717 0.497079 0.00228743 0.2336 0.00423142
718 0.496979 0.00228645 0.2361 0.00424706
719 0.496849 0.00228632 0.2343 0.00423582
720 0.496761 0.00229704 0.2379 0.00425819
721 0.496211 0.00229737 0.2412 0.00427833
722 0.496258 0.0022994 0.2413 0.00427893
723 0.49632 0.00229336 0.2416 0.00428074
724 0.496712 0.00229337 0.2417 0.00428135
725 0.496066 0.00229682 0.2431 0.00428976
726 0.495738 0.00229924 0.2418 0.00428195
727 0.496056 0.00229653 0.2416 0.00428074
728 0.496304 0.00229598 0.2426 0.00428677
729 0.495902 0.00229155 0.2415 0.00428014
730 0.496141 0.00228644 0.241 0.00427712
731 0.496965 0.00227975 0.2396 0.00426861
732 0.496916 0.00227144 0.2362 0.00424768
733 0.497482 0.00227245 0.2384 0.00426126
734 0.497737 0.00227459 0.2353 0.00424207
735 0.497828 0.00227729 0.2382 0.00426003
736 0.497952 0.00227703 0.2365 0.00424954
737 0.49775 0.0022793 0.236 0.00424643
738 0.497972 0.00227776 0.2371 0.00425325
739 0.497969 0.00227909 0.2361 0.00424706
740 0.49816 0.00228656 0.2353 0.00424207
741 0.499118 0.00228745 0.2353 0.00424207
742 0.498889 0.00228271 0.2341 0.00423456
743 0.498982 0.00228104 0.2336 0.00423142
744 0.498697 0.00228322 0.2347 0.00423832
745 0.499362 0.00228723 0.2351 0.00424083
746 0.499447 0.00228867 0.2317 0.00421939
747 0.499502 0.00228772 0.2321 0.00422194
748 0.499014 0.0022843 0.2297 0.00420661
749 0.499339 0.00228798 0.2337 0.00423205
750 0.499961 0.00228936 0.2326 0.0042251
751 0.500058 0.00228449 0.2323 0.0042232
752 0.499903 0.00228598 0.2303 0.00421046
753 0.499851 0.00228856 0.2318 0.00422003
754 0.500079 0.00228591 0.232 0.0042213
755 0.499861 0.00228335 0.2311 0.00421557
756 0.50063 0.00227882 0.2304 0.0042111
757 0.500676 0.00228359 0.2295 0.00420532
758 0.501035 0.00228293 0.2259 0.00418195
759 0.500748 0.00228371 0.2249 0.00417537
760 0.501117 0.0022866 0.2266 0.00418653
761 0.501298 0.00228479 0.2261 0.00418326
762 0.500549 0.00228546 0.2277 0.00419369
763 0.501126 0.002292 0.2268 0.00418783
764 0.500655 0.00228689 0.2286 0.00419952
765 0.501053 0.00228445 0.2309 0.0042143
766 0.500644 0.00228055 0.2281 0.00419628
767 0.500542 0.0022845 0.2284 0.00419823
768 0.501069 0.0022767 0.229 0.0042021
769 0.5005 0.0022815 0.229 0.0042021
770 0.500589 0.00228708 0.2316 0.00421876
771 0.500227 0.00229181 0.2317 0.00421939
772 0.500339 0.00228868 0.2343 0.00423582
773 0.500363 0.00228963 0.2332 0.0042289
774 0.500624 0.00229325 0.2322 0.00422257
775 0.5006 0.00229787 0.2315 0.00421812
776 0.50041 0.00230025 0.2369 0.00425202
777 0.500497 0.00229125 0.2319 0.00422067
778 0.500702 0.0022954 0.232 0.0042213
779 0.500534 0.00228981 0.231 0.00421493
780 0.500742 0.00229125 0.2293 0.00420404
781 0.501174 0.00228863 0.2296 0.00420597
782 0.501296 0.00228204 0.2323 0.0042232
783 0.500612 0.00228213 0.2314 0.00421749
784 0.500075 0.00228604 0.2336 0.00423142
785 0.499587 0.00228612 0.2343 0.00423582
786 0.499596 0.00228756 0.2326 0.0042251
787 0.500198 0.00228556 0.2347 0.00423832
788 0.499565 0.00228995 0.2342 0.00423519
789 0.499463 0.00229084 0.2319 0.00422067
790 0.499322 0.00228711 0.2338 0.00423268
791 0.500114 0.00229671 0.233 0.00422763
792 0.499682 0.00229614 0.2335 0.00423079
793 0.500036 0.00229252 0.2305 0.00421174
794 0.499773 0.00229033 0.2323 0.0042232
795 0.500292 0.00229031 0.2295 0.00420532
796 0.50066 0.00228836 0.2303 0.00421046
797 0.500548 0.0022881 0.2303 0.00421046
798 0.500504 0.00229319 0.2313 0.00421685
799 0.500279 0.00229414 0.2269 0.00418848
800 0.500627 0.00229024 0.2303 0.00421046
801 0.501341 0.00229048 0.228 0.00419564
802 0.500808 0.00228246 0.2282 0.00419693
803 0.501474 0.00228571 0.2299 0.00420789
804 0.501611 0.00228884 0.2274 0.00419174
805 0.501315 0.00228859 0.2283 0.00419758
806 0.50146 0.00229306 0.2282 0.00419693
807 0.501183 0.00229223 0.2293 0.00420404
808 0.501146 0.00229404 0.2292 0.00420339
809 0.50062 0.00229385 0.2313 0.00421685
810 0.500495 0.002289 0.2302 0.00420982
811 0.500347 0.00228857 0.2307 0.00421302
812 0.500791 0.00228981 0.2303 0.00421046
813 0.499806 0.00228895 0.2318 0.00422003
814 0.499952 0.00229046 0.2293 0.00420404
815 0.499767 0.00228902 0.2321 0.00422194
816 0.499608 0.00228819 0.2296 0.00420597
817 0.499769 0.00229164 0.2304 0.0042111
818 0.499737 0.00228839 0.232 0.0042213
819 0.499738 0.00228973 0.2329 0.004227
820 0.49962 0.00228392 0.2326 0.0042251
821 0.4992 0.00228777 0.2331 0.00422827
822 0.499558 0.00227942 0.2334 0.00423016
823 0.499163 0.00227833 0.2313 0.00421685
824 0.498892 0.00228305 0.2347 0.00423832
825 0.499017 0.0022811 0.2289 0.00420146
826 0.498436 0.00228368 0.2347 0.00423832
827 0.498441 0.00228132 0.2343 0.00423582
828 0.49817 0.00227702 0.2326 0.0042251
829 0.498647 0.00226842 0.2346 0.0042377
830 0.499081 0.0022644 0.2333 0.00422953
831 0.499047 0.00226425 0.2331 0.00422827
832 0.499578 0.00226115 0.2291 0.00420275
833 0.499449 0.00226632 0.2317 0.00421939
834 0.499235 0.00226162 0.2327 0.00422574
835 0.499217 0.00226215 0.2329 0.004227
836 0.498907 0.00225581 0.2305 0.00421174
837 0.499197 0.00225144 0.2297 0.00420661
838 0.498817 0.0022489 0.2298 0.00420725
839 0.49863 0.002242 0.2275 0.00419239
840 0.499192 0.00225004 0.2283 0.00419758
841 0.499248 0.00224897 0.2277 0.00419369
842 0.498636 0.00224901 0.231 0.00421493
843 0.498725 0.00224974 0.2301 0.00420918
844 0.498917 0.00224948 0.2285 0.00419887
845 0.498941 0.00225434 0.2292 0.00420339
846 0.499066 0.00225678 0.2315 0.00421812
847 0.499193 0.00225031 0.2282 0.00419693
848 0.498941 0.00225801 0.2332 0.0042289
849 0.498464 0.00226079 0.2342 0.00423519
850 0.498717 0.00226235 0.2323 0.0042232
851 0.499534 0.00225299 0.2302 0.00420982
852 0.500115 0.00225812 0.2288 0.00420081
853 0.499285 0.00225933 0.2296 0.00420597
854 0.49994 0.00225066 0.2291 0.00420275
855 0.500035 0.00224584 0.2291 0.00420275
856 0.500284 0.00225146 0.2289 0.00420146
857 0.500753 0.00225421 0.2265 0.00418587
858 0.50067 0.00225569 0.2287 0.00420017
859 0.500513 0.00225734 0.2271 0.00418979
860 0.500727 0.00226076 0.23 0.00420854
861 0.500366 0.00225406 0.231 0.00421493
862 0.499879 0.00225268 0.2305 0.00421174
863 0.499942 0.00225277 0.2332 0.0042289
864 0.500315 0.00225226 0.2298 0.00420725
865 0.500781 0.0022512 0.2283 0.00419758
866 0.500552 0.00225394 0.2289 0.00420146
867 0.500147 0.0022553 0.2303 0.00421046
868 0.500303 0.00225847 0.2314 0.00421749
869 0.500197 0.00226824 0.2309 0.0042143
870 0.500254 0.00227076 0.2333 0.00422953
871 0.4999 0.00227331 0.2302 0.00420982
872 0.500131 0.00227069 0.2301 0.00420918
873 0.500636 0.00226926 0.2302 0.00420982
874 0.500215 0.00226429 0.2314 0.00421749
875 0.500504 0.00226759 0.2302 0.00420982
876 0.500372 0.00227283 0.2295 0.00420532
877 0.500414 0.00227226 0.2291 0.00420275
878 0.49978 0.00226891 0.2304 0.0042111
879 0.499494 0.00226567 0.234 0.00423393
880 0.499872 0.00226386 0.2317 0.00421939
881 0.499433 0.00226098 0.2336 0.00423142
882 0.4989 0.00226916 0.2344 0.00423644
883 0.499196 0.00226862 0.2355 0.00424332
884 0.499319 0.00226537 0.2339 0.0042333
885 0.499173 0.00226822 0.2367 0.00425078
886 0.499306 0.0022682 0.2351 0.00424083
887 0.499068 0.00227424 0.2343 0.00423582
888 0.498751 0.00227646 0.2352 0.00424145
889 0.498767 0.00227642 0.2362 0.00424768
890 0.498812 0.0022765 0.2354 0.0042427
891 0.499084 0.00227236 0.2329 0.004227
892 0.498909 0.00227577 0.2353 0.00424207
893 0.499573 0.0022705 0.2333 0.00422953
894 0.499175 0.00227344 0.2344 0.00423644
895 0.499569 0.00226957 0.2331 0.00422827
896 0.499369 0.00227059 0.2348 0.00423895
897 0.499667 0.00227291 0.2334 0.00423016
898 0.498713 0.00227737 0.2362 0.00424768
899 0.498525 0.00228096 0.2377 0.00425696
900 0.498916 0.00227961 0.2385 0.00426188
901 0.49869 0.00228193 0.2396 0.00426861
902 0.498937 0.0022827 0.2392 0.00426616
903 0.498688 0.00228265 0.2364 0.00424892
904 0.498869 0.00228504 0.2414 0.00427954
905 0.499119 0.00229344 0.2392 0.00426616
906 0.499362 0.00229535 0.2414 0.00427954
907 0.498949 0.00230221 0.2404 0.00427348
908 0.498882 0.00230426 0.2398 0.00426983
909 0.498662 0.00230096 0.2395 0.004268
910 0.498108 0.00230448 0.237 0.00425264
911 0.497994 0.00230218 0.2354 0.0042427
912 0.497448 0.00230661 0.2399 0.00427044
913 0.498021 0.00230185 0.2391 0.00426555
914 0.498552 0.0023022 0.2371 0.00425325
915 0.49854 0.00230086 0.2393 0.00426678
916 0.498406 0.0022999 0.2388 0.00426372
917 0.498392 0.00230235 0.2379 0.00425819
918 0.498337 0.00230432 0.2389 0.00426433
919 0.497605 0.00230148 0.2384 0.00426126
920 0.498033 0.00230119 0.2373 0.00425449
921 0.498105 0.00230631 0.2371 0.00425325
922 0.498174 0.00230626 0.2397 0.00426922
923 0.499075 0.00230268 0.2349 0.00423958
924 0.4994 0.00229995 0.2343 0.00423582
925 0.500189 0.00229923 0.2323 0.0042232
926 0.500199 0.00229721 0.232 0.0042213
927 0.50094 0.00229671 0.2312 0.00421621
928 0.501017 0.00229206 0.2309 0.0042143
929 0.500917 0.00229118 0.2291 0.00420275
930 0.500746 0.00229217 0.2356 0.00424394
931 0.500604 0.00229792 0.2334 0.00423016
932 0.500878 0.00229661 0.2347 0.00423832
933 0.500943 0.00229754 0.2335 0.00423079
934 0.500896 0.00229975 0.2339 0.0042333
935 0.500093 0.00229345 0.2351 0.00424083
936 0.499913 0.002295 0.2347 0.00423832
937 0.500233 0.00228494 0.2334 0.00423016
938 0.500249 0.00229003 0.2341 0.00423456
939 0.500087 0.00228985 0.2377 0.00425696
940 0.500126 0.00228983 0.2352 0.00424145
941 0.500385 0.00228619 0.2346 0.0042377
942 0.500672 0.00228784 0.2324 0.00422384
943 0.500838 0.00228801 0.2336 0.00423142
944 0.500989 0.00228487 0.2323 0.0042232
945 0.50145 0.00229086 0.2324 0.00422384
946 0.500814 0.00229224 0.2334 0.00423016
947 0.501438 0.00229667 0.231 0.00421493
948 0.501867 0.00229129 0.2331 0.00422827
949 0.501641 0.00229308 0.2311 0.00421557
950 0.501646 0.00228969 0.2314 0.00421749
951 0.501418 0.00229181 0.2315 0.00421812
952 0.501286 0.0022882 0.2294 0.00420468
953 0.500733 0.00228753 0.2295 0.00420532
954 0.500393 0.00229365 0.2322 0.00422257
955 0.500568 0.00229105 0.2326 0.0042251
956 0.500612 0.0022904 0.234 0.00423393
957 0.500599 0.00229178 0.2332 0.0042289
958 0.500166 0.00229349 0.2342 0.00423519
959 0.500032 0.00228738 0.2322 0.00422257
960 0.500506 0.00228268 0.2318 0.00422003
961 0.500678 0.00228631 0.231 0.00421493
962 0.500749 0.00227946 0.2307 0.00421302
963 0.501197 0.0022764 0.2281 0.00419628
964 0.500993 0.00227902 0.227 0.00418914
965 0.501223 0.00228107 0.2289 0.00420146
966 0.501488 0.00227922 0.2309 0.0042143
967 0.501742 0.002277 0.2268 0.00418783
968 0.501352 0.00227922 0.228 0.00419564
969 0.502163 0.00227971 0.2305 0.00421174
970 0.501925 0.00227797 0.2299 0.00420789
971 0.501361 0.00227045 0.2307 0.00421302
972 0.501511 0.00227449 0.2294 0.00420468
973 0.501307 0.00227551 0.227 0.00418914
974 0.50136 0.00227426 0.2285 0.00419887
975 0.50133 0.00226952 0.2305 0.00421174
976 0.500833 0.00226933 0.2283 0.00419758
977 0.500573 0.00226337 0.2308 0.00421366
978 0.500703 0.00226554 0.2287 0.00420017
979 0.500714 0.0022678 0.2282 0.00419693
980 0.501137 0.0022642 0.228 0.00419564
981 0.499827 0.00226229 0.2321 0.00422194
982 0.499791 0.00226134 0.2307 0.00421302
983 0.499689 0.00226778 0.2299 0.00420789
984 0.500105 0.00227307 0.2278 0.00419434
985 0.499593 0.0022723 0.2287 0.00420017
986 0.499602 0.00227553 0.2341 0.00423456
987 0.499959 0.00227575 0.2318 0.00422003
988 0.499911 0.00228093 0.2327 0.00422574
989 0.500084 0.00228576 0.2324 0.00422384
990 0.499807 0.00227673 0.2324 0.00422384
991 0.499323 0.00227576 0.2321 0.00422194
992 0.499458 0.0022779 0.2317 0.00421939
993 0.499608 0.0022787 0.2326 0.0042251
994 0.499259 0.0022866 0.2364 0.00424892
995 0.499555 0.00229581 0.2372 0.00425387
996 0.499551 0.00229317 0.2359 0.00424581
997 0.499286 0.00229206 0.2334 0.00423016
998 0.499417 0.00228886 0.2312 0.00421621
999 0.499218 0.00228643 0.2323 0.0042232
1000 0.49969 0.00228161 0.2298 0.00420725
1001 0.499523 0.0022824 0.2334 0.00423016
1002 0.499839 0.00228428 0.2313 0.00421685
1003 0.499181 0.00228296 0.2312 0.00421621
1004 0.499326 0.0022824 0.231 0.00421493
1005 0.499414 0.00228295 0.2316 0.00421876
1006 0.499727 0.0022822 0.232 0.0042213
1007 0.500445 0.00228125 0.2299 0.00420789
1008 0.50003 0.00228602 0.2316 0.00421876
1009 0.499763 0.00229914 0.2317 0.00421939
1010 0.49983 0.00230126 0.2341 0.00423456
1011 0.499183 0.00228774 0.2329 0.004227
1012 0.499638 0.00229234 0.233 0.00422763
1013 0.499823 0.0022978 0.236 0.00424643
1014 0.499994 0.00229543 0.2337 0.00423205
1015 0.50069 0.00229021 0.2292 0.00420339
1016 0.50043 0.00228468 0.2298 0.00420725
1017 0.499905 0.00228666 0.2338 0.00423268
1018 0.499666 0.00229187 0.2337 0.00423205
1019 0.499846 0.00228414 0.2315 0.00421812
1020 0.499903 0.00228319 0.2318 0.00422003
1021 0.500144 0.00228659 0.2297 0.00420661
1022 0.500512 0.00227547 0.2268 0.00418783
1023 0.500958 0.00228537 0.2281 0.00419628
1024 0.500733 0.00228829 0.2274 0.00419174
1025 0.501415 0.00228584 0.223 0.00416279
1026 0.500882 0.00228591 0.2268 0.00418783
1027 0.501052 0.00228574 0.2269 0.00418848
1028 0.501108 0.00229117 0.2303 0.00421046
1029 0.501412 0.00229175 0.23 0.00420854
1030 0.500801 0.00229644 0.2313 0.00421685
1031 0.501101 0.00228974 0.2264 0.00418522
1032 0.500995 0.00229106 0.2281 0.00419628
1033 0.500885 0.00229336 0.2268 0.00418783
1034 0.500975 0.00229078 0.2241 0.00417009
1035 0.500901 0.00227736 0.2258 0.00418129
1036 0.500346 0.00228431 0.2285 0.00419887
1037 0.499691 0.00228969 0.2317 0.00421939
1038 0.49981 0.00229052 0.2317 0.00421939
1039 0.498907 0.00228937 0.2336 0.00423142
1040 0.498663 0.00228276 0.2325 0.00422447
1041 0.498684 0.00227686 0.2309 0.0042143
1042 0.49833 0.00227859 0.2347 0.00423832
1043 0.498118 0.0022799 0.2365 0.00424954
1044 0.498116 0.00228022 0.2357 0.00424457
1045 0.497339 0.0022808 0.2333 0.00422953
1046 0.497322 0.00228207 0.2354 0.0042427
1047 0.497615 0.00228399 0.2364 0.00424892
1048 0.498083 0.00228079 0.2342 0.00423519
1049 0.497728 0.00228386 0.237 0.00425264
1050 0.497819 0.00228394 0.2333 0.00422953
1051 0.498328 0.00228579 0.2371 0.00425325
1052 0.498535 0.00228817 0.2363 0.0042483
1053 0.498126 0.0022942 0.2351 0.00424083
1054 0.49807 0.00229532 0.2363 0.0042483
1055 0.497738 0.00230058 0.2381 0.00425942
1056 0.497766 0.00229469 0.2379 0.00425819
1057 0.496947 0.00229466 0.2332 0.0042289
1058 0.496735 0.00229622 0.2382 0.00426003
1059 0.497065 0.00229866 0.238 0.0042588
1060 0.496757 0.0022957 0.2379 0.00425819
1061 0.496614 0.00229116 0.2369 0.00425202
1062 0.497331 0.00229582 0.2378 0.00425757
1063 0.49718 0.00230019 0.2379 0.00425819
1064 0.497323 0.00230355 0.2379 0.00425819
1065 0.497383 0.00230059 0.2374 0.00425511
1066 0.497061 0.00229573 0.2354 0.0042427
1067 0.497158 0.00229389 0.2357 0.00424457
1068 0.497188 0.00229679 0.2358 0.00424519
1069 0.497243 0.00230186 0.2383 0.00426065
1070 0.497098 0.00230265 0.2379 0.00425819
1071 0.497562 0.0023042 0.2393 0.00426678
1072 0.49772 0.00229997 0.2404 0.00427348
1073 0.497377 0.00230569 0.239 0.00426494
1074 0.497639 0.00230981 0.2389 0.00426433
1075 0.49768 0.00230721 0.2363 0.0042483
1076 0.497128 0.00230274 0.2372 0.00425387
1077 0.496657 0.0023046 0.2405 0.00427408
1078 0.49662 0.00230191 0.2379 0.00425819
1079 0.497286 0.00230076 0.2361 0.00424706
1080 0.496949 0.00229395 0.235 0.0042402
1081 0.497646 0.00229859 0.2357 0.00424457
1082 0.497472 0.00230162 0.2348 0.00423895
1083 0.496958 0.00230434 0.2375 0.00425572
1084 0.497287 0.00230064 0.237 0.00425264
1085 0.497376 0.00229878 0.2356 0.00424394
1086 0.497 0.00229603 0.2354 0.0042427
1087 0.496993 0.00229976 0.2368 0.0042514
1088 0.496533 0.00229926 0.2363 0.0042483
1089 0.496635 0.00229655 0.2374 0.00425511
1090 0.496808 0.00230128 0.2375 0.00425572
1091 0.497391 0.00230044 0.2357 0.00424457
1092 0.497877 0.00230199 0.2369 0.00425202
1093 0.497857 0.00230041 0.2351 0.00424083
1094 0.498109 0.0022996 0.2362 0.00424768
1095 0.497381 0.00230002 0.2374 0.00425511
1096 0.497852 0.00229969 0.2343 0.00423582
1097 0.497708 0.00230607 0.2357 0.00424457
1098 0.498102 0.00230488 0.2357 0.00424457
1099 0.497948 0.00230412 0.2336 0.00423142
1100 0.497441 0.0022972 0.2342 0.00423519
1101 0.498165 0.00229248 0.2327 0.00422574
1102 0.498094 0.00229715 0.2326 0.0042251
1103 0.498562 0.00229959 0.2303 0.00421046
1104 0.499391 0.00229935 0.2291 0.00420275
1105 0.499105 0.00230338 0.2315 0.00421812
1106 0.49961 0.00229906 0.2302 0.00420982
1107 0.49963 0.00229909 0.2321 0.00422194
1108 0.499102 0.00229678 0.2348 0.00423895
1109 0.499121 0.00229975 0.2348 0.00423895
1110 0.49893 0.0023041 0.2352 0.00424145
1111 0.499521 0.00230134 0.2345 0.00423707
1112 0.500413 0.00230207 0.2356 0.00424394
1113 0.500012 0.00229915 0.2325 0.00422447
1114 0.50043 0.00229503 0.2311 0.00421557
1115 0.500254 0.00230096 0.2316 0.00421876
1116 0.500249 0.00230142 0.2303 0.00421046
1117 0.500064 0.00230308 0.2338 0.00423268
1118 0.49998 0.00230246 0.2342 0.00423519
1119 0.499218 0.00230262 0.2357 0.00424457
1120 0.499176 0.00230061 0.2375 0.00425572
1121 0.499323 0.00229973 0.2374 0.00425511
1122 0.499805 0.00229886 0.2367 0.00425078
1123 0.499447 0.00230179 0.2352 0.00424145
1124 0.5001 0.00230224 0.2354 0.0042427
1125 0.500405 0.00229971 0.2369 0.00425202
1126 0.499947 0.00230142 0.2382 0.00426003
1127 0.500534 0.00230009 0.2351 0.00424083
1128 0.500753 0.00229715 0.2336 0.00423142
1129 0.499598 0.00229823 0.233 0.00422763
1130 0.499273 0.00230288 0.2355 0.00424332
1131 0.499061 0.00229831 0.2351 0.00424083
1132 0.498697 0.00230194 0.2335 0.00423079
1133 0.498411 0.0022913 0.2337 0.00423205
1134 0.498518 0.0022913 0.2346 0.0042377
1135 0.497738 0.00229312 0.235 0.0042402
1136 0.497603 0.00229397 0.2393 0.00426678
1137 0.497564 0.00228869 0.2362 0.00424768
1138 0.497882 0.00229009 0.2358 0.00424519
1139 0.497949 0.00228822 0.2385 0.00426188
1140 0.49779 0.00228133 0.2392 0.00426616
1141 0.498032 0.00228385 0.2365 0.00424954
1142 0.498002 0.00228872 0.2382 0.00426003
1143 0.498343 0.00228699 0.24 0.00427104
1144 0.498218 0.00228379 0.2347 0.00423832
1145 0.498685 0.0022871 0.2369 0.00425202
1146 0.498515 0.00228668 0.2372 0.00425387
1147 0.49822 0.00229033 0.2379 0.00425819
1148 0.49785 0.00229609 0.2398 0.00426983
1149 0.498401 0.00229698 0.2376 0.00425634
1150 0.49825 0.00229361 0.2379 0.00425819
1151 0.498413 0.00229958 0.2361 0.00424706
1152 0.498387 0.00229774 0.2341 0.00423456
1153 0.497872 0.00229624 0.2363 0.0042483
1154 0.498368 0.00229643 0.2345 0.00423707
1155 0.498854 0.00229803 0.2333 0.00422953
1156 0.498674 0.0023026 0.2339 0.0042333
1157 0.498368 0.00230079 0.2348 0.00423895
1158 0.498386 0.00229757 0.2349 0.00423958
1159 0.498632 0.00229392 0.2329 0.004227
1160 0.498458 0.0022889 0.2348 0.00423895
1161 0.498382 0.00228452 0.2321 0.00422194
1162 0.498171 0.00228516 0.2283 0.00419758
1163 0.49783 0.00228457 0.2333 0.00422953
1164 0.498049 0.00229142 0.2356 0.00424394
1165 0.497852 0.00229384 0.2318 0.00422003
1166 0.49744 0.0022985 0.2347 0.00423832
1167 0.497693 0.00229703 0.2335 0.00423079
1168 0.497436 0.00229269 0.2342 0.00423519
1169 0.497877 0.00228349 0.2317 0.00421939
1170 0.497742 0.0022869 0.2294 0.00420468
1171 0.497824 0.00228607 0.231 0.00421493
1172 0.497641 0.00228025 0.2329 0.004227
1173 0.497682 0.00227941 0.2311 0.00421557
1174 0.498068 0.00227881 0.2319 0.00422067
1175 0.497398 0.00227799 0.2339 0.0042333
1176 0.49715 0.00228241 0.2358 0.00424519
1177 0.497093 0.00227968 0.2374 0.00425511
1178 0.496775 0.00228072 0.2366 0.00425016
1179 0.497052 0.00228976 0.236 0.00424643
1180 0.497003 0.00228093 0.2328 0.00422637
1181 0.496776 0.00226885 0.2332 0.0042289
1182 0.496523 0.0022769 0.2368 0.0042514
1183 0.49683 0.00227706 0.2347 0.00423832
1184 0.496741 0.00227397 0.2352 0.00424145
1185 0.497335 0.00227593 0.2362 0.00424768
1186 0.496515 0.00227192 0.2327 0.00422574
1187 0.496385 0.00226958 0.2361 0.00424706
1188 0.496364 0.0022751 0.2335 0.00423079
1189 0.496787 0.00227541 0.2382 0.00426003
1190 0.49675 0.00227603 0.2345 0.00423707
1191 0.496612 0.00228116 0.2367 0.00425078
1192 0.497343 0.00228669 0.2367 0.00425078
1193 0.497391 0.00229123 0.2378 0.00425757
1194 0.497758 0.0022935 0.2391 0.00426555
1195 0.498193 0.00229549 0.2386 0.00426249
1196 0.498502 0.00229618 0.238 0.0042588
1197 0.498335 0.00229385 0.2377 0.00425696
1198 0.498413 0.00228301 0.2359 0.00424581
1199 0.498628 0.00229137 0.2346 0.0042377
1200 0.498728 0.00229984 0.2371 0.00425325
1201 0.498573 0.00229733 0.2381 0.00425942
1202 0.498276 0.00230043 0.2376 0.00425634
1203 0.498082 0.00229726 0.2404 0.00427348
1204 0.497974 0.00230182 0.2396 0.00426861
1205 0.498109 0.00229822 0.238 0.0042588
1206 0.498094 0.00229818 0.2364 0.00424892
1207 0.498223 0.00230095 0.2359 0.00424581
1208 0.49857 0.00229288 0.2362 0.00424768
1209 0.498286 0.00229151 0.2364 0.00424892
1210 0.498819 0.00229568 0.2352 0.00424145
1211 0.498327 0.00229249 0.2373 0.00425449
1212 0.498983 0.00229336 0.2358 0.00424519
1213 0.498427 0.00230343 0.2336 0.00423142
1214 0.498716 0.0023007 0.2341 0.00423456
1215 0.499042 0.00229573 0.2335 0.00423079
1216 0.498903 0.00229158 0.2329 0.004227
1217 0.499848 0.00229274 0.231 0.00421493
1218 0.499741 0.00228711 0.2324 0.00422384
1219 0.50003 0.00228658 0.2319 0.00422067
1220 0.499998 0.00228582 0.2336 0.00423142
1221 0.500089 0.00229514 0.2357 0.00424457
1222 0.499543 0.00229408 0.2324 0.00422384
1223 0.499749 0.00229429 0.2345 0.00423707
1224 0.499654 0.00229762 0.2342 0.00423519
1225 0.499436 0.00229092 0.2328 0.00422637
1226 0.499408 0.00229177 0.2329 0.004227
1227 0.500089 0.00228894 0.231 0.00421493
1228 0.499009 0.0022957 0.2345 0.00423707
1229 0.499521 0.00229313 0.2329 0.004227
1230 0.499355 0.00229029 0.2303 0.00421046
1231 0.499292 0.00228881 0.2322 0.00422257
1232 0.499146 0.00228362 0.2322 0.00422257
1233 0.498458 0.00227423 0.2305 0.00421174
1234 0.498545 0.00227489 0.2322 0.00422257
1235 0.498849 0.002274 0.2329 0.004227
1236 0.498747 0.00227973 0.2352 0.00424145
1237 0.499232 0.00227474 0.2321 0.00422194
1238 0.498854 0.00227965 0.2295 0.00420532
1239 0.498928 0.00227827 0.2304 0.0042111
1240 0.498948 0.00227329 0.2332 0.0042289
1241 0.498762 0.0022765 0.2326 0.0042251
1242 0.498748 0.00227982 0.2322 0.00422257
1243 0.498772 0.00228223 0.2349 0.00423958
1244 0.498611 0.00227821 0.2344 0.00423644
1245 0.498755 0.00227669 0.2335 0.00423079
1246 0.49794 0.0022836 0.2328 0.00422637
1247 0.497846 0.00228327 0.2315 0.00421812
1248 0.497947 0.00228607 0.232 0.0042213
1249 0.497779 0.00228382 0.2324 0.00422384
1250 0.497767 0.00228947 0.2308 0.00421366
1251 0.497774 0.00228952 0.2313 0.00421685
1252 0.497778 0.00229329 0.2327 0.00422574
1253 0.497798 0.00229647 0.2362 0.00424768
1254 0.498056 0.00229308 0.236 0.00424643
1255 0.498035 0.00228775 0.2331 0.00422827
1256 0.498814 0.00228182 0.2317 0.00421939
1257 0.498428 0.00228545 0.2336 0.00423142
1258 0.498216 0.00228762 0.2374 0.00425511
1259 0.49819 0.00228311 0.2387 0.0042631
1260 0.497582 0.0022827 0.2366 0.00425016
1261 0.497584 0.0022819 0.239 0.00426494
1262 0.497075 0.00228616 0.2393 0.00426678
1263 0.497539 0.00228934 0.239 0.00426494
1264 0.497185 0.00227782 0.241 0.00427712
1265 0.49759 0.00227485 0.2392 0.00426616
1266 0.497048 0.00227138 0.2376 0.00425634
1267 0.497197 0.0022787 0.237 0.00425264
1268 0.497186 0.00228698 0.2391 0.00426555
1269 0.496604 0.00228765 0.2426 0.00428677
1270 0.496551 0.00228386 0.2394 0.00426739
1271 0.496449 0.00228294 0.2413 0.00427893
1272 0.496592 0.00228737 0.241 0.00427712
1273 0.496519 0.00228523 0.2423 0.00428496
1274 0.497084 0.00228718 0.2403 0.00427287
1275 0.497346 0.00228899 0.2383 0.00426065
1276 0.49766 0.00229088 0.2384 0.00426126
1277 0.497858 0.0022861 0.2374 0.00425511
1278 0.497761 0.0022918 0.2369 0.00425202
1279 0.497855 0.00228822 0.2394 0.00426739
1280 0.498792 0.00229125 0.2412 0.00427833
1281 0.498517 0.00229234 0.2396 0.00426861
1282 0.498879 0.00229016 0.2353 0.00424207
1283 0.498776 0.00229509 0.2381 0.00425942
1284 0.498524 0.00230149 0.2385 0.00426188
1285 0.498703 0.00230836 0.2424 0.00428556
1286 0.498115 0.002304 0.2414 0.00427954
1287 0.498313 0.00229827 0.2383 0.00426065
1288 0.499038 0.00229789 0.2355 0.00424332
1289 0.498787 0.00229731 0.2386 0.00426249
1290 0.498133 0.00229805 0.2416 0.00428074
1291 0.498206 0.00229321 0.2395 0.004268
1292 0.497857 0.00230157 0.2412 0.00427833
1293 0.497618 0.00230105 0.2408 0.00427591
1294 0.497244 0.00230299 0.2375 0.00425572
1295 0.496398 0.00230529 0.2415 0.00428014
1296 0.496054 0.00230396 0.2401 0.00427165
1297 0.496475 0.00230012 0.24 0.00427104
1298 0.496642 0.00230008 0.2414 0.00427954
1299 0.495893 0.00229997 0.2428 0.00428797
1300 0.496032 0.00230268 0.2437 0.00429335
1301 0.496194 0.00230274 0.2401 0.00427165
1302 0.496753 0.00230244 0.2422 0.00428436
1303 0.496177 0.00230024 0.2425 0.00428617
1304 0.496695 0.00230357 0.2377 0.00425696
1305 0.4965 0.00229969 0.24 0.00427104
1306 0.496618 0.00230126 0.2417 0.00428135
1307 0.497463 0.00229795 0.2388 0.00426372
1308 0.497025 0.00229912 0.2365 0.00424954
1309 0.49668 0.00229388 0.2395 0.004268
1310 0.496214 0.00229284 0.2399 0.00427044
1311 0.495919 0.00229384 0.2389 0.00426433
1312 0.495331 0.00229605 0.2387 0.0042631
1313 0.495224 0.00229945 0.238 0.0042588
1314 0.495477 0.00230537 0.2403 0.00427287
1315 0.49539 0.00230823 0.244 0.00429514
1316 0.495318 0.00230742 0.2425 0.00428617
1317 0.495547 0.00230744 0.2432 0.00429036
1318 0.495684 0.00230999 0.2451 0.00430168
1319 0.4961 0.00230845 0.2432 0.00429036
1320 0.496775 0.00231132 0.2385 0.00426188
1321 0.497077 0.00231003 0.2379 0.00425819
1322 0.496963 0.0023049 0.2371 0.00425325
1323 0.497482 0.00230295 0.2382 0.00426003
1324 0.498413 0.00230715 0.2343 0.00423582
1325 0.497844 0.00230905 0.2396 0.00426861
1326 0.497722 0.00230924 0.2396 0.00426861
1327 0.497481 0.00230408 0.2371 0.00425325
1328 0.497687 0.00230175 0.2399 0.00427044
1329 0.497831 0.00230212 0.2387 0.0042631
1330 0.497253 0.0023008 0.2378 0.00425757
1331 0.49767 0.00229282 0.2363 0.0042483
1332 0.497096 0.00229233 0.2382 0.00426003
1333 0.497645 0.00228435 0.2356 0.00424394
1334 0.497721 0.00228338 0.2357 0.00424457
1335 0.497257 0.00227949 0.2365 0.00424954
1336 0.49742 0.00227813 0.2352 0.00424145
1337 0.497632 0.00227644 0.234 0.00423393
1338 0.497871 0.00228239 0.233 0.00422763
1339 0.497747 0.00228596 0.2363 0.0042483
1340 0.497378 0.00228813 0.2369 0.00425202
1341 0.497747 0.00229586 0.237 0.00425264
1342 0.497851 0.00228795 0.2376 0.00425634
1343 0.497543 0.00229629 0.2375 0.00425572
1344 0.498189 0.00229926 0.2385 0.00426188
1345 0.498848 0.00230003 0.2389 0.00426433
1346 0.498487 0.00229914 0.2382 0.00426003
1347 0.498697 0.00230253 0.2396 0.00426861
1348 0.498192 0.00230107 0.2391 0.00426555
1349 0.498977 0.00229547 0.2376 0.00425634
1350 0.49918 0.00229957 0.2405 0.00427408
1351 0.499358 0.00229436 0.2367 0.00425078
1352 0.499637 0.00229826 0.2365 0.00424954
1353 0.499427 0.00230438 0.238 0.0042588
1354 0.49902 0.0022989 0.236 0.00424643
1355 0.498828 0.00229381 0.2351 0.00424083
1356 0.499527 0.00229917 0.2356 0.00424394
1357 0.49934 0.00230161 0.2366 0.00425016
1358 0.499921 0.00230267 0.2372 0.00425387
1359 0.498951 0.00230512 0.2378 0.00425757
1360 0.499225 0.00230456 0.2368 0.0042514
1361 0.499087 0.00230607 0.2372 0.00425387
1362 0.498643 0.00231065 0.2367 0.00425078
1363 0.498822 0.00230747 0.2379 0.00425819
1364 0.49881 0.00231045 0.2345 0.00423707
1365 0.498686 0.00231285 0.2362 0.00424768
1366 0.49898 0.0023107 0.2354 0.0042427
1367 0.498942 0.00230869 0.2361 0.00424706
1368 0.498604 0.00230225 0.2338 0.00423268
1369 0.498686 0.00229871 0.2348 0.00423895
1370 0.498624 0.00230025 0.236 0.00424643
1371 0.499093 0.00229547 0.234 0.00423393
1372 0.498593 0.00229845 0.2365 0.00424954
1373 0.498465 0.00229794 0.2361 0.00424706
1374 0.498638 0.00229082 0.2337 0.00423205
1375 0.498329 0.00228866 0.2374 0.00425511
1376 0.498103 0.00228977 0.236 0.00424643
1377 0.497939 0.00229241 0.2348 0.00423895
1378 0.497557 0.00229199 0.2347 0.00423832
1379 0.498063 0.00228927 0.2392 0.00426616
1380 0.497192 0.00228913 0.2386 0.00426249
1381 0.497429 0.00229575 0.2373 0.00425449
1382 0.497614 0.00229686 0.2378 0.00425757
1383 0.498131 0.00228737 0.237 0.00425264
1384 0.498327 0.00228626 0.2376 0.00425634
1385 0.498367 0.00228602 0.2372 0.00425387
1386 0.49869 0.00229358 0.2387 0.0042631
1387 0.498175 0.00229592 0.2375 0.00425572
1388 0.498261 0.00230022 0.2358 0.00424519
1389 0.498364 0.00229235 0.2376 0.00425634
1390 0.498917 0.00228763 0.2366 0.00425016
1391 0.498716 0.00228904 0.2358 0.00424519
1392 0.497945 0.00228878 0.2331 0.00422827
1393 0.498487 0.00228882 0.2336 0.00423142
1394 0.498204 0.00228475 0.2324 0.00422384
1395 0.498568 0.002292 0.2325 0.00422447
1396 0.498668 0.00227933 0.2316 0.00421876
1397 0.498548 0.00228315 0.2329 0.004227
1398 0.498852 0.00228204 0.2331 0.00422827
1399 0.498644 0.00228697 0.2325 0.00422447
1400 0.499584 0.00228582 0.2319 0.00422067
1401 0.499642 0.00228139 0.2328 0.00422637
1402 0.499901 0.00228085 0.2325 0.00422447
1403 0.500292 0.00228708 0.2331 0.00422827
1404 0.500371 0.00229021 0.232 0.0042213
1405 0.500556 0.00228677 0.2312 0.00421621
1406 0.500415 0.00229181 0.2307 0.00421302
1407 0.499826 0.0022882 0.2321 0.00422194
1408 0.49987 0.00228277 0.2328 0.00422637
1409 0.49995 0.00228906 0.2319 0.00422067
1410 0.499953 0.0022918 0.232 0.0042213
1411 0.500455 0.0022926 0.2311 0.00421557
1412 0.499622 0.00229193 0.234 0.00423393
1413 0.49974 0.00228821 0.2309 0.0042143
1414 0.500616 0.0022806 0.2332 0.0042289
1415 0.500149 0.00228492 0.2344 0.00423644
1416 0.500146 0.00229217 0.2346 0.0042377
1417 0.500181 0.0022885 0.2361 0.00424706
1418 0.500648 0.00228879 0.2371 0.00425325
1419 0.50034 0.00228827 0.2339 0.0042333
1420 0.499668 0.00228975 0.2359 0.00424581
1421 0.499955 0.00228819 0.2355 0.00424332
1422 0.500176 0.0022881 0.2337 0.00423205
1423 0.499844 0.00228651 0.2322 0.00422257
1424 0.500296 0.00227961 0.2297 0.00420661
1425 0.500369 0.00228463 0.2304 0.0042111
1426 0.499718 0.00228986 0.2342 0.00423519
1427 0.498999 0.00228537 0.2305 0.00421174
1428 0.498814 0.00228104 0.2337 0.00423205
1429 0.498875 0.00228315 0.2305 0.00421174
1430 0.499424 0.00227983 0.2332 0.0042289
1431 0.499288 0.00228507 0.2313 0.00421685
1432 0.499429 0.0022867 0.2305 0.00421174
1433 0.499344 0.00228408 0.2304 0.0042111
1434 0.499579 0.00227906 0.2331 0.00422827
1435 0.49953 0.00228401 0.2355 0.00424332
1436 0.49892 0.00229113 0.2341 0.00423456
1437 0.499272 0.00229137 0.2358 0.00424519
1438 0.498995 0.00228368 0.2341 0.00423456
1439 0.499141 0.00228217 0.2344 0.00423644
1440 0.498534 0.00228563 0.2343 0.00423582
1441 0.499012 0.00228504 0.2328 0.00422637
1442 0.49928 0.00228917 0.2336 0.00423142
1443 0.498775 0.0022857 0.2344 0.00423644
1444 0.498469 0.00227818 0.235 0.0042402
1445 0.498583 0.00228075 0.2316 0.00421876
1446 0.498951 0.00228658 0.2335 0.00423079
1447 0.499423 0.00228954 0.2312 0.00421621
1448 0.499486 0.00228365 0.2319 0.00422067
1449 0.499664 0.00229 0.2296 0.00420597
1450 0.499447 0.00229123 0.2294 0.00420468
1451 0.499436 0.00229205 0.2318 0.00422003
1452 0.498784 0.00228579 0.2343 0.00423582
1453 0.498387 0.00228407 0.2332 0.0042289
1454 0.497941 0.00228158 0.2335 0.00423079
1455 0.498626 0.00227894 0.2327 0.00422574
1456 0.497967 0.00228336 0.2318 0.00422003
1457 0.498394 0.0022911 0.2334 0.00423016
1458 0.498209 0.00229209 0.2349 0.00423958
1459 0.498845 0.00229399 0.2358 0.00424519
1460 0.498975 0.00229828 0.2348 0.00423895
1461 0.499034 0.0022973 0.2338 0.00423268
1462 0.498706 0.00229848 0.2335 0.00423079
1463 0.499624 0.00230349 0.2332 0.0042289
1464 0.499398 0.00230195 0.2339 0.0042333
1465 0.500252 0.0023012 0.2357 0.00424457
1466 0.499703 0.00230286 0.2344 0.00423644
1467 0.499556 0.00229276 0.2327 0.00422574
1468 0.500007 0.00229358 0.231 0.00421493
1469 0.499992 0.00229828 0.2356 0.00424394
1470 0.499795 0.00231139 0.2334 0.00423016
1471 0.499695 0.00230763 0.2335 0.00423079
1472 0.50019 0.00231015 0.2352 0.00424145
1473 0.499895 0.00231164 0.2333 0.00422953
1474 0.500248 0.00230786 0.2342 0.00423519
1475 0.500091 0.0023112 0.2351 0.00424083
1476 0.499815 0.0023117 0.2367 0.00425078
1477 0.499892 0.00230556 0.2359 0.00424581
1478 0.500653 0.00230558 0.2332 0.0042289
1479 0.500351 0.00230491 0.2328 0.00422637
1480 0.500417 0.00230215 0.2329 0.004227
1481 0.500066 0.00230264 0.2344 0.00423644
1482 0.50005 0.00229839 0.2323 0.0042232
1483 0.499714 0.00229605 0.2321 0.00422194
1484 0.499903 0.00229977 0.2315 0.00421812
1485 0.499292 0.00230737 0.2351 0.00424083
1486 0.498945 0.0023005 0.235 0.0042402
1487 0.498845 0.00230109 0.2384 0.00426126
1488 0.499025 0.00229406 0.2327 0.00422574
1489 0.498958 0.00229978 0.234 0.00423393
1490 0.49826 0.00230212 0.2363 0.0042483
1491 0.498287 0.0022996 0.2346 0.0042377
1492 0.498023 0.00230217 0.2335 0.00423079
1493 0.498454 0.00230202 0.2343 0.00423582
1494 0.498683 0.00230085 0.2367 0.00425078
1495 0.498736 0.00230024 0.2345 0.00423707
1496 0.498583 0.00230281 0.237 0.00425264
1497 0.498506 0.00230239 0.2349 0.00423958
1498 0.498908 0.0022996 0.2317 0.00421939
1499 0.498751 0.0022983 0.2357 0.00424457
1500 0.49931 0.00229738 0.232 0.0042213
1501 0.499135 0.00229125 0.2335 0.00423079
1502 0.49892 0.00228809 0.235 0.0042402
1503 0.498084 0.0022912 0.2345 0.00423707
1504 0.497936 0.00228936 0.24 0.00427104
1505 0.497994 0.00228979 0.2385 0.00426188
1506 0.497605 0.00228784 0.2377 0.00425696
1507 0.497704 0.00228631 0.2379 0.00425819
1508 0.497786 0.00229265 0.2394 0.00426739
1509 0.497718 0.00228772 0.2388 0.00426372
1510 0.498304 0.00229157 0.2346 0.0042377
1511 0.498103 0.00229536 0.2366 0.00425016
1512 0.498197 0.00229985 0.2361 0.00424706
1513 0.4984 0.00229812 0.236 0.00424643
1514 0.49814 0.00229848 0.2376 0.00425634
1515 0.498652 0.00229797 0.2341 0.00423456
1516 0.498109 0.00229477 0.2341 0.00423456
1517 0.498248 0.00229644 0.2376 0.00425634
1518 0.498268 0.00229754 0.236 0.00424643
1519 0.498528 0.0022949 0.2366 0.00425016
1520 0.498863 0.00230143 0.2377 0.00425696
1521 0.499015 0.00229643 0.2347 0.00423832
1522 0.498574 0.0022888 0.2348 0.00423895
1523 0.499428 0.00229287 0.2349 0.00423958
1524 0.49939 0.00229288 0.2333 0.00422953
1525 0.499518 0.00229543 0.2332 0.0042289
1526 0.499853 0.00230266 0.2342 0.00423519
1527 0.499788 0.00229861 0.2347 0.00423832
1528 0.499867 0.0023004 0.2362 0.00424768
1529 0.499883 0.00229872 0.2345 0.00423707
1530 0.499664 0.00230446 0.2353 0.00424207
1531 0.499856 0.00230528 0.2374 0.00425511
1532 0.499905 0.00230569 0.2383 0.00426065
1533 0.49924 0.00230092 0.2382 0.00426003
1534 0.498716 0.00229782 0.24 0.00427104
1535 0.498574 0.00229808 0.2379 0.00425819
1536 0.499009 0.00230137 0.2386 0.00426249
1537 0.498542 0.00229838 0.238 0.0042588
1538 0.498525 0.002301 0.2385 0.00426188
1539 0.498425 0.00229638 0.2385 0.00426188
1540 0.498966 0.00230084 0.2392 0.00426616
1541 0.498528 0.00229131 0.2372 0.00425387
1542 0.499286 0.00229036 0.2384 0.00426126
1543 0.499616 0.0022939 0.2379 0.00425819
1544 0.49961 0.00229153 0.2359 0.00424581
1545 0.499079 0.00229517 0.2369 0.00425202
1546 0.498984 0.0023018 0.2402 0.00427226
1547 0.499529 0.00230743 0.239 0.00426494
1548 0.4993 0.00230463 0.2369 0.00425202
1549 0.49906 0.0023061 0.2396 0.00426861
1550 0.498706 0.00230247 0.2404 0.00427348
1551 0.499281 0.00230649 0.2391 0.00426555
1552 0.499886 0.00229945 0.2361 0.00424706
1553 0.500205 0.00230333 0.2395 0.004268
1554 0.500001 0.00230641 0.2362 0.00424768
1555 0.499589 0.0023055 0.2323 0.0042232
1556 0.499393 0.00231246 0.2342 0.00423519
1557 0.499498 0.00230587 0.2351 0.00424083
1558 0.499725 0.00230188 0.237 0.00425264
1559 0.499458 0.00230586 0.2356 0.00424394
1560 0.499541 0.00230292 0.2365 0.00424954
1561 0.499386 0.00230456 0.2365 0.00424954
1562 0.499444 0.00230366 0.2391 0.00426555
1563 0.499756 0.00230289 0.2377 0.00425696
1564 0.500227 0.00230931 0.2363 0.0042483
1565 0.500716 0.0023032 0.2352 0.00424145
1566 0.500635 0.00230479 0.2358 0.00424519
1567 0.500293 0.0023019 0.2345 0.00423707
1568 0.500451 0.00230026 0.2364 0.00424892
1569 0.500387 0.002301 0.2363 0.0042483
1570 0.500339 0.00229783 0.2348 0.00423895
1571 0.500749 0.00230366 0.2328 0.00422637
1572 0.500138 0.00230402 0.2338 0.00423268
1573 0.500033 0.0022934 0.2343 0.00423582
1574 0.500517 0.00229574 0.2321 0.00422194
1575 0.500354 0.00229312 0.2331 0.00422827
1576 0.500308 0.00228783 0.2327 0.00422574
1577 0.500324 0.00228766 0.2345 0.00423707
1578 0.500148 0.00229065 0.2341 0.00423456
1579 0.499467 0.00229364 0.2345 0.00423707
1580 0.49936 0.00229476 0.2367 0.00425078
1581 0.499397 0.00228853 0.2315 0.00421812
1582 0.499483 0.00228549 0.2324 0.00422384
1583 0.498929 0.00228645 0.2347 0.00423832
1584 0.499509 0.00228735 0.234 0.00423393
1585 0.499357 0.00227907 0.2313 0.00421685
1586 0.499521 0.00228565 0.2317 0.00421939
1587 0.499215 0.00228204 0.2293 0.00420404
1588 0.499324 0.00228329 0.2334 0.00423016
1589 0.499809 0.0022858 0.2321 0.00422194
1590 0.499979 0.00227789 0.2306 0.00421238
1591 0.499969 0.0022778 0.2308 0.00421366
1592 0.500126 0.00227932 0.2293 0.00420404
1593 0.500338 0.00227812 0.231 0.00421493
1594 0.500294 0.00227684 0.2277 0.00419369
1595 0.499812 0.00227497 0.2293 0.00420404
1596 0.499123 0.00227578 0.2262 0.00418391
1597 0.499272 0.00228211 0.2316 0.00421876
1598 0.499163 0.00227933 0.233 0.00422763
1599 0.498902 0.00228134 0.2339 0.0042333
1600 0.499246 0.00227678 0.2336 0.00423142
1601 0.498982 0.00227578 0.2331 0.00422827
1602 0.498727 0.00227602 0.2319 0.00422067
1603 0.498842 0.00227672 0.2326 0.0042251
1604 0.498927 0.00227493 0.2339 0.0042333
1605 0.498885 0.00227685 0.2342 0.00423519
1606 0.499348 0.00228074 0.2319 0.00422067
1607 0.499076 0.00228097 0.2353 0.00424207
1608 0.498668 0.00228036 0.2355 0.00424332
1609 0.498883 0.00228657 0.234 0.00423393
1610 0.498923 0.00229408 0.2355 0.00424332
1611 0.498621 0.00229773 0.2396 0.00426861
1612 0.49868 0.00228673 0.2378 0.00425757
1613 0.498521 0.00229442 0.237 0.00425264
1614 0.498316 0.00229342 0.2376 0.00425634
1615 0.498085 0.00229622 0.2373 0.00425449
1616 0.498598 0.00229591 0.2367 0.00425078
1617 0.498975 0.00229375 0.2365 0.00424954
1618 0.498868 0.00229631 0.2343 0.00423582
1619 0.499032 0.00229622 0.2345 0.00423707
1620 0.498807 0.00230047 0.2393 0.00426678
1621 0.498157 0.00229786 0.2377 0.00425696
1622 0.498683 0.00229805 0.2378 0.00425757
1623 0.498388 0.00229475 0.2389 0.00426433
1624 0.498312 0.00229297 0.2384 0.00426126
1625 0.497513 0.00229477 0.2418 0.00428195
1626 0.497925 0.00229464 0.2397 0.00426922
1627 0.49817 0.00229708 0.2375 0.00425572
1628 0.498073 0.00229555 0.2357 0.00424457
1629 0.497835 0.00230076 0.2395 0.004268
1630 0.498718 0.00229533 0.238 0.0042588
1631 0.498997 0.00229716 0.2391 0.00426555
1632 0.498973 0.00229752 0.2374 0.00425511
1633 0.498951 0.00229636 0.234 0.00423393
1634 0.499319 0.00229462 0.2349 0.00423958
1635 0.500009 0.00229362 0.2336 0.00423142
1636 0.499767 0.00229802 0.2364 0.00424892
1637 0.499957 0.00230221 0.235 0.0042402
1638 0.500215 0.00229763 0.2364 0.00424892
1639 0.500165 0.0022996 0.2363 0.0042483
1640 0.500292 0.00229677 0.2333 0.00422953
1641 0.500071 0.00229851 0.2355 0.00424332
1642 0.499315 0.00229372 0.2346 0.0042377
1643 0.499771 0.00229571 0.234 0.00423393
1644 0.499981 0.00229654 0.2333 0.00422953
1645 0.500006 0.00229243 0.2342 0.00423519
1646 0.500463 0.00229232 0.2336 0.00423142
1647 0.500433 0.00229188 0.2347 0.00423832
1648 0.499576 0.00228841 0.2319 0.00422067
1649 0.499802 0.00228146 0.2324 0.00422384
1650 0.498875 0.00227742 0.2364 0.00424892
1651 0.498835 0.00228074 0.2348 0.00423895
1652 0.498736 0.00227741 0.2367 0.00425078
1653 0.498717 0.00227624 0.2354 0.0042427
1654 0.499052 0.00227611 0.2348 0.00423895
1655 0.498804 0.00227618 0.2354 0.0042427
1656 0.498509 0.00227566 0.2353 0.00424207
1657 0.499217 0.00227662 0.2318 0.00422003
1658 0.499486 0.00227568 0.2328 0.00422637
1659 0.499411 0.00228226 0.2325 0.00422447
1660 0.499637 0.00227679 0.2343 0.00423582
1661 0.499385 0.00227323 0.2332 0.0042289
1662 0.499092 0.00227796 0.2363 0.0042483
1663 0.498477 0.00228129 0.2391 0.00426555
1664 0.498828 0.00227875 0.2371 0.00425325
1665 0.499433 0.00228088 0.2338 0.00423268
1666 0.499598 0.00227907 0.2333 0.00422953
1667 0.499651 0.00228009 0.2346 0.0042377
1668 0.500336 0.00227794 0.2344 0.00423644
1669 0.500454 0.00227421 0.2336 0.00423142
1670 0.500235 0.00227714 0.2314 0.00421749
1671 0.50035 0.00227853 0.2322 0.00422257
1672 0.500499 0.00228036 0.2319 0.00422067
1673 0.500403 0.00228004 0.2319 0.00422067
1674 0.500953 0.00227539 0.2266 0.00418653
1675 0.500276 0.00226924 0.2305 0.00421174
1676 0.499815 0.00228175 0.2302 0.00420982
1677 0.49962 0.00228246 0.2297 0.00420661
1678 0.498872 0.00227989 0.2275 0.00419239
1679 0.499065 0.00227585 0.2306 0.00421238
1680 0.499789 0.00227457 0.23 0.00420854
1681 0.499407 0.00227367 0.2272 0.00419044
1682 0.499839 0.00227251 0.227 0.00418914
1683 0.499813 0.00226558 0.2307 0.00421302
1684 0.500398 0.00226837 0.2278 0.00419434
1685 0.500756 0.00226744 0.2267 0.00418718
1686 0.500558 0.00226733 0.2244 0.00417207
1687 0.50028 0.00226558 0.2272 0.00419044
1688 0.500686 0.00226499 0.2277 0.00419369
1689 0.501126 0.00226398 0.2262 0.00418391
1690 0.500761 0.00226266 0.2265 0.00418587
1691 0.500969 0.00226154 0.2238 0.0041681
1692 0.501847 0.00225909 0.2249 0.00417537
1693 0.501825 0.00225914 0.224 0.00416943
1694 0.502096 0.00225993 0.2238 0.0041681
1695 0.502113 0.00226155 0.2243 0.00417141
1696 0.502127 0.00226368 0.224 0.00416943
1697 0.502373 0.00226858 0.2243 0.00417141
1698 0.502724 0.00226765 0.2268 0.00418783
1699 0.502655 0.00226886 0.2267 0.00418718
1700 0.502658 0.00226838 0.2255 0.00417932
1701 0.502722 0.00227053 0.226 0.0041826
1702 0.502868 0.00226914 0.2275 0.00419239
1703 0.502795 0.00226689 0.2255 0.00417932
1704 0.502353 0.00226488 0.2249 0.00417537
1705 0.502626 0.00226216 0.2252 0.00417735
1706 0.50306 0.00226967 0.2257 0.00418063
1707 0.502389 0.00226787 0.2252 0.00417735
1708 0.502677 0.00226474 0.2223 0.00415812
1709 0.502994 0.00226563 0.2249 0.00417537
1710 0.5027 0.00226925 0.2254 0.00417866
1711 0.503403 0.00227022 0.2229 0.00416213
1712 0.503873 0.00226886 0.2221 0.00415679
1713 0.504068 0.00227224 0.2215 0.00415277
1714 0.503509 0.00227359 0.2255 0.00417932
1715 0.503512 0.00227849 0.228 0.00419564
1716 0.504088 0.0022835 0.2276 0.00419304
1717 0.503942 0.00229031 0.2302 0.00420982
1718 0.504909 0.00228641 0.2265 0.00418587
1719 0.504549 0.00228694 0.2261 0.00418326
1720 0.504159 0.00228678 0.2282 0.00419693
1721 0.504171 0.00228485 0.2267 0.00418718
1722 0.503989 0.00228888 0.228 0.00419564
1723 0.503941 0.00229136 0.2287 0.00420017
1724 0.504734 0.00229392 0.2315 0.00421812
1725 0.504528 0.0022922 0.2306 0.00421238
1726 0.504036 0.00228925 0.2288 0.00420081
1727 0.503804 0.00229292 0.2283 0.00419758
1728 0.504241 0.00229292 0.2306 0.00421238
1729 0.503969 0.00228898 0.2301 0.00420918
1730 0.504353 0.00228822 0.2303 0.00421046
1731 0.503881 0.00228948 0.2303 0.00421046
1732 0.503605 0.00228696 0.2324 0.00422384
1733 0.50392 0.00229062 0.2309 0.0042143
1734 0.503472 0.00229878 0.2314 0.00421749
1735 0.503143 0.00229821 0.2298 0.00420725
1736 0.503459 0.00230375 0.2328 0.00422637
1737 0.503756 0.00230078 0.234 0.00423393
1738 0.503235 0.00229513 0.2316 0.00421876
1739 0.502882 0.00229448 0.2331 0.00422827
1740 0.503085 0.00229119 0.2329 0.004227
1741 0.503445 0.00228922 0.2305 0.00421174
1742 0.503592 0.00229654 0.2299 0.00420789
1743 0.503791 0.00229392 0.2309 0.0042143
1744 0.503599 0.00229465 0.2321 0.00422194
1745 0.503587 0.00230506 0.2336 0.00423142
1746 0.503817 0.00229938 0.2322 0.00422257
1747 0.503566 0.00230076 0.2336 0.00423142
1748 0.503378 0.0023009 0.232 0.0042213
1749 0.503358 0.00229636 0.2298 0.00420725
1750 0.502564 0.00229964 0.2332 0.0042289
1751 0.502244 0.00230102 0.2341 0.00423456
1752 0.502356 0.00230268 0.2318 0.00422003
1753 0.502726 0.00230276 0.2339 0.0042333
1754 0.503871 0.00230225 0.2309 0.0042143
1755 0.503812 0.0023024 0.234 0.00423393
1756 0.503154 0.00229929 0.2316 0.00421876
1757 0.502706 0.00230034 0.2318 0.00422003
1758 0.502536 0.00230182 0.2348 0.00423895
1759 0.503235 0.00229971 0.2317 0.00421939
1760 0.502813 0.00230453 0.2319 0.00422067
1761 0.502495 0.00230203 0.2345 0.00423707
1762 0.503152 0.00229934 0.2325 0.00422447
1763 0.502977 0.00229977 0.2315 0.00421812
1764 0.502833 0.00230143 0.23 0.00420854
1765 0.502267 0.00230634 0.2336 0.00423142
1766 0.5024 0.00230191 0.2339 0.0042333
1767 0.502799 0.0023033 0.2322 0.00422257
1768 0.502771 0.00229614 0.2354 0.0042427
1769 0.502437 0.00229685 0.2327 0.00422574
1770 0.502638 0.00230107 0.2323 0.0042232
1771 0.502639 0.00229999 0.2338 0.00423268
1772 0.502525 0.00230251 0.2301 0.00420918
1773 0.502821 0.0023032 0.2333 0.00422953
1774 0.502372 0.00229911 0.2367 0.00425078
1775 0.502741 0.00229409 0.2307 0.00421302
1776 0.502577 0.00229153 0.228 0.00419564
1777 0.5024 0.00229762 0.2297 0.00420661
1778 0.502731 0.002292 0.2263 0.00418456
1779 0.503542 0.00229225 0.228 0.00419564
1780 0.503472 0.00229274 0.2258 0.00418129
1781 0.503383 0.00228734 0.2252 0.00417735
1782 0.503447 0.00229516 0.2281 0.00419628
1783 0.503418 0.00229529 0.229 0.0042021
1784 0.503167 0.00229372 0.2278 0.00419434
1785 0.503281 0.00229272 0.2281 0.00419628
1786 0.503055 0.00229761 0.2295 0.00420532
1787 0.502705 0.00230113 0.2279 0.00419499
1788 0.503482 0.00230454 0.2286 0.00419952
1789 0.503337 0.00229786 0.2237 0.00416744
1790 0.503442 0.0022961 0.2256 0.00417998
1791 0.50327 0.00229089 0.2303 0.00421046
1792 0.502964 0.0022913 0.2268 0.00418783
1793 0.502131 0.00230162 0.2292 0.00420339
1794 0.50152 0.0022931 0.2275 0.00419239
1795 0.501731 0.00230334 0.2302 0.00420982
1796 0.501235 0.00230701 0.2316 0.00421876
1797 0.501073 0.00230348 0.2291 0.00420275
1798 0.501098 0.00230377 0.23 0.00420854
1799 0.500837 0.00229852 0.2296 0.00420597
1800 0.500956 0.00230307 0.2305 0.00421174
1801 0.501357 0.00230133 0.2304 0.0042111
1802 0.501738 0.00229874 0.226 0.0041826
1803 0.501176 0.00230255 0.2265 0.00418587
1804 0.501273 0.00230285 0.2298 0.00420725
1805 0.501189 0.00230086 0.2305 0.00421174
1806 0.500703 0.00229886 0.2292 0.00420339
1807 0.500911 0.00230158 0.2303 0.00421046
1808 0.500606 0.00230501 0.2303 0.00421046
1809 0.50019 0.00230671 0.2336 0.00423142
1810 0.500576 0.00230327 0.2335 0.00423079
1811 0.500174 0.00230666 0.233 0.00422763
1812 0.500035 0.00230423 0.2345 0.00423707
1813 0.50037 0.00230416 0.2322 0.00422257
1814 0.500606 0.00230139 0.2362 0.00424768
1815 0.500548 0.00229719 0.2353 0.00424207
1816 0.500265 0.00229775 0.2319 0.00422067
1817 0.499994 0.00229518 0.2322 0.00422257
1818 0.499917 0.00229895 0.2336 0.00423142
1819 0.500261 0.00230329 0.233 0.00422763
1820 0.500222 0.00229751 0.233 0.00422763
1821 0.499715 0.00229479 0.2348 0.00423895
1822 0.500338 0.00229766 0.2329 0.004227
1823 0.50057 0.00229996 0.2345 0.00423707
1824 0.500299 0.00229701 0.2311 0.00421557
1825 0.500409 0.0023007 0.232 0.0042213
1826 0.500481 0.00230195 0.2326 0.0042251
1827 0.500299 0.00229648 0.233 0.00422763
1828 0.499787 0.00230223 0.2323 0.0042232
1829 0.500129 0.00230412 0.2343 0.00423582
1830 0.499922 0.00229904 0.2307 0.00421302
1831 0.500236 0.00229887 0.2306 0.00421238
1832 0.49992 0.00229961 0.2348 0.00423895
1833 0.500695 0.00230305 0.2303 0.00421046
1834 0.50002 0.00230046 0.2332 0.0042289
1835 0.499596 0.00230118 0.2333 0.00422953
1836 0.498562 0.00230079 0.2341 0.00423456
1837 0.498796 0.00230718 0.2333 0.00422953
1838 0.498492 0.00231588 0.237 0.00425264
1839 0.498999 0.00231625 0.236 0.00424643
1840 0.499038 0.00231576 0.2368 0.0042514
1841 0.498409 0.00231478 0.2365 0.00424954
1842 0.498661 0.00231542 0.2384 0.00426126
1843 0.498763 0.00231397 0.2371 0.00425325
1844 0.49854 0.00231413 0.2349 0.00423958
1845 0.499407 0.00231285 0.2365 0.00424954
1846 0.499439 0.00230935 0.234 0.00423393
1847 0.498317 0.00231592 0.2372 0.00425387
1848 0.498392 0.00231316 0.2368 0.0042514
1849 0.498477 0.00231625 0.2374 0.00425511
1850 0.497773 0.00231948 0.2388 0.00426372
1851 0.49732 0.00231554 0.2382 0.00426003
1852 0.497559 0.00231826 0.2386 0.00426249
1853 0.497667 0.00231699 0.2391 0.00426555
1854 0.497936 0.00231881 0.2412 0.00427833
1855 0.497998 0.00231232 0.2397 0.00426922
1856 0.498212 0.0023088 0.2382 0.00426003
1857 0.498227 0.00230474 0.2395 0.004268
1858 0.498314 0.0023011 0.2396 0.00426861
1859 0.497892 0.00230062 0.238 0.0042588
1860 0.497597 0.00230306 0.2396 0.00426861
1861 0.497279 0.00230194 0.2386 0.00426249
1862 0.497771 0.00230191 0.2375 0.00425572
1863 0.497147 0.00230628 0.2368 0.0042514
1864 0.496984 0.00230526 0.2384 0.00426126
1865 0.497136 0.00230195 0.2399 0.00427044
1866 0.496621 0.00230568 0.2397 0.00426922
1867 0.49701 0.00230383 0.2406 0.00427469
1868 0.497162 0.00230919 0.2402 0.00427226
1869 0.497474 0.00230918 0.2414 0.00427954
1870 0.496792 0.00230801 0.2403 0.00427287
1871 0.496829 0.00230406 0.2391 0.00426555
1872 0.496744 0.00230536 0.2418 0.00428195
1873 0.496566 0.00230234 0.2415 0.00428014
1874 0.49647 0.00230577 0.2405 0.00427408
1875 0.496848 0.00230741 0.2414 0.00427954
1876 0.497037 0.00230541 0.24 0.00427104
1877 0.497207 0.0022989 0.2391 0.00426555
1878 0.497511 0.0023054 0.2398 0.00426983
1879 0.497033 0.00230446 0.2406 0.00427469
1880 0.496874 0.00230445 0.2416 0.00428074
1881 0.496772 0.00230588 0.2372 0.00425387
1882 0.497104 0.00230607 0.2382 0.00426003
1883 0.497439 0.00230448 0.2369 0.00425202
1884 0.497753 0.00230435 0.2352 0.00424145
1885 0.498134 0.00229708 0.2336 0.00423142
1886 0.498226 0.00229686 0.2358 0.00424519
1887 0.497929 0.00230062 0.2355 0.00424332
1888 0.498127 0.00229612 0.2338 0.00423268
1889 0.497808 0.00228786 0.2342 0.00423519
1890 0.497685 0.00229942 0.2351 0.00424083
1891 0.497865 0.00229337 0.2342 0.00423519
1892 0.498239 0.00230016 0.2344 0.00423644
1893 0.498655 0.00229955 0.2317 0.00421939
1894 0.498557 0.00230018 0.2345 0.00423707
1895 0.499191 0.00229999 0.2336 0.00423142
1896 0.499402 0.00229785 0.2349 0.00423958
1897 0.499213 0.00229692 0.2337 0.00423205
1898 0.499485 0.00229755 0.231 0.00421493
1899 0.499056 0.00230002 0.2349 0.00423958
1900 0.49957 0.00230224 0.2337 0.00423205
1901 0.499112 0.00230328 0.2353 0.00424207
1902 0.499127 0.00229741 0.2358 0.00424519
1903 0.499737 0.00230287 0.232 0.0042213
1904 0.499337 0.00229882 0.2349 0.00423958
1905 0.498887 0.00229689 0.2371 0.00425325
1906 0.499074 0.002293 0.2347 0.00423832
1907 0.498681 0.00229383 0.2369 0.00425202
1908 0.498644 0.00229778 0.2358 0.00424519
1909 0.498238 0.00229772 0.2362 0.00424768
1910 0.498627 0.00229165 0.2333 0.00422953
1911 0.498305 0.00229342 0.2374 0.00425511
1912 0.498222 0.00229587 0.2378 0.00425757
1913 0.49796 0.00229711 0.2357 0.00424457
1914 0.49738 0.00229795 0.2369 0.00425202
1915 0.497441 0.00229882 0.237 0.00425264
1916 0.497838 0.00229506 0.2365 0.00424954
1917 0.498009 0.00229936 0.237 0.00425264
1918 0.498392 0.00229525 0.2372 0.00425387
1919 0.497944 0.00229265 0.2372 0.00425387
1920 0.498149 0.00229251 0.2341 0.00423456
1921 0.498519 0.00229517 0.2357 0.00424457
1922 0.498219 0.00229111 0.2377 0.00425696
1923 0.498123 0.00228933 0.2375 0.00425572
1924 0.497912 0.00228964 0.2361 0.00424706
1925 0.497694 0.0022896 0.2367 0.00425078
1926 0.497677 0.00228838 0.2353 0.00424207
1927 0.498528 0.00229151 0.2357 0.00424457
1928 0.498381 0.00229214 0.2351 0.00424083
1929 0.498848 0.00229226 0.2353 0.00424207
1930 0.498847 0.00229468 0.2323 0.0042232
1931 0.499078 0.00229716 0.2335 0.00423079
1932 0.498925 0.00229655 0.2332 0.0042289
1933 0.499148 0.0022969 0.2331 0.00422827
1934 0.498676 0.00229367 0.2327 0.00422574
1935 0.498791 0.00229628 0.2316 0.00421876
1936 0.497936 0.00229432 0.2334 0.00423016
1937 0.498111 0.00229801 0.23 0.00420854
1938 0.498089 0.00230254 0.234 0.00423393
1939 0.497437 0.00229691 0.2332 0.0042289
1940 0.49815 0.00229665 0.2334 0.00423016
1941 0.498072 0.00229665 0.2327 0.00422574
1942 0.498191 0.00229702 0.2343 0.00423582
1943 0.497836 0.0022986 0.2358 0.00424519
1944 0.497997 0.00229976 0.2358 0.00424519
1945 0.498267 0.00230148 0.2357 0.00424457
1946 0.497572 0.00229797 0.2372 0.00425387
1947 0.49837 0.00230165 0.2373 0.00425449
1948 0.497898 0.00229824 0.2336 0.00423142
1949 0.497424 0.00229947 0.2348 0.00423895
1950 0.497741 0.00230626 0.2361 0.00424706
1951 0.497782 0.0023014 0.2369 0.00425202
1952 0.497595 0.0022978 0.2407 0.0042753
1953 0.497372 0.00229968 0.2388 0.00426372
1954 0.496727 0.00229479 0.2391 0.00426555
1955 0.495759 0.00230349 0.2411 0.00427772
1956 0.496303 0.00230422 0.2395 0.004268
1957 0.496513 0.00229836 0.2376 0.00425634
1958 0.496617 0.00228912 0.2357 0.00424457
1959 0.496563 0.00229071 0.2368 0.0042514
1960 0.496518 0.00228812 0.2371 0.00425325
1961 0.496684 0.00229146 0.2407 0.0042753
1962 0.496675 0.0022936 0.2423 0.00428496
1963 0.496972 0.00228866 0.2394 0.00426739
1964 0.496316 0.00228797 0.2422 0.00428436
1965 0.496 0.00228427 0.2409 0.00427651
1966 0.497083 0.00228575 0.2395 0.004268
1967 0.496984 0.00228132 0.2423 0.00428496
1968 0.496796 0.00228561 0.24 0.00427104
1969 0.497296 0.00228022 0.2387 0.0042631
1970 0.496776 0.00227596 0.2352 0.00424145
1971 0.497211 0.00227713 0.2364 0.00424892
1972 0.497076 0.00227489 0.2332 0.0042289
1973 0.49678 0.00227423 0.2355 0.00424332
1974 0.496877 0.00227631 0.2367 0.00425078
1975 0.495881 0.00227732 0.2353 0.00424207
1976 0.496345 0.00227567 0.235 0.0042402
1977 0.496089 0.00227824 0.236 0.00424643
1978 0.496459 0.00227768 0.2348 0.00423895
1979 0.496423 0.00227625 0.2348 0.00423895
1980 0.496686 0.00227649 0.2353 0.00424207
1981 0.496042 0.0022785 0.2367 0.00425078
1982 0.496228 0.00227845 0.234 0.00423393
1983 0.496552 0.00228116 0.2327 0.00422574
1984 0.496018 0.00228141 0.2371 0.00425325
1985 0.495805 0.00227937 0.237 0.00425264
1986 0.495986 0.00228539 0.2377 0.00425696
1987 0.49591 0.00227842 0.2378 0.00425757
1988 0.495836 0.00227867 0.2401 0.00427165
1989 0.496083 0.00227475 0.2373 0.00425449
1990 0.496069 0.00227313 0.2356 0.00424394
1991 0.495511 0.00228102 0.2381 0.00425942
1992 0.495848 0.00227983 0.2357 0.00424457
1993 0.49559 0.00228051 0.2362 0.00424768
1994 0.495713 0.00227945 0.2343 0.00423582
1995 0.495337 0.0022827 0.2377 0.00425696
1996 0.495149 0.00228406 0.2366 0.00425016
1997 0.495374 0.00228393 0.2351 0.00424083
1998 0.495397 0.00228398 0.2344 0.00423644
1999 0.49573 0.0022861 0.2358 0.00424519
