#sample=10000
0 0.00133258 2.87541e-05 1 0
1 0.00131766 5.48322e-06 1 0
2 0.00133723 6.33174e-06 1 0
3 0.00137615 8.01363e-06 1 0
4 0.00142567 9.59403e-06 1 0
5 0.00147108 1.061e-05 1 0
6 0.00152497 1.21344e-05 1 0
7 0.0015798 1.30613e-05 1 0
8 0.00166171 1.48651e-05 1 0
9 0.00176715 1.74297e-05 1 0
10 0.00183239 1.84316e-05 1 0
11 0.00195684 2.10445e-05 1 0
12 0.0020516 2.26482e-05 1 0
13 0.00216013 2.42807e-05 1 0
14 0.00229265 3.13539e-05 1 0
15 0.00241467 2.84838e-05 1 0
16 0.00255442 3.03206e-05 1 0
17 0.00270977 4.09203e-05 1 0
18 0.00284928 3.4478e-05 1 0
19 0.00296936 3.71469e-05 1 0
20 0.00311514 3.81457e-05 1 0
21 0.00327111 4.04674e-05 1 0
22 0.00345329 4.35302e-05 1 0
23 0.0036151 4.4792e-05 1 0
24 0.00378451 4.71154e-05 1 0
25 0.00394744 4.89612e-05 1 0
26 0.00417428 5.61677e-05 1 0
27 0.00432314 5.39273e-05 1 0
28 0.00447778 5.62576e-05 1 0
29 0.00466001 5.85945e-05 1 0
30 0.00485726 6.11038e-05 1 0
31 0.00501788 6.2812e-05 1 0
32 0.00523139 6.46875e-05 1 0
33 0.00544332 6.77844e-05 1 0
34 0.00563881 7.05708e-05 1 0
35 0.00588114 7.31434e-05 1 0
36 0.00609688 7.65785e-05 1 0
37 0.00625932 7.79209e-05 1 0
38 0.0064319 7.92399e-05 1 0
39 0.00663457 8.18535e-05 1 0
40 0.00683108 8.57526e-05 1 0
41 0.00700626 8.97977e-05 1 0
42 0.00717179 9.01637e-05 1 0
43 0.00734707 9.14919e-05 1 0
44 0.00758586 9.53971e-05 1 0
45 0.0078202 9.6816e-05 1 0
46 0.00803193 0.000100563 1 0
47 0.00828225 0.000105647 1 0
48 0.00841975 0.000103816 1 0
49 0.00859453 0.000107866 1 0
50 0.00882348 0.00010868 1 0
51 0.00898749 0.000112476 1 0
52 0.00912851 0.000111976 1 0
53 0.00930384 0.000114434 1 0
54 0.00962691 0.000118801 1 0
55 0.00981868 0.000129709 0.9999 0.0001
56 0.00993067 0.000122034 1 0
57 0.0101573 0.000129088 0.9999 0.0001
58 0.0103264 0.000128747 1 0
59 0.010464 0.000127559 1 0
60 0.0106457 0.000131411 1 0
61 0.0108351 0.00013718 1 0
62 0.0110051 0.000135745 1 0
63 0.0111621 0.00013737 1 0
64 0.0112455 0.00013809 1 0
65 0.011424 0.000140401 1 0
66 0.0116666 0.000142649 1 0
67 0.0118404 0.000145774 1 0
68 0.0119626 0.000146846 1 0
69 0.0121658 0.000152299 1 0
70 0.0123931 0.000153829 1 0
71 0.0125075 0.00015479 1 0
72 0.0126988 0.000158857 1 0
73 0.0128687 0.000159072 1 0
74 0.0130109 0.000161179 1 0
75 0.0130966 0.000164143 1 0
76 0.0132605 0.000169048 0.9999 0.0001
77 0.0133803 0.000165854 1 0
78 0.0135778 0.000170239 1 0
79 0.0137906 0.000173871 1 0
80 0.0139481 0.000171357 1 0
81 0.0140973 0.000174468 1 0
82 0.0144612 0.000182822 0.9999 0.0001
83 0.01457 0.000182937 1 0
84 0.0147212 0.000181047 1 0
85 0.0149329 0.000194686 0.9999 0.0001
86 0.015049 0.000187076 1 0
87 0.0151493 0.000188194 1 0
88 0.0153485 0.000189109 1 0
89 0.0156086 0.000197656 0.9999 0.0001
90 0.0156969 0.000198442 1 0
91 0.0158961 0.00019993 1 0
92 0.0159756 0.000198994 0.9999 0.0001
93 0.0160746 0.00019789 1 0
94 0.0162131 0.000199006 1 0
95 0.0164415 0.000207864 0.9998 0.000141414
96 0.0165564 0.000204286 1 0
97 0.0167735 0.000217356 0.9998 0.000141414
98 0.0170153 0.000219034 0.9998 0.000141414
99 0.0169846 0.000216558 0.9998 0.000141414
100 0.0171586 0.000218266 0.9999 0.0001
101 0.0173113 0.000215795 0.9999 0.0001
102 0.0174422 0.000215512 1 0
103 0.0175718 0.000217835 1 0
104 0.0178295 0.00022663 0.9999 0.0001
105 0.0179546 0.000225286 0.9998 0.000141414
106 0.0181332 0.000222901 1 0
107 0.0183761 0.000232062 0.9997 0.000173188
108 0.0185027 0.000231066 0.9998 0.000141414
109 0.0186105 0.000229613 1 0
110 0.0187659 0.00023142 0.9999 0.0001
111 0.018947 0.000235959 0.9999 0.0001
112 0.0192252 0.000243027 0.9999 0.0001
113 0.0193388 0.000240422 0.9999 0.0001
114 0.0194085 0.000238683 1 0
115 0.0194927 0.000236112 1 0
116 0.01989 0.000252085 0.9997 0.000173188
117 0.0200205 0.000254599 0.9998 0.000141414
118 0.0200164 0.000243179 1 0
119 0.0201992 0.000249554 1 0
120 0.020478 0.000253329 0.9999 0.0001
121 0.020639 0.000253963 0.9999 0.0001
122 0.0207708 0.000255027 0.9999 0.0001
123 0.0210375 0.000261946 0.9998 0.000141414
124 0.0211293 0.000260466 0.9999 0.0001
125 0.0214104 0.000265964 0.9998 0.000141414
126 0.0214865 0.000264746 0.9998 0.000141414
127 0.0216283 0.000268402 0.9998 0.000141414
128 0.0218575 0.000266809 0.9999 0.0001
129 0.0219677 0.000276482 0.9995 0.000223562
130 0.0220899 0.000272666 0.9998 0.000141414
131 0.0222311 0.000272589 0.9999 0.0001
132 0.022228 0.000268003 0.9999 0.0001
133 0.0225026 0.000274649 0.9999 0.0001
134 0.022653 0.000285482 0.9996 0.00019997
135 0.0227349 0.000278629 1 0
136 0.0229867 0.000282463 0.9998 0.000141414
137 0.0231015 0.000281546 0.9999 0.0001
138 0.0233029 0.000285015 0.9998 0.000141414
139 0.0233127 0.00028174 0.9999 0.0001
140 0.0236053 0.000289482 0.9997 0.000173188
141 0.0236832 0.000282779 1 0
142 0.0239509 0.000287287 0.9999 0.0001
143 0.0241475 0.000289486 0.9999 0.0001
144 0.0243778 0.000292358 0.9998 0.000141414
145 0.0246113 0.000296767 0.9998 0.000141414
146 0.0247877 0.000298718 0.9997 0.000173188
147 0.0249412 0.000301407 0.9996 0.00019997
148 0.0250774 0.000305072 0.9997 0.000173188
149 0.0253357 0.000304136 0.9998 0.000141414
150 0.0252125 0.000295439 1 0
151 0.0256707 0.000309076 0.9996 0.00019997
152 0.0258228 0.000309874 0.9997 0.000173188
153 0.0259053 0.000309278 0.9998 0.000141414
154 0.0262333 0.000318273 0.9997 0.000173188
155 0.0265725 0.000321337 0.9997 0.000173188
156 0.026705 0.000321862 0.9997 0.000173188
157 0.026871 0.000318709 0.9998 0.000141414
158 0.0270975 0.000321305 0.9999 0.0001
159 0.0271503 0.000323681 0.9997 0.000173188
160 0.027391 0.000324098 0.9999 0.0001
161 0.0275498 0.000321715 0.9999 0.0001
162 0.0278573 0.000333513 0.9997 0.000173188
163 0.0280374 0.000330558 0.9996 0.00019997
164 0.0282413 0.000330463 0.9999 0.0001
165 0.0283363 0.000331875 0.9998 0.000141414
166 0.0286169 0.000332525 0.9998 0.000141414
167 0.0288612 0.000342733 0.9996 0.00019997
168 0.0288299 0.000338309 0.9997 0.000173188
169 0.029057 0.000342696 0.9997 0.000173188
170 0.0292717 0.000348282 0.9995 0.000223562
171 0.0293974 0.00034356 0.9998 0.000141414
172 0.0296386 0.000342881 0.9999 0.0001
173 0.0296663 0.000347864 0.9995 0.000223562
174 0.029846 0.000348384 0.9997 0.000173188
175 0.0299357 0.000345688 0.9999 0.0001
176 0.030375 0.000356648 0.9996 0.00019997
177 0.0302766 0.000349809 1 0
178 0.0305722 0.000352177 0.9999 0.0001
179 0.0307463 0.000358538 0.9996 0.00019997
180 0.0309092 0.000353178 0.9998 0.000141414
181 0.0311165 0.000356617 0.9997 0.000173188
182 0.0314335 0.000362805 0.9997 0.000173188
183 0.0314288 0.000360074 0.9998 0.000141414
184 0.0318096 0.000366058 0.9996 0.00019997
185 0.032008 0.000371685 0.9993 0.000264496
186 0.0320515 0.000363427 0.9999 0.0001
187 0.0325066 0.000368301 0.9996 0.00019997
188 0.0325804 0.000371698 0.9997 0.000173188
189 0.032668 0.000365886 0.9999 0.0001
190 0.0330779 0.000374983 0.9997 0.000173188
191 0.0332692 0.000377259 0.9997 0.000173188
192 0.0333879 0.000378838 0.9997 0.000173188
193 0.0336064 0.000378127 0.9998 0.000141414
194 0.0339694 0.000388464 0.9995 0.000223562
195 0.0340386 0.000380102 0.9998 0.000141414
196 0.0344706 0.000383929 0.9997 0.000173188
197 0.0345134 0.000385921 0.9997 0.000173188
198 0.0348072 0.000386298 0.9998 0.000141414
199 0.0348583 0.000387788 0.9999 0.0001
200 0.0353938 0.000395622 0.9997 0.000173188
201 0.0355182 0.000397004 0.9996 0.00019997
202 0.0359104 0.000396686 0.9998 0.000141414
203 0.0363552 0.000398283 1 0
204 0.0363797 0.000407149 0.9996 0.00019997
205 0.0366327 0.000402334 0.9998 0.000141414
206 0.0369514 0.000409033 0.9996 0.00019997
207 0.0371625 0.000403165 0.9997 0.000173188
208 0.0372164 0.000401909 0.9999 0.0001
209 0.0376057 0.000411125 0.9998 0.000141414
210 0.0379452 0.000413759 0.9995 0.000223562
211 0.0381081 0.000418781 0.9992 0.000282744
212 0.0383886 0.000420149 0.9994 0.000244888
213 0.0384198 0.000409429 1 0
214 0.0388543 0.000425756 0.9992 0.000282744
215 0.0389941 0.000418154 0.9997 0.000173188
216 0.0391883 0.000423737 0.9997 0.000173188
217 0.0394882 0.000423625 0.9996 0.00019997
218 0.0396815 0.000425655 0.9998 0.000141414
219 0.0398767 0.000425438 0.9998 0.000141414
220 0.0400547 0.000426983 0.9998 0.000141414
221 0.0402384 0.000428681 0.9998 0.000141414
222 0.0402948 0.000427937 0.9998 0.000141414
223 0.0406239 0.000433236 0.9997 0.000173188
224 0.0410726 0.000433516 0.9998 0.000141414
225 0.0412125 0.000436279 0.9996 0.00019997
226 0.0419464 0.000447586 0.9994 0.000244888
227 0.0423538 0.000447372 0.9995 0.000223562
228 0.0423435 0.0004428 1 0
229 0.0428371 0.000456695 0.9995 0.000223562
230 0.0431895 0.000453395 0.9997 0.000173188
231 0.043675 0.000461908 0.9996 0.00019997
232 0.0437676 0.00045874 0.9994 0.000244888
233 0.0439824 0.00046224 0.9994 0.000244888
234 0.0443702 0.000460362 0.9997 0.000173188
235 0.0444631 0.000459642 0.9998 0.000141414
236 0.0447568 0.000463945 0.9999 0.0001
237 0.044937 0.000466024 0.9999 0.0001
238 0.0452333 0.000472968 0.9996 0.00019997
239 0.0457138 0.000479284 0.9993 0.000264496
240 0.0458999 0.000473091 0.9999 0.0001
241 0.0460971 0.000475696 0.9998 0.000141414
242 0.0466445 0.000482456 0.9997 0.000173188
243 0.0470277 0.000484343 0.9995 0.000223562
244 0.0470561 0.000486872 0.9997 0.000173188
245 0.047425 0.000488607 0.9998 0.000141414
246 0.0479166 0.00049333 0.9996 0.00019997
247 0.0484617 0.000499623 0.9996 0.00019997
248 0.0487622 0.000502413 0.9997 0.000173188
249 0.0489034 0.000500494 0.9996 0.00019997
250 0.049206 0.000500184 0.9998 0.000141414
251 0.0495062 0.000506763 0.9998 0.000141414
252 0.0497108 0.000505099 0.9998 0.000141414
253 0.0503386 0.000512625 0.9995 0.000223562
254 0.0506649 0.000512395 0.9997 0.000173188
255 0.0509376 0.000522254 0.9994 0.000244888
256 0.0511241 0.000520013 0.9997 0.000173188
257 0.0517938 0.000527338 0.9995 0.000223562
258 0.0521339 0.000528997 0.9996 0.00019997
259 0.0523903 0.000528331 0.9998 0.000141414
260 0.052785 0.000536742 0.9997 0.000173188
261 0.0527912 0.00053587 0.9997 0.000173188
262 0.053271 0.000539866 0.9996 0.00019997
263 0.0537515 0.000542176 0.9998 0.000141414
264 0.0543138 0.000548192 0.9994 0.000244888
265 0.0544109 0.000548761 0.9995 0.000223562
266 0.0547864 0.00055344 0.9993 0.000264496
267 0.0550744 0.000552572 0.9996 0.00019997
268 0.0555781 0.000555833 0.9994 0.000244888
269 0.0561264 0.000562156 0.9991 0.00029988
270 0.0565543 0.000563509 0.9997 0.000173188
271 0.0567799 0.000560185 0.9996 0.00019997
272 0.0571204 0.000568012 0.9994 0.000244888
273 0.0575567 0.000569727 0.9994 0.000244888
274 0.0578637 0.000576447 0.9992 0.000282744
275 0.0580841 0.000573907 0.9994 0.000244888
276 0.0587911 0.000584067 0.9994 0.000244888
277 0.0590394 0.000583457 0.9994 0.000244888
278 0.0596093 0.000586681 0.9997 0.000173188
279 0.0596887 0.000591078 0.9994 0.000244888
280 0.0601795 0.000598152 0.9991 0.00029988
281 0.0602561 0.000592477 0.9997 0.000173188
282 0.0607829 0.000597039 0.9996 0.00019997
283 0.0606938 0.000598984 0.9994 0.000244888
284 0.0615663 0.000605124 0.9993 0.000264496
285 0.0619622 0.000605439 0.9996 0.00019997
286 0.0628307 0.000618908 0.999 0.000316085
287 0.0630427 0.000622027 0.9988 0.00034622
288 0.0633221 0.000623289 0.9988 0.00034622
289 0.0639158 0.00062166 0.9993 0.000264496
290 0.0646751 0.000631508 0.9987 0.000360339
291 0.0648401 0.000633704 0.9993 0.000264496
292 0.0653255 0.000635542 0.999 0.000316085
293 0.0659506 0.000641424 0.9989 0.000331497
294 0.0662688 0.000645385 0.9992 0.000282744
295 0.0664521 0.000647964 0.999 0.000316085
296 0.06738 0.000655548 0.9985 0.000387027
297 0.0674535 0.000655328 0.9985 0.000387027
298 0.0681699 0.000665654 0.9986 0.000373922
299 0.0685922 0.000665478 0.9987 0.000360339
300 0.0686213 0.000665514 0.9989 0.000331497
301 0.069486 0.000671271 0.9988 0.00034622
302 0.0697177 0.000671333 0.9985 0.000387027
303 0.0705839 0.000681128 0.9979 0.000457799
304 0.0710269 0.000683107 0.998 0.000446788
305 0.0712136 0.000684996 0.998 0.000446788
306 0.0724668 0.000691062 0.9984 0.0003997
307 0.0728945 0.000693915 0.9978 0.000468549
308 0.0728544 0.000695619 0.9977 0.000479055
309 0.0739393 0.00070311 0.9978 0.000468549
310 0.0743648 0.000700626 0.9978 0.000468549
311 0.0755615 0.000711157 0.9974 0.000509264
312 0.0758218 0.000712792 0.9967 0.000573536
313 0.0764146 0.000718543 0.9973 0.000518939
314 0.0772299 0.000724915 0.9973 0.000518939
315 0.0775378 0.00072703 0.997 0.000546928
316 0.0785767 0.000733976 0.9966 0.000582132
317 0.0790193 0.000734515 0.9969 0.000555941
318 0.0797005 0.000739864 0.9971 0.000537762
319 0.080335 0.000747555 0.9968 0.000564808
320 0.08119 0.000753201 0.9964 0.000598949
321 0.0813869 0.00075453 0.9964 0.000598949
322 0.0821178 0.000760424 0.9962 0.0006153
323 0.0828005 0.000764837 0.9949 0.000712355
324 0.083469 0.000770881 0.9954 0.000676705
325 0.083941 0.000773546 0.9947 0.000726116
326 0.0840916 0.000775422 0.996 0.000631221
327 0.0847857 0.000782998 0.9945 0.000739615
328 0.086493 0.000794076 0.9951 0.000698318
329 0.087646 0.000803423 0.9938 0.000784995
330 0.0885873 0.000811231 0.9929 0.00083966
331 0.0887725 0.000814424 0.9934 0.000809759
332 0.0900114 0.000829501 0.9922 0.000879769
333 0.0904 0.000826708 0.9911 0.000939238
334 0.0915809 0.000836074 0.9903 0.000980146
335 0.0923229 0.000845588 0.9909 0.000949636
336 0.092454 0.000849454 0.9903 0.000980146
337 0.0933856 0.000856014 0.9911 0.000939238
338 0.0945995 0.000858036 0.9902 0.000985136
339 0.0956578 0.00086832 0.9903 0.000980146
340 0.0967861 0.00087752 0.9898 0.00100484
341 0.0978988 0.000882894 0.9883 0.00107537
342 0.0988701 0.000889205 0.9886 0.00106166
343 0.100354 0.000894312 0.9877 0.00110227
344 0.100942 0.000895759 0.9864 0.00115829
345 0.102296 0.000905347 0.9857 0.0011873
346 0.103642 0.000911523 0.9862 0.00116666
347 0.10475 0.000916125 0.9856 0.00119139
348 0.105697 0.000923072 0.9829 0.00129651
349 0.107309 0.000938588 0.9824 0.00131499
350 0.107896 0.000939913 0.9822 0.00132231
351 0.10902 0.00094776 0.9804 0.00138628
352 0.11086 0.000954471 0.98 0.00140007
353 0.111227 0.000963568 0.978 0.00146691
354 0.11292 0.000970399 0.9771 0.00149592
355 0.113534 0.000979445 0.9765 0.00151493
356 0.115533 0.000989452 0.9747 0.00157043
357 0.116455 0.000996944 0.9726 0.00163254
358 0.118043 0.00100816 0.968 0.00176009
359 0.119897 0.00101577 0.9672 0.00178122
360 0.120657 0.00102185 0.9677 0.00176805
361 0.122236 0.00103565 0.965 0.00183789
362 0.123544 0.00104075 0.9636 0.00187293
363 0.125414 0.00104995 0.9632 0.0018828
364 0.126069 0.00105716 0.9622 0.00190722
365 0.127565 0.00106193 0.9578 0.00201055
366 0.129483 0.00107507 0.9565 0.0020399
367 0.130476 0.00108477 0.955 0.00207314
368 0.132115 0.0010989 0.9542 0.00209062
369 0.13417 0.00110576 0.9493 0.00219395
370 0.13624 0.0011179 0.948 0.00222038
371 0.137708 0.00112152 0.9466 0.00224841
372 0.139035 0.00113029 0.9422 0.00233377
373 0.141444 0.00114439 0.9404 0.00236756
374 0.143086 0.00115364 0.9358 0.00245121
375 0.145159 0.00116669 0.9327 0.00250553
376 0.146976 0.00117719 0.9292 0.00256503
377 0.149429 0.00119216 0.9253 0.0026292
378 0.15141 0.00120031 0.9211 0.00269596
379 0.153532 0.00121338 0.9178 0.00274683
380 0.156349 0.0012233 0.9149 0.00279044
381 0.157764 0.00123444 0.91 0.00286196
382 0.160392 0.00124542 0.9072 0.00290166
383 0.16296 0.00125496 0.9026 0.00296516
384 0.165419 0.00126365 0.9 0.00300015
385 0.167529 0.00126996 0.8951 0.0030644
386 0.170858 0.00128662 0.8881 0.00315259
387 0.173067 0.00129268 0.8819 0.00322743
388 0.175988 0.00130504 0.8775 0.00327879
389 0.178991 0.00131284 0.8713 0.00334884
390 0.18167 0.00133161 0.8673 0.00339267
391 0.18471 0.00134459 0.8592 0.00347833
392 0.187565 0.00135651 0.8534 0.00353724
393 0.190489 0.00136783 0.8454 0.00361541
394 0.1932 0.00138312 0.8409 0.00365788
395 0.196425 0.00139346 0.833 0.00372995
396 0.200213 0.00140747 0.8249 0.00380072
397 0.204028 0.00142229 0.8133 0.0038969
398 0.208038 0.00143214 0.8055 0.00395835
399 0.211556 0.0014522 0.7986 0.00401066
400 0.214284 0.00146457 0.7907 0.00406829
401 0.217381 0.00147922 0.7794 0.00414672
402 0.221105 0.0014897 0.7751 0.00417537
403 0.224393 0.0015007 0.7663 0.00423205
404 0.227459 0.00151658 0.7582 0.00428195
405 0.230915 0.00152412 0.7518 0.0043199
406 0.234778 0.0015383 0.7455 0.00435602
407 0.238004 0.00154632 0.7361 0.00440768
408 0.240909 0.00155342 0.7269 0.00445574
409 0.244596 0.00156555 0.7206 0.00448727
410 0.248284 0.00157235 0.7097 0.00453923
411 0.251567 0.00158207 0.7059 0.0045566
412 0.254781 0.00159582 0.6972 0.00459492
413 0.257774 0.00160482 0.6863 0.00464019
414 0.260545 0.00161702 0.6781 0.00467228
415 0.263618 0.00162645 0.6747 0.0046851
416 0.266197 0.00163387 0.6665 0.00471487
417 0.269262 0.00164573 0.6597 0.00473834
418 0.271985 0.00165115 0.6546 0.00475522
419 0.274332 0.00165954 0.6486 0.00477431
420 0.277478 0.00166398 0.641 0.00479731
421 0.280214 0.00167817 0.6324 0.00482176
422 0.282878 0.00168214 0.6267 0.00483705
423 0.285819 0.00169325 0.6184 0.00485803
424 0.288336 0.00169604 0.6137 0.00486925
425 0.291284 0.00170436 0.6064 0.00488572
426 0.29405 0.00171377 0.6007 0.00489779
427 0.296176 0.00172131 0.594 0.00491109
428 0.298525 0.00173226 0.5888 0.00492076
429 0.300402 0.00173712 0.5822 0.00493222
430 0.303016 0.00173877 0.5752 0.00494337
431 0.30572 0.00174746 0.5685 0.0049531
432 0.307739 0.00175025 0.5617 0.00496203
433 0.309905 0.00175582 0.5611 0.00496278
434 0.312097 0.00176163 0.5526 0.0049725
435 0.314895 0.00176781 0.5468 0.0049783
436 0.317861 0.00177654 0.5411 0.00498333
437 0.320103 0.00178237 0.5392 0.00498486
438 0.321782 0.00178893 0.5322 0.00498987
439 0.323932 0.00179541 0.5253 0.00499384
440 0.325926 0.00180505 0.5247 0.00499415
441 0.327824 0.00180571 0.5181 0.00499697
442 0.329578 0.00180945 0.5126 0.00499866
443 0.330771 0.00181534 0.5127 0.00499864
444 0.333437 0.0018194 0.5055 0.00499995
445 0.33547 0.00182216 0.5025 0.00500019
446 0.337345 0.00182885 0.4987 0.00500023
447 0.33949 0.00183264 0.4893 0.0049991
448 0.341885 0.00183458 0.4831 0.00499739
449 0.344078 0.00184578 0.4828 0.00499729
450 0.346575 0.0018502 0.4784 0.00499558
451 0.348587 0.00185248 0.4739 0.00499343
452 0.350197 0.00185382 0.4727 0.00499279
453 0.352647 0.00186183 0.4675 0.00498968
454 0.354359 0.00186597 0.4629 0.00498647
455 0.356741 0.0018676 0.4538 0.00497886
456 0.358476 0.00186936 0.4526 0.00497773
457 0.360146 0.00187357 0.4484 0.00497355
458 0.361906 0.00187774 0.4462 0.00497122
459 0.363077 0.00188651 0.4411 0.00496543
460 0.364521 0.00188467 0.4371 0.00496053
461 0.366109 0.00188506 0.4329 0.00495502
462 0.36729 0.0018829 0.4326 0.00495461
463 0.368737 0.00188764 0.4298 0.00495072
464 0.370414 0.00188827 0.428 0.00494814
465 0.371741 0.00189253 0.4242 0.00494246
466 0.373192 0.00189422 0.4182 0.00493288
467 0.374078 0.00189715 0.4177 0.00493205
468 0.375776 0.00189286 0.417 0.00493088
469 0.377746 0.00189801 0.4135 0.00492486
470 0.379631 0.00190065 0.4084 0.00491562
471 0.381037 0.00190257 0.4068 0.00491262
472 0.382812 0.00190212 0.3986 0.00489635
473 0.384616 0.00190772 0.3967 0.00489237
474 0.385403 0.00191118 0.3942 0.00488703
475 0.386545 0.00191601 0.3945 0.00488767
476 0.387928 0.00191907 0.3948 0.00488832
477 0.38931 0.00192258 0.3891 0.0048757
478 0.391201 0.00192406 0.3844 0.00486477
479 0.392419 0.00192738 0.3826 0.00486046
480 0.393827 0.00193307 0.3757 0.00484327
481 0.395282 0.00193781 0.3753 0.00484224
482 0.397064 0.00193769 0.3731 0.00483653
483 0.398359 0.00194457 0.3676 0.00482176
484 0.399343 0.00194536 0.3673 0.00482093
485 0.400947 0.00194996 0.3631 0.00480917
486 0.402261 0.00195345 0.3609 0.00480286
487 0.403457 0.00194761 0.3576 0.00479317
488 0.404754 0.00194812 0.3573 0.00479228
489 0.406225 0.00194776 0.3504 0.00477119
490 0.407434 0.00194666 0.3472 0.00476104
491 0.408743 0.00194515 0.3424 0.00474536
492 0.409704 0.00194877 0.344 0.00475065
493 0.410921 0.00195328 0.343 0.00474735
494 0.412118 0.00195306 0.3379 0.00473018
495 0.412964 0.00195533 0.3369 0.00472674
496 0.414568 0.00196224 0.3337 0.00471558
497 0.41525 0.00196602 0.3319 0.00470919
498 0.416718 0.00196585 0.3323 0.00471061
499 0.418301 0.00196628 0.3319 0.00470919
500 0.418634 0.00197292 0.3288 0.00469801
501 0.41891 0.00197351 0.327 0.00469141
502 0.419764 0.00197591 0.3258 0.00468696
503 0.420932 0.00197593 0.3264 0.00468919
504 0.421792 0.00197164 0.3242 0.00468099
505 0.42277 0.00198425 0.321 0.00466884
506 0.423781 0.00198234 0.3164 0.00465094
507 0.424095 0.00198422 0.3177 0.00465605
508 0.42499 0.00198554 0.3149 0.00464499
509 0.425884 0.0019896 0.3148 0.00464459
510 0.426856 0.00198214 0.3135 0.00463939
511 0.42748 0.00198331 0.3088 0.00462022
512 0.428556 0.00198804 0.3075 0.00461481
513 0.429113 0.00198888 0.3084 0.00461856
514 0.430076 0.00199041 0.3074 0.0046144
515 0.430713 0.00199263 0.3056 0.00460684
516 0.431523 0.00199602 0.307 0.00461272
517 0.431494 0.00199568 0.3035 0.00459792
518 0.432149 0.00199825 0.303 0.00459578
519 0.433032 0.00199547 0.303 0.00459578
520 0.433723 0.0019947 0.3028 0.00459492
521 0.434065 0.00199511 0.3026 0.00459407
522 0.435107 0.00198744 0.3008 0.00458629
523 0.436016 0.00198749 0.2983 0.00457535
524 0.436701 0.00198882 0.2963 0.00456648
525 0.43701 0.00198178 0.2991 0.00457887
526 0.437774 0.00198134 0.2965 0.00456737
527 0.438916 0.00198059 0.2936 0.00455434
528 0.439576 0.00198037 0.2902 0.00453877
529 0.440977 0.00198873 0.2906 0.00454062
530 0.44152 0.00199125 0.2898 0.00453692
531 0.442549 0.00199048 0.2875 0.00452619
532 0.44267 0.00199652 0.2908 0.00454154
533 0.44344 0.00199867 0.2873 0.00452525
534 0.444576 0.00199793 0.2849 0.00451389
535 0.445394 0.00199941 0.282 0.00449996
536 0.445896 0.0020031 0.2879 0.00452807
537 0.447292 0.00199577 0.2816 0.00449802
538 0.447643 0.00199829 0.2781 0.00448085
539 0.448562 0.00199867 0.2762 0.00447139
540 0.449202 0.0020004 0.2765 0.00447289
541 0.44966 0.00199336 0.2751 0.00446587
542 0.450087 0.00199091 0.2763 0.00447189
543 0.450373 0.00198832 0.2714 0.00444704
544 0.451229 0.00199273 0.269 0.00443462
545 0.451765 0.00199703 0.2724 0.00445217
546 0.452472 0.00199862 0.2688 0.00443358
547 0.453302 0.00200651 0.2719 0.00444961
548 0.453506 0.00200565 0.2703 0.00444137
549 0.453713 0.00200977 0.2723 0.00445166
550 0.45368 0.00200934 0.2718 0.0044491
551 0.454843 0.00200964 0.2697 0.00443826
552 0.455195 0.00201368 0.2672 0.0044252
553 0.45528 0.00201466 0.2685 0.00443201
554 0.455572 0.00201142 0.2692 0.00443566
555 0.455607 0.00201765 0.2713 0.00444653
556 0.455813 0.00201371 0.2666 0.00442204
557 0.456488 0.00200577 0.268 0.0044294
558 0.457189 0.00200262 0.2668 0.00442309
559 0.458177 0.00200206 0.2609 0.00439147
560 0.458819 0.00200778 0.2621 0.00439799
561 0.459059 0.00200308 0.2625 0.00440015
562 0.459599 0.00200074 0.2631 0.00440338
563 0.460121 0.00200026 0.2589 0.00438052
564 0.460455 0.00200246 0.2611 0.00439256
565 0.46127 0.00200424 0.2574 0.00437223
566 0.461872 0.00200283 0.2579 0.00437501
567 0.461726 0.00200346 0.254 0.00435319
568 0.462726 0.00200302 0.2524 0.00434411
569 0.463131 0.0020014 0.2531 0.00434809
570 0.463422 0.0019982 0.2545 0.00435602
571 0.463801 0.00199777 0.2537 0.0043515
572 0.464147 0.002001 0.2536 0.00435093
573 0.465106 0.00200242 0.2521 0.0043424
574 0.465719 0.00200684 0.252 0.00434183
575 0.465778 0.00199785 0.2469 0.0043123
576 0.466161 0.00199893 0.2485 0.00432165
577 0.466818 0.00200094 0.2468 0.00431171
578 0.46746 0.00200526 0.2446 0.00429871
579 0.467756 0.00201243 0.2476 0.0043164
580 0.468149 0.00201111 0.2451 0.00430168
581 0.468257 0.0020081 0.2459 0.00430641
582 0.468984 0.00200527 0.244 0.00429514
583 0.469454 0.00200631 0.2415 0.00428014
584 0.468879 0.00200237 0.2425 0.00428617
585 0.468937 0.00200964 0.2439 0.00429455
586 0.469596 0.00201278 0.243 0.00428917
587 0.469725 0.00201322 0.2404 0.00427348
588 0.469739 0.00201524 0.2434 0.00429156
589 0.470409 0.00201872 0.245 0.00430109
590 0.471096 0.00201725 0.2402 0.00427226
591 0.471592 0.00201819 0.2412 0.00427833
592 0.471819 0.00202095 0.2422 0.00428436
593 0.472337 0.00202019 0.2396 0.00426861
594 0.472234 0.00201584 0.2411 0.00427772
595 0.472964 0.00201342 0.2381 0.00425942
596 0.472977 0.00200903 0.2378 0.00425757
597 0.473395 0.00201201 0.2414 0.00427954
598 0.473213 0.00200599 0.2388 0.00426372
599 0.474239 0.00200777 0.2375 0.00425572
600 0.47463 0.00200805 0.2379 0.00425819
601 0.475082 0.00200044 0.2339 0.0042333
602 0.475422 0.00200487 0.2327 0.00422574
603 0.475546 0.00200285 0.2344 0.00423644
604 0.475563 0.00199923 0.2323 0.0042232
605 0.475531 0.00199537 0.2308 0.00421366
606 0.47536 0.00200569 0.2362 0.00424768
607 0.475354 0.0020056 0.2344 0.00423644
608 0.475123 0.00200442 0.2326 0.0042251
609 0.475566 0.00200982 0.2339 0.0042333
610 0.475626 0.00201294 0.2314 0.00421749
611 0.476005 0.00201069 0.2302 0.00420982
612 0.476392 0.00200944 0.2306 0.00421238
613 0.476503 0.00201001 0.2305 0.00421174
614 0.47661 0.00200613 0.2285 0.00419887
615 0.477211 0.00201086 0.2264 0.00418522
616 0.478034 0.00200837 0.2259 0.00418195
617 0.478064 0.00201141 0.2263 0.00418456
618 0.478239 0.00200979 0.2261 0.00418326
619 0.478352 0.00200558 0.2247 0.00417405
620 0.478921 0.00200309 0.2245 0.00417273
621 0.478918 0.00200061 0.2229 0.00416213
622 0.478602 0.00200453 0.2258 0.00418129
623 0.479098 0.00200139 0.2232 0.00416412
624 0.478989 0.00200067 0.2239 0.00416877
625 0.479319 0.00200157 0.2269 0.00418848
626 0.479711 0.00200594 0.2242 0.00417075
627 0.479774 0.00200421 0.2255 0.00417932
628 0.480482 0.0019999 0.2221 0.00415679
629 0.480807 0.00200721 0.2247 0.00417405
630 0.480299 0.00200588 0.2265 0.00418587
631 0.48059 0.00200484 0.224 0.00416943
632 0.480304 0.00200398 0.2241 0.00417009
633 0.480524 0.00200527 0.2209 0.00414874
634 0.48068 0.00200474 0.2241 0.00417009
635 0.480635 0.00200218 0.2254 0.00417866
636 0.481079 0.00200064 0.2257 0.00418063
637 0.481249 0.00200141 0.2274 0.00419174
638 0.480942 0.00200427 0.2254 0.00417866
639 0.481313 0.00200708 0.2249 0.00417537
640 0.481431 0.0020019 0.2242 0.00417075
641 0.481695 0.00200098 0.2207 0.00414739
642 0.480981 0.00200292 0.2245 0.00417273
643 0.481008 0.00200115 0.2231 0.00416346
644 0.481036 0.00200286 0.2224 0.00415879
645 0.481119 0.00200245 0.2219 0.00415545
646 0.481399 0.00199975 0.2221 0.00415679
647 0.481763 0.00199718 0.2223 0.00415812
648 0.482551 0.00199953 0.2204 0.00414537
649 0.48264 0.00199857 0.2185 0.00413249
650 0.482888 0.00199625 0.2173 0.00412429
651 0.482905 0.001998 0.217 0.00412223
652 0.483163 0.00199977 0.2178 0.00412771
653 0.483573 0.00199795 0.2178 0.00412771
654 0.48375 0.00199711 0.2203 0.0041447
655 0.483884 0.00199913 0.2166 0.00411948
656 0.483861 0.00199798 0.2159 0.00411466
657 0.483485 0.00199771 0.2204 0.00414537
658 0.48411 0.00200089 0.2165 0.00411879
659 0.48427 0.00200744 0.2146 0.00410565
660 0.485017 0.00200378 0.2153 0.00411051
661 0.484948 0.00200399 0.2147 0.00410635
662 0.484914 0.00201133 0.2178 0.00412771
663 0.484822 0.00200836 0.2176 0.00412635
664 0.484775 0.00201219 0.2172 0.0041236
665 0.485195 0.00201226 0.2176 0.00412635
666 0.485541 0.00201311 0.2162 0.00411673
667 0.485753 0.00201381 0.2145 0.00410496
668 0.485963 0.00201278 0.2182 0.00413045
669 0.486672 0.00200728 0.2152 0.00410982
670 0.486904 0.00201264 0.2138 0.00410008
671 0.487144 0.00201057 0.2124 0.00409027
672 0.487962 0.00200427 0.2117 0.00408534
673 0.487925 0.00200273 0.2127 0.00409238
674 0.488548 0.00200501 0.2148 0.00410704
675 0.487991 0.00200522 0.2151 0.00410912
676 0.488267 0.00200693 0.2138 0.00410008
677 0.488523 0.00201222 0.214 0.00410147
678 0.488798 0.00200819 0.2131 0.00409518
679 0.488549 0.0020106 0.2117 0.00408534
680 0.488632 0.00201416 0.2132 0.00409588
681 0.488322 0.00200587 0.2116 0.00408463
682 0.488756 0.00200181 0.2127 0.00409238
683 0.489578 0.00200613 0.2105 0.00407684
684 0.489582 0.00200582 0.2097 0.00407115
685 0.489724 0.0020103 0.2087 0.004064
686 0.490097 0.00200817 0.2117 0.00408534
687 0.489976 0.00200497 0.2128 0.00409308
688 0.490087 0.00200088 0.2118 0.00408604
689 0.490085 0.00200137 0.2094 0.00406901
690 0.490882 0.00199221 0.2078 0.00405753
691 0.489809 0.00200139 0.2061 0.00404523
692 0.490435 0.00199741 0.2079 0.00405825
693 0.490773 0.0020017 0.2068 0.00405031
694 0.491095 0.00199738 0.2099 0.00407257
695 0.491095 0.00198822 0.2107 0.00407826
696 0.491396 0.00199167 0.2109 0.00407968
697 0.491432 0.00199446 0.2094 0.00406901
698 0.491718 0.00199336 0.2088 0.00406472
699 0.492241 0.00199438 0.207 0.00405176
700 0.491776 0.00199754 0.208 0.00405897
701 0.491352 0.00199289 0.206 0.00404451
702 0.490726 0.00199333 0.2038 0.00402842
703 0.490673 0.00199307 0.2053 0.00403941
704 0.49043 0.00198913 0.207 0.00405176
705 0.490864 0.00198998 0.209 0.00406615
706 0.49105 0.00198807 0.2098 0.00407186
707 0.491428 0.00198348 0.2087 0.004064
708 0.491212 0.00199096 0.2079 0.00405825
709 0.491208 0.00198959 0.2116 0.00408463
710 0.491022 0.001992 0.2127 0.00409238
711 0.491846 0.00199287 0.2077 0.00405681
712 0.492058 0.00198803 0.2092 0.00406758
713 0.491883 0.00198995 0.2113 0.00408251
714 0.491993 0.00199101 0.2114 0.00408322
715 0.492661 0.00198716 0.2078 0.00405753
716 0.492649 0.00199358 0.2084 0.00406185
717 0.492559 0.00199117 0.2088 0.00406472
718 0.492833 0.00199222 0.2081 0.00405969
719 0.493147 0.00198973 0.2085 0.00406256
720 0.493617 0.00199303 0.2078 0.00405753
721 0.49367 0.00200243 0.2085 0.00406256
722 0.493525 0.00199931 0.2061 0.00404523
723 0.493345 0.00200006 0.2076 0.00405609
724 0.493099 0.00199957 0.2047 0.00403502
725 0.493289 0.00200162 0.2068 0.00405031
726 0.493723 0.00200213 0.2093 0.00406829
727 0.493981 0.00200062 0.2064 0.00404741
728 0.493716 0.00199939 0.206 0.00404451
729 0.493416 0.00200001 0.2081 0.00405969
730 0.492728 0.00199848 0.2088 0.00406472
731 0.492499 0.00199142 0.2075 0.00405537
732 0.492706 0.00199473 0.2062 0.00404596
733 0.492748 0.00199299 0.2102 0.00407471
734 0.493215 0.00199536 0.2104 0.00407613
735 0.492953 0.00200076 0.2087 0.004064
736 0.492985 0.00200285 0.2088 0.00406472
737 0.493431 0.0020063 0.2089 0.00406543
738 0.493566 0.00200418 0.2053 0.00403941
739 0.493502 0.00200258 0.2088 0.00406472
740 0.493592 0.00200629 0.2105 0.00407684
741 0.494296 0.00200372 0.2088 0.00406472
742 0.494501 0.00200425 0.2068 0.00405031
743 0.494118 0.00200496 0.2078 0.00405753
744 0.494043 0.00200379 0.2081 0.00405969
745 0.494753 0.00200898 0.2059 0.00404378
746 0.4951 0.00201133 0.2037 0.00402769
747 0.49452 0.00200765 0.2042 0.00403136
748 0.494683 0.00200372 0.2026 0.00401957
749 0.494743 0.00200418 0.2021 0.00401587
750 0.495497 0.00200626 0.2036 0.00402695
751 0.495789 0.00200546 0.204 0.00402989
752 0.496009 0.00200884 0.2043 0.00403209
753 0.496021 0.00201363 0.2023 0.00401735
754 0.496012 0.00201016 0.2015 0.00401141
755 0.496604 0.00201034 0.2021 0.00401587
756 0.496824 0.00200987 0.2038 0.00402842
757 0.496671 0.0020064 0.2034 0.00402548
758 0.4966 0.0020078 0.2055 0.00404087
759 0.496673 0.00200681 0.204 0.00402989
760 0.496819 0.00200092 0.2022 0.00401661
761 0.496714 0.00199643 0.2036 0.00402695
762 0.496676 0.00200043 0.2024 0.00401809
763 0.496055 0.00199791 0.2061 0.00404523
764 0.49576 0.00199619 0.2045 0.00403356
765 0.496062 0.0019978 0.204 0.00402989
766 0.496194 0.00199353 0.2018 0.00401364
767 0.49632 0.0019954 0.2008 0.00400619
768 0.496173 0.00199868 0.2036 0.00402695
769 0.496249 0.00200074 0.2022 0.00401661
770 0.496669 0.00200321 0.201 0.00400768
771 0.496321 0.00200924 0.206 0.00404451
772 0.496367 0.00200958 0.2043 0.00403209
773 0.496695 0.00201004 0.204 0.00402989
774 0.496685 0.00201052 0.2034 0.00402548
775 0.497565 0.00200866 0.2014 0.00401066
776 0.497634 0.00201074 0.202 0.00401512
777 0.498103 0.00201607 0.2004 0.0040032
778 0.498083 0.00201141 0.2001 0.00400095
779 0.498039 0.00201818 0.2034 0.00402548
780 0.497636 0.00201747 0.2028 0.00402105
781 0.497484 0.00201923 0.2065 0.00404814
782 0.497684 0.00202122 0.2068 0.00405031
783 0.498395 0.00201824 0.2048 0.00403576
784 0.498371 0.00201796 0.204 0.00402989
785 0.498499 0.00201758 0.2048 0.00403576
786 0.497994 0.00201446 0.2032 0.004024
787 0.498698 0.00200985 0.2022 0.00401661
788 0.498896 0.00200933 0.2022 0.00401661
789 0.498955 0.00201362 0.2039 0.00402916
790 0.499635 0.00201156 0.2019 0.00401438
791 0.499546 0.00200888 0.2015 0.00401141
792 0.499856 0.00201104 0.201 0.00400768
793 0.49922 0.00200881 0.2013 0.00400992
794 0.498963 0.00201288 0.2015 0.00401141
795 0.499434 0.00202098 0.203 0.00402253
796 0.49901 0.00202689 0.2022 0.00401661
797 0.498805 0.00202524 0.2031 0.00402326
798 0.498469 0.00201806 0.2018 0.00401364
799 0.498756 0.00201803 0.2003 0.00400245
800 0.498519 0.00202078 0.2004 0.0040032
801 0.498088 0.00202053 0.2023 0.00401735
802 0.497787 0.00202249 0.2023 0.00401735
803 0.498942 0.00201498 0.1984 0.00398815
804 0.49872 0.00201709 0.1995 0.00399644
805 0.499074 0.00201131 0.1972 0.00397905
806 0.498899 0.00201412 0.2009 0.00400693
807 0.498848 0.00201571 0.2009 0.00400693
808 0.499103 0.0020113 0.1964 0.00397294
809 0.498593 0.00201656 0.2002 0.0040017
810 0.498855 0.00201819 0.2016 0.00401215
811 0.498671 0.00201611 0.2002 0.0040017
812 0.498872 0.0020161 0.2032 0.004024
813 0.499184 0.00201661 0.2021 0.00401587
814 0.49876 0.00201754 0.2004 0.0040032
815 0.498993 0.00201571 0.1997 0.00399795
816 0.499227 0.00201389 0.2006 0.00400469
817 0.499506 0.00201628 0.199 0.00399268
818 0.498625 0.00201258 0.2006 0.00400469
819 0.499087 0.00201236 0.2012 0.00400917
820 0.499376 0.002014 0.2015 0.00401141
821 0.498934 0.00200912 0.2016 0.00401215
822 0.498934 0.0020211 0.2019 0.00401438
823 0.498776 0.00202495 0.2005 0.00400395
824 0.499017 0.00202575 0.1994 0.00399569
825 0.499301 0.00202089 0.1998 0.0039987
826 0.499514 0.00202444 0.1997 0.00399795
827 0.499334 0.00202702 0.2008 0.00400619
828 0.499302 0.00202689 0.202 0.00401512
829 0.499214 0.00203037 0.2031 0.00402326
830 0.498666 0.00202732 0.2015 0.00401141
831 0.498178 0.00201987 0.201 0.00400768
832 0.497964 0.0020152 0.2023 0.00401735
833 0.498028 0.00201241 0.2003 0.00400245
834 0.498408 0.0020194 0.2014 0.00401066
835 0.498628 0.00201595 0.2029 0.00402179
836 0.498746 0.00201716 0.202 0.00401512
837 0.498607 0.00201524 0.202 0.00401512
838 0.498775 0.00201316 0.203 0.00402253
839 0.498967 0.00201177 0.2043 0.00403209
840 0.498791 0.00201425 0.2022 0.00401661
841 0.498842 0.00201675 0.2021 0.00401587
842 0.498228 0.00201835 0.205 0.00403722
843 0.498205 0.0020156 0.202 0.00401512
844 0.498133 0.00200879 0.2022 0.00401661
845 0.49813 0.00200677 0.2013 0.00400992
846 0.498671 0.00200513 0.1995 0.00399644
847 0.498174 0.00201088 0.2011 0.00400843
848 0.497673 0.00201499 0.2025 0.00401883
849 0.497665 0.00201676 0.2009 0.00400693
850 0.497802 0.00201455 0.2024 0.00401809
851 0.497999 0.00201004 0.2017 0.00401289
852 0.4977 0.00201162 0.2025 0.00401883
853 0.497919 0.00201227 0.2011 0.00400843
854 0.498115 0.0020084 0.2 0.0040002
855 0.499038 0.00201057 0.2016 0.00401215
856 0.498741 0.00201041 0.1996 0.0039972
857 0.49979 0.00201505 0.1985 0.00398891
858 0.499798 0.00201352 0.1944 0.00395758
859 0.49957 0.00201497 0.1994 0.00399569
860 0.499772 0.00201689 0.1985 0.00398891
861 0.50022 0.00201565 0.195 0.00396221
862 0.500501 0.00201485 0.196 0.00396988
863 0.500595 0.00201734 0.1949 0.00396144
864 0.50131 0.00201922 0.1936 0.00395139
865 0.501127 0.00201859 0.1937 0.00395216
866 0.500805 0.00201665 0.1943 0.00395681
867 0.500926 0.00201702 0.1919 0.00393815
868 0.50036 0.00201521 0.196 0.00396988
869 0.500702 0.00201008 0.1937 0.00395216
870 0.500249 0.00201283 0.1959 0.00396912
871 0.500399 0.00201503 0.1965 0.00397371
872 0.500153 0.00201701 0.1964 0.00397294
873 0.501048 0.00201557 0.1955 0.00396605
874 0.501444 0.00201755 0.1924 0.00394205
875 0.501341 0.00201654 0.193 0.00394673
876 0.50166 0.00201576 0.1936 0.00395139
877 0.502118 0.00201128 0.191 0.00393109
878 0.501876 0.00201472 0.1929 0.00394595
879 0.501779 0.00200975 0.1919 0.00393815
880 0.501969 0.00201157 0.1917 0.00393658
881 0.501313 0.00201389 0.1946 0.00395912
882 0.500313 0.00201833 0.1948 0.00396066
883 0.500197 0.0020175 0.1991 0.00399343
884 0.500151 0.00201332 0.197 0.00397752
885 0.49992 0.00200902 0.1959 0.00396912
886 0.499686 0.00200348 0.1946 0.00395912
887 0.500134 0.00200105 0.1922 0.00394049
888 0.500296 0.0020003 0.1914 0.00393423
889 0.500328 0.00200201 0.1908 0.00392951
890 0.500461 0.0020057 0.1941 0.00395526
891 0.500046 0.00199893 0.1933 0.00394906
892 0.499732 0.00199994 0.1929 0.00394595
893 0.500279 0.00199743 0.1905 0.00392715
894 0.500495 0.00199691 0.1912 0.00393266
895 0.500404 0.00199706 0.1911 0.00393187
896 0.499972 0.00199696 0.1921 0.00393971
897 0.500151 0.00199629 0.1938 0.00395294
898 0.500365 0.00199366 0.1899 0.00392241
899 0.499767 0.00199337 0.1944 0.00395758
900 0.499552 0.00199272 0.1929 0.00394595
901 0.499816 0.00198964 0.1917 0.00393658
902 0.499378 0.00198807 0.1919 0.00393815
903 0.499778 0.00199091 0.1897 0.00392083
904 0.49977 0.00199239 0.1935 0.00395061
905 0.499425 0.00199414 0.1943 0.00395681
906 0.499612 0.00198871 0.194 0.00395449
907 0.50037 0.00199114 0.1931 0.00394751
908 0.501192 0.00198874 0.1918 0.00393736
909 0.501177 0.00198533 0.1909 0.0039303
910 0.50107 0.00198762 0.1911 0.00393187
911 0.501055 0.00198764 0.1917 0.00393658
912 0.501081 0.00198697 0.191 0.00393109
913 0.500989 0.00199109 0.1905 0.00392715
914 0.501204 0.00198874 0.1899 0.00392241
915 0.50114 0.00199153 0.1893 0.00391766
916 0.501202 0.00198557 0.1912 0.00393266
917 0.501161 0.0019924 0.1929 0.00394595
918 0.501003 0.00199379 0.1951 0.00396297
919 0.501204 0.00199053 0.1954 0.00396528
920 0.500787 0.00199392 0.1951 0.00396297
921 0.501398 0.00198547 0.1917 0.00393658
922 0.502196 0.00198846 0.1917 0.00393658
923 0.502413 0.00198422 0.1903 0.00392557
924 0.502153 0.00198539 0.1907 0.00392873
925 0.50229 0.00198487 0.1892 0.00391687
926 0.501963 0.00198454 0.1901 0.003924
927 0.501881 0.0019862 0.1899 0.00392241
928 0.502571 0.00199437 0.19 0.00392321
929 0.502753 0.00199481 0.1894 0.00391846
930 0.502716 0.00199924 0.1922 0.00394049
931 0.503211 0.00200306 0.1926 0.00394361
932 0.503428 0.00199746 0.1908 0.00392951
933 0.503643 0.00199782 0.1927 0.00394439
934 0.503043 0.00200135 0.1945 0.00395835
935 0.502325 0.00199834 0.1949 0.00396144
936 0.50227 0.00200029 0.193 0.00394673
937 0.502717 0.00199627 0.1919 0.00393815
938 0.502113 0.00199776 0.1928 0.00394517
939 0.502152 0.00199633 0.1949 0.00396144
940 0.501562 0.00199119 0.1955 0.00396605
941 0.501269 0.00199512 0.1965 0.00397371
942 0.501418 0.00198739 0.1942 0.00395603
943 0.500777 0.00198688 0.1955 0.00396605
944 0.50093 0.00199092 0.1984 0.00398815
945 0.500596 0.0019936 0.1967 0.00397523
946 0.500631 0.00199261 0.1942 0.00395603
947 0.501069 0.00198817 0.1936 0.00395139
948 0.500809 0.00198969 0.1919 0.00393815
949 0.501082 0.00199236 0.1924 0.00394205
950 0.501533 0.00198813 0.1935 0.00395061
951 0.501277 0.00199165 0.1936 0.00395139
952 0.501039 0.00199651 0.1947 0.00395989
953 0.501378 0.00200213 0.1939 0.00395371
954 0.501757 0.00199796 0.1921 0.00393971
955 0.501877 0.00199619 0.1911 0.00393187
956 0.501738 0.00199576 0.1925 0.00394283
957 0.501903 0.00200337 0.193 0.00394673
958 0.501478 0.00199776 0.1935 0.00395061
959 0.501871 0.00199373 0.1932 0.00394828
960 0.502183 0.00199157 0.1941 0.00395526
961 0.502194 0.00199274 0.1917 0.00393658
962 0.502097 0.00198955 0.1909 0.0039303
963 0.502343 0.00199007 0.1874 0.00390252
964 0.502266 0.00198508 0.1886 0.0039121
965 0.502174 0.00198586 0.1894 0.00391846
966 0.501836 0.00198824 0.1894 0.00391846
967 0.501131 0.00198598 0.1919 0.00393815
968 0.500909 0.0019861 0.195 0.00396221
969 0.501403 0.00198695 0.1914 0.00393423
970 0.501701 0.00198366 0.1891 0.00391608
971 0.50198 0.00198241 0.1887 0.0039129
972 0.501938 0.0019791 0.1905 0.00392715
973 0.502021 0.00197472 0.1914 0.00393423
974 0.502001 0.00197169 0.1903 0.00392557
975 0.501856 0.00197199 0.19 0.00392321
976 0.501806 0.00197019 0.1895 0.00391925
977 0.501775 0.00196765 0.1884 0.00391051
978 0.502371 0.00197173 0.1886 0.0039121
979 0.502228 0.00196998 0.1885 0.0039113
980 0.502296 0.00196957 0.1892 0.00391687
981 0.501903 0.00197282 0.1906 0.00392794
982 0.501566 0.00197493 0.1901 0.003924
983 0.501609 0.00197443 0.1921 0.00393971
984 0.501269 0.00197598 0.1913 0.00393344
985 0.501506 0.00197582 0.1891 0.00391608
986 0.501307 0.00197695 0.1892 0.00391687
987 0.501407 0.00197438 0.1888 0.00391369
988 0.501247 0.00197569 0.1908 0.00392951
989 0.501449 0.00197877 0.1893 0.00391766
990 0.50115 0.00198318 0.19 0.00392321
991 0.500647 0.00197883 0.194 0.00395449
992 0.501084 0.00198185 0.1911 0.00393187
993 0.500942 0.0019856 0.1959 0.00396912
994 0.500621 0.00199038 0.1946 0.00395912
995 0.500161 0.00198756 0.1963 0.00397218
996 0.499324 0.00198616 0.1959 0.00396912
997 0.500114 0.00198911 0.1967 0.00397523
998 0.500015 0.00198854 0.1973 0.00397981
999 0.499361 0.00199231 0.1969 0.00397676
1000 0.499349 0.00199316 0.1978 0.0039836
1001 0.498877 0.0019938 0.1995 0.00399644
1002 0.49864 0.00199388 0.2012 0.00400917
1003 0.498973 0.00199738 0.1983 0.00398739
1004 0.499537 0.00199855 0.1966 0.00397447
1005 0.500016 0.00199703 0.1955 0.00396605
1006 0.499457 0.00199643 0.1976 0.00398209
1007 0.499445 0.00199357 0.1957 0.00396758
1008 0.49981 0.00198729 0.1938 0.00395294
1009 0.499984 0.00198705 0.195 0.00396221
1010 0.500351 0.00198595 0.1957 0.00396758
1011 0.500229 0.00198477 0.1939 0.00395371
1012 0.500402 0.00198129 0.1918 0.00393736
1013 0.500525 0.00198709 0.1924 0.00394205
1014 0.500657 0.00198502 0.196 0.00396988
1015 0.50093 0.00198714 0.1925 0.00394283
1016 0.500488 0.00198813 0.1944 0.00395758
1017 0.499952 0.00199005 0.1949 0.00396144
1018 0.499245 0.00199252 0.1967 0.00397523
1019 0.499886 0.00199475 0.1941 0.00395526
1020 0.500273 0.0019961 0.1949 0.00396144
1021 0.50059 0.00199299 0.1951 0.00396297
1022 0.500232 0.00199416 0.1985 0.00398891
1023 0.500141 0.00199788 0.1944 0.00395758
1024 0.499996 0.00200025 0.1948 0.00396066
1025 0.500316 0.00199848 0.1961 0.00397065
1026 0.500434 0.00199759 0.196 0.00396988
1027 0.500704 0.00199761 0.196 0.00396988
1028 0.501045 0.00199629 0.193 0.00394673
1029 0.500899 0.00200311 0.1945 0.00395835
1030 0.501047 0.00200225 0.1949 0.00396144
1031 0.501059 0.00200375 0.1937 0.00395216
1032 0.501064 0.00200982 0.1954 0.00396528
1033 0.500712 0.00200918 0.196 0.00396988
1034 0.500945 0.00200465 0.1956 0.00396682
1035 0.501127 0.0020061 0.1961 0.00397065
1036 0.500628 0.00200099 0.199 0.00399268
1037 0.500637 0.00200231 0.1976 0.00398209
1038 0.500564 0.0020004 0.1985 0.00398891
1039 0.500154 0.00200336 0.2 0.0040002
1040 0.499913 0.00200143 0.1957 0.00396758
1041 0.500128 0.00199495 0.196 0.00396988
1042 0.50011 0.00199575 0.1949 0.00396144
1043 0.500509 0.00199484 0.1943 0.00395681
1044 0.50064 0.00199514 0.1959 0.00396912
1045 0.500815 0.00200001 0.1962 0.00397141
1046 0.500588 0.00199063 0.1955 0.00396605
1047 0.500837 0.0019916 0.1964 0.00397294
1048 0.500512 0.00198596 0.1971 0.00397828
1049 0.500373 0.00198673 0.1958 0.00396835
1050 0.500742 0.0019894 0.1945 0.00395835
1051 0.500666 0.00199043 0.1952 0.00396374
1052 0.500688 0.00199358 0.1973 0.00397981
1053 0.500949 0.00199561 0.1949 0.00396144
1054 0.500975 0.00198734 0.1955 0.00396605
1055 0.501268 0.00198732 0.1932 0.00394828
1056 0.501151 0.00198421 0.1934 0.00394984
1057 0.500999 0.00198561 0.1899 0.00392241
1058 0.501553 0.00198623 0.1911 0.00393187
1059 0.501565 0.00198215 0.1923 0.00394127
1060 0.501378 0.0019882 0.1935 0.00395061
1061 0.501615 0.00198857 0.1939 0.00395371
1062 0.501728 0.00199259 0.1929 0.00394595
1063 0.501555 0.0019923 0.1948 0.00396066
1064 0.501756 0.00199418 0.1935 0.00395061
1065 0.50174 0.00199617 0.1925 0.00394283
1066 0.502091 0.00199365 0.1894 0.00391846
1067 0.502021 0.0019958 0.1908 0.00392951
1068 0.501956 0.00199197 0.1923 0.00394127
1069 0.502007 0.0019919 0.1914 0.00393423
1070 0.501756 0.00198651 0.192 0.00393893
1071 0.501281 0.00198738 0.193 0.00394673
1072 0.501186 0.00198554 0.193 0.00394673
1073 0.500925 0.00199204 0.1954 0.00396528
1074 0.500962 0.0019934 0.1953 0.00396451
1075 0.500264 0.00198981 0.1941 0.00395526
1076 0.500242 0.00199519 0.1968 0.003976
1077 0.500312 0.00199134 0.1957 0.00396758
1078 0.500773 0.00199181 0.1957 0.00396758
1079 0.500586 0.00198888 0.1949 0.00396144
1080 0.500626 0.00199282 0.1938 0.00395294
1081 0.500945 0.00199743 0.1938 0.00395294
1082 0.50109 0.00199856 0.193 0.00394673
1083 0.501102 0.00199175 0.1964 0.00397294
1084 0.500455 0.00199132 0.1929 0.00394595
1085 0.500605 0.00199222 0.1928 0.00394517
1086 0.50081 0.00198659 0.1905 0.00392715
1087 0.500699 0.00198332 0.1919 0.00393815
1088 0.500902 0.00198903 0.1918 0.00393736
1089 0.500897 0.00198899 0.1922 0.00394049
1090 0.500967 0.00199038 0.1912 0.00393266
1091 0.501109 0.00199207 0.1902 0.00392478
1092 0.501458 0.00198673 0.1912 0.00393266
1093 0.501161 0.00199081 0.1902 0.00392478
1094 0.501206 0.00199396 0.1909 0.0039303
1095 0.501355 0.00199486 0.1906 0.00392794
1096 0.501403 0.00199367 0.1913 0.00393344
1097 0.5014 0.00198869 0.1932 0.00394828
1098 0.501255 0.0019839 0.193 0.00394673
1099 0.501542 0.00198531 0.1918 0.00393736
1100 0.501443 0.00198269 0.1918 0.00393736
1101 0.501128 0.00198042 0.1918 0.00393736
1102 0.501131 0.00198719 0.193 0.00394673
1103 0.500814 0.00198526 0.1944 0.00395758
1104 0.501413 0.00198348 0.1887 0.0039129
1105 0.501298 0.00198386 0.1901 0.003924
1106 0.501176 0.00198909 0.1915 0.00393501
1107 0.500737 0.00198773 0.19 0.00392321
1108 0.501034 0.00198964 0.1921 0.00393971
1109 0.500418 0.00199108 0.1924 0.00394205
1110 0.5003 0.00198833 0.1939 0.00395371
1111 0.50071 0.00198168 0.1914 0.00393423
1112 0.500935 0.00198058 0.1908 0.00392951
1113 0.501665 0.00198196 0.19 0.00392321
1114 0.501231 0.00199067 0.192 0.00393893
1115 0.501323 0.00198967 0.1924 0.00394205
1116 0.501111 0.00198514 0.1931 0.00394751
1117 0.501303 0.00198854 0.1905 0.00392715
1118 0.501595 0.00199368 0.1929 0.00394595
1119 0.502218 0.00199967 0.192 0.00393893
1120 0.502205 0.00199558 0.1928 0.00394517
1121 0.502474 0.00199423 0.1911 0.00393187
1122 0.502398 0.00199493 0.1894 0.00391846
1123 0.5023 0.00199483 0.1877 0.00390492
1124 0.502063 0.00199622 0.1906 0.00392794
1125 0.502189 0.00199258 0.1891 0.00391608
1126 0.502463 0.00198757 0.1912 0.00393266
1127 0.502674 0.00198609 0.1899 0.00392241
1128 0.502547 0.001989 0.1941 0.00395526
1129 0.502038 0.00199138 0.1944 0.00395758
1130 0.501731 0.00198727 0.194 0.00395449
1131 0.50196 0.00198549 0.1927 0.00394439
1132 0.502184 0.00199056 0.1954 0.00396528
1133 0.502021 0.00199351 0.1957 0.00396758
1134 0.502013 0.00199168 0.1942 0.00395603
1135 0.502324 0.00199178 0.1936 0.00395139
1136 0.502066 0.0019859 0.1932 0.00394828
1137 0.501753 0.00198564 0.194 0.00395449
1138 0.501566 0.00198367 0.1922 0.00394049
1139 0.502051 0.00198867 0.1923 0.00394127
1140 0.502077 0.00198994 0.1914 0.00393423
1141 0.501057 0.00198895 0.194 0.00395449
1142 0.501108 0.00198961 0.1946 0.00395912
1143 0.500522 0.00198282 0.1947 0.00395989
1144 0.500724 0.00198581 0.1931 0.00394751
1145 0.500636 0.0019881 0.1944 0.00395758
1146 0.500169 0.00199084 0.1961 0.00397065
1147 0.50035 0.00199082 0.195 0.00396221
1148 0.499814 0.00198451 0.1928 0.00394517
1149 0.500249 0.00198675 0.1936 0.00395139
1150 0.500627 0.00198673 0.1943 0.00395681
1151 0.500259 0.00198849 0.1973 0.00397981
1152 0.500032 0.00199153 0.1976 0.00398209
1153 0.500129 0.00198957 0.1975 0.00398133
1154 0.50035 0.0019894 0.1962 0.00397141
1155 0.500236 0.0019934 0.1957 0.00396758
1156 0.500584 0.00198635 0.1955 0.00396605
1157 0.500508 0.00198594 0.1938 0.00395294
1158 0.500764 0.00199034 0.1986 0.00398966
1159 0.500846 0.00199088 0.1959 0.00396912
1160 0.500739 0.00199539 0.1939 0.00395371
1161 0.500771 0.00199683 0.1966 0.00397447
1162 0.50067 0.00199652 0.1953 0.00396451
1163 0.500421 0.00199911 0.1946 0.00395912
1164 0.500231 0.00200103 0.1971 0.00397828
1165 0.499758 0.00200158 0.1965 0.00397371
1166 0.499245 0.00200262 0.197 0.00397752
1167 0.499029 0.00200315 0.1993 0.00399494
1168 0.498857 0.00199995 0.1996 0.0039972
1169 0.499017 0.00200002 0.197 0.00397752
1170 0.499248 0.00200428 0.1998 0.0039987
1171 0.499264 0.00201123 0.1994 0.00399569
1172 0.498864 0.00201089 0.1987 0.00399042
1173 0.498631 0.00201425 0.1986 0.00398966
1174 0.498091 0.00201263 0.1993 0.00399494
1175 0.497899 0.00201395 0.1991 0.00399343
1176 0.498205 0.00201265 0.1991 0.00399343
1177 0.498069 0.00200742 0.1969 0.00397676
1178 0.497611 0.00200971 0.1994 0.00399569
1179 0.497714 0.00200704 0.1984 0.00398815
1180 0.497851 0.00200518 0.1977 0.00398285
1181 0.498571 0.00200897 0.1976 0.00398209
1182 0.49867 0.00200771 0.1989 0.00399193
1183 0.499051 0.0020021 0.1983 0.00398739
1184 0.498567 0.00200634 0.1998 0.0039987
1185 0.498651 0.00200586 0.1981 0.00398588
1186 0.498871 0.00200969 0.198 0.00398512
1187 0.499329 0.00200556 0.1957 0.00396758
1188 0.499723 0.00200671 0.1954 0.00396528
1189 0.49985 0.00200317 0.1941 0.00395526
1190 0.499466 0.00199983 0.1953 0.00396451
1191 0.499519 0.00199008 0.1943 0.00395681
1192 0.499143 0.00198898 0.1963 0.00397218
1193 0.499192 0.00198923 0.1962 0.00397141
1194 0.499266 0.0019923 0.1959 0.00396912
1195 0.499087 0.00199435 0.1965 0.00397371
1196 0.498346 0.00199441 0.1968 0.003976
1197 0.498705 0.00199644 0.197 0.00397752
1198 0.498702 0.00199101 0.2007 0.00400544
1199 0.498861 0.00199637 0.197 0.00397752
1200 0.4988 0.00199691 0.1957 0.00396758
1201 0.499111 0.00199508 0.1972 0.00397905
1202 0.498706 0.00200058 0.1993 0.00399494
1203 0.498906 0.00200046 0.1979 0.00398436
1204 0.499205 0.00200256 0.1985 0.00398891
1205 0.499548 0.00200414 0.1981 0.00398588
1206 0.49941 0.00200519 0.1985 0.00398891
1207 0.49961 0.00199792 0.1983 0.00398739
1208 0.499467 0.00199486 0.1991 0.00399343
1209 0.499297 0.00199393 0.1978 0.0039836
1210 0.499291 0.0019913 0.1956 0.00396682
1211 0.49975 0.00199212 0.1922 0.00394049
1212 0.499533 0.00199501 0.1946 0.00395912
1213 0.500312 0.00199987 0.1927 0.00394439
1214 0.499783 0.00200185 0.1932 0.00394828
1215 0.499866 0.00200243 0.1916 0.0039358
1216 0.50018 0.00200097 0.1923 0.00394127
1217 0.500034 0.00199884 0.1926 0.00394361
1218 0.500453 0.00200072 0.1922 0.00394049
1219 0.500011 0.00199544 0.1927 0.00394439
1220 0.499866 0.00199256 0.1943 0.00395681
1221 0.499434 0.00199077 0.194 0.00395449
1222 0.49919 0.00199454 0.1948 0.00396066
1223 0.499363 0.00199234 0.1953 0.00396451
1224 0.499238 0.00198773 0.1937 0.00395216
1225 0.499073 0.00199087 0.1948 0.00396066
1226 0.498951 0.00198878 0.1898 0.00392162
1227 0.499026 0.0019921 0.1929 0.00394595
1228 0.498629 0.00198751 0.1939 0.00395371
1229 0.49889 0.00198981 0.1945 0.00395835
1230 0.498998 0.00199404 0.195 0.00396221
1231 0.498998 0.00199887 0.1948 0.00396066
1232 0.49912 0.00200031 0.1966 0.00397447
1233 0.499275 0.0020004 0.1978 0.0039836
1234 0.499244 0.00200005 0.1957 0.00396758
1235 0.499271 0.00200257 0.1971 0.00397828
1236 0.499275 0.00200277 0.1966 0.00397447
1237 0.499179 0.0020023 0.1963 0.00397218
1238 0.499734 0.00200331 0.1967 0.00397523
1239 0.499997 0.00199802 0.1945 0.00395835
1240 0.49992 0.00199361 0.195 0.00396221
1241 0.500135 0.0019916 0.1937 0.00395216
1242 0.500244 0.00198962 0.1905 0.00392715
1243 0.499854 0.0019897 0.1924 0.00394205
1244 0.49924 0.00198612 0.1909 0.0039303
1245 0.499991 0.00198493 0.1925 0.00394283
1246 0.499871 0.0019884 0.1954 0.00396528
1247 0.500608 0.0019872 0.1929 0.00394595
1248 0.50053 0.00198515 0.1924 0.00394205
1249 0.50039 0.00198337 0.1947 0.00395989
1250 0.500308 0.00198517 0.1958 0.00396835
1251 0.50025 0.00198709 0.1966 0.00397447
1252 0.499965 0.00198789 0.1944 0.00395758
1253 0.500621 0.00198784 0.1955 0.00396605
1254 0.500343 0.00199058 0.1938 0.00395294
1255 0.500717 0.00199629 0.196 0.00396988
1256 0.501382 0.00199383 0.1948 0.00396066
1257 0.500967 0.00199415 0.1945 0.00395835
1258 0.50053 0.00199455 0.1974 0.00398057
1259 0.500243 0.00199416 0.1984 0.00398815
1260 0.500235 0.00199043 0.198 0.00398512
1261 0.500199 0.0019928 0.1973 0.00397981
1262 0.500012 0.00199119 0.1961 0.00397065
1263 0.49941 0.00199319 0.1963 0.00397218
1264 0.499001 0.0019947 0.1977 0.00398285
1265 0.498829 0.00199019 0.194 0.00395449
1266 0.499256 0.0019901 0.195 0.00396221
1267 0.49846 0.00198374 0.1995 0.00399644
1268 0.498713 0.0019851 0.1976 0.00398209
1269 0.498993 0.00198478 0.1975 0.00398133
1270 0.499276 0.00198743 0.1956 0.00396682
1271 0.499101 0.00197907 0.1935 0.00395061
1272 0.499491 0.00198747 0.1953 0.00396451
1273 0.499181 0.00198787 0.1937 0.00395216
1274 0.498954 0.00198303 0.1939 0.00395371
1275 0.499236 0.00198965 0.1947 0.00395989
1276 0.499456 0.00198681 0.1953 0.00396451
1277 0.499462 0.00198339 0.195 0.00396221
1278 0.500186 0.00198584 0.1947 0.00395989
1279 0.500127 0.00198854 0.1944 0.00395758
1280 0.500487 0.00199348 0.1943 0.00395681
1281 0.500197 0.00199561 0.1949 0.00396144
1282 0.500501 0.0019906 0.1936 0.00395139
1283 0.500771 0.00198996 0.1913 0.00393344
1284 0.501456 0.00199451 0.1942 0.00395603
1285 0.501289 0.00199504 0.195 0.00396221
1286 0.500841 0.00199667 0.1941 0.00395526
1287 0.50089 0.00199481 0.1946 0.00395912
1288 0.500896 0.00198903 0.1937 0.00395216
1289 0.501699 0.00199118 0.1913 0.00393344
1290 0.501782 0.00198896 0.1887 0.0039129
1291 0.501931 0.00198777 0.1898 0.00392162
1292 0.502175 0.00199147 0.1897 0.00392083
1293 0.501833 0.00199308 0.1914 0.00393423
1294 0.502084 0.00199173 0.1915 0.00393501
1295 0.502062 0.00199032 0.1937 0.00395216
1296 0.502016 0.00198709 0.191 0.00393109
1297 0.501487 0.00198873 0.1935 0.00395061
1298 0.501398 0.00198923 0.1915 0.00393501
1299 0.501569 0.00199629 0.1944 0.00395758
1300 0.501239 0.00199423 0.1936 0.00395139
1301 0.501607 0.00199791 0.1946 0.00395912
1302 0.502061 0.00199777 0.194 0.00395449
1303 0.502301 0.00199698 0.1907 0.00392873
1304 0.502789 0.00200387 0.1903 0.00392557
1305 0.502903 0.00201067 0.1918 0.00393736
1306 0.503216 0.00200347 0.1913 0.00393344
1307 0.503628 0.00200198 0.1891 0.00391608
1308 0.503887 0.00200062 0.1869 0.00389851
1309 0.504255 0.00200059 0.1896 0.00392004
1310 0.503686 0.00200028 0.1876 0.00390412
1311 0.503335 0.0019981 0.1894 0.00391846
1312 0.503201 0.0019932 0.1897 0.00392083
1313 0.503468 0.00199337 0.1918 0.00393736
1314 0.50331 0.00198933 0.1906 0.00392794
1315 0.502956 0.00199185 0.1908 0.00392951
1316 0.5029 0.00199475 0.1906 0.00392794
1317 0.502789 0.00199147 0.1914 0.00393423
1318 0.502167 0.00199346 0.1913 0.00393344
1319 0.501979 0.00199015 0.1915 0.00393501
1320 0.501435 0.00198898 0.196 0.00396988
1321 0.501558 0.00198749 0.1953 0.00396451
1322 0.501515 0.00198952 0.1925 0.00394283
1323 0.501435 0.0019928 0.1925 0.00394283
1324 0.501631 0.00198809 0.1937 0.00395216
1325 0.501677 0.00198862 0.1943 0.00395681
1326 0.501723 0.00198751 0.1921 0.00393971
1327 0.501734 0.0019819 0.1912 0.00393266
1328 0.501824 0.00198031 0.1914 0.00393423
1329 0.501678 0.00197912 0.1917 0.00393658
1330 0.5015 0.00198106 0.1914 0.00393423
1331 0.501246 0.00198321 0.1909 0.0039303
1332 0.500958 0.00198149 0.1902 0.00392478
1333 0.500617 0.00197831 0.1943 0.00395681
1334 0.500898 0.00197824 0.1922 0.00394049
1335 0.501372 0.00198183 0.1922 0.00394049
1336 0.501404 0.00197941 0.1896 0.00392004
1337 0.501764 0.00198126 0.1892 0.00391687
1338 0.502432 0.00198141 0.1899 0.00392241
1339 0.501941 0.00197902 0.1867 0.0038969
1340 0.501871 0.00198395 0.1903 0.00392557
1341 0.501953 0.00198579 0.1927 0.00394439
1342 0.50181 0.00198476 0.1904 0.00392636
1343 0.501941 0.0019943 0.1934 0.00394984
1344 0.50254 0.00200028 0.1938 0.00395294
1345 0.502355 0.00199822 0.1952 0.00396374
1346 0.50215 0.00199589 0.1941 0.00395526
1347 0.502079 0.0019935 0.1971 0.00397828
1348 0.501807 0.00199618 0.1936 0.00395139
1349 0.502293 0.00197999 0.1921 0.00393971
1350 0.502171 0.00198085 0.1918 0.00393736
1351 0.502249 0.00197882 0.1941 0.00395526
1352 0.502184 0.00198472 0.1945 0.00395835
1353 0.501744 0.00198886 0.1955 0.00396605
1354 0.501758 0.00198572 0.193 0.00394673
1355 0.501214 0.00198736 0.1965 0.00397371
1356 0.501466 0.00198278 0.1956 0.00396682
1357 0.501667 0.00198631 0.1986 0.00398966
1358 0.501419 0.00198554 0.1976 0.00398209
1359 0.501218 0.00198187 0.1963 0.00397218
1360 0.501749 0.00197576 0.195 0.00396221
1361 0.501699 0.00197804 0.1949 0.00396144
1362 0.501676 0.00197983 0.1955 0.00396605
1363 0.50152 0.00197217 0.1964 0.00397294
1364 0.501868 0.00197218 0.1962 0.00397141
1365 0.502436 0.00197211 0.1932 0.00394828
1366 0.502171 0.0019782 0.1953 0.00396451
1367 0.50192 0.00197565 0.1957 0.00396758
1368 0.502055 0.00197139 0.1935 0.00395061
1369 0.501827 0.00197547 0.197 0.00397752
1370 0.502166 0.00197711 0.1927 0.00394439
1371 0.502125 0.00197455 0.1902 0.00392478
1372 0.502344 0.00197113 0.1891 0.00391608
1373 0.50196 0.00197538 0.1894 0.00391846
1374 0.501723 0.00197225 0.1909 0.0039303
1375 0.50177 0.00196707 0.1911 0.00393187
1376 0.502022 0.00196799 0.1896 0.00392004
1377 0.502032 0.00196458 0.1905 0.00392715
1378 0.502473 0.00195986 0.1893 0.00391766
1379 0.502948 0.00196261 0.1898 0.00392162
1380 0.502906 0.00196442 0.1907 0.00392873
1381 0.503088 0.00197227 0.1877 0.00390492
1382 0.503529 0.00197321 0.1877 0.00390492
1383 0.50331 0.00197287 0.1892 0.00391687
1384 0.503478 0.00197007 0.1866 0.0038961
1385 0.503282 0.00197197 0.1885 0.0039113
1386 0.502992 0.00197423 0.1885 0.0039113
1387 0.5025 0.0019728 0.1899 0.00392241
1388 0.502851 0.00197751 0.1891 0.00391608
1389 0.503151 0.00198091 0.1903 0.00392557
1390 0.503677 0.00197967 0.1875 0.00390332
1391 0.50381 0.00197796 0.1862 0.00389287
1392 0.503487 0.00197958 0.1841 0.00387585
1393 0.503514 0.00197754 0.1852 0.00388479
1394 0.503267 0.00197548 0.1866 0.0038961
1395 0.503249 0.0019799 0.189 0.00391528
1396 0.503138 0.00197356 0.1879 0.00390652
1397 0.502888 0.00197557 0.1898 0.00392162
1398 0.502472 0.00197612 0.1888 0.00391369
1399 0.502813 0.00197967 0.1877 0.00390492
1400 0.502471 0.00198179 0.1898 0.00392162
1401 0.502254 0.00198189 0.1876 0.00390412
1402 0.502394 0.00197694 0.1865 0.00389529
1403 0.503009 0.00197832 0.1857 0.00388884
1404 0.503023 0.00197729 0.1845 0.00387911
1405 0.502993 0.00197245 0.1884 0.00391051
1406 0.502883 0.0019745 0.1891 0.00391608
1407 0.502544 0.0019748 0.188 0.00390732
1408 0.502946 0.00197279 0.1875 0.00390332
1409 0.503023 0.00197346 0.189 0.00391528
1410 0.502957 0.00197521 0.1928 0.00394517
1411 0.503748 0.0019775 0.1891 0.00391608
1412 0.503897 0.0019751 0.1901 0.003924
1413 0.5033 0.00197553 0.1907 0.00392873
1414 0.503129 0.00197295 0.1877 0.00390492
1415 0.503137 0.00197767 0.1922 0.00394049
1416 0.503232 0.00197808 0.1926 0.00394361
1417 0.50283 0.00197594 0.1899 0.00392241
1418 0.50257 0.00198191 0.1934 0.00394984
1419 0.502428 0.00198179 0.192 0.00393893
1420 0.502479 0.00198471 0.1934 0.00394984
1421 0.502515 0.00198051 0.1935 0.00395061
1422 0.501975 0.00198502 0.1955 0.00396605
1423 0.502318 0.0019882 0.1918 0.00393736
1424 0.502378 0.0019885 0.1923 0.00394127
1425 0.50187 0.0019886 0.1924 0.00394205
1426 0.50134 0.00198943 0.1908 0.00392951
1427 0.50149 0.00198935 0.1921 0.00393971
1428 0.501761 0.0019862 0.1922 0.00394049
1429 0.502441 0.00198929 0.1917 0.00393658
1430 0.502342 0.00198709 0.191 0.00393109
1431 0.502734 0.0019828 0.1884 0.00391051
1432 0.50265 0.00198205 0.1872 0.00390091
1433 0.502653 0.0019767 0.1872 0.00390091
1434 0.502972 0.00197409 0.1862 0.00389287
1435 0.502552 0.00197754 0.1899 0.00392241
1436 0.501997 0.0019782 0.1888 0.00391369
1437 0.502298 0.00197738 0.1889 0.00391449
1438 0.502482 0.00197685 0.1907 0.00392873
1439 0.502797 0.00198139 0.1905 0.00392715
1440 0.50274 0.00198601 0.1908 0.00392951
1441 0.503042 0.00198715 0.1905 0.00392715
1442 0.502809 0.00198662 0.1904 0.00392636
1443 0.502713 0.00198526 0.192 0.00393893
1444 0.502631 0.0019832 0.1905 0.00392715
1445 0.501865 0.00198611 0.1911 0.00393187
1446 0.502336 0.0019844 0.1916 0.0039358
1447 0.502711 0.00198365 0.1894 0.00391846
1448 0.502308 0.00198276 0.1922 0.00394049
1449 0.502321 0.00198452 0.1899 0.00392241
1450 0.502858 0.0019851 0.1905 0.00392715
1451 0.504029 0.00199006 0.1847 0.00388073
1452 0.504169 0.00198179 0.1869 0.00389851
1453 0.503643 0.00198124 0.1881 0.00390812
1454 0.503591 0.00198397 0.1897 0.00392083
1455 0.503191 0.00198701 0.1905 0.00392715
1456 0.503385 0.00198637 0.1894 0.00391846
1457 0.503138 0.00199472 0.1899 0.00392241
1458 0.502936 0.00198973 0.1897 0.00392083
1459 0.503015 0.00198823 0.1897 0.00392083
1460 0.502389 0.00199077 0.1935 0.00395061
1461 0.502075 0.00199405 0.1955 0.00396605
1462 0.502861 0.00199388 0.1955 0.00396605
1463 0.502625 0.00199396 0.1916 0.0039358
1464 0.502571 0.00199666 0.1921 0.00393971
1465 0.502445 0.00200243 0.1918 0.00393736
1466 0.502228 0.00200838 0.1926 0.00394361
1467 0.501875 0.00201128 0.191 0.00393109
1468 0.501816 0.00200554 0.1941 0.00395526
1469 0.501593 0.00200458 0.1927 0.00394439
1470 0.501651 0.00199883 0.1944 0.00395758
1471 0.501251 0.00199707 0.1962 0.00397141
1472 0.501578 0.00199742 0.1937 0.00395216
1473 0.501677 0.00199433 0.1924 0.00394205
1474 0.501788 0.00200001 0.1934 0.00394984
1475 0.502417 0.00200454 0.1935 0.00395061
1476 0.50233 0.00199954 0.1932 0.00394828
1477 0.50238 0.0019982 0.1948 0.00396066
1478 0.501909 0.0019996 0.1953 0.00396451
1479 0.501544 0.00199939 0.1937 0.00395216
1480 0.501315 0.00199532 0.1918 0.00393736
1481 0.501506 0.00199352 0.1942 0.00395603
1482 0.501241 0.0019961 0.1962 0.00397141
1483 0.501668 0.00199781 0.1952 0.00396374
1484 0.501604 0.00200655 0.1929 0.00394595
1485 0.501331 0.0020039 0.194 0.00395449
1486 0.501474 0.0019997 0.1926 0.00394361
1487 0.501808 0.00199531 0.1947 0.00395989
1488 0.502085 0.00199298 0.193 0.00394673
1489 0.502427 0.00199332 0.1908 0.00392951
1490 0.50169 0.00199001 0.1923 0.00394127
1491 0.501184 0.00198916 0.1929 0.00394595
1492 0.501945 0.00199291 0.1901 0.003924
1493 0.501738 0.0019898 0.1906 0.00392794
1494 0.502024 0.00198702 0.1898 0.00392162
1495 0.502043 0.00198795 0.1903 0.00392557
1496 0.502483 0.00199015 0.1909 0.0039303
1497 0.502731 0.00198945 0.1906 0.00392794
1498 0.503035 0.0019948 0.1916 0.0039358
1499 0.502899 0.00199307 0.1915 0.00393501
1500 0.502184 0.00199529 0.1924 0.00394205
1501 0.502253 0.0019952 0.1923 0.00394127
1502 0.501644 0.00199509 0.1928 0.00394517
1503 0.501475 0.00199768 0.1942 0.00395603
1504 0.501668 0.00199412 0.1898 0.00392162
1505 0.501747 0.00199182 0.1917 0.00393658
1506 0.501246 0.00199596 0.1931 0.00394751
1507 0.501207 0.00199486 0.1925 0.00394283
1508 0.500817 0.00199716 0.1929 0.00394595
1509 0.500508 0.00199863 0.1938 0.00395294
1510 0.499971 0.0019994 0.1953 0.00396451
1511 0.500306 0.00199404 0.1936 0.00395139
1512 0.500358 0.00200244 0.1969 0.00397676
1513 0.500114 0.00199445 0.1951 0.00396297
1514 0.500506 0.00200129 0.1962 0.00397141
1515 0.500921 0.00200368 0.1977 0.00398285
1516 0.500547 0.00200349 0.1959 0.00396912
1517 0.500622 0.00200312 0.1955 0.00396605
1518 0.501384 0.00200555 0.1923 0.00394127
1519 0.50118 0.00199972 0.1951 0.00396297
1520 0.501243 0.00199798 0.1946 0.00395912
1521 0.501116 0.00200293 0.1969 0.00397676
1522 0.501121 0.00200124 0.1954 0.00396528
1523 0.50062 0.0020051 0.1959 0.00396912
1524 0.500925 0.00200451 0.1939 0.00395371
1525 0.500749 0.00199705 0.1937 0.00395216
1526 0.500344 0.00199432 0.1916 0.0039358
1527 0.500541 0.00199523 0.1962 0.00397141
1528 0.50093 0.00199699 0.1972 0.00397905
1529 0.500575 0.00199887 0.196 0.00396988
1530 0.501012 0.00199847 0.1966 0.00397447
1531 0.501253 0.00199552 0.1972 0.00397905
1532 0.501137 0.0019967 0.1936 0.00395139
1533 0.501021 0.00199904 0.1945 0.00395835
1534 0.501098 0.00199444 0.1954 0.00396528
1535 0.501102 0.00199523 0.1942 0.00395603
1536 0.500291 0.00199583 0.1949 0.00396144
1537 0.500421 0.0020002 0.1963 0.00397218
1538 0.500088 0.00200173 0.1938 0.00395294
1539 0.499784 0.00200332 0.193 0.00394673
1540 0.499937 0.0020021 0.1918 0.00393736
1541 0.49978 0.00199818 0.1928 0.00394517
1542 0.50006 0.00200003 0.1944 0.00395758
1543 0.499888 0.00199815 0.1937 0.00395216
1544 0.499823 0.00200192 0.1953 0.00396451
1545 0.499825 0.00200132 0.1942 0.00395603
1546 0.499354 0.00200432 0.1967 0.00397523
1547 0.500213 0.00200378 0.1923 0.00394127
1548 0.499925 0.00200622 0.1983 0.00398739
1549 0.500199 0.00200832 0.1948 0.00396066
1550 0.499827 0.00200193 0.1947 0.00395989
1551 0.500012 0.00200798 0.1954 0.00396528
1552 0.499651 0.00200353 0.1941 0.00395526
1553 0.499661 0.00200582 0.1931 0.00394751
1554 0.500176 0.00200473 0.1953 0.00396451
1555 0.500498 0.00200738 0.1958 0.00396835
1556 0.500435 0.00200868 0.1943 0.00395681
1557 0.500358 0.00200376 0.1935 0.00395061
1558 0.500255 0.00201385 0.1948 0.00396066
1559 0.500542 0.00201817 0.196 0.00396988
1560 0.500525 0.00201366 0.1974 0.00398057
1561 0.500804 0.00201264 0.1962 0.00397141
1562 0.500605 0.00201819 0.1975 0.00398133
1563 0.500387 0.00202052 0.1997 0.00399795
1564 0.500066 0.00202287 0.1966 0.00397447
1565 0.499984 0.00202045 0.2 0.0040002
1566 0.500661 0.00201716 0.1978 0.0039836
1567 0.500231 0.00201553 0.1977 0.00398285
1568 0.500344 0.00201339 0.1996 0.0039972
1569 0.500465 0.00201094 0.1942 0.00395603
1570 0.500879 0.00200666 0.1949 0.00396144
1571 0.500739 0.00200372 0.1926 0.00394361
1572 0.501027 0.00200745 0.1929 0.00394595
1573 0.501041 0.00201131 0.1953 0.00396451
1574 0.501658 0.00201294 0.1953 0.00396451
1575 0.501246 0.00201095 0.194 0.00395449
1576 0.501564 0.00200303 0.1948 0.00396066
1577 0.501211 0.00200331 0.1948 0.00396066
1578 0.501217 0.00200665 0.1947 0.00395989
1579 0.50131 0.00200967 0.1931 0.00394751
1580 0.501666 0.00200725 0.196 0.00396988
1581 0.50201 0.00200371 0.1942 0.00395603
1582 0.501735 0.0020088 0.1945 0.00395835
1583 0.501744 0.00201047 0.1911 0.00393187
1584 0.501851 0.0020078 0.1936 0.00395139
1585 0.50168 0.00200367 0.1932 0.00394828
1586 0.501857 0.00201106 0.1913 0.00393344
1587 0.501791 0.00200655 0.1927 0.00394439
1588 0.5023 0.00200971 0.1932 0.00394828
1589 0.502147 0.00201175 0.1944 0.00395758
1590 0.501662 0.00200974 0.1948 0.00396066
1591 0.501219 0.00200848 0.1967 0.00397523
1592 0.500835 0.00200256 0.1959 0.00396912
1593 0.500815 0.00199789 0.194 0.00395449
1594 0.501231 0.00200671 0.1964 0.00397294
1595 0.501293 0.00200596 0.1978 0.0039836
1596 0.500806 0.00200672 0.1998 0.0039987
1597 0.500774 0.00201072 0.2019 0.00401438
1598 0.500938 0.00201257 0.1991 0.00399343
1599 0.501307 0.00201519 0.1986 0.00398966
1600 0.501772 0.00201201 0.197 0.00397752
1601 0.502398 0.00201226 0.1944 0.00395758
1602 0.50223 0.00200979 0.1956 0.00396682
1603 0.502078 0.00200899 0.1949 0.00396144
1604 0.502563 0.00200792 0.1927 0.00394439
1605 0.501974 0.00200581 0.1942 0.00395603
1606 0.501658 0.00200943 0.1959 0.00396912
1607 0.501789 0.00201005 0.196 0.00396988
1608 0.501542 0.00200579 0.1942 0.00395603
1609 0.501672 0.00200848 0.196 0.00396988
1610 0.502004 0.00200768 0.1965 0.00397371
1611 0.501944 0.00200946 0.1948 0.00396066
1612 0.501598 0.0020084 0.1953 0.00396451
1613 0.501675 0.00200735 0.1962 0.00397141
1614 0.501117 0.00201059 0.1985 0.00398891
1615 0.500958 0.00201246 0.1975 0.00398133
1616 0.501032 0.00201211 0.1944 0.00395758
1617 0.500779 0.00201246 0.1964 0.00397294
1618 0.500915 0.00201509 0.1938 0.00395294
1619 0.500653 0.00201739 0.1976 0.00398209
1620 0.500592 0.00201481 0.1979 0.00398436
1621 0.500412 0.00201614 0.2015 0.00401141
1622 0.500724 0.00201665 0.1985 0.00398891
1623 0.500825 0.00201324 0.1975 0.00398133
1624 0.50092 0.002009 0.1962 0.00397141
1625 0.501554 0.00200975 0.1952 0.00396374
1626 0.501205 0.00201112 0.197 0.00397752
1627 0.501684 0.00201022 0.1941 0.00395526
1628 0.501265 0.00201427 0.1977 0.00398285
1629 0.500795 0.002017 0.1985 0.00398891
1630 0.50042 0.00201477 0.1977 0.00398285
1631 0.500219 0.00200275 0.1975 0.00398133
1632 0.500252 0.00200405 0.1965 0.00397371
1633 0.500626 0.00200905 0.1971 0.00397828
1634 0.501176 0.00200868 0.1965 0.00397371
1635 0.50121 0.00200833 0.1963 0.00397218
1636 0.501325 0.00200889 0.1977 0.00398285
1637 0.501514 0.00200979 0.1961 0.00397065
1638 0.501588 0.00200901 0.1953 0.00396451
1639 0.501725 0.00201107 0.1933 0.00394906
1640 0.50208 0.0020056 0.192 0.00393893
1641 0.501643 0.00200183 0.1937 0.00395216
1642 0.501437 0.00200165 0.194 0.00395449
1643 0.501493 0.00199714 0.1945 0.00395835
1644 0.501314 0.00199886 0.1959 0.00396912
1645 0.501257 0.0019946 0.1926 0.00394361
1646 0.501304 0.00199024 0.1932 0.00394828
1647 0.5011 0.0019881 0.1953 0.00396451
1648 0.502409 0.00198981 0.1936 0.00395139
1649 0.502614 0.00199199 0.1945 0.00395835
1650 0.502718 0.00199305 0.1914 0.00393423
1651 0.503063 0.00199308 0.1929 0.00394595
1652 0.502905 0.00199958 0.1928 0.00394517
1653 0.503385 0.00200083 0.1911 0.00393187
1654 0.503079 0.00200568 0.1945 0.00395835
1655 0.503266 0.00200301 0.1923 0.00394127
1656 0.502797 0.00200345 0.1933 0.00394906
1657 0.503061 0.00200467 0.1936 0.00395139
1658 0.503106 0.00200654 0.1952 0.00396374
1659 0.503104 0.00201161 0.1975 0.00398133
1660 0.502726 0.002007 0.1981 0.00398588
1661 0.502421 0.00200523 0.1955 0.00396605
1662 0.501795 0.00201062 0.1976 0.00398209
1663 0.501807 0.00200848 0.1981 0.00398588
1664 0.501605 0.00200694 0.196 0.00396988
1665 0.501894 0.00200615 0.2007 0.00400544
1666 0.502258 0.0020075 0.1969 0.00397676
1667 0.501913 0.0020096 0.1983 0.00398739
1668 0.501823 0.00201054 0.1966 0.00397447
1669 0.501525 0.00201231 0.1985 0.00398891
1670 0.501259 0.00201008 0.1993 0.00399494
1671 0.501554 0.00200944 0.1963 0.00397218
1672 0.501284 0.00200504 0.1991 0.00399343
1673 0.501572 0.00201215 0.1969 0.00397676
1674 0.501552 0.0020133 0.1975 0.00398133
1675 0.501091 0.002014 0.1985 0.00398891
1676 0.501032 0.00201394 0.1963 0.00397218
1677 0.501165 0.00201348 0.196 0.00396988
1678 0.501019 0.00201556 0.1972 0.00397905
1679 0.501502 0.00201455 0.1951 0.00396297
1680 0.501114 0.00201255 0.1951 0.00396297
1681 0.50157 0.00201194 0.1964 0.00397294
1682 0.501604 0.00200996 0.1948 0.00396066
1683 0.501062 0.00201034 0.1938 0.00395294
1684 0.500441 0.00201159 0.1949 0.00396144
1685 0.500039 0.00200245 0.1939 0.00395371
1686 0.500493 0.00200029 0.1939 0.00395371
1687 0.500403 0.00199493 0.1968 0.003976
1688 0.500225 0.00199982 0.1988 0.00399117
1689 0.500559 0.00199685 0.1982 0.00398664
1690 0.50088 0.00200105 0.1957 0.00396758
1691 0.501563 0.0019992 0.1917 0.00393658
1692 0.501846 0.00199486 0.191 0.00393109
1693 0.501646 0.00199617 0.1909 0.0039303
1694 0.501666 0.00199076 0.1938 0.00395294
1695 0.501476 0.00199105 0.1933 0.00394906
1696 0.500626 0.00198993 0.193 0.00394673
1697 0.500767 0.00199352 0.1929 0.00394595
1698 0.500719 0.00199545 0.1958 0.00396835
1699 0.500826 0.00199839 0.1944 0.00395758
1700 0.500583 0.00199286 0.1939 0.00395371
1701 0.500622 0.00198856 0.1956 0.00396682
1702 0.500056 0.00199041 0.1931 0.00394751
1703 0.499358 0.00199608 0.1938 0.00395294
1704 0.499996 0.00199059 0.1937 0.00395216
1705 0.499596 0.00199574 0.1934 0.00394984
1706 0.499373 0.00199772 0.1958 0.00396835
1707 0.49969 0.0019996 0.1977 0.00398285
1708 0.499702 0.00199278 0.195 0.00396221
1709 0.499354 0.0019913 0.1962 0.00397141
1710 0.499136 0.00199109 0.1944 0.00395758
1711 0.499175 0.00199046 0.1951 0.00396297
1712 0.498551 0.00198878 0.1952 0.00396374
1713 0.499015 0.00199152 0.1948 0.00396066
1714 0.499114 0.00198997 0.1953 0.00396451
1715 0.498996 0.00199159 0.1942 0.00395603
1716 0.499192 0.00199405 0.1931 0.00394751
1717 0.499269 0.00199159 0.1951 0.00396297
1718 0.499194 0.0019945 0.196 0.00396988
1719 0.498997 0.00199624 0.1958 0.00396835
1720 0.499168 0.00199258 0.1973 0.00397981
1721 0.499043 0.0019919 0.1951 0.00396297
1722 0.498413 0.00199566 0.1992 0.00399419
1723 0.498221 0.0019975 0.1981 0.00398588
1724 0.498458 0.00199845 0.1982 0.00398664
1725 0.498645 0.00199905 0.1961 0.00397065
1726 0.497952 0.00199603 0.1957 0.00396758
1727 0.497579 0.00199726 0.1988 0.00399117
1728 0.497687 0.0019992 0.1978 0.0039836
1729 0.497614 0.00200216 0.199 0.00399268
1730 0.497941 0.00200218 0.1974 0.00398057
1731 0.497894 0.00200452 0.1988 0.00399117
1732 0.497713 0.00200566 0.2003 0.00400245
1733 0.498132 0.00200586 0.1984 0.00398815
1734 0.497652 0.00200142 0.1996 0.0039972
1735 0.497429 0.00199677 0.1944 0.00395758
1736 0.498014 0.00199585 0.1984 0.00398815
1737 0.496851 0.00199378 0.202 0.00401512
1738 0.496579 0.00199335 0.202 0.00401512
1739 0.496386 0.00199598 0.2 0.0040002
1740 0.496843 0.00199337 0.201 0.00400768
1741 0.497173 0.00199401 0.1987 0.00399042
1742 0.496992 0.00198763 0.1979 0.00398436
1743 0.496666 0.00199639 0.1989 0.00399193
1744 0.496384 0.00199669 0.2002 0.0040017
1745 0.496446 0.00199137 0.2031 0.00402326
1746 0.496987 0.00199569 0.1995 0.00399644
1747 0.496633 0.00199551 0.1997 0.00399795
1748 0.496978 0.00199948 0.198 0.00398512
1749 0.4969 0.00199789 0.1992 0.00399419
1750 0.496843 0.00199756 0.202 0.00401512
1751 0.497099 0.00199703 0.201 0.00400768
1752 0.496701 0.00199789 0.2008 0.00400619
1753 0.496647 0.00199683 0.2002 0.0040017
1754 0.496498 0.00199608 0.1993 0.00399494
1755 0.496409 0.00200151 0.2037 0.00402769
1756 0.497148 0.00199958 0.202 0.00401512
1757 0.497844 0.00199604 0.1993 0.00399494
1758 0.498119 0.00199634 0.1994 0.00399569
1759 0.497949 0.00199765 0.2032 0.004024
1760 0.498558 0.00200151 0.2017 0.00401289
1761 0.498495 0.00200724 0.2018 0.00401364
1762 0.498284 0.00201013 0.2041 0.00403063
1763 0.498939 0.00200829 0.2 0.0040002
1764 0.498853 0.00200642 0.2001 0.00400095
1765 0.498572 0.00200426 0.2022 0.00401661
1766 0.498894 0.00200723 0.1996 0.0039972
1767 0.498874 0.00200597 0.2006 0.00400469
1768 0.499172 0.00200401 0.1981 0.00398588
1769 0.499051 0.00201218 0.1998 0.0039987
1770 0.499303 0.0020118 0.199 0.00399268
1771 0.499604 0.00201142 0.1982 0.00398664
1772 0.499878 0.00201135 0.2017 0.00401289
1773 0.500241 0.00200517 0.1985 0.00398891
1774 0.499683 0.00200924 0.2008 0.00400619
1775 0.500432 0.00200757 0.1973 0.00397981
1776 0.500519 0.00200625 0.1971 0.00397828
1777 0.500479 0.00200678 0.1971 0.00397828
1778 0.500225 0.00201065 0.1973 0.00397981
1779 0.49978 0.00201019 0.1994 0.00399569
1780 0.499545 0.00201387 0.1999 0.00399945
1781 0.500016 0.00201848 0.1974 0.00398057
1782 0.499908 0.00201431 0.1956 0.00396682
1783 0.499873 0.00201223 0.197 0.00397752
1784 0.500236 0.00201363 0.1947 0.00395989
1785 0.500398 0.00201757 0.198 0.00398512
1786 0.500142 0.00201574 0.1959 0.00396912
1787 0.500007 0.00201285 0.1947 0.00395989
1788 0.500055 0.00200946 0.1949 0.00396144
1789 0.500041 0.00201015 0.1958 0.00396835
1790 0.500306 0.00201164 0.1988 0.00399117
1791 0.500432 0.00201125 0.1961 0.00397065
1792 0.500397 0.0020126 0.1975 0.00398133
1793 0.500178 0.00201209 0.1975 0.00398133
1794 0.499802 0.00201545 0.1959 0.00396912
1795 0.500116 0.00201728 0.1966 0.00397447
1796 0.501053 0.00201968 0.1986 0.00398966
1797 0.500923 0.00201513 0.1963 0.00397218
1798 0.500578 0.00200761 0.1954 0.00396528
1799 0.500955 0.00200883 0.1926 0.00394361
1800 0.501173 0.00200662 0.1928 0.00394517
1801 0.501188 0.00201066 0.1952 0.00396374
1802 0.500954 0.00201055 0.195 0.00396221
1803 0.500831 0.00201384 0.195 0.00396221
1804 0.501028 0.0020124 0.1926 0.00394361
1805 0.500648 0.00201062 0.196 0.00396988
1806 0.50069 0.00201018 0.196 0.00396988
1807 0.500521 0.00200713 0.1945 0.00395835
1808 0.501342 0.00200643 0.1935 0.00395061
1809 0.500871 0.002009 0.1906 0.00392794
1810 0.50145 0.0020118 0.1923 0.00394127
1811 0.50078 0.00200994 0.1933 0.00394906
1812 0.50042 0.00200953 0.1957 0.00396758
1813 0.500455 0.00200694 0.1942 0.00395603
1814 0.500502 0.00200948 0.1925 0.00394283
1815 0.500558 0.00200908 0.1933 0.00394906
1816 0.500256 0.00200988 0.1925 0.00394283
1817 0.499943 0.00201477 0.1947 0.00395989
1818 0.499763 0.00201953 0.1948 0.00396066
1819 0.499401 0.00201494 0.1941 0.00395526
1820 0.499793 0.00201573 0.1944 0.00395758
1821 0.500053 0.00201414 0.1945 0.00395835
1822 0.500177 0.0020167 0.1946 0.00395912
1823 0.500004 0.00201409 0.1944 0.00395758
1824 0.499688 0.00201318 0.1958 0.00396835
1825 0.499928 0.0020108 0.1952 0.00396374
1826 0.500315 0.00201398 0.1967 0.00397523
1827 0.500381 0.00201146 0.1964 0.00397294
1828 0.501048 0.00201247 0.1963 0.00397218
1829 0.50163 0.00201029 0.1946 0.00395912
1830 0.501908 0.00201159 0.1945 0.00395835
1831 0.501739 0.00201445 0.1967 0.00397523
1832 0.501768 0.00201235 0.1959 0.00396912
1833 0.501417 0.00201262 0.1949 0.00396144
1834 0.501509 0.00201792 0.1954 0.00396528
1835 0.501902 0.00201462 0.1915 0.00393501
1836 0.500991 0.00201358 0.1939 0.00395371
1837 0.500907 0.00201327 0.1923 0.00394127
1838 0.501265 0.00200722 0.1955 0.00396605
1839 0.501095 0.00200412 0.1941 0.00395526
1840 0.50094 0.00199756 0.195 0.00396221
1841 0.501341 0.00200151 0.1923 0.00394127
1842 0.501207 0.00200179 0.1934 0.00394984
1843 0.500931 0.00199983 0.196 0.00396988
1844 0.500803 0.00200743 0.195 0.00396221
1845 0.500853 0.00201023 0.1956 0.00396682
1846 0.500648 0.00201272 0.1975 0.00398133
1847 0.500531 0.00201107 0.1996 0.0039972
1848 0.500049 0.00200998 0.1993 0.00399494
1849 0.500101 0.00201195 0.2012 0.00400917
1850 0.500202 0.00201009 0.1979 0.00398436
1851 0.500503 0.0020101 0.1986 0.00398966
1852 0.500474 0.00201735 0.2007 0.00400544
1853 0.499986 0.00201853 0.1998 0.0039987
1854 0.499775 0.00201549 0.2017 0.00401289
1855 0.499954 0.00201168 0.1997 0.00399795
1856 0.500285 0.00201236 0.199 0.00399268
1857 0.499993 0.00201291 0.1993 0.00399494
1858 0.499849 0.00201806 0.1968 0.003976
1859 0.500253 0.0020258 0.1964 0.00397294
1860 0.499828 0.0020222 0.1998 0.0039987
1861 0.499883 0.00202405 0.1976 0.00398209
1862 0.499398 0.00202425 0.2006 0.00400469
1863 0.499594 0.00202 0.2011 0.00400843
1864 0.499994 0.00202334 0.1988 0.00399117
1865 0.499934 0.002028 0.1996 0.0039972
1866 0.499928 0.00202958 0.2032 0.004024
1867 0.500021 0.00203136 0.2024 0.00401809
1868 0.500466 0.00203068 0.203 0.00402253
1869 0.499772 0.00202641 0.2036 0.00402695
1870 0.499998 0.00201792 0.2014 0.00401066
1871 0.500314 0.00201518 0.201 0.00400768
1872 0.500651 0.0020143 0.1978 0.0039836
1873 0.500739 0.00201601 0.1977 0.00398285
1874 0.50073 0.00200868 0.1977 0.00398285
1875 0.500865 0.00201018 0.1992 0.00399419
1876 0.501026 0.00200773 0.1966 0.00397447
1877 0.500693 0.00201468 0.1944 0.00395758
1878 0.500762 0.00201253 0.1952 0.00396374
1879 0.500765 0.0020096 0.1928 0.00394517
1880 0.500677 0.00201573 0.1952 0.00396374
1881 0.501166 0.00201198 0.1936 0.00395139
1882 0.500856 0.00201626 0.1966 0.00397447
1883 0.501186 0.0020167 0.1959 0.00396912
1884 0.501384 0.00201459 0.1931 0.00394751
1885 0.501755 0.00201548 0.1967 0.00397523
1886 0.501425 0.00200853 0.1976 0.00398209
1887 0.501537 0.00200588 0.1973 0.00397981
1888 0.501482 0.00200019 0.1958 0.00396835
1889 0.500961 0.0020056 0.1955 0.00396605
1890 0.501184 0.00200104 0.1944 0.00395758
1891 0.501357 0.00200194 0.1959 0.00396912
1892 0.500861 0.00199662 0.1963 0.00397218
1893 0.500656 0.00199776 0.1995 0.00399644
1894 0.50058 0.00199699 0.1986 0.00398966
1895 0.500376 0.00199466 0.1968 0.003976
1896 0.500437 0.00199515 0.1962 0.00397141
1897 0.500472 0.00199433 0.1942 0.00395603
1898 0.500591 0.00198945 0.1944 0.00395758
1899 0.500758 0.00199793 0.1966 0.00397447
1900 0.500753 0.00200431 0.1991 0.00399343
1901 0.500319 0.00200271 0.1985 0.00398891
1902 0.500042 0.00199809 0.1972 0.00397905
1903 0.500334 0.00199598 0.1973 0.00397981
1904 0.500535 0.00199916 0.1964 0.00397294
1905 0.500577 0.00200198 0.1966 0.00397447
1906 0.500697 0.00200489 0.1946 0.00395912
1907 0.50062 0.00200943 0.1964 0.00397294
1908 0.500075 0.00200355 0.1979 0.00398436
1909 0.500722 0.00200712 0.1977 0.00398285
1910 0.500582 0.00201343 0.1974 0.00398057
1911 0.500666 0.00200781 0.1925 0.00394283
1912 0.500983 0.00200988 0.1969 0.00397676
1913 0.500756 0.00200999 0.1973 0.00397981
1914 0.500655 0.00201292 0.1955 0.00396605
1915 0.50067 0.0020115 0.1985 0.00398891
1916 0.500369 0.00201677 0.198 0.00398512
1917 0.500518 0.00201287 0.1977 0.00398285
1918 0.500277 0.00200964 0.1978 0.0039836
1919 0.499745 0.00201171 0.1993 0.00399494
1920 0.499481 0.00201138 0.1963 0.00397218
1921 0.499549 0.00200722 0.1983 0.00398739
1922 0.499607 0.00200757 0.1964 0.00397294
1923 0.500075 0.00200644 0.1938 0.00395294
1924 0.499733 0.00200947 0.1934 0.00394984
1925 0.499801 0.00200898 0.1961 0.00397065
1926 0.500118 0.00200774 0.1951 0.00396297
1927 0.500199 0.00200553 0.1927 0.00394439
1928 0.500421 0.00200514 0.1943 0.00395681
1929 0.500248 0.00200661 0.1919 0.00393815
1930 0.500179 0.00200234 0.1935 0.00395061
1931 0.500789 0.0020048 0.1944 0.00395758
1932 0.500775 0.00200135 0.1932 0.00394828
1933 0.499986 0.00199796 0.1947 0.00395989
1934 0.500031 0.00199777 0.1946 0.00395912
1935 0.499614 0.00200131 0.1954 0.00396528
1936 0.499687 0.00199534 0.1949 0.00396144
1937 0.499655 0.00199925 0.1957 0.00396758
1938 0.49945 0.00199696 0.194 0.00395449
1939 0.499229 0.00199416 0.196 0.00396988
1940 0.499706 0.0019892 0.1938 0.00395294
1941 0.499302 0.00199588 0.1966 0.00397447
1942 0.499311 0.00199063 0.1969 0.00397676
1943 0.498827 0.00199523 0.1986 0.00398966
1944 0.498792 0.00199146 0.1967 0.00397523
1945 0.498501 0.00199292 0.1963 0.00397218
1946 0.498132 0.0019946 0.1953 0.00396451
1947 0.498308 0.00199714 0.1978 0.0039836
1948 0.498245 0.00200116 0.1997 0.00399795
1949 0.498202 0.00199909 0.2017 0.00401289
1950 0.498046 0.00200579 0.201 0.00400768
1951 0.498272 0.00200563 0.2003 0.00400245
1952 0.498255 0.00200577 0.196 0.00396988
1953 0.497843 0.00200326 0.2 0.0040002
1954 0.498369 0.00200679 0.1984 0.00398815
1955 0.498055 0.0020127 0.2009 0.00400693
1956 0.497706 0.00200699 0.1982 0.00398664
1957 0.498512 0.00200972 0.1987 0.00399042
1958 0.498369 0.00200815 0.1994 0.00399569
1959 0.498013 0.0020078 0.2016 0.00401215
1960 0.49826 0.00200289 0.2005 0.00400395
1961 0.498759 0.0019983 0.1974 0.00398057
1962 0.498951 0.00199481 0.1981 0.00398588
1963 0.498772 0.00199368 0.1962 0.00397141
1964 0.498791 0.00199569 0.1965 0.00397371
1965 0.498792 0.00199663 0.1951 0.00396297
1966 0.498565 0.001995 0.1958 0.00396835
1967 0.498515 0.00199866 0.1934 0.00394984
1968 0.498893 0.00200125 0.1961 0.00397065
1969 0.49897 0.00200599 0.1962 0.00397141
1970 0.499031 0.00200881 0.1989 0.00399193
1971 0.498576 0.00200599 0.1953 0.00396451
1972 0.498382 0.00200414 0.198 0.00398512
1973 0.498201 0.00200003 0.1969 0.00397676
1974 0.497989 0.00200029 0.1987 0.00399042
1975 0.49811 0.00200851 0.1993 0.00399494
1976 0.49808 0.0020091 0.2034 0.00402548
1977 0.498196 0.0020141 0.2019 0.00401438
1978 0.497699 0.00200927 0.2041 0.00403063
1979 0.497806 0.00201864 0.2051 0.00403795
1980 0.49799 0.00201809 0.2035 0.00402621
1981 0.498102 0.00202349 0.2026 0.00401957
1982 0.497969 0.00202122 0.2044 0.00403283
1983 0.498397 0.00203171 0.2058 0.00404305
1984 0.49795 0.00203053 0.2047 0.00403502
1985 0.497933 0.00202339 0.2045 0.00403356
1986 0.497445 0.00201911 0.2046 0.00403429
1987 0.497608 0.00202122 0.2002 0.0040017
1988 0.497959 0.00202414 0.2006 0.00400469
1989 0.497828 0.00202479 0.2009 0.00400693
1990 0.497358 0.00202103 0.2015 0.00401141
1991 0.497486 0.00201591 0.1998 0.0039987
1992 0.497464 0.00201019 0.2002 0.0040017
1993 0.497499 0.00200424 0.2008 0.00400619
1994 0.49786 0.00200371 0.2014 0.00401066
1995 0.49776 0.0020045 0.2015 0.00401141
1996 0.497824 0.00200846 0.202 0.00401512
1997 0.497587 0.00200683 0.2018 0.00401364
1998 0.497771 0.00201231 0.202 0.00401512
1999 0.497507 0.00201702 0.2031 0.00402326
