#sample=10000
0 0.00099564 5.34803e-06 1 0
1 0.00102311 8.42968e-06 1 0
2 0.00105542 1.08783e-05 1 0
3 0.0010982 1.43914e-05 1 0
4 0.00116988 1.82962e-05 1 0
5 0.00121198 1.97107e-05 1 0
6 0.00129548 2.31537e-05 1 0
7 0.00134616 2.4114e-05 1 0
8 0.00140137 2.60926e-05 1 0
9 0.0015142 2.88885e-05 1 0
10 0.00164955 3.33954e-05 1 0
11 0.00174829 3.56943e-05 1 0
12 0.00181414 3.7566e-05 1 0
13 0.0019279 3.96472e-05 1 0
14 0.00206272 4.15697e-05 1 0
15 0.00212843 4.33677e-05 1 0
16 0.00229486 7.61867e-05 0.9999 0.0001
17 0.00244692 7.05598e-05 0.9999 0.0001
18 0.00252347 5.04616e-05 1 0
19 0.00266493 6.06262e-05 1 0
20 0.00277651 5.43425e-05 1 0
21 0.00291145 5.58782e-05 1 0
22 0.00313296 8.27485e-05 0.9999 0.0001
23 0.00330939 7.04479e-05 1 0
24 0.00344027 6.53492e-05 1 0
25 0.00371877 0.000103892 0.9999 0.0001
26 0.00376618 6.98623e-05 1 0
27 0.0040011 9.04597e-05 0.9999 0.0001
28 0.00415504 7.53111e-05 1 0
29 0.00432979 7.83976e-05 1 0
30 0.00479949 0.000125402 0.9998 0.000141414
31 0.00480955 8.58195e-05 1 0
32 0.00499847 8.74441e-05 1 0
33 0.00521421 9.09422e-05 1 0
34 0.00549005 0.000112185 0.9999 0.0001
35 0.00575966 0.000125598 0.9999 0.0001
36 0.00601449 0.000115719 0.9999 0.0001
37 0.00629015 0.000142781 0.9998 0.000141414
38 0.00646618 0.000122476 0.9999 0.0001
39 0.00670436 0.000109732 1 0
40 0.00686763 0.000111663 1 0
41 0.00719133 0.000123476 0.9999 0.0001
42 0.00746362 0.000141955 0.9999 0.0001
43 0.00767882 0.000146214 0.9999 0.0001
44 0.00791444 0.00013832 0.9999 0.0001
45 0.00829493 0.000138894 0.9999 0.0001
46 0.00842705 0.000132265 1 0
47 0.00861224 0.000132388 1 0
48 0.00895939 0.000169491 0.9998 0.000141414
49 0.00924464 0.000160457 0.9998 0.000141414
50 0.00955494 0.000185694 0.9997 0.000173188
51 0.00989301 0.000189868 0.9997 0.000173188
52 0.0101369 0.000173606 0.9999 0.0001
53 0.0104496 0.000184122 0.9998 0.000141414
54 0.010639 0.000192414 0.9998 0.000141414
55 0.0109451 0.000165601 0.9999 0.0001
56 0.0113398 0.000184403 0.9999 0.0001
57 0.0114889 0.000168408 1 0
58 0.0118973 0.000190468 0.9998 0.000141414
59 0.0121696 0.000175382 1 0
60 0.0124757 0.000180092 1 0
61 0.0128003 0.000183819 1 0
62 0.0130915 0.000205592 0.9999 0.0001
63 0.0134416 0.000191014 1 0
64 0.0137646 0.000196609 0.9999 0.0001
65 0.0141743 0.000200485 1 0
66 0.0145723 0.000230297 0.9998 0.000141414
67 0.0147868 0.000207716 1 0
68 0.0153206 0.000237892 0.9998 0.000141414
69 0.0157465 0.000238888 0.9998 0.000141414
70 0.0161795 0.000230297 0.9999 0.0001
71 0.0165682 0.000234873 0.9998 0.000141414
72 0.0171936 0.000246743 0.9999 0.0001
73 0.0175766 0.000269384 0.9996 0.00019997
74 0.0181553 0.000259198 0.9999 0.0001
75 0.0181501 0.000246762 1 0
76 0.0188976 0.000273814 0.9998 0.000141414
77 0.0193088 0.000275027 0.9999 0.0001
78 0.0199951 0.000285693 0.9998 0.000141414
79 0.0204721 0.000298632 0.9996 0.00019997
80 0.0208902 0.00028069 0.9999 0.0001
81 0.0215369 0.000300441 0.9997 0.000173188
82 0.0220366 0.000305892 0.9998 0.000141414
83 0.0223972 0.000297178 0.9997 0.000173188
84 0.0231851 0.000311949 0.9998 0.000141414
85 0.0238742 0.000311165 1 0
86 0.0245691 0.000335537 0.9998 0.000141414
87 0.0252611 0.000340806 0.9998 0.000141414
88 0.0257551 0.000334265 0.9998 0.000141414
89 0.026735 0.000347915 0.9999 0.0001
90 0.0273665 0.000355474 0.9999 0.0001
91 0.0281854 0.000370173 0.9997 0.000173188
92 0.0289325 0.000377336 0.9996 0.00019997
93 0.0297886 0.000389183 0.9998 0.000141414
94 0.0308802 0.000406553 0.9995 0.000223562
95 0.0319371 0.000423149 0.9996 0.00019997
96 0.0329817 0.000435103 0.9993 0.000264496
97 0.0339078 0.000459825 0.9993 0.000264496
98 0.0349614 0.00046109 0.9987 0.000360339
99 0.0361613 0.000480164 0.999 0.000316085
100 0.0377101 0.000501948 0.9983 0.000411981
101 0.0391102 0.00052132 0.9981 0.000435497
102 0.0402233 0.000544772 0.998 0.000446788
103 0.0414059 0.000559352 0.9976 0.000489334
104 0.0428341 0.000579425 0.9971 0.000537762
105 0.0441694 0.000592685 0.997 0.000546928
106 0.0454048 0.000607347 0.9955 0.000669343
107 0.0472469 0.000637883 0.9953 0.000683987
108 0.0480612 0.000637756 0.9952 0.00069119
109 0.0491264 0.000655256 0.9948 0.000719269
110 0.0506178 0.000678679 0.9945 0.000739615
111 0.0518574 0.000693537 0.9938 0.000784995
112 0.053427 0.000717818 0.9922 0.000879769
113 0.0545799 0.000725998 0.9915 0.000918074
114 0.0561175 0.000748254 0.9905 0.000970087
115 0.0574996 0.000759 0.9902 0.000985136
116 0.0587547 0.000776797 0.989 0.00104308
117 0.0596642 0.000784513 0.9891 0.00103838
118 0.0608615 0.000802069 0.9882 0.0010799
119 0.0622446 0.000822617 0.9873 0.00111982
120 0.0637029 0.000837948 0.9866 0.00114986
121 0.0648534 0.000846047 0.985 0.00121559
122 0.0665087 0.000869901 0.9832 0.00128528
123 0.0681444 0.00089073 0.9811 0.00136179
124 0.0693974 0.000907762 0.9801 0.00139664
125 0.070955 0.000922238 0.9792 0.00142721
126 0.0723787 0.000929922 0.9778 0.00147341
127 0.0734322 0.000945059 0.9767 0.00150862
128 0.0749624 0.000963686 0.9748 0.0015674
129 0.0764432 0.000982151 0.9744 0.00157947
130 0.0776769 0.000996178 0.9736 0.0016033
131 0.0793993 0.00102097 0.9709 0.00168095
132 0.0807688 0.00103831 0.9689 0.00173597
133 0.082177 0.00104752 0.9677 0.00176805
134 0.0835655 0.00106203 0.9677 0.00176805
135 0.0850055 0.00107674 0.965 0.00183789
136 0.0858063 0.00108364 0.9635 0.0018754
137 0.0870412 0.00109289 0.9622 0.00190722
138 0.0883936 0.00111029 0.9609 0.00193843
139 0.0893649 0.00111903 0.9603 0.00195263
140 0.0901344 0.00112773 0.959 0.001983
141 0.0916497 0.00113717 0.9574 0.00201964
142 0.0930197 0.00115538 0.9546 0.0020819
143 0.0948385 0.00117027 0.9535 0.00210576
144 0.0963279 0.00118856 0.9506 0.00216713
145 0.0980981 0.00120605 0.9498 0.00218368
146 0.0993894 0.00122017 0.9469 0.00224244
147 0.100811 0.00123885 0.9447 0.00228576
148 0.102497 0.00125506 0.9421 0.00233566
149 0.103793 0.00126947 0.9421 0.00233566
150 0.105266 0.00128318 0.938 0.00241168
151 0.107211 0.00129744 0.9361 0.00244587
152 0.108356 0.00130521 0.934 0.00248295
153 0.109924 0.00131738 0.9311 0.00253297
154 0.111546 0.00133867 0.9295 0.00256001
155 0.113376 0.00135851 0.9265 0.00260969
156 0.115115 0.00137475 0.9227 0.0026708
157 0.117008 0.00139232 0.9203 0.00270842
158 0.118336 0.00140366 0.9185 0.00273615
159 0.120225 0.00142336 0.9151 0.00278747
160 0.122129 0.00143526 0.9146 0.0027949
161 0.123641 0.00145439 0.9092 0.00287339
162 0.125397 0.00146809 0.9055 0.00292538
163 0.126837 0.00148707 0.904 0.00294606
164 0.128677 0.00150685 0.9004 0.00299481
165 0.130274 0.00151992 0.8977 0.00303058
166 0.132072 0.00153738 0.8946 0.00307083
167 0.133717 0.00155304 0.89 0.00312905
168 0.135042 0.00155849 0.8891 0.00314024
169 0.136441 0.00156887 0.8884 0.00314889
170 0.138047 0.00157984 0.8854 0.00318555
171 0.139604 0.00159601 0.8822 0.00322387
172 0.141159 0.00161141 0.8778 0.00327533
173 0.142669 0.00162396 0.8751 0.00330622
174 0.143911 0.00163119 0.8758 0.00329826
175 0.145389 0.00164866 0.872 0.00334107
176 0.146858 0.00166189 0.8692 0.00337198
177 0.148886 0.00166953 0.8654 0.00341313
178 0.150563 0.00168473 0.8645 0.00342274
179 0.151714 0.00168761 0.8619 0.00345022
180 0.153876 0.00170071 0.8606 0.00346381
181 0.155812 0.00172097 0.8569 0.00350192
182 0.157149 0.00172908 0.8543 0.00352823
183 0.158811 0.00173427 0.854 0.00353124
184 0.160053 0.00174431 0.8508 0.00356303
185 0.161534 0.00175807 0.8465 0.00360487
186 0.163197 0.00177309 0.8435 0.00363347
187 0.165079 0.00178838 0.8407 0.00365974
188 0.166546 0.00179635 0.838 0.00368469
189 0.167833 0.00180542 0.8338 0.00372279
190 0.169737 0.00181822 0.8307 0.00375035
191 0.171628 0.00183369 0.8271 0.0037818
192 0.173006 0.00184715 0.8238 0.00381009
193 0.174757 0.00185982 0.82 0.00384207
194 0.17573 0.00187384 0.819 0.00385037
195 0.17709 0.00188262 0.8161 0.00387422
196 0.179014 0.00189722 0.8124 0.00390412
197 0.181284 0.00191395 0.8106 0.00391846
198 0.183081 0.00192909 0.8083 0.00393658
199 0.184828 0.00193916 0.8065 0.00395061
200 0.185613 0.00193999 0.8037 0.00397218
201 0.18817 0.00195251 0.8023 0.00398285
202 0.189526 0.00195806 0.7985 0.00401141
203 0.190957 0.00197309 0.7937 0.00404669
204 0.193106 0.00198556 0.789 0.00408039
205 0.194296 0.0019973 0.7864 0.00409868
206 0.195991 0.00200613 0.7856 0.00410426
207 0.197713 0.00201235 0.7824 0.00412635
208 0.198913 0.00201787 0.7812 0.00413453
209 0.200841 0.00203324 0.7744 0.00417998
210 0.202276 0.00204064 0.7725 0.00419239
211 0.203575 0.00205238 0.7719 0.00419628
212 0.20543 0.00206143 0.7682 0.00422003
213 0.207059 0.00207015 0.7651 0.00423958
214 0.208275 0.00207765 0.763 0.00425264
215 0.209982 0.00208324 0.7584 0.00428074
216 0.211154 0.00208492 0.7561 0.00429455
217 0.213426 0.00210049 0.7528 0.00431406
218 0.215709 0.0021115 0.7484 0.00433954
219 0.217232 0.00212507 0.7416 0.00437777
220 0.219121 0.00213439 0.7405 0.00438382
221 0.220696 0.00214794 0.7405 0.00438382
222 0.22256 0.00215694 0.735 0.00441355
223 0.224118 0.00217067 0.733 0.00442414
224 0.226106 0.00218518 0.732 0.0044294
225 0.227704 0.00219366 0.7262 0.0044593
226 0.229501 0.00219686 0.7255 0.00446284
227 0.231143 0.00221037 0.722 0.00448036
228 0.232614 0.00221785 0.7168 0.00450575
229 0.23367 0.00222588 0.7149 0.00451485
230 0.235092 0.00223713 0.7128 0.00452478
231 0.237282 0.00224666 0.7095 0.00454016
232 0.238586 0.00225385 0.7047 0.004562
233 0.239815 0.00225932 0.7046 0.00456245
234 0.241047 0.00226541 0.7049 0.00456111
235 0.242651 0.00227565 0.6979 0.00459191
236 0.244495 0.00228853 0.6978 0.00459234
237 0.246045 0.00229653 0.6938 0.00460937
238 0.247234 0.00230408 0.6904 0.00462352
239 0.249153 0.00231261 0.6919 0.00461731
240 0.250543 0.00232804 0.6871 0.00463697
241 0.251778 0.00233033 0.6844 0.00464778
242 0.25411 0.00234339 0.6799 0.00466538
243 0.256036 0.00234623 0.6765 0.00467835
244 0.25747 0.0023513 0.6779 0.00467304
245 0.259094 0.00235234 0.6739 0.00468808
246 0.260824 0.00236949 0.6699 0.00470272
247 0.262529 0.0023826 0.6684 0.00470812
248 0.264384 0.00239086 0.6611 0.00473359
249 0.266272 0.00239782 0.6621 0.00473018
250 0.268041 0.00240983 0.6565 0.004749
251 0.269914 0.00241098 0.6522 0.00476296
252 0.27211 0.00241478 0.6515 0.00476519
253 0.273875 0.0024242 0.6471 0.00477896
254 0.275266 0.00242755 0.6434 0.00479019
255 0.277057 0.0024361 0.6394 0.00480199
256 0.278569 0.00244418 0.6382 0.00480545
257 0.279799 0.00244689 0.6384 0.00480488
258 0.281387 0.00246028 0.635 0.00481454
259 0.28341 0.00246234 0.6319 0.00482313
260 0.28444 0.00247197 0.6266 0.00483731
261 0.286058 0.00247638 0.628 0.00483363
262 0.287449 0.00247622 0.6252 0.00484095
263 0.28844 0.00248638 0.6213 0.00485087
264 0.289499 0.00248347 0.6207 0.00485237
265 0.290981 0.00249354 0.6163 0.00486311
266 0.292471 0.00249767 0.6157 0.00486454
267 0.294881 0.00250578 0.6115 0.00487434
268 0.296226 0.00251221 0.6085 0.0048811
269 0.29777 0.00252392 0.6061 0.00488638
270 0.299743 0.00252824 0.6035 0.00489195
271 0.301278 0.00252383 0.6029 0.00489322
272 0.302083 0.00253361 0.6018 0.00489552
273 0.303583 0.00253405 0.6002 0.00489882
274 0.305247 0.00253757 0.5963 0.00490663
275 0.306824 0.00254232 0.5941 0.0049109
276 0.307941 0.0025491 0.5934 0.00491224
277 0.309283 0.00255383 0.5878 0.00492255
278 0.310673 0.00255408 0.5851 0.00492729
279 0.312331 0.00255784 0.5843 0.00492867
280 0.313943 0.00256653 0.5801 0.00493567
281 0.315321 0.00257182 0.5804 0.00493518
282 0.317162 0.002581 0.5758 0.00494246
283 0.319159 0.00258477 0.5738 0.00494548
284 0.320358 0.00258364 0.5716 0.00494872
285 0.32135 0.00259146 0.5698 0.00495129
286 0.323242 0.00260153 0.5686 0.00495296
287 0.324264 0.00260671 0.5675 0.00495448
288 0.325813 0.00260887 0.565 0.00495782
289 0.326838 0.00260741 0.56 0.00496412
290 0.327668 0.00260892 0.5598 0.00496436
291 0.328901 0.00261179 0.5549 0.00497002
292 0.33007 0.00261834 0.5527 0.0049724
293 0.331641 0.00262215 0.5526 0.0049725
294 0.333193 0.00262045 0.5488 0.00497638
295 0.334393 0.00262061 0.5452 0.00497978
296 0.336393 0.00262789 0.5434 0.00498138
297 0.337793 0.00262496 0.5395 0.00498462
298 0.338458 0.00262535 0.5391 0.00498494
299 0.339563 0.0026252 0.5375 0.00498617
300 0.340577 0.00263613 0.5372 0.00498639
301 0.34216 0.00263461 0.5365 0.00498691
302 0.34269 0.0026289 0.5337 0.00498888
303 0.344188 0.00262752 0.5323 0.00498981
304 0.345145 0.00263068 0.5293 0.00499166
305 0.346596 0.00263017 0.5281 0.00499235
306 0.347922 0.00263524 0.5232 0.00499486
307 0.3499 0.00263169 0.5207 0.00499596
308 0.351574 0.00262962 0.5152 0.00499794
309 0.352768 0.00263216 0.5124 0.00499871
310 0.353672 0.00264172 0.5113 0.00499897
311 0.354465 0.00264315 0.5092 0.0049994
312 0.355844 0.00264867 0.5048 0.00500002
313 0.357483 0.00265546 0.5056 0.00499994
314 0.359126 0.00265713 0.5023 0.0050002
315 0.359864 0.00265233 0.5018 0.00500022
316 0.361288 0.00265524 0.4964 0.00500012
317 0.362087 0.00265147 0.4931 0.00499977
318 0.363736 0.00265673 0.4905 0.00499935
319 0.36442 0.0026634 0.4894 0.00499913
320 0.366254 0.00265532 0.4857 0.0049982
321 0.367614 0.00265887 0.4904 0.00499933
322 0.36845 0.00267099 0.4834 0.00499749
323 0.369525 0.00266808 0.4827 0.00499726
324 0.371399 0.00267977 0.484 0.00499769
325 0.373646 0.00268097 0.4818 0.00499694
326 0.374893 0.0026811 0.4798 0.00499617
327 0.376008 0.00268037 0.4774 0.00499514
328 0.376797 0.00268041 0.4754 0.00499419
329 0.377798 0.00268815 0.4708 0.00499172
330 0.379646 0.00269408 0.4665 0.00498901
331 0.38096 0.00269603 0.466 0.00498868
332 0.382235 0.002693 0.468 0.00499
333 0.383211 0.00269263 0.4673 0.00498955
334 0.384694 0.00269806 0.463 0.00498654
335 0.385922 0.00269946 0.4631 0.00498661
336 0.386298 0.00269821 0.4599 0.00498414
337 0.387191 0.00270091 0.4573 0.00498198
338 0.388015 0.00270491 0.459 0.00498341
339 0.389005 0.00271087 0.456 0.00498085
340 0.390181 0.00270992 0.4521 0.00497725
341 0.391795 0.00271508 0.4523 0.00497744
342 0.393243 0.00271982 0.4476 0.00497272
343 0.394487 0.00272079 0.4473 0.0049724
344 0.395627 0.00272527 0.4448 0.00496968
345 0.396553 0.00272954 0.4455 0.00497046
346 0.39814 0.00273065 0.4455 0.00497046
347 0.399485 0.0027322 0.4443 0.00496913
348 0.400296 0.00272706 0.4422 0.00496673
349 0.401241 0.00272608 0.4413 0.00496567
350 0.402467 0.0027359 0.4377 0.00496128
351 0.403046 0.00273356 0.4374 0.00496091
352 0.403044 0.00273481 0.4389 0.00496278
353 0.4044 0.00273394 0.4366 0.00495989
354 0.405678 0.00274018 0.4344 0.00495703
355 0.406291 0.00273837 0.4328 0.00495488
356 0.407194 0.00273804 0.4291 0.00494972
357 0.40772 0.00273521 0.4312 0.00495269
358 0.40886 0.00274201 0.4296 0.00495044
359 0.409453 0.00274044 0.4289 0.00494944
360 0.410214 0.00274162 0.4268 0.00494637
361 0.411063 0.0027438 0.4224 0.00493966
362 0.412319 0.00274187 0.421 0.00493744
363 0.412484 0.00274029 0.4218 0.00493872
364 0.4144 0.00274125 0.4185 0.00493338
365 0.415167 0.00275014 0.4195 0.00493502
366 0.415225 0.00275207 0.4169 0.00493071
367 0.415827 0.00275523 0.4146 0.00492677
368 0.416311 0.00275708 0.4141 0.00492591
369 0.416875 0.00275612 0.413 0.00492397
370 0.418554 0.00275766 0.414 0.00492573
371 0.419442 0.00275951 0.4097 0.00491803
372 0.421014 0.00276272 0.4072 0.00491337
373 0.42207 0.0027621 0.41 0.00491858
374 0.422008 0.00275669 0.4078 0.0049145
375 0.422879 0.00276035 0.4072 0.00491337
376 0.424295 0.00276539 0.405 0.00490917
377 0.424827 0.00275995 0.4023 0.00490386
378 0.425384 0.00276061 0.3996 0.00489841
379 0.427062 0.00275624 0.3987 0.00489655
380 0.427353 0.00275337 0.3949 0.00488854
381 0.427904 0.00275198 0.3947 0.00488811
382 0.42915 0.002749 0.3946 0.00488789
383 0.429629 0.00274404 0.392 0.00488221
384 0.430605 0.00274597 0.3929 0.00488419
385 0.430792 0.00274194 0.39 0.00487774
386 0.431599 0.00274325 0.3892 0.00487593
387 0.432281 0.00274486 0.3907 0.00487932
388 0.432911 0.0027391 0.3874 0.00487181
389 0.434324 0.00273904 0.3862 0.00486902
390 0.435757 0.00274105 0.3834 0.00486239
391 0.436473 0.00274759 0.3831 0.00486167
392 0.437884 0.00275094 0.3807 0.00485583
393 0.439418 0.00275078 0.3779 0.00484887
394 0.439656 0.00275813 0.3803 0.00485485
395 0.440563 0.00276315 0.3779 0.00484887
396 0.440582 0.00276123 0.3779 0.00484887
397 0.441988 0.00276103 0.3761 0.0048443
398 0.443253 0.00276429 0.3752 0.00484199
399 0.444382 0.00276278 0.3727 0.00483547
400 0.445035 0.00276767 0.3727 0.00483547
401 0.445278 0.00277321 0.3719 0.00483336
402 0.446176 0.00276916 0.3697 0.00482748
403 0.446521 0.00277413 0.3724 0.00483468
404 0.447469 0.0027797 0.3712 0.0048315
405 0.448039 0.00278399 0.3722 0.00483415
406 0.448172 0.00278809 0.3721 0.00483389
407 0.448889 0.00278111 0.3701 0.00482855
408 0.448468 0.00277975 0.3716 0.00483256
409 0.449168 0.0027813 0.3702 0.00482882
410 0.448878 0.00278827 0.3709 0.0048307
411 0.44875 0.00278886 0.3725 0.00483495
412 0.449935 0.00279135 0.3724 0.00483468
413 0.450246 0.002778 0.3688 0.00482504
414 0.451084 0.00278158 0.3696 0.00482721
415 0.451672 0.00278027 0.3664 0.00481845
416 0.452532 0.00278397 0.3657 0.0048165
417 0.45254 0.00278901 0.3663 0.00481817
418 0.453187 0.0027873 0.3626 0.00480775
419 0.45387 0.00279254 0.3628 0.00480832
420 0.45379 0.00280064 0.3604 0.0048014
421 0.454519 0.00279321 0.3602 0.00480082
422 0.454747 0.00279133 0.359 0.00479731
423 0.455019 0.00279023 0.3589 0.00479702
424 0.455267 0.00278968 0.3589 0.00479702
425 0.456428 0.00278764 0.3561 0.00478869
426 0.456381 0.00279256 0.362 0.00480603
427 0.456359 0.00278666 0.3574 0.00479258
428 0.456551 0.00277965 0.3595 0.00479878
429 0.457221 0.00277895 0.3593 0.00479819
430 0.457359 0.00277213 0.3558 0.00478779
431 0.457941 0.00277284 0.3564 0.00478959
432 0.458302 0.00276847 0.3528 0.00477865
433 0.458946 0.00276197 0.352 0.00477618
434 0.460168 0.00276846 0.35 0.00476993
435 0.460103 0.0027667 0.3494 0.00476804
436 0.460907 0.00277059 0.3504 0.00477119
437 0.46125 0.00277109 0.3545 0.00478385
438 0.461707 0.00277179 0.3507 0.00477213
439 0.462277 0.00277084 0.3457 0.0047562
440 0.462573 0.00276716 0.3462 0.00475782
441 0.463199 0.00276548 0.3445 0.00475229
442 0.464094 0.00275431 0.3442 0.0047513
443 0.465085 0.00275186 0.3439 0.00475032
444 0.465405 0.00274913 0.3411 0.00474103
445 0.465548 0.00275678 0.3428 0.00474669
446 0.466249 0.00275945 0.3408 0.00474002
447 0.466334 0.00276457 0.344 0.00475065
448 0.467458 0.0027594 0.3397 0.00473631
449 0.468292 0.00276362 0.337 0.00472709
450 0.469706 0.00276117 0.3332 0.00471381
451 0.46968 0.0027618 0.3351 0.00472049
452 0.46999 0.00276564 0.3348 0.00471944
453 0.46971 0.00275995 0.3388 0.00473325
454 0.469524 0.0027651 0.3369 0.00472674
455 0.469848 0.00276552 0.3392 0.00473461
456 0.470497 0.00277419 0.3343 0.00471769
457 0.471091 0.00277521 0.335 0.00472014
458 0.47173 0.00277348 0.3336 0.00471522
459 0.472774 0.00276795 0.333 0.0047131
460 0.472351 0.00276588 0.3351 0.00472049
461 0.473043 0.0027664 0.333 0.0047131
462 0.473049 0.00276014 0.329 0.00469873
463 0.473318 0.00276085 0.3302 0.00470308
464 0.472822 0.00276966 0.3311 0.00470632
465 0.474032 0.002772 0.3319 0.00470919
466 0.474366 0.00276922 0.3302 0.00470308
467 0.474602 0.00276418 0.3304 0.00470381
468 0.474642 0.00276629 0.3284 0.00469655
469 0.474528 0.00277476 0.3321 0.0047099
470 0.47532 0.00277391 0.3301 0.00470272
471 0.475978 0.00276609 0.3258 0.00468696
472 0.476062 0.00276669 0.3238 0.00467948
473 0.476114 0.00277062 0.3248 0.00468323
474 0.476805 0.00277103 0.3264 0.00468919
475 0.475725 0.00276761 0.3288 0.00469801
476 0.476406 0.00277505 0.3277 0.00469398
477 0.476001 0.00276995 0.3258 0.00468696
478 0.475869 0.00277204 0.3301 0.00470272
479 0.47672 0.00277757 0.3292 0.00469946
480 0.477198 0.00277065 0.3265 0.00468956
481 0.476613 0.00276983 0.3268 0.00469067
482 0.475996 0.00276383 0.3305 0.00470417
483 0.476351 0.00275196 0.3251 0.00468436
484 0.476564 0.00275604 0.325 0.00468398
485 0.477177 0.00276215 0.3262 0.00468845
486 0.477402 0.00276875 0.3259 0.00468734
487 0.478196 0.00277252 0.3269 0.00469104
488 0.478728 0.00276729 0.3248 0.00468323
489 0.478463 0.00276802 0.326 0.00468771
490 0.478924 0.00276965 0.3259 0.00468734
491 0.479078 0.00276391 0.3253 0.0046851
492 0.479648 0.00275993 0.323 0.00467646
493 0.480439 0.00276471 0.3234 0.00467797
494 0.481012 0.00276833 0.3236 0.00467873
495 0.481161 0.00276519 0.3215 0.00467076
496 0.481019 0.0027606 0.3235 0.00467835
497 0.480788 0.00275669 0.3214 0.00467037
498 0.481061 0.0027571 0.3195 0.00466306
499 0.481659 0.00275691 0.3194 0.00466267
500 0.482089 0.0027588 0.3174 0.00465488
501 0.482054 0.00275039 0.3168 0.00465252
502 0.482473 0.00275412 0.3154 0.00464698
503 0.481892 0.00274654 0.317 0.00465331
504 0.481921 0.00275157 0.3175 0.00465527
505 0.481913 0.00275087 0.3171 0.0046537
506 0.482204 0.00274916 0.317 0.00465331
507 0.481991 0.00274913 0.3208 0.00466807
508 0.482901 0.00275499 0.3182 0.00465801
509 0.483317 0.00275246 0.3192 0.0046619
510 0.482981 0.00275508 0.3183 0.0046584
511 0.483399 0.00275573 0.3184 0.00465879
512 0.483811 0.00275155 0.3174 0.00465488
513 0.4837 0.00275612 0.3158 0.00464857
514 0.483471 0.00275399 0.32 0.00466499
515 0.483617 0.00275529 0.3183 0.0046584
516 0.484125 0.00275955 0.318 0.00465723
517 0.484926 0.00275914 0.3161 0.00464976
518 0.485425 0.00275742 0.3159 0.00464897
519 0.485496 0.0027571 0.3198 0.00466422
520 0.485177 0.0027598 0.3182 0.00465801
521 0.484816 0.00275672 0.3167 0.00465213
522 0.484965 0.00276063 0.3136 0.00463979
523 0.484368 0.00275684 0.3183 0.0046584
524 0.484815 0.00275833 0.3161 0.00464976
525 0.483933 0.00275556 0.3142 0.0046422
526 0.484842 0.00276263 0.316 0.00464936
527 0.484688 0.00276465 0.3165 0.00465134
528 0.484664 0.00275832 0.3161 0.00464976
529 0.485961 0.00275746 0.3137 0.00464019
530 0.486561 0.00275826 0.3122 0.00463414
531 0.485988 0.002758 0.3142 0.0046422
532 0.486636 0.00275928 0.3124 0.00463495
533 0.485923 0.00275429 0.3156 0.00464778
534 0.48538 0.00275531 0.3148 0.00464459
535 0.486189 0.0027571 0.3107 0.00462803
536 0.486505 0.00275814 0.3114 0.00463089
537 0.486801 0.00276062 0.3133 0.00463858
538 0.487814 0.00276591 0.3124 0.00463495
539 0.488054 0.00276611 0.3125 0.00463536
540 0.488192 0.00276335 0.3091 0.00462146
541 0.488454 0.00275748 0.307 0.00461272
542 0.488704 0.00275781 0.3074 0.0046144
543 0.489284 0.00275796 0.3112 0.00463008
544 0.488869 0.00275688 0.3082 0.00461773
545 0.489869 0.00275705 0.308 0.0046169
546 0.489335 0.00275827 0.308 0.0046169
547 0.488349 0.00276174 0.3084 0.00461856
548 0.48827 0.00276144 0.3067 0.00461147
549 0.488731 0.00276054 0.3084 0.00461856
550 0.488015 0.00277239 0.3083 0.00461814
551 0.487936 0.00277025 0.3088 0.00462022
552 0.487371 0.00277003 0.3108 0.00462844
553 0.487671 0.00276766 0.3109 0.00462885
554 0.48704 0.00276945 0.3126 0.00463576
555 0.486853 0.00276788 0.3112 0.00463008
556 0.4866 0.00276303 0.3124 0.00463495
557 0.487166 0.00276193 0.3095 0.00462311
558 0.488127 0.00275863 0.3106 0.00462762
559 0.487808 0.00276125 0.31 0.00462516
560 0.48723 0.00276938 0.3123 0.00463455
561 0.487815 0.00276335 0.3111 0.00462967
562 0.48818 0.00277222 0.3122 0.00463414
563 0.487598 0.00276848 0.3109 0.00462885
564 0.487336 0.00276041 0.3098 0.00462434
565 0.48831 0.00276697 0.3103 0.0046264
566 0.488802 0.00276528 0.3094 0.00462269
567 0.488653 0.00277126 0.3099 0.00462475
568 0.488979 0.00277116 0.3107 0.00462803
569 0.489073 0.00277051 0.3095 0.00462311
570 0.489561 0.00277196 0.3066 0.00461105
571 0.489076 0.00277029 0.309 0.00462104
572 0.489545 0.00276829 0.3092 0.00462187
573 0.489488 0.00276969 0.3053 0.00460557
574 0.490771 0.00277543 0.3049 0.00460388
575 0.489791 0.00277794 0.3075 0.00461481
576 0.490399 0.00276879 0.3037 0.00459878
577 0.491213 0.00276535 0.3058 0.00460768
578 0.49257 0.00276649 0.3023 0.00459277
579 0.492429 0.00276366 0.3029 0.00459535
580 0.492083 0.00276652 0.3064 0.00461021
581 0.492817 0.00276879 0.3053 0.00460557
582 0.494014 0.00277144 0.3031 0.00459621
583 0.493117 0.00276594 0.3063 0.00460979
584 0.493508 0.00275878 0.3056 0.00460684
585 0.493008 0.00276335 0.304 0.00460006
586 0.493102 0.00276436 0.3061 0.00460895
587 0.493265 0.00276238 0.3044 0.00460176
588 0.493596 0.00276119 0.3045 0.00460218
589 0.493831 0.00275571 0.3032 0.00459664
590 0.493979 0.00274509 0.3053 0.00460557
591 0.495055 0.00274865 0.303 0.00459578
592 0.495128 0.00274855 0.3033 0.00459707
593 0.494901 0.0027439 0.2998 0.00458193
594 0.494936 0.00274086 0.3001 0.00458324
595 0.495117 0.00273953 0.3012 0.00458802
596 0.49512 0.00273499 0.2986 0.00457667
597 0.493812 0.00274317 0.3054 0.004606
598 0.493333 0.00274564 0.2994 0.00458018
599 0.494687 0.0027495 0.2978 0.00457314
600 0.494197 0.00275143 0.3009 0.00458672
601 0.494114 0.00275044 0.2997 0.00458149
602 0.493812 0.00274837 0.3041 0.00460048
603 0.494182 0.00275153 0.3019 0.00459105
604 0.49495 0.0027544 0.3 0.0045828
605 0.494747 0.00275417 0.3001 0.00458324
606 0.494962 0.00275031 0.3005 0.00458498
607 0.495589 0.00275212 0.3002 0.00458368
608 0.495702 0.00275193 0.3009 0.00458672
609 0.495055 0.00274851 0.2989 0.00457799
610 0.495008 0.00274424 0.3022 0.00459234
611 0.4965 0.00274489 0.2993 0.00457974
612 0.497874 0.00274153 0.296 0.00456514
613 0.49773 0.00274429 0.2975 0.00457181
614 0.497218 0.00274224 0.2996 0.00458106
615 0.497044 0.00273627 0.2983 0.00457535
616 0.498091 0.00274077 0.2986 0.00457667
617 0.497893 0.00274025 0.3 0.0045828
618 0.497587 0.00274743 0.2988 0.00457755
619 0.497258 0.0027572 0.298 0.00457402
620 0.498376 0.00275706 0.2965 0.00456737
621 0.499091 0.00276242 0.2978 0.00457314
622 0.498283 0.00275665 0.2966 0.00456781
623 0.498869 0.00275321 0.2985 0.00457623
624 0.498813 0.00274731 0.2952 0.00456155
625 0.498785 0.00274728 0.2964 0.00456692
626 0.498698 0.00274365 0.295 0.00456066
627 0.498424 0.00274358 0.2946 0.00455886
628 0.498696 0.00274136 0.2961 0.00456558
629 0.49807 0.00274097 0.2977 0.0045727
630 0.497166 0.00273468 0.2943 0.0045575
631 0.497529 0.00273855 0.2962 0.00456603
632 0.496869 0.0027394 0.2983 0.00457535
633 0.496782 0.0027353 0.2982 0.00457491
634 0.497192 0.00274114 0.2974 0.00457137
635 0.496818 0.00273761 0.2954 0.00456245
636 0.497417 0.00273608 0.2949 0.00456021
637 0.497383 0.00274116 0.2952 0.00456155
638 0.496986 0.00273798 0.2932 0.00455252
639 0.497088 0.00273844 0.2934 0.00455343
640 0.496625 0.00273325 0.295 0.00456066
641 0.496138 0.0027314 0.2978 0.00457314
642 0.497089 0.00273342 0.2977 0.0045727
643 0.496776 0.00273651 0.2967 0.00456826
644 0.49659 0.00274037 0.2974 0.00457137
645 0.497007 0.00273736 0.2979 0.00457358
646 0.496674 0.00273182 0.2962 0.00456603
647 0.496034 0.00272574 0.2971 0.00457004
648 0.496696 0.00273083 0.2935 0.00455388
649 0.49546 0.00273786 0.2982 0.00457491
650 0.496358 0.0027332 0.2972 0.00457048
651 0.496642 0.00273885 0.2942 0.00455705
652 0.497782 0.00273516 0.2927 0.00455025
653 0.497674 0.00273915 0.292 0.00454705
654 0.497976 0.0027392 0.2885 0.00453087
655 0.497876 0.00274228 0.2937 0.00455479
656 0.498528 0.0027377 0.2908 0.00454154
657 0.498549 0.00273702 0.2917 0.00454568
658 0.498943 0.00274053 0.2916 0.00454522
659 0.499038 0.00273699 0.2882 0.00452947
660 0.499297 0.00273627 0.2892 0.00453414
661 0.499462 0.00273883 0.2919 0.00454659
662 0.499563 0.00274813 0.291 0.00454246
663 0.499412 0.0027474 0.2923 0.00454842
664 0.499538 0.00274614 0.2932 0.00455252
665 0.500119 0.0027536 0.2913 0.00454384
666 0.499682 0.00275044 0.2903 0.00453923
667 0.499424 0.00275367 0.2924 0.00454888
668 0.499896 0.00275402 0.2892 0.00453414
669 0.500203 0.00275585 0.2921 0.00454751
670 0.49947 0.0027538 0.2921 0.00454751
671 0.499293 0.00275305 0.2954 0.00456245
672 0.499707 0.00275294 0.2949 0.00456021
673 0.499297 0.00275388 0.2981 0.00457447
674 0.498716 0.00275824 0.2985 0.00457623
675 0.498668 0.00275534 0.2968 0.0045687
676 0.498784 0.0027665 0.2988 0.00457755
677 0.498893 0.00276093 0.2958 0.00456424
678 0.498222 0.00276617 0.2941 0.0045566
679 0.498385 0.00276657 0.2981 0.00457447
680 0.498575 0.00276157 0.2982 0.00457491
681 0.498111 0.00277077 0.2995 0.00458062
682 0.498596 0.00277603 0.2988 0.00457755
683 0.498468 0.00277079 0.2969 0.00456915
684 0.498362 0.00276775 0.2986 0.00457667
685 0.498881 0.00276444 0.2976 0.00457225
686 0.498699 0.00276973 0.299 0.00457843
687 0.498993 0.0027662 0.2997 0.00458149
688 0.499133 0.00276199 0.2983 0.00457535
689 0.498477 0.00276454 0.2978 0.00457314
690 0.498563 0.00276704 0.2988 0.00457755
691 0.499781 0.0027706 0.2968 0.0045687
692 0.50032 0.00276582 0.2967 0.00456826
693 0.499983 0.00276918 0.2964 0.00456692
694 0.498834 0.00276351 0.2973 0.00457093
695 0.499238 0.00277028 0.2959 0.00456469
696 0.500001 0.0027644 0.2995 0.00458062
697 0.499622 0.00276628 0.297 0.00456959
698 0.499177 0.00276294 0.2962 0.00456603
699 0.499683 0.00276492 0.3023 0.00459277
700 0.499844 0.00276296 0.2977 0.0045727
701 0.499461 0.00276245 0.2975 0.00457181
702 0.499713 0.0027615 0.295 0.00456066
703 0.499098 0.00276381 0.2993 0.00457974
704 0.49963 0.00276211 0.2973 0.00457093
705 0.499857 0.00275485 0.2974 0.00457137
706 0.499646 0.00275573 0.2938 0.00455524
707 0.500576 0.00276853 0.2922 0.00454796
708 0.500057 0.00276716 0.295 0.00456066
709 0.500586 0.00276461 0.2922 0.00454796
710 0.500852 0.00276006 0.291 0.00454246
711 0.50082 0.00275739 0.2933 0.00455298
712 0.5005 0.00276389 0.2953 0.004562
713 0.500592 0.0027654 0.2957 0.0045638
714 0.500517 0.00276973 0.2945 0.0045584
715 0.500748 0.00277428 0.2943 0.0045575
716 0.501297 0.00278081 0.2946 0.00455886
717 0.500952 0.00277558 0.2946 0.00455886
718 0.50114 0.00277468 0.2945 0.0045584
719 0.501546 0.00277634 0.2947 0.00455931
720 0.501254 0.00277248 0.2973 0.00457093
721 0.500824 0.00277764 0.2942 0.00455705
722 0.500785 0.00277817 0.297 0.00456959
723 0.500433 0.00277479 0.2974 0.00457137
724 0.501183 0.00276947 0.2934 0.00455343
725 0.501302 0.00277462 0.2922 0.00454796
726 0.500374 0.00277388 0.2934 0.00455343
727 0.500686 0.0027744 0.2934 0.00455343
728 0.500173 0.00277408 0.2952 0.00456155
729 0.500743 0.00277504 0.2917 0.00454568
730 0.49976 0.00277991 0.2924 0.00454888
731 0.500173 0.00278067 0.296 0.00456514
732 0.500201 0.00277512 0.2955 0.0045629
733 0.499832 0.00277789 0.2952 0.00456155
734 0.500524 0.00277227 0.2947 0.00455931
735 0.500264 0.00278028 0.2952 0.00456155
736 0.50001 0.00278422 0.2937 0.00455479
737 0.499612 0.002775 0.2941 0.0045566
738 0.500102 0.00277289 0.2955 0.0045629
739 0.499506 0.00277775 0.2937 0.00455479
740 0.50001 0.00277742 0.2926 0.00454979
741 0.498601 0.00277728 0.2944 0.00455795
742 0.498806 0.00277534 0.2947 0.00455931
743 0.498648 0.00276575 0.2948 0.00455976
744 0.498653 0.00276518 0.2983 0.00457535
745 0.499263 0.00276816 0.2956 0.00456335
746 0.499504 0.0027687 0.297 0.00456959
747 0.499106 0.00276324 0.2936 0.00455434
748 0.498988 0.00275528 0.2964 0.00456692
749 0.499138 0.00274477 0.292 0.00454705
750 0.50006 0.00274589 0.2917 0.00454568
751 0.500727 0.0027505 0.291 0.00454246
752 0.499795 0.00275191 0.2943 0.0045575
753 0.500509 0.00274496 0.2925 0.00454933
754 0.499985 0.00274011 0.293 0.00455161
755 0.500406 0.00273576 0.2915 0.00454476
756 0.499433 0.0027382 0.2961 0.00456558
757 0.498758 0.00273899 0.2912 0.00454338
758 0.498372 0.0027369 0.2967 0.00456826
759 0.498609 0.00274368 0.2962 0.00456603
760 0.497881 0.00274219 0.2958 0.00456424
761 0.498074 0.0027469 0.2948 0.00455976
762 0.498981 0.00275149 0.293 0.00455161
763 0.499547 0.0027459 0.2931 0.00455207
764 0.498884 0.0027433 0.2936 0.00455434
765 0.499181 0.0027434 0.2978 0.00457314
766 0.500315 0.00273717 0.2947 0.00455931
767 0.501078 0.00273436 0.2903 0.00453923
768 0.501387 0.00273569 0.2902 0.00453877
769 0.501599 0.0027364 0.2921 0.00454751
770 0.500734 0.00273684 0.2892 0.00453414
771 0.500372 0.00273266 0.2888 0.00453227
772 0.499955 0.00273796 0.2903 0.00453923
773 0.500166 0.00273637 0.2896 0.00453599
774 0.49976 0.00272925 0.2946 0.00455886
775 0.500101 0.00272819 0.2944 0.00455795
776 0.501025 0.00272989 0.2902 0.00453877
777 0.501474 0.00271995 0.2903 0.00453923
778 0.501472 0.00272435 0.2882 0.00452947
779 0.50123 0.00272507 0.2881 0.00452901
780 0.501188 0.00272554 0.2915 0.00454476
781 0.502015 0.00272942 0.2899 0.00453738
782 0.501446 0.00272511 0.2902 0.00453877
783 0.50251 0.00272436 0.2881 0.00452901
784 0.502917 0.00273065 0.29 0.00453785
785 0.502519 0.0027289 0.2894 0.00453507
786 0.502771 0.0027285 0.2884 0.00453041
787 0.502711 0.00272746 0.2899 0.00453738
788 0.502866 0.0027294 0.2889 0.00453274
789 0.502739 0.00273089 0.287 0.00452384
790 0.501781 0.00273753 0.2914 0.0045443
791 0.502105 0.00273739 0.2913 0.00454384
792 0.501797 0.0027351 0.2886 0.00453134
793 0.501651 0.00273564 0.2894 0.00453507
794 0.501026 0.00273968 0.2885 0.00453087
795 0.500615 0.00274684 0.2939 0.00455569
796 0.500136 0.0027499 0.2939 0.00455569
797 0.500041 0.00274908 0.2902 0.00453877
798 0.50001 0.00275115 0.2946 0.00455886
799 0.499586 0.00274613 0.295 0.00456066
800 0.500078 0.00274739 0.2933 0.00455298
801 0.500302 0.00274591 0.2931 0.00455207
802 0.5012 0.00274579 0.2926 0.00454979
803 0.500411 0.00274946 0.2931 0.00455207
804 0.501481 0.00274134 0.2899 0.00453738
805 0.500925 0.0027446 0.2915 0.00454476
806 0.500428 0.00274874 0.293 0.00455161
807 0.501415 0.00274384 0.2925 0.00454933
808 0.500512 0.00274498 0.2913 0.00454384
809 0.500728 0.00274285 0.2922 0.00454796
810 0.500221 0.00274316 0.2917 0.00454568
811 0.499669 0.00274829 0.2929 0.00455116
812 0.499152 0.00274367 0.2938 0.00455524
813 0.498045 0.00273872 0.2946 0.00455886
814 0.497797 0.00274881 0.2972 0.00457048
815 0.497151 0.00274799 0.2997 0.00458149
816 0.496549 0.00275177 0.2989 0.00457799
817 0.497457 0.0027565 0.2952 0.00456155
818 0.497025 0.00276033 0.2987 0.00457711
819 0.497859 0.00276735 0.2976 0.00457225
820 0.498422 0.00276851 0.2967 0.00456826
821 0.498018 0.00276688 0.2944 0.00455795
822 0.497832 0.00277075 0.2941 0.0045566
823 0.497539 0.00276235 0.2975 0.00457181
824 0.496705 0.00277018 0.2996 0.00458106
825 0.496066 0.00277166 0.2974 0.00457137
826 0.495944 0.00277347 0.2997 0.00458149
827 0.496377 0.00277041 0.2994 0.00458018
828 0.496388 0.00276891 0.2991 0.00457887
829 0.496333 0.00277462 0.2994 0.00458018
830 0.497463 0.00277364 0.2967 0.00456826
831 0.496472 0.00276478 0.2954 0.00456245
832 0.496378 0.0027675 0.3012 0.00458802
833 0.496844 0.00276489 0.2993 0.00457974
834 0.496952 0.00277096 0.3012 0.00458802
835 0.497401 0.00276599 0.2996 0.00458106
836 0.49793 0.00276471 0.297 0.00456959
837 0.498816 0.0027613 0.2947 0.00455931
838 0.49755 0.00275787 0.2969 0.00456915
839 0.497744 0.00276168 0.294 0.00455615
840 0.497824 0.00275747 0.2959 0.00456469
841 0.497607 0.00276497 0.294 0.00455615
842 0.497962 0.00276136 0.2963 0.00456648
843 0.49814 0.00275563 0.2957 0.0045638
844 0.498108 0.00275581 0.2958 0.00456424
845 0.498572 0.0027561 0.2954 0.00456245
846 0.498734 0.00275826 0.294 0.00455615
847 0.498624 0.00276121 0.2936 0.00455434
848 0.498368 0.00276619 0.2931 0.00455207
849 0.497827 0.00276834 0.2951 0.00456111
850 0.497563 0.00277677 0.2987 0.00457711
851 0.497191 0.00277525 0.3006 0.00458542
852 0.497496 0.00277354 0.2982 0.00457491
853 0.498007 0.00277427 0.297 0.00456959
854 0.498052 0.00277463 0.2988 0.00457755
855 0.497423 0.00277457 0.2982 0.00457491
856 0.497552 0.00276866 0.3012 0.00458802
857 0.497265 0.00276734 0.3001 0.00458324
858 0.496563 0.00277202 0.3011 0.00458759
859 0.496526 0.00276574 0.2991 0.00457887
860 0.496457 0.00276208 0.2992 0.0045793
861 0.496671 0.00275137 0.2986 0.00457667
862 0.496485 0.00275485 0.2974 0.00457137
863 0.496776 0.00275947 0.2968 0.0045687
864 0.496974 0.00275673 0.2951 0.00456111
865 0.496688 0.00275339 0.3002 0.00458368
866 0.497295 0.00274835 0.2967 0.00456826
867 0.496809 0.00275211 0.2974 0.00457137
868 0.49786 0.00275195 0.2947 0.00455931
869 0.497271 0.00275224 0.2984 0.00457579
870 0.497185 0.0027507 0.2954 0.00456245
871 0.497401 0.00275766 0.2951 0.00456111
872 0.497707 0.00276094 0.297 0.00456959
873 0.497847 0.00275621 0.3 0.0045828
874 0.497739 0.00275735 0.2971 0.00457004
875 0.497132 0.00275838 0.3024 0.00459321
876 0.496703 0.00275913 0.3005 0.00458498
877 0.496913 0.00276335 0.3006 0.00458542
878 0.49732 0.00274997 0.3013 0.00458846
879 0.497592 0.00275682 0.3004 0.00458455
880 0.497892 0.00275824 0.2992 0.0045793
881 0.49717 0.00275193 0.3 0.0045828
882 0.497386 0.00275282 0.2971 0.00457004
883 0.497067 0.00275521 0.2979 0.00457358
884 0.497329 0.00275358 0.3005 0.00458498
885 0.49656 0.00275398 0.2998 0.00458193
886 0.495617 0.00275116 0.3011 0.00458759
887 0.495798 0.00274548 0.298 0.00457402
888 0.495786 0.00274307 0.2988 0.00457755
889 0.496428 0.00274899 0.2978 0.00457314
890 0.496746 0.00275067 0.2977 0.0045727
891 0.497412 0.00274702 0.2988 0.00457755
892 0.496845 0.00275431 0.2967 0.00456826
893 0.497234 0.00275462 0.2998 0.00458193
894 0.497033 0.00275669 0.2977 0.0045727
895 0.496984 0.00276344 0.2994 0.00458018
896 0.497952 0.00277133 0.3019 0.00459105
897 0.498096 0.0027641 0.3021 0.00459191
898 0.498132 0.0027669 0.2993 0.00457974
899 0.49793 0.00276246 0.2994 0.00458018
900 0.498937 0.00275744 0.2941 0.0045566
901 0.49841 0.00276187 0.2984 0.00457579
902 0.498607 0.00275997 0.2987 0.00457711
903 0.498027 0.00275889 0.2965 0.00456737
904 0.497573 0.00276311 0.2974 0.00457137
905 0.497902 0.00276401 0.2976 0.00457225
906 0.497905 0.00277653 0.2987 0.00457711
907 0.497433 0.00277399 0.2982 0.00457491
908 0.498662 0.00276624 0.298 0.00457402
909 0.498519 0.0027642 0.2983 0.00457535
910 0.498846 0.00276604 0.2959 0.00456469
911 0.498851 0.00276646 0.2966 0.00456781
912 0.498611 0.0027679 0.2994 0.00458018
913 0.499233 0.00276626 0.299 0.00457843
914 0.499232 0.00276982 0.2987 0.00457711
915 0.499296 0.00276452 0.2954 0.00456245
916 0.499131 0.00276211 0.297 0.00456959
917 0.49916 0.00276702 0.295 0.00456066
918 0.498483 0.00276543 0.2981 0.00457447
919 0.497804 0.00276777 0.3041 0.00460048
920 0.49725 0.00276349 0.3028 0.00459492
921 0.497659 0.00275884 0.2986 0.00457667
922 0.497773 0.00275515 0.2979 0.00457358
923 0.497706 0.00276094 0.2979 0.00457358
924 0.496559 0.00276897 0.3011 0.00458759
925 0.497468 0.00277658 0.3006 0.00458542
926 0.496862 0.00277404 0.3021 0.00459191
927 0.497053 0.00277553 0.301 0.00458716
928 0.496503 0.00276475 0.3002 0.00458368
929 0.496512 0.00277782 0.3011 0.00458759
930 0.497125 0.00276916 0.3013 0.00458846
931 0.497217 0.00276794 0.3001 0.00458324
932 0.4974 0.00276498 0.3008 0.00458629
933 0.497387 0.0027639 0.2984 0.00457579
934 0.496631 0.00276558 0.2981 0.00457447
935 0.496016 0.00276658 0.2996 0.00458106
936 0.496307 0.00276099 0.2986 0.00457667
937 0.49612 0.00275953 0.2965 0.00456737
938 0.495868 0.002762 0.3014 0.00458889
939 0.496888 0.00276781 0.2994 0.00458018
940 0.497528 0.00276436 0.2971 0.00457004
941 0.497867 0.00276163 0.2959 0.00456469
942 0.498411 0.00275669 0.2952 0.00456155
943 0.497688 0.00276033 0.2982 0.00457491
944 0.49849 0.00275869 0.2945 0.0045584
945 0.498403 0.00276744 0.2975 0.00457181
946 0.498863 0.00276988 0.2987 0.00457711
947 0.498756 0.00276428 0.2965 0.00456737
948 0.498546 0.00275661 0.2949 0.00456021
949 0.498461 0.00275506 0.2948 0.00455976
950 0.498569 0.0027499 0.2946 0.00455886
951 0.499043 0.00274487 0.2902 0.00453877
952 0.498826 0.00274752 0.2936 0.00455434
953 0.497988 0.00275037 0.2951 0.00456111
954 0.498475 0.0027532 0.2931 0.00455207
955 0.498792 0.00274915 0.2941 0.0045566
956 0.4981 0.00274804 0.2959 0.00456469
957 0.498338 0.00274889 0.2954 0.00456245
958 0.498256 0.00275181 0.2945 0.0045584
959 0.499043 0.0027478 0.2947 0.00455931
960 0.499265 0.00274609 0.294 0.00455615
961 0.498126 0.00274249 0.2941 0.0045566
962 0.498524 0.00274292 0.2908 0.00454154
963 0.498679 0.00273848 0.2904 0.0045397
964 0.498733 0.00274213 0.2931 0.00455207
965 0.498255 0.00274971 0.2933 0.00455298
966 0.498904 0.00274455 0.2946 0.00455886
967 0.498439 0.00274705 0.2962 0.00456603
968 0.498728 0.00275863 0.2959 0.00456469
969 0.498531 0.00276553 0.2989 0.00457799
970 0.498385 0.00276064 0.2977 0.0045727
971 0.498712 0.00276385 0.2972 0.00457048
972 0.49882 0.00275913 0.2967 0.00456826
973 0.497601 0.00275586 0.2965 0.00456737
974 0.497423 0.00275769 0.2962 0.00456603
975 0.49744 0.00275202 0.2954 0.00456245
976 0.497035 0.00274949 0.2962 0.00456603
977 0.496684 0.00275118 0.2968 0.0045687
978 0.496442 0.002751 0.2955 0.0045629
979 0.496528 0.00274711 0.2981 0.00457447
980 0.49714 0.00274535 0.2981 0.00457447
981 0.496663 0.00275116 0.3004 0.00458455
982 0.496187 0.00275325 0.3004 0.00458455
983 0.496689 0.00275581 0.2983 0.00457535
984 0.497039 0.0027595 0.3 0.0045828
985 0.497535 0.00276639 0.2966 0.00456781
986 0.497712 0.00275922 0.2974 0.00457137
987 0.498025 0.00276615 0.2988 0.00457755
988 0.497633 0.00276697 0.2992 0.0045793
989 0.498679 0.00276861 0.2961 0.00456558
990 0.498701 0.00277573 0.3006 0.00458542
991 0.498476 0.00277557 0.2984 0.00457579
992 0.498967 0.00277535 0.298 0.00457402
993 0.49823 0.00277179 0.2955 0.0045629
994 0.498595 0.00276975 0.2971 0.00457004
995 0.498223 0.0027709 0.2985 0.00457623
996 0.497473 0.00277716 0.3013 0.00458846
997 0.496975 0.00277787 0.3004 0.00458455
998 0.496416 0.00278858 0.304 0.00460006
999 0.496901 0.00277794 0.2992 0.0045793
