#sample=2788
0 0.00211242 0.000337087 0.998924 0.000621029
1 0.00271156 0.000550141 0.997131 0.00101323
2 0.00248288 0.000453884 0.997848 0.000877795
3 0.0026265 0.000462808 0.997848 0.000877795
4 0.00286308 0.000469065 0.997848 0.000877795
5 0.00247797 0.000410937 0.998924 0.000621029
6 0.00320152 0.000594247 0.996772 0.00107449
7 0.003149 0.000584714 0.997131 0.00101323
8 0.00284465 0.000479797 0.997848 0.000877795
9 0.0028826 0.000477402 0.998207 0.000801457
10 0.00293859 0.000476704 0.997489 0.000947956
11 0.00322928 0.000487181 0.997131 0.00101323
12 0.0031485 0.000489117 0.998565 0.000716974
13 0.00373741 0.000577223 0.997131 0.00101323
14 0.0036484 0.000548097 0.997848 0.000877795
15 0.00426856 0.000683695 0.996413 0.00113241
16 0.00383184 0.000584484 0.997131 0.00101323
17 0.00393854 0.00059926 0.997489 0.000947956
18 0.00376756 0.000513994 0.997489 0.000947956
19 0.00389166 0.000523473 0.996772 0.00107449
20 0.00391128 0.000521387 0.997131 0.00101323
21 0.00433738 0.000554383 0.996772 0.00107449
22 0.00458831 0.000610675 0.997131 0.00101323
23 0.00492084 0.000656805 0.996055 0.00118747
24 0.00482418 0.000589622 0.997131 0.00101323
25 0.0053684 0.000685809 0.996055 0.00118747
26 0.00493621 0.000542711 0.997489 0.000947956
27 0.00648355 0.000802449 0.994978 0.00133892
28 0.00560891 0.000617081 0.996772 0.00107449
29 0.00613736 0.000671642 0.995696 0.00124005
30 0.00639815 0.000738436 0.996413 0.00113241
31 0.00626732 0.00069186 0.996055 0.00118747
32 0.00625977 0.00066903 0.996055 0.00118747
33 0.00692673 0.000725123 0.996055 0.00118747
34 0.00664889 0.000655485 0.996772 0.00107449
35 0.00688973 0.000637644 0.996772 0.00107449
36 0.00736719 0.000768162 0.996055 0.00118747
37 0.00703045 0.000624291 0.996772 0.00107449
38 0.00761357 0.000694291 0.997131 0.00101323
39 0.00714679 0.000607095 0.997489 0.000947956
40 0.00869721 0.000815077 0.99462 0.00138567
41 0.00791032 0.000652728 0.996772 0.00107449
42 0.00792716 0.000607703 0.997131 0.00101323
43 0.00865666 0.000717027 0.996413 0.00113241
44 0.00921853 0.000770542 0.995337 0.00129045
45 0.00910046 0.000760231 0.995337 0.00129045
46 0.00894164 0.000688331 0.996055 0.00118747
47 0.00926662 0.000702432 0.996413 0.00113241
48 0.0107517 0.000919197 0.993902 0.00147462
49 0.0100213 0.000748345 0.995696 0.00124005
50 0.00978292 0.000775475 0.996772 0.00107449
51 0.00913517 0.000555222 0.997131 0.00101323
52 0.00944104 0.000587052 0.997131 0.00101323
53 0.0104051 0.000736721 0.994978 0.00133892
54 0.0112526 0.000814436 0.99462 0.00138567
55 0.0105506 0.000696972 0.996055 0.00118747
56 0.0107614 0.000710259 0.996055 0.00118747
57 0.0107175 0.000644937 0.996413 0.00113241
58 0.0108587 0.000657731 0.996772 0.00107449
59 0.0113735 0.000756532 0.996413 0.00113241
60 0.0113906 0.000668175 0.996055 0.00118747
61 0.010994 0.000581602 0.997848 0.000877795
62 0.0113113 0.000556773 0.997131 0.00101323
63 0.0125446 0.000798941 0.994978 0.00133892
64 0.0125617 0.000737508 0.995337 0.00129045
65 0.012168 0.000657314 0.996413 0.00113241
66 0.0137708 0.000903793 0.993544 0.0015171
67 0.0132112 0.000774772 0.994978 0.00133892
68 0.0137413 0.000830719 0.99462 0.00138567
69 0.0141131 0.000872138 0.993544 0.0015171
70 0.0132937 0.00070208 0.996055 0.00118747
71 0.0137263 0.00074794 0.995337 0.00129045
72 0.0143127 0.000813155 0.994978 0.00133892
73 0.0143661 0.000794766 0.995696 0.00124005
74 0.0141738 0.000712351 0.995337 0.00129045
75 0.0138195 0.000606344 0.997131 0.00101323
76 0.0147238 0.000705462 0.996055 0.00118747
77 0.0154258 0.000837946 0.99462 0.00138567
78 0.0150978 0.000784347 0.995337 0.00129045
79 0.0156403 0.000824636 0.995337 0.00129045
80 0.0159054 0.000820271 0.994978 0.00133892
81 0.0156171 0.000734848 0.996055 0.00118747
82 0.0163255 0.000835958 0.994978 0.00133892
83 0.0164375 0.000802306 0.995696 0.00124005
84 0.0167125 0.000816624 0.99462 0.00138567
85 0.0167167 0.00079076 0.996055 0.00118747
86 0.0168821 0.000774936 0.996413 0.00113241
87 0.017321 0.000839535 0.995696 0.00124005
88 0.0176025 0.00081742 0.995337 0.00129045
89 0.0181766 0.00085057 0.994978 0.00133892
90 0.0175373 0.00072452 0.996772 0.00107449
91 0.018529 0.000883059 0.994261 0.00143085
92 0.0185253 0.000779645 0.994978 0.00133892
93 0.0185754 0.000797594 0.994978 0.00133892
94 0.0189896 0.000791317 0.994978 0.00133892
95 0.0190335 0.000799106 0.995696 0.00124005
96 0.0196526 0.000858423 0.993902 0.00147462
97 0.0199911 0.00086013 0.994261 0.00143085
98 0.0202932 0.000912117 0.99462 0.00138567
99 0.0209908 0.000965173 0.993902 0.00147462
100 0.0210071 0.000929837 0.994978 0.00133892
101 0.0204091 0.00079495 0.996055 0.00118747
102 0.0197147 0.000662121 0.997489 0.000947956
103 0.0214017 0.000944585 0.994978 0.00133892
104 0.0217569 0.000868243 0.993544 0.0015171
105 0.0219851 0.000890306 0.993185 0.00155839
106 0.0216387 0.000862629 0.99462 0.00138567
107 0.0217977 0.000819041 0.995696 0.00124005
108 0.0211123 0.000690465 0.997131 0.00101323
109 0.0226958 0.000906969 0.99462 0.00138567
110 0.0232341 0.000899171 0.994261 0.00143085
111 0.0223838 0.000751625 0.996413 0.00113241
112 0.0237144 0.000905537 0.994261 0.00143085
113 0.022614 0.000707179 0.996772 0.00107449
114 0.0246155 0.000981677 0.993902 0.00147462
115 0.0245588 0.000972586 0.993902 0.00147462
116 0.0244078 0.000826637 0.994978 0.00133892
117 0.0248603 0.000879464 0.994261 0.00143085
118 0.025303 0.000894934 0.994978 0.00133892
119 0.0256269 0.000915946 0.99462 0.00138567
120 0.0256042 0.000873498 0.994261 0.00143085
121 0.0259552 0.000885523 0.994978 0.00133892
122 0.0258229 0.000860649 0.994978 0.00133892
123 0.026815 0.000979542 0.994261 0.00143085
124 0.0265263 0.000877204 0.993902 0.00147462
125 0.0277844 0.0010033 0.992826 0.00159859
126 0.0273683 0.000917907 0.994978 0.00133892
127 0.0273946 0.000876136 0.994261 0.00143085
128 0.0274762 0.000877134 0.99462 0.00138567
129 0.0280849 0.00091096 0.99462 0.00138567
130 0.0285112 0.000931052 0.993902 0.00147462
131 0.0287812 0.00096435 0.994978 0.00133892
132 0.0297886 0.0010042 0.993185 0.00155839
133 0.0291711 0.000915691 0.993544 0.0015171
134 0.0299925 0.000958418 0.993902 0.00147462
135 0.0300076 0.000914036 0.995337 0.00129045
136 0.0301111 0.000850858 0.995337 0.00129045
137 0.0304897 0.00090028 0.995337 0.00129045
138 0.0307863 0.000872178 0.99462 0.00138567
139 0.0316077 0.000918437 0.993902 0.00147462
140 0.0308737 0.00087866 0.995696 0.00124005
141 0.0309285 0.00081966 0.994978 0.00133892
142 0.0324024 0.000973308 0.994261 0.00143085
143 0.0318708 0.000937552 0.99462 0.00138567
144 0.0325588 0.000992158 0.993902 0.00147462
145 0.0326425 0.000988268 0.993544 0.0015171
146 0.0330681 0.000954975 0.99462 0.00138567
147 0.0330822 0.000877594 0.995337 0.00129045
148 0.0339151 0.000990716 0.994978 0.00133892
149 0.033601 0.000897165 0.994978 0.00133892
150 0.0340384 0.000942396 0.995337 0.00129045
151 0.0349248 0.00104647 0.993902 0.00147462
152 0.0349128 0.000916174 0.99462 0.00138567
153 0.0354894 0.000946847 0.994261 0.00143085
154 0.0351077 0.000907216 0.994261 0.00143085
155 0.0358896 0.0010106 0.993902 0.00147462
156 0.0361542 0.00105248 0.994261 0.00143085
157 0.0367154 0.000985839 0.994978 0.00133892
158 0.0372188 0.00107762 0.993544 0.0015171
159 0.0369614 0.000976228 0.993185 0.00155839
160 0.037665 0.00106386 0.993185 0.00155839
161 0.0375261 0.000970206 0.994978 0.00133892
162 0.0370895 0.000921021 0.994978 0.00133892
163 0.0379878 0.000942403 0.99462 0.00138567
164 0.0377074 0.000892399 0.99462 0.00138567
165 0.0390665 0.00100538 0.993902 0.00147462
166 0.0400454 0.00109352 0.992826 0.00159859
167 0.0400291 0.00107852 0.993902 0.00147462
168 0.0392386 0.000977959 0.995337 0.00129045
169 0.040809 0.00109734 0.993544 0.0015171
170 0.0411168 0.00096482 0.993902 0.00147462
171 0.0406761 0.000918207 0.995696 0.00124005
172 0.0418132 0.00105518 0.992826 0.00159859
173 0.0417712 0.00103525 0.99462 0.00138567
174 0.0420855 0.00100851 0.994978 0.00133892
175 0.0427803 0.00107717 0.992826 0.00159859
176 0.0435695 0.00109902 0.993544 0.0015171
177 0.0428519 0.000975172 0.994261 0.00143085
178 0.0429183 0.000985043 0.992826 0.00159859
179 0.0433237 0.000999918 0.99462 0.00138567
180 0.0433836 0.000958723 0.994261 0.00143085
181 0.0439075 0.00106741 0.994978 0.00133892
182 0.0441248 0.00102701 0.99462 0.00138567
183 0.0446241 0.00103675 0.993902 0.00147462
184 0.0450287 0.00100516 0.99462 0.00138567
185 0.0453902 0.00109291 0.993185 0.00155839
186 0.0457667 0.00108907 0.992468 0.00163777
187 0.0454204 0.00104309 0.993544 0.0015171
188 0.0461525 0.00104188 0.993902 0.00147462
189 0.0463495 0.00104113 0.993185 0.00155839
190 0.0469958 0.00110096 0.993185 0.00155839
191 0.0471186 0.00102148 0.993902 0.00147462
192 0.0473235 0.00101996 0.99462 0.00138567
193 0.0480164 0.00104601 0.993544 0.0015171
194 0.0484078 0.00107707 0.993544 0.0015171
195 0.0481862 0.00106791 0.994261 0.00143085
196 0.0484535 0.00105601 0.993902 0.00147462
197 0.048134 0.000997568 0.995337 0.00129045
198 0.0488412 0.00105159 0.993544 0.0015171
199 0.0494729 0.00106991 0.993544 0.0015171
200 0.0498727 0.00106665 0.994261 0.00143085
201 0.050355 0.0011439 0.993185 0.00155839
202 0.0502154 0.00108354 0.994261 0.00143085
203 0.0504921 0.00102311 0.994978 0.00133892
204 0.051822 0.00108462 0.994261 0.00143085
205 0.0516389 0.00111574 0.994261 0.00143085
206 0.0514905 0.00101513 0.995696 0.00124005
207 0.0525434 0.00109577 0.992109 0.00167601
208 0.0527305 0.0010979 0.993902 0.00147462
209 0.0528924 0.00106775 0.995337 0.00129045
210 0.0542249 0.00118253 0.993185 0.00155839
211 0.0545226 0.00119911 0.993185 0.00155839
212 0.0541436 0.00113382 0.993902 0.00147462
213 0.0538102 0.00108835 0.99462 0.00138567
214 0.0550224 0.0011284 0.993544 0.0015171
215 0.0558357 0.00116323 0.993185 0.00155839
216 0.0563348 0.00115408 0.992826 0.00159859
217 0.0559642 0.00107767 0.994978 0.00133892
218 0.0571383 0.00117678 0.993185 0.00155839
219 0.0572634 0.00117009 0.993185 0.00155839
220 0.0575317 0.00112076 0.992826 0.00159859
221 0.0583463 0.00120408 0.993544 0.0015171
222 0.0580288 0.00119777 0.993544 0.0015171
223 0.0590229 0.00121098 0.992826 0.00159859
224 0.0598774 0.00121737 0.992826 0.00159859
225 0.0589188 0.00111849 0.99462 0.00138567
226 0.060266 0.00116903 0.993185 0.00155839
227 0.0598863 0.00113407 0.993544 0.0015171
228 0.0606902 0.00115875 0.993544 0.0015171
229 0.0607302 0.00118989 0.993185 0.00155839
230 0.0614211 0.00120391 0.992826 0.00159859
231 0.0612482 0.00119467 0.993544 0.0015171
232 0.0611341 0.00109422 0.994261 0.00143085
233 0.063426 0.00126178 0.992468 0.00163777
234 0.0629539 0.0011503 0.995696 0.00124005
235 0.062886 0.00112525 0.994261 0.00143085
236 0.0640104 0.00127606 0.993185 0.00155839
237 0.0631758 0.00115068 0.995337 0.00129045
238 0.0646937 0.00119948 0.994261 0.00143085
239 0.0654388 0.00121952 0.993185 0.00155839
240 0.0659531 0.00128162 0.992468 0.00163777
241 0.0662373 0.00123327 0.992468 0.00163777
242 0.0662068 0.00117359 0.99462 0.00138567
243 0.0657692 0.00115977 0.994261 0.00143085
244 0.0670045 0.00122757 0.994261 0.00143085
245 0.0675131 0.00124208 0.993185 0.00155839
246 0.0685689 0.00129268 0.992826 0.00159859
247 0.0677452 0.0012561 0.993185 0.00155839
248 0.0684945 0.00129044 0.992109 0.00167601
249 0.0686101 0.0012627 0.993544 0.0015171
250 0.0695805 0.00129691 0.992468 0.00163777
251 0.0693891 0.00123208 0.992826 0.00159859
252 0.0696454 0.00122675 0.993185 0.00155839
253 0.0699412 0.00126674 0.993185 0.00155839
254 0.0698863 0.00123608 0.993902 0.00147462
255 0.0704741 0.00124365 0.994261 0.00143085
256 0.0720749 0.00124946 0.993544 0.0015171
257 0.072242 0.0012956 0.992826 0.00159859
258 0.0729693 0.00135189 0.99175 0.00171337
259 0.0732251 0.00136188 0.993902 0.00147462
260 0.0737571 0.00128266 0.993902 0.00147462
261 0.073655 0.00122489 0.993185 0.00155839
262 0.0757642 0.00136661 0.992109 0.00167601
263 0.0769338 0.00139032 0.992468 0.00163777
264 0.0765267 0.00133182 0.992826 0.00159859
265 0.0758741 0.001278 0.993185 0.00155839
266 0.0764116 0.00125961 0.993544 0.0015171
267 0.0760722 0.00128987 0.993185 0.00155839
268 0.0763333 0.00122022 0.994978 0.00133892
269 0.0789578 0.00135062 0.992109 0.00167601
270 0.0785533 0.00135787 0.99175 0.00171337
271 0.0790732 0.00125153 0.993185 0.00155839
272 0.0795436 0.00135207 0.992826 0.00159859
273 0.0804541 0.00137491 0.992826 0.00159859
274 0.0802511 0.00132997 0.993902 0.00147462
275 0.0819147 0.00138229 0.992109 0.00167601
276 0.0824629 0.00138917 0.992468 0.00163777
277 0.0822783 0.00133334 0.993544 0.0015171
278 0.082885 0.00139047 0.992826 0.00159859
279 0.084739 0.00147508 0.991033 0.00178566
280 0.0851336 0.00146116 0.991392 0.0017499
281 0.0844094 0.00138167 0.993544 0.0015171
282 0.0850693 0.00146369 0.99175 0.00171337
283 0.0857371 0.0014584 0.991033 0.00178566
284 0.0874979 0.00146252 0.990316 0.00185504
285 0.0866277 0.0014497 0.990674 0.0018207
286 0.0884045 0.00150412 0.988881 0.00198627
287 0.0880049 0.00145379 0.988881 0.00198627
288 0.0891607 0.00149134 0.989957 0.00188874
289 0.088962 0.00146402 0.98924 0.00195432
290 0.0896758 0.00146567 0.990316 0.00185504
291 0.0902399 0.00149089 0.988881 0.00198627
292 0.0902192 0.00154077 0.988522 0.00201768
293 0.0891191 0.0014664 0.98924 0.00195432
294 0.0906894 0.00146291 0.989957 0.00188874
295 0.0916074 0.00148862 0.987088 0.00213852
296 0.0925546 0.00150922 0.989957 0.00188874
297 0.0937811 0.00155182 0.988522 0.00201768
298 0.0946512 0.00153875 0.98924 0.00195432
299 0.0944464 0.00150007 0.98924 0.00195432
300 0.09469 0.00150518 0.98924 0.00195432
301 0.0957913 0.00151239 0.987446 0.002109
302 0.0961887 0.0015689 0.988881 0.00198627
303 0.0969243 0.00154229 0.989598 0.00192182
304 0.0977687 0.00150854 0.988881 0.00198627
305 0.0987302 0.00155876 0.98637 0.00219633
306 0.100249 0.00158357 0.987446 0.002109
307 0.102284 0.00158851 0.986729 0.00216763
308 0.10257 0.00156628 0.987446 0.002109
309 0.102692 0.00157737 0.984935 0.00230735
310 0.103013 0.00154426 0.988522 0.00201768
311 0.103596 0.0015908 0.984935 0.00230735
312 0.103901 0.00160357 0.983859 0.00238703
313 0.105736 0.00160959 0.982783 0.00246397
314 0.106949 0.00163465 0.984577 0.00233423
315 0.107358 0.00161833 0.983142 0.00243861
316 0.10831 0.00163878 0.983859 0.00238703
317 0.111384 0.00167865 0.981349 0.0025627
318 0.111803 0.0016438 0.984935 0.00230735
319 0.112651 0.00171939 0.980631 0.00261057
320 0.114286 0.00168756 0.98099 0.00258676
321 0.114301 0.0017182 0.981349 0.0025627
322 0.116355 0.00170044 0.977762 0.00279317
323 0.115443 0.00172768 0.977762 0.00279317
324 0.116706 0.00171827 0.977044 0.00283682
325 0.117334 0.00175446 0.976686 0.00285838
326 0.119581 0.00178973 0.976686 0.00285838
327 0.120877 0.00180703 0.974892 0.00296355
328 0.121062 0.00175131 0.973458 0.00304481
329 0.122587 0.00180892 0.97274 0.00308454
330 0.123043 0.00177919 0.973099 0.00306474
331 0.125987 0.00184079 0.967001 0.00338371
332 0.126034 0.00183609 0.97023 0.0032193
333 0.127304 0.0018517 0.966643 0.00340141
334 0.130361 0.00191933 0.964132 0.00352252
335 0.130767 0.00195969 0.962339 0.00360615
336 0.131683 0.00188691 0.962339 0.00360615
337 0.13336 0.00191029 0.961263 0.00365526
338 0.135105 0.00193874 0.957676 0.0038136
339 0.135349 0.00195293 0.955882 0.00388991
340 0.136636 0.00200291 0.954448 0.00394969
341 0.138086 0.00197184 0.954806 0.00393485
342 0.138736 0.00197542 0.954806 0.00393485
343 0.142023 0.0020079 0.949426 0.00415074
344 0.144362 0.00209255 0.945481 0.00430064
345 0.144579 0.00204326 0.944763 0.0043272
346 0.147724 0.00210637 0.940459 0.00448238
347 0.14774 0.00210337 0.941894 0.00443143
348 0.150907 0.00216041 0.934362 0.00469103
349 0.153108 0.00217704 0.927188 0.00492172
350 0.154297 0.002159 0.926471 0.00494399
351 0.157115 0.00215206 0.924677 0.00499908
352 0.158622 0.00223047 0.914634 0.00529294
353 0.159772 0.0021917 0.920014 0.00513848
354 0.162274 0.00222976 0.920373 0.00512795
355 0.163835 0.0022456 0.912123 0.00536284
356 0.167999 0.00232298 0.904591 0.00556483
357 0.168754 0.00233313 0.899928 0.00568449
358 0.171506 0.00236913 0.899211 0.00570255
359 0.173248 0.00238753 0.892396 0.00586982
360 0.176802 0.0023916 0.889885 0.00592954
361 0.178749 0.00240784 0.885222 0.00603791
362 0.181041 0.00248997 0.881277 0.0061271
363 0.18214 0.00248859 0.877331 0.00621413
364 0.185154 0.00254104 0.873745 0.00629142
365 0.186232 0.00251882 0.869082 0.00638943
366 0.19092 0.00258493 0.860473 0.0065634
367 0.19385 0.00264587 0.852582 0.00671544
368 0.197459 0.00264535 0.853659 0.0066951
369 0.200805 0.00270568 0.83967 0.00695013
370 0.20412 0.00274608 0.839311 0.00695642
371 0.206848 0.00275186 0.824964 0.00719801
372 0.210293 0.00277509 0.82066 0.00726694
373 0.213192 0.00277299 0.816356 0.00733432
374 0.216424 0.00283482 0.805954 0.00749098
375 0.220155 0.00286727 0.802367 0.00754306
376 0.223602 0.00292175 0.791248 0.00769844
377 0.227451 0.00296634 0.786944 0.00775622
378 0.231105 0.00298378 0.779053 0.00785885
379 0.234636 0.00301506 0.769369 0.00797917
380 0.238815 0.00303877 0.76076 0.00808113
381 0.241553 0.0030838 0.757174 0.00812227
382 0.243625 0.00312732 0.750359 0.00819831
383 0.247204 0.00316301 0.745337 0.0082526
384 0.251495 0.00320436 0.735653 0.00835325
385 0.255542 0.00322503 0.728838 0.00842096
386 0.260062 0.0032617 0.715208 0.00854893
387 0.264162 0.00330986 0.70373 0.00864925
388 0.26741 0.00334571 0.700143 0.00867924
389 0.270404 0.0033888 0.689024 0.00876823
390 0.273754 0.00342836 0.68472 0.00880108
391 0.276703 0.00344826 0.682927 0.00881451
392 0.280561 0.00346907 0.67396 0.00887941
393 0.284021 0.00351769 0.668938 0.00891413
394 0.288246 0.00355759 0.655667 0.00900041
395 0.291973 0.0035949 0.6467 0.0090543
396 0.296643 0.00362416 0.639168 0.00909686
397 0.298967 0.00363565 0.632712 0.00913141
398 0.30273 0.00367153 0.629125 0.00914985
399 0.306821 0.00369809 0.614778 0.0092182
400 0.310617 0.0037398 0.607963 0.0092477
401 0.314651 0.00375836 0.601506 0.0092739
402 0.317561 0.00379323 0.594333 0.00930104
403 0.320391 0.00382901 0.592898 0.00930622
404 0.323317 0.00385345 0.588953 0.00932004
405 0.32616 0.00389545 0.586801 0.00932731
406 0.330104 0.00392701 0.580344 0.00934805
407 0.332517 0.00395115 0.576758 0.00935886
408 0.33563 0.00398866 0.569584 0.00937896
409 0.338731 0.00401361 0.562769 0.0093962
410 0.341271 0.00403212 0.561693 0.00939875
411 0.343703 0.00404442 0.560258 0.00940209
412 0.345861 0.00408297 0.559182 0.00940454
413 0.347845 0.0041028 0.555595 0.00941239
414 0.350928 0.00411787 0.554519 0.00941465
415 0.352816 0.00413203 0.553085 0.00941759
416 0.354817 0.00415406 0.540172 0.00944051
417 0.356788 0.00417601 0.542683 0.00943655
418 0.359203 0.00419139 0.536944 0.00944523
419 0.361507 0.0042161 0.535868 0.00944672
420 0.363779 0.00423446 0.533716 0.00944957
421 0.366258 0.00425062 0.524749 0.00945951
422 0.368356 0.00427547 0.522597 0.00946145
423 0.370265 0.00429234 0.520086 0.00946348
424 0.371861 0.0043082 0.518651 0.00946453
425 0.37388 0.00432116 0.514706 0.00946703
426 0.375009 0.00433543 0.515782 0.0094664
427 0.377236 0.00435715 0.512912 0.00946797
428 0.378208 0.00435799 0.512195 0.00946831
429 0.379646 0.0043792 0.50825 0.00946983
430 0.380474 0.00437944 0.506815 0.00947024
431 0.38251 0.0043923 0.505739 0.0094705
432 0.38394 0.00439507 0.507891 0.00946994
433 0.386094 0.0044121 0.50538 0.00947058
434 0.38749 0.00443298 0.505739 0.0094705
435 0.389465 0.00444702 0.498565 0.00947108
436 0.390449 0.00445515 0.49462 0.00947058
437 0.392245 0.00447506 0.492826 0.00947015
438 0.393141 0.00449225 0.491033 0.0094696
439 0.394856 0.00450419 0.488881 0.00946878
440 0.396905 0.00451622 0.486011 0.00946742
441 0.397586 0.00452913 0.486729 0.00946779
442 0.39914 0.00452868 0.482425 0.00946527
443 0.400284 0.00454119 0.479914 0.00946348
444 0.401362 0.0045538 0.479914 0.00946348
445 0.403235 0.00456204 0.480273 0.00946375
446 0.404391 0.0045731 0.477403 0.00946145
447 0.405717 0.00458546 0.479555 0.0094632
448 0.407519 0.00460269 0.473458 0.00945777
449 0.408548 0.00461392 0.473099 0.00945741
450 0.410003 0.00462204 0.473458 0.00945777
451 0.411151 0.00462287 0.469512 0.0094535
452 0.412108 0.00463114 0.47023 0.00945432
453 0.412602 0.00464382 0.469871 0.00945391
454 0.41432 0.0046467 0.467001 0.00945048
455 0.415976 0.00465179 0.465208 0.00944817
456 0.417202 0.00466159 0.464849 0.00944769
457 0.418772 0.00467003 0.466643 0.00945002
458 0.419231 0.00467224 0.465208 0.00944817
459 0.420382 0.00468048 0.460545 0.00944159
460 0.420735 0.00469551 0.462697 0.00944473
461 0.421715 0.00470234 0.462339 0.00944422
462 0.422794 0.00471352 0.459828 0.00944051
463 0.423496 0.0047276 0.460904 0.00944213
464 0.424527 0.00472249 0.460187 0.00944105
465 0.425579 0.00473882 0.457317 0.00943655
466 0.42661 0.0047539 0.455524 0.00943358
467 0.427547 0.00476555 0.458034 0.00943771
468 0.428359 0.00476501 0.454089 0.00943111
469 0.42916 0.0047673 0.454806 0.00943236
470 0.43041 0.0047767 0.451578 0.00942661
471 0.431242 0.00477427 0.449785 0.00942324
472 0.431975 0.0047792 0.453013 0.00942921
473 0.432823 0.00478804 0.454806 0.00943236
474 0.43429 0.00479505 0.451937 0.00942726
475 0.435945 0.00479815 0.449426 0.00942255
476 0.436468 0.00480915 0.450143 0.00942392
477 0.437413 0.00481017 0.451937 0.00942726
478 0.438426 0.00481989 0.450143 0.00942392
479 0.439572 0.00482935 0.450143 0.00942392
480 0.43984 0.00483487 0.450502 0.0094246
481 0.440699 0.0048346 0.449067 0.00942186
482 0.441829 0.00483562 0.444763 0.00941315
483 0.442982 0.0048388 0.441535 0.00940615
484 0.443769 0.00483496 0.438307 0.00939875
485 0.444407 0.00483722 0.443329 0.00941009
486 0.444131 0.00483963 0.439742 0.00940209
487 0.445149 0.00485612 0.444763 0.00941315
488 0.445443 0.0048524 0.43759 0.00939705
489 0.446513 0.00485764 0.440818 0.00940454
490 0.447444 0.00486027 0.439383 0.00940126
491 0.447376 0.00486283 0.441535 0.00940615
492 0.447903 0.00486751 0.439742 0.00940209
493 0.447802 0.0048679 0.43759 0.00939705
494 0.448788 0.00487809 0.439742 0.00940209
495 0.449458 0.00487782 0.436514 0.00939447
496 0.450199 0.00488453 0.436155 0.00939359
497 0.450609 0.00488474 0.436155 0.00939359
498 0.451348 0.00488822 0.43472 0.00939006
499 0.451719 0.00489532 0.432568 0.0093846
500 0.452286 0.00489713 0.435796 0.00939272
501 0.45298 0.00489766 0.434003 0.00938826
502 0.453716 0.00490334 0.433286 0.00938644
503 0.453755 0.00490258 0.435796 0.00939272
504 0.454058 0.00490907 0.435796 0.00939272
505 0.455324 0.00489906 0.431851 0.00938274
506 0.455715 0.00490669 0.434003 0.00938826
507 0.456141 0.00490787 0.437948 0.00939791
508 0.456487 0.00491282 0.435796 0.00939272
509 0.457372 0.00491031 0.431492 0.0093818
510 0.457687 0.00491345 0.430775 0.00937991
511 0.458518 0.00491991 0.427547 0.00937116
512 0.459092 0.00491833 0.425753 0.00936612
513 0.459403 0.004923 0.426112 0.00936714
514 0.45976 0.00492137 0.425036 0.00936407
515 0.459718 0.00492135 0.425395 0.0093651
516 0.45998 0.00491178 0.423601 0.00935991
517 0.460161 0.00490335 0.41858 0.00934471
518 0.461172 0.00490563 0.422166 0.00935567
519 0.462003 0.00490507 0.41858 0.00934471
520 0.462369 0.00490852 0.422525 0.00935673
521 0.46247 0.00491144 0.422525 0.00935673
522 0.463087 0.00491686 0.419297 0.00934694
523 0.463456 0.00492653 0.420014 0.00934915
524 0.463983 0.00493095 0.419656 0.00934805
525 0.464112 0.00493334 0.416786 0.00933904
526 0.464046 0.00493113 0.416786 0.00933904
527 0.464561 0.00492765 0.41571 0.00933557
528 0.465225 0.00492987 0.414993 0.00933324
529 0.465394 0.00492979 0.414634 0.00933206
530 0.466046 0.00493006 0.417862 0.00934245
531 0.466643 0.00493412 0.416786 0.00933904
532 0.46745 0.0049389 0.417145 0.00934018
533 0.468027 0.00494074 0.414275 0.00933088
534 0.468642 0.00493461 0.413558 0.00932851
535 0.468955 0.00493943 0.412482 0.00932491
536 0.469658 0.00495543 0.414275 0.00933088
537 0.469924 0.0049576 0.412841 0.00932611
538 0.470499 0.00495615 0.409613 0.00931508
539 0.470485 0.004961 0.412482 0.00932491
540 0.470799 0.00497431 0.414275 0.00933088
541 0.470782 0.00496836 0.413558 0.00932851
542 0.47109 0.00496724 0.411406 0.00932126
543 0.471879 0.00496981 0.405667 0.00930104
544 0.472081 0.00496542 0.408895 0.00931257
545 0.472384 0.0049628 0.41033 0.00931757
546 0.472497 0.00496896 0.407819 0.00930877
547 0.473313 0.004974 0.39957 0.0092781
548 0.473584 0.00497737 0.401004 0.00928363
549 0.473578 0.00497586 0.40495 0.00929841
550 0.47349 0.00497534 0.404591 0.0092971
551 0.474173 0.00497885 0.403874 0.00929444
552 0.474545 0.00498123 0.402798 0.00929043
553 0.474994 0.00497946 0.398852 0.0092753
554 0.475051 0.00498099 0.40208 0.00928773
555 0.475271 0.00498088 0.40208 0.00928773
556 0.475207 0.00498191 0.401722 0.00928637
557 0.475023 0.00498219 0.404232 0.00929577
558 0.474842 0.00498012 0.402798 0.00929043
559 0.47558 0.00498668 0.401363 0.009285
560 0.475909 0.00499307 0.40208 0.00928773
561 0.476882 0.00500137 0.400646 0.00928226
562 0.477352 0.0050011 0.3967 0.00926679
563 0.477732 0.00500575 0.401004 0.00928363
564 0.477677 0.00501575 0.398135 0.00927249
565 0.478043 0.00501721 0.397776 0.00927107
566 0.478242 0.0050175 0.39957 0.0092781
567 0.478593 0.00501653 0.401363 0.009285
568 0.478697 0.00502014 0.394548 0.00925809
569 0.478821 0.00501202 0.3967 0.00926679
570 0.479182 0.00501531 0.395983 0.00926391
571 0.479402 0.00501691 0.395624 0.00926246
572 0.480212 0.00500959 0.392037 0.0092477
573 0.480075 0.00500801 0.393113 0.00925218
574 0.48026 0.00502192 0.395265 0.00926101
575 0.480623 0.00502073 0.393831 0.00925515
576 0.481651 0.0050264 0.395265 0.00926101
577 0.481615 0.00502843 0.3967 0.00926679
578 0.482088 0.00503001 0.395624 0.00926246
579 0.482292 0.00503152 0.398135 0.00927249
580 0.482324 0.00503735 0.395624 0.00926246
581 0.482313 0.00502303 0.396341 0.00926535
582 0.482095 0.00502736 0.394907 0.00925955
583 0.482155 0.00503459 0.395983 0.00926391
584 0.482403 0.00502792 0.395624 0.00926246
585 0.482447 0.00503493 0.397059 0.00926822
586 0.482611 0.00503001 0.394907 0.00925955
587 0.482394 0.00503434 0.397418 0.00926965
588 0.482648 0.00503556 0.395265 0.00926101
589 0.482824 0.00503017 0.394907 0.00925955
590 0.482544 0.00503184 0.393831 0.00925515
591 0.482434 0.00504196 0.394548 0.00925809
592 0.482733 0.00503295 0.391679 0.00924619
593 0.48323 0.00503527 0.393113 0.00925218
594 0.483444 0.0050329 0.39132 0.00924468
595 0.483988 0.00502866 0.391679 0.00924619
596 0.483982 0.00503654 0.394189 0.00925662
597 0.48478 0.00504187 0.393472 0.00925367
598 0.484342 0.00503825 0.394907 0.00925955
599 0.484575 0.00503566 0.393831 0.00925515
600 0.484485 0.00503652 0.395983 0.00926391
601 0.483871 0.00503955 0.400287 0.00928088
602 0.484554 0.00505392 0.400646 0.00928226
603 0.484932 0.00506335 0.397059 0.00926822
604 0.484639 0.00506174 0.397418 0.00926965
605 0.48459 0.00506749 0.398494 0.0092739
606 0.48476 0.00505429 0.393831 0.00925515
607 0.484856 0.00505731 0.398494 0.0092739
608 0.48504 0.00506704 0.398494 0.0092739
609 0.484826 0.00507532 0.401363 0.009285
610 0.484912 0.0050722 0.400287 0.00928088
611 0.485162 0.00507177 0.398494 0.0092739
612 0.485861 0.00507845 0.398852 0.0092753
613 0.486153 0.00508296 0.40208 0.00928773
614 0.486631 0.0050958 0.398135 0.00927249
615 0.487094 0.00508522 0.397059 0.00926822
616 0.487336 0.00508177 0.398494 0.0092739
617 0.487389 0.00507401 0.398135 0.00927249
618 0.487413 0.00508044 0.397776 0.00927107
619 0.487557 0.00507756 0.395265 0.00926101
620 0.487317 0.00507752 0.396341 0.00926535
621 0.487636 0.00508297 0.395983 0.00926391
622 0.488028 0.00508215 0.395265 0.00926101
623 0.487799 0.00508367 0.394548 0.00925809
624 0.488573 0.00508687 0.391679 0.00924619
625 0.48896 0.00508527 0.396341 0.00926535
626 0.48884 0.00508147 0.393831 0.00925515
627 0.489695 0.00507963 0.393113 0.00925218
628 0.489366 0.00507724 0.390603 0.00924165
629 0.489567 0.00508167 0.39132 0.00924468
630 0.48991 0.00508028 0.393831 0.00925515
631 0.490799 0.00508004 0.389168 0.00923551
632 0.490911 0.00508094 0.385222 0.0092182
633 0.490541 0.00508127 0.38594 0.0092214
634 0.49034 0.00508196 0.387374 0.00922772
635 0.490005 0.00507671 0.386657 0.00922457
636 0.490377 0.00507753 0.388809 0.00923396
637 0.489928 0.00507306 0.389527 0.00923705
638 0.490219 0.00506835 0.389527 0.00923705
639 0.490726 0.00506375 0.384146 0.00921337
640 0.490595 0.00506586 0.384505 0.00921499
641 0.491046 0.0050637 0.384864 0.0092166
642 0.490131 0.00506542 0.382712 0.00920686
643 0.490203 0.00507056 0.384146 0.00921337
644 0.490335 0.00505766 0.385222 0.0092182
645 0.490602 0.00506184 0.382353 0.00920521
646 0.490521 0.00507371 0.384505 0.00921499
647 0.490977 0.00507336 0.383429 0.00921013
648 0.491172 0.00507485 0.381994 0.00920357
649 0.491594 0.00508421 0.381636 0.00920191
650 0.491729 0.00508013 0.382712 0.00920686
651 0.491771 0.00508116 0.383788 0.00921175
652 0.492568 0.00508587 0.380201 0.00919525
653 0.492424 0.0050875 0.384505 0.00921499
654 0.493308 0.00508687 0.385581 0.0092198
655 0.492648 0.00509107 0.38594 0.0092214
656 0.492497 0.00508974 0.383788 0.00921175
657 0.491817 0.00508051 0.381994 0.00920357
658 0.492569 0.00508577 0.381994 0.00920357
659 0.492727 0.00509536 0.381277 0.00920026
660 0.492661 0.00509324 0.38307 0.00920849
661 0.49282 0.00509133 0.382353 0.00920521
662 0.492703 0.00510055 0.387016 0.00922615
663 0.493037 0.00510185 0.382353 0.00920521
664 0.49333 0.00509955 0.385222 0.0092182
665 0.49411 0.00509478 0.383429 0.00921013
666 0.493816 0.00510662 0.383788 0.00921175
667 0.494038 0.00509709 0.381636 0.00920191
668 0.493865 0.00509595 0.381994 0.00920357
669 0.493581 0.00509357 0.38594 0.0092214
670 0.493348 0.00509238 0.385222 0.0092182
671 0.49367 0.00508871 0.384864 0.0092166
672 0.493859 0.00509167 0.381636 0.00920191
673 0.49346 0.00509591 0.381636 0.00920191
674 0.493515 0.00511131 0.386657 0.00922457
675 0.493395 0.00511239 0.388092 0.00923085
676 0.493506 0.00510766 0.386298 0.00922299
677 0.494062 0.00511464 0.386298 0.00922299
678 0.49447 0.00512118 0.388451 0.00923241
679 0.494312 0.00511921 0.388092 0.00923085
680 0.494275 0.00512045 0.389168 0.00923551
681 0.494153 0.00512192 0.386657 0.00922457
682 0.494223 0.00512428 0.387374 0.00922772
683 0.493979 0.0051295 0.383788 0.00921175
684 0.493593 0.00512716 0.387016 0.00922615
685 0.493579 0.00511642 0.384146 0.00921337
686 0.493406 0.00511428 0.383788 0.00921175
687 0.493304 0.00511446 0.380201 0.00919525
688 0.493599 0.00511238 0.379484 0.00919189
689 0.493442 0.00511637 0.380918 0.00919859
690 0.493143 0.00512144 0.382712 0.00920686
691 0.492995 0.00512364 0.380918 0.00919859
692 0.493373 0.00512944 0.381277 0.00920026
693 0.49285 0.00512693 0.381277 0.00920026
694 0.492753 0.00512078 0.382353 0.00920521
695 0.492542 0.00512224 0.382712 0.00920686
696 0.492416 0.00511582 0.381277 0.00920026
697 0.49294 0.00512182 0.381636 0.00920191
698 0.492853 0.00512593 0.384505 0.00921499
699 0.493706 0.00513238 0.382353 0.00920521
700 0.493816 0.00511352 0.379125 0.0091902
701 0.493715 0.00512101 0.381636 0.00920191
702 0.493971 0.00512574 0.384864 0.0092166
703 0.49328 0.00511261 0.381994 0.00920357
704 0.493075 0.00511228 0.38307 0.00920849
705 0.493569 0.00511002 0.381277 0.00920026
706 0.493559 0.00510768 0.381994 0.00920357
707 0.493561 0.00510963 0.386298 0.00922299
708 0.493375 0.0051084 0.385581 0.0092198
709 0.493731 0.0051047 0.385222 0.0092182
710 0.493727 0.00510567 0.384505 0.00921499
711 0.493901 0.00510618 0.381636 0.00920191
712 0.49372 0.00510296 0.384146 0.00921337
713 0.493919 0.00509834 0.38307 0.00920849
714 0.493811 0.00510596 0.384146 0.00921337
715 0.493489 0.00511159 0.385581 0.0092198
716 0.493143 0.0051057 0.390961 0.00924317
717 0.49284 0.00510082 0.388092 0.00923085
718 0.492699 0.00510345 0.388092 0.00923085
719 0.49306 0.00509766 0.388451 0.00923241
720 0.492653 0.00510372 0.389168 0.00923551
721 0.492628 0.00510266 0.390961 0.00924317
722 0.492319 0.00510678 0.387733 0.00922929
723 0.492089 0.00510368 0.385222 0.0092182
724 0.492188 0.00510767 0.385222 0.0092182
725 0.492316 0.00511621 0.39132 0.00924468
726 0.49248 0.0051159 0.389168 0.00923551
727 0.492165 0.00512185 0.390244 0.00924012
728 0.492138 0.00512425 0.391679 0.00924619
729 0.492423 0.00512746 0.393113 0.00925218
730 0.491706 0.00513127 0.389885 0.00923859
731 0.491664 0.00512451 0.393113 0.00925218
732 0.492391 0.00511917 0.389885 0.00923859
733 0.49253 0.0051314 0.394189 0.00925662
734 0.492433 0.00513421 0.39132 0.00924468
735 0.492745 0.00514432 0.384505 0.00921499
736 0.492883 0.00514694 0.386657 0.00922457
737 0.492923 0.00514192 0.387016 0.00922615
738 0.493078 0.00514467 0.386657 0.00922457
739 0.493463 0.0051432 0.385581 0.0092198
740 0.493682 0.00514019 0.38594 0.0092214
741 0.494166 0.00513968 0.386657 0.00922457
742 0.494147 0.005138 0.388809 0.00923396
743 0.494701 0.0051406 0.389168 0.00923551
744 0.494756 0.00514119 0.387016 0.00922615
745 0.495273 0.00514025 0.390961 0.00924317
746 0.494986 0.00514296 0.389885 0.00923859
747 0.49533 0.00514428 0.387733 0.00922929
748 0.495582 0.00514163 0.387733 0.00922929
749 0.495251 0.00514084 0.386298 0.00922299
750 0.495495 0.00513809 0.391679 0.00924619
751 0.49545 0.00514428 0.387374 0.00922772
752 0.49559 0.00514026 0.389168 0.00923551
753 0.495581 0.00513526 0.387374 0.00922772
754 0.49581 0.00513482 0.389168 0.00923551
755 0.496066 0.00514384 0.388451 0.00923241
756 0.496247 0.00514023 0.388092 0.00923085
757 0.496479 0.00513786 0.386657 0.00922457
758 0.496469 0.00514368 0.386657 0.00922457
759 0.495979 0.00514936 0.387374 0.00922772
760 0.495691 0.00514861 0.384864 0.0092166
761 0.495358 0.00514987 0.387016 0.00922615
762 0.494699 0.005145 0.384146 0.00921337
763 0.495061 0.00514613 0.386657 0.00922457
764 0.495134 0.00514637 0.384864 0.0092166
765 0.495308 0.00515121 0.389885 0.00923859
766 0.495231 0.00515267 0.390961 0.00924317
767 0.495355 0.00515244 0.395624 0.00926246
768 0.495464 0.0051581 0.393831 0.00925515
769 0.495839 0.00516419 0.387016 0.00922615
770 0.496034 0.00517483 0.387374 0.00922772
771 0.496515 0.00517691 0.390244 0.00924012
772 0.496187 0.00517512 0.393472 0.00925367
773 0.495934 0.00517501 0.389527 0.00923705
774 0.495356 0.00517056 0.39132 0.00924468
775 0.495587 0.00516865 0.389527 0.00923705
776 0.495751 0.00516765 0.387733 0.00922929
777 0.495364 0.00516062 0.384864 0.0092166
778 0.495409 0.00516443 0.386298 0.00922299
779 0.495395 0.00516463 0.385581 0.0092198
780 0.49547 0.0051665 0.388809 0.00923396
781 0.495473 0.00516483 0.386657 0.00922457
782 0.495614 0.00516348 0.388451 0.00923241
783 0.496019 0.00516127 0.388809 0.00923396
784 0.496061 0.00516116 0.387016 0.00922615
785 0.496302 0.00516132 0.384505 0.00921499
786 0.496209 0.00515901 0.382712 0.00920686
787 0.496109 0.00516605 0.381994 0.00920357
788 0.49607 0.00516999 0.38056 0.00919692
789 0.495933 0.00516799 0.380201 0.00919525
790 0.496184 0.00516264 0.380201 0.00919525
791 0.495881 0.00516812 0.38307 0.00920849
792 0.495421 0.00515886 0.38307 0.00920849
793 0.495198 0.00515517 0.384146 0.00921337
794 0.495583 0.00514775 0.378049 0.00918509
795 0.49559 0.00514954 0.38056 0.00919692
796 0.49574 0.00515228 0.378766 0.0091885
797 0.495724 0.0051535 0.382712 0.00920686
798 0.49598 0.00515245 0.381277 0.00920026
799 0.49647 0.00515322 0.378407 0.0091868
800 0.496393 0.00515353 0.376614 0.00917822
801 0.49638 0.00515518 0.378766 0.0091885
802 0.496854 0.00515529 0.379484 0.00919189
803 0.496847 0.00514775 0.375538 0.009173
804 0.49657 0.00514259 0.375179 0.00917125
805 0.496379 0.00514684 0.38056 0.00919692
806 0.496283 0.00515036 0.380918 0.00919859
807 0.496509 0.00515426 0.380201 0.00919525
808 0.496662 0.0051517 0.381277 0.00920026
809 0.496199 0.00515091 0.381277 0.00920026
810 0.495959 0.00515133 0.379125 0.0091902
811 0.495551 0.00515812 0.378407 0.0091868
812 0.495291 0.00516225 0.379484 0.00919189
813 0.495217 0.00515632 0.382712 0.00920686
814 0.494822 0.00514603 0.378049 0.00918509
815 0.495307 0.00515052 0.378049 0.00918509
816 0.495545 0.00514145 0.378407 0.0091868
817 0.495159 0.00514469 0.379484 0.00919189
818 0.495809 0.00514794 0.379125 0.0091902
819 0.496214 0.00515763 0.376614 0.00917822
820 0.496468 0.0051534 0.37769 0.00918338
821 0.496554 0.0051531 0.37769 0.00918338
822 0.496493 0.005158 0.376255 0.00917648
823 0.496171 0.00515359 0.378049 0.00918509
824 0.496061 0.00514045 0.378049 0.00918509
825 0.496286 0.00514339 0.378407 0.0091868
826 0.496209 0.00514389 0.378766 0.0091885
827 0.496436 0.00514885 0.377331 0.00918167
828 0.496086 0.00513937 0.379484 0.00919189
829 0.495994 0.00514018 0.376614 0.00917822
830 0.496652 0.00513857 0.378766 0.0091885
831 0.496956 0.00514039 0.381277 0.00920026
832 0.497034 0.00514592 0.37769 0.00918338
833 0.497267 0.00514355 0.376614 0.00917822
834 0.497166 0.00513268 0.382353 0.00920521
835 0.497233 0.0051415 0.380201 0.00919525
836 0.496758 0.00514154 0.379484 0.00919189
837 0.496949 0.00515102 0.38056 0.00919692
838 0.496854 0.00515117 0.384146 0.00921337
839 0.496249 0.00515428 0.38307 0.00920849
840 0.49597 0.00515003 0.385581 0.0092198
841 0.495694 0.00514862 0.38307 0.00920849
842 0.495634 0.00515672 0.38307 0.00920849
843 0.495976 0.00515641 0.385581 0.0092198
844 0.495649 0.00515647 0.383429 0.00921013
845 0.495661 0.00516289 0.385581 0.0092198
846 0.495918 0.00516096 0.380201 0.00919525
847 0.495439 0.00515937 0.382353 0.00920521
848 0.49578 0.00515769 0.385581 0.0092198
849 0.496108 0.00515393 0.38307 0.00920849
850 0.495754 0.00514515 0.381994 0.00920357
851 0.495791 0.00514108 0.381636 0.00920191
852 0.495821 0.00513727 0.382353 0.00920521
853 0.495749 0.00514405 0.379125 0.0091902
854 0.496087 0.00514328 0.37769 0.00918338
855 0.496156 0.00513896 0.381277 0.00920026
856 0.496044 0.00513768 0.381277 0.00920026
857 0.496599 0.00514283 0.384864 0.0092166
858 0.496441 0.00514985 0.384146 0.00921337
859 0.496509 0.00514509 0.38307 0.00920849
860 0.49664 0.00514746 0.385222 0.0092182
861 0.496704 0.00514836 0.38307 0.00920849
862 0.496079 0.00514572 0.384864 0.0092166
863 0.496342 0.00514872 0.386298 0.00922299
864 0.497202 0.00514478 0.379842 0.00919357
865 0.496441 0.00514927 0.38056 0.00919692
866 0.496503 0.00514639 0.380918 0.00919859
867 0.496731 0.00513935 0.379842 0.00919357
868 0.49695 0.00514057 0.375897 0.00917475
869 0.496632 0.00514206 0.38056 0.00919692
870 0.49658 0.00514746 0.379842 0.00919357
871 0.496169 0.00513978 0.379484 0.00919189
872 0.496177 0.00514148 0.376255 0.00917648
873 0.49639 0.00513631 0.37769 0.00918338
874 0.496809 0.00514172 0.377331 0.00918167
875 0.497035 0.0051279 0.376255 0.00917648
876 0.496969 0.00513494 0.379842 0.00919357
877 0.496424 0.00514148 0.379484 0.00919189
878 0.496822 0.00513812 0.378766 0.0091885
879 0.496727 0.00513049 0.378049 0.00918509
880 0.497118 0.00512766 0.379842 0.00919357
881 0.497292 0.00512922 0.378766 0.0091885
882 0.497192 0.00513146 0.37769 0.00918338
883 0.497708 0.00513652 0.378407 0.0091868
884 0.498033 0.00514058 0.380201 0.00919525
885 0.498571 0.00514557 0.379842 0.00919357
886 0.499054 0.00514673 0.374462 0.00916774
887 0.499105 0.00514051 0.373386 0.00916243
888 0.499404 0.00514288 0.374462 0.00916774
889 0.499695 0.005139 0.371951 0.00915527
890 0.498993 0.00513302 0.373027 0.00916065
891 0.498564 0.0051284 0.372669 0.00915886
892 0.498733 0.00513167 0.374821 0.0091695
893 0.49838 0.00513462 0.376614 0.00917822
894 0.498263 0.00512845 0.378407 0.0091868
895 0.498514 0.00512866 0.375179 0.00917125
896 0.498642 0.00512982 0.375538 0.009173
897 0.498761 0.00513257 0.375897 0.00917475
898 0.498531 0.00513023 0.376614 0.00917822
899 0.498558 0.00512616 0.373386 0.00916243
900 0.498394 0.00512583 0.375538 0.009173
901 0.497992 0.0051274 0.37769 0.00918338
902 0.498568 0.00513406 0.38056 0.00919692
903 0.499204 0.00513324 0.376973 0.00917994
904 0.499401 0.00512618 0.377331 0.00918167
905 0.499318 0.00512252 0.378407 0.0091868
906 0.499175 0.00511602 0.375538 0.009173
907 0.499453 0.00511577 0.374103 0.00916597
908 0.499629 0.00511948 0.368723 0.00913885
909 0.499404 0.00511835 0.373745 0.0091642
910 0.499428 0.00512815 0.370158 0.0091462
911 0.499005 0.00512094 0.373386 0.00916243
912 0.498294 0.00512079 0.374462 0.00916774
913 0.498047 0.00512164 0.376255 0.00917648
914 0.497672 0.00511569 0.379484 0.00919189
915 0.497684 0.00512363 0.379125 0.0091902
916 0.497888 0.00512302 0.379842 0.00919357
917 0.497624 0.00512904 0.379484 0.00919189
918 0.497941 0.00512905 0.38056 0.00919692
919 0.497792 0.00512182 0.380918 0.00919859
920 0.497683 0.00511651 0.379484 0.00919189
921 0.497264 0.00511459 0.376255 0.00917648
922 0.497253 0.00512103 0.379125 0.0091902
923 0.497142 0.00512397 0.381636 0.00920191
924 0.49729 0.00512339 0.382712 0.00920686
925 0.497001 0.00512693 0.379842 0.00919357
926 0.496444 0.00512727 0.380201 0.00919525
927 0.496172 0.00512752 0.380918 0.00919859
928 0.497241 0.00513539 0.380918 0.00919859
929 0.497421 0.00513135 0.379842 0.00919357
930 0.497683 0.0051292 0.378407 0.0091868
931 0.49768 0.00512365 0.375538 0.009173
932 0.497887 0.00511597 0.373745 0.0091642
933 0.497445 0.00512407 0.375179 0.00917125
934 0.497285 0.00511676 0.374462 0.00916774
935 0.497161 0.00511072 0.374821 0.0091695
936 0.497233 0.00511238 0.375538 0.009173
937 0.497649 0.00510917 0.374821 0.0091695
938 0.497083 0.00510524 0.379484 0.00919189
939 0.497282 0.00511042 0.379842 0.00919357
940 0.497379 0.00511109 0.378766 0.0091885
941 0.497594 0.00510124 0.378407 0.0091868
942 0.497412 0.0050976 0.38056 0.00919692
943 0.497375 0.00509835 0.378049 0.00918509
944 0.496812 0.00509906 0.378049 0.00918509
945 0.49643 0.005096 0.379484 0.00919189
946 0.496656 0.00509363 0.378766 0.0091885
947 0.497137 0.00508704 0.375538 0.009173
948 0.497476 0.0050957 0.377331 0.00918167
949 0.497186 0.00509936 0.379842 0.00919357
950 0.497702 0.00509918 0.378049 0.00918509
951 0.49798 0.0050897 0.381994 0.00920357
952 0.497943 0.0050906 0.38056 0.00919692
953 0.497355 0.00508738 0.382712 0.00920686
954 0.497468 0.00508371 0.380918 0.00919859
955 0.497678 0.00507676 0.379842 0.00919357
956 0.497518 0.00507511 0.378766 0.0091885
957 0.497147 0.00508191 0.384146 0.00921337
958 0.496879 0.00507853 0.380918 0.00919859
959 0.496298 0.00507661 0.380918 0.00919859
960 0.497199 0.00507262 0.380201 0.00919525
961 0.497278 0.00508045 0.380918 0.00919859
962 0.497332 0.00507852 0.381994 0.00920357
963 0.49732 0.00507595 0.384864 0.0092166
964 0.497167 0.00507341 0.380201 0.00919525
965 0.49721 0.00507554 0.379125 0.0091902
966 0.497073 0.00507116 0.38056 0.00919692
967 0.497054 0.0050777 0.379125 0.0091902
968 0.497423 0.00507943 0.377331 0.00918167
969 0.49723 0.00508224 0.374462 0.00916774
970 0.497888 0.00507964 0.379125 0.0091902
971 0.497784 0.00507729 0.378407 0.0091868
972 0.49746 0.0050859 0.37769 0.00918338
973 0.497848 0.00510149 0.378766 0.0091885
974 0.497188 0.00510169 0.385222 0.0092182
975 0.497059 0.00509625 0.382353 0.00920521
976 0.496727 0.00510108 0.383429 0.00921013
977 0.496143 0.00509957 0.38594 0.0092214
978 0.496969 0.00509744 0.381994 0.00920357
979 0.496925 0.00510371 0.379484 0.00919189
980 0.496932 0.00509928 0.377331 0.00918167
981 0.497553 0.00510381 0.378049 0.00918509
982 0.496595 0.00510525 0.379125 0.0091902
983 0.496551 0.00511033 0.377331 0.00918167
984 0.4967 0.00511456 0.378766 0.0091885
985 0.496656 0.00511345 0.378766 0.0091885
986 0.496332 0.00511501 0.378407 0.0091868
987 0.496346 0.00510458 0.375897 0.00917475
988 0.496519 0.00511045 0.375179 0.00917125
989 0.496714 0.00511632 0.378407 0.0091868
990 0.496908 0.00511302 0.376973 0.00917994
991 0.497318 0.00511507 0.375538 0.009173
992 0.497048 0.00511942 0.381277 0.00920026
993 0.497122 0.00511364 0.378049 0.00918509
994 0.497201 0.00511123 0.377331 0.00918167
995 0.497647 0.0051067 0.377331 0.00918167
996 0.497532 0.00510272 0.376614 0.00917822
997 0.497895 0.00509816 0.377331 0.00918167
998 0.498312 0.00509993 0.377331 0.00918167
999 0.498128 0.00509767 0.376973 0.00917994
1000 0.498649 0.00509678 0.37769 0.00918338
1001 0.498649 0.00509965 0.375179 0.00917125
1002 0.498691 0.00509562 0.378766 0.0091885
1003 0.498857 0.00510049 0.379842 0.00919357
1004 0.498847 0.00509788 0.376973 0.00917994
1005 0.49859 0.00509949 0.37769 0.00918338
1006 0.499158 0.00510476 0.377331 0.00918167
1007 0.498691 0.00510419 0.376255 0.00917648
1008 0.498418 0.00509974 0.377331 0.00918167
1009 0.498421 0.00510249 0.378766 0.0091885
1010 0.498565 0.0051016 0.378049 0.00918509
1011 0.49889 0.00511027 0.378049 0.00918509
1012 0.498741 0.0051094 0.377331 0.00918167
1013 0.497901 0.00510415 0.38056 0.00919692
1014 0.498149 0.00510359 0.377331 0.00918167
1015 0.498078 0.00510194 0.378766 0.0091885
1016 0.498239 0.00510414 0.374462 0.00916774
1017 0.497931 0.00510529 0.374821 0.0091695
1018 0.497748 0.00511213 0.381636 0.00920191
1019 0.497861 0.00511665 0.378049 0.00918509
1020 0.497391 0.00511645 0.379125 0.0091902
1021 0.497859 0.00511419 0.374103 0.00916597
1022 0.497779 0.00510866 0.375538 0.009173
1023 0.497894 0.005108 0.376255 0.00917648
1024 0.497459 0.00511646 0.376255 0.00917648
1025 0.496986 0.00512105 0.378407 0.0091868
1026 0.497611 0.0051271 0.378407 0.0091868
1027 0.497293 0.00512362 0.379842 0.00919357
1028 0.497173 0.00512781 0.379484 0.00919189
1029 0.497575 0.00513266 0.380918 0.00919859
1030 0.497994 0.00512553 0.379125 0.0091902
1031 0.498251 0.00512679 0.378407 0.0091868
1032 0.498212 0.00513338 0.38056 0.00919692
1033 0.49794 0.005141 0.38056 0.00919692
1034 0.49782 0.00514526 0.381277 0.00920026
1035 0.498414 0.00514733 0.375897 0.00917475
1036 0.498045 0.00514264 0.376614 0.00917822
1037 0.498222 0.00514089 0.378766 0.0091885
1038 0.497957 0.00514144 0.374462 0.00916774
1039 0.498177 0.00513841 0.375179 0.00917125
1040 0.498264 0.00513977 0.376255 0.00917648
1041 0.498491 0.00513344 0.376255 0.00917648
1042 0.49803 0.00512933 0.375897 0.00917475
1043 0.498207 0.00512636 0.374103 0.00916597
1044 0.498563 0.00512159 0.375179 0.00917125
1045 0.49815 0.00512921 0.374821 0.0091695
1046 0.498221 0.00512576 0.378766 0.0091885
1047 0.498149 0.00512313 0.379484 0.00919189
1048 0.49803 0.00512633 0.38056 0.00919692
1049 0.498673 0.00511964 0.376614 0.00917822
1050 0.498952 0.00512811 0.37769 0.00918338
1051 0.499208 0.00512794 0.373745 0.0091642
1052 0.499401 0.00512797 0.373386 0.00916243
1053 0.498889 0.00512959 0.376614 0.00917822
1054 0.498598 0.00512795 0.375538 0.009173
1055 0.498805 0.00512521 0.376255 0.00917648
1056 0.498966 0.00512397 0.374821 0.0091695
1057 0.499108 0.00513066 0.376255 0.00917648
1058 0.499253 0.00513188 0.374821 0.0091695
1059 0.499486 0.00513269 0.374821 0.0091695
1060 0.499599 0.00513354 0.37231 0.00915707
1061 0.499716 0.00513457 0.374821 0.0091695
1062 0.499857 0.0051308 0.370516 0.00914803
1063 0.499792 0.00512888 0.371234 0.00915166
1064 0.499521 0.00513358 0.371234 0.00915166
1065 0.499944 0.00513597 0.371234 0.00915166
1066 0.500601 0.00513971 0.375897 0.00917475
1067 0.50076 0.0051388 0.370516 0.00914803
1068 0.500205 0.00514292 0.371234 0.00915166
1069 0.499899 0.00514351 0.375538 0.009173
1070 0.499402 0.00513653 0.376255 0.00917648
1071 0.498873 0.00513289 0.376255 0.00917648
1072 0.49897 0.00513479 0.375538 0.009173
1073 0.499179 0.00513723 0.373745 0.0091642
1074 0.499243 0.00514291 0.371593 0.00915347
1075 0.49859 0.00514354 0.373027 0.00916065
1076 0.49864 0.00514377 0.374821 0.0091695
1077 0.498746 0.00513843 0.374462 0.00916774
1078 0.49894 0.00514235 0.373386 0.00916243
1079 0.498751 0.00514378 0.376255 0.00917648
1080 0.498745 0.00514446 0.375179 0.00917125
1081 0.498498 0.00514805 0.375897 0.00917475
1082 0.498297 0.00514908 0.380201 0.00919525
1083 0.498338 0.00515075 0.379125 0.0091902
1084 0.498879 0.00515461 0.375538 0.009173
1085 0.498921 0.00515172 0.37769 0.00918338
1086 0.498887 0.00515225 0.37769 0.00918338
1087 0.49948 0.005157 0.375897 0.00917475
1088 0.499797 0.00516401 0.376255 0.00917648
1089 0.499408 0.00516073 0.375538 0.009173
1090 0.499274 0.00515387 0.378049 0.00918509
1091 0.498668 0.00515461 0.37769 0.00918338
1092 0.498229 0.00515433 0.375538 0.009173
1093 0.49808 0.0051549 0.376614 0.00917822
1094 0.498407 0.00515752 0.376255 0.00917648
1095 0.498382 0.00515382 0.374462 0.00916774
1096 0.498661 0.00515976 0.376255 0.00917648
1097 0.498738 0.00516607 0.378407 0.0091868
1098 0.498561 0.00516271 0.376614 0.00917822
1099 0.498238 0.00515853 0.37769 0.00918338
1100 0.49827 0.00516614 0.38056 0.00919692
1101 0.498223 0.0051649 0.378407 0.0091868
1102 0.49738 0.00516339 0.381277 0.00920026
1103 0.497608 0.00516676 0.380201 0.00919525
1104 0.497921 0.00517005 0.381277 0.00920026
1105 0.497947 0.00516898 0.38307 0.00920849
1106 0.498187 0.00516645 0.381636 0.00920191
1107 0.498315 0.00516077 0.380201 0.00919525
1108 0.498651 0.00515755 0.380918 0.00919859
1109 0.498678 0.0051535 0.379842 0.00919357
1110 0.498576 0.00514851 0.379842 0.00919357
1111 0.499141 0.00514817 0.381994 0.00920357
1112 0.498786 0.00514276 0.382712 0.00920686
1113 0.499454 0.00514496 0.384146 0.00921337
1114 0.499977 0.00513811 0.378766 0.0091885
1115 0.499529 0.00514032 0.375897 0.00917475
1116 0.499453 0.00514396 0.378766 0.0091885
1117 0.499747 0.00514799 0.375538 0.009173
1118 0.49959 0.00514386 0.378766 0.0091885
1119 0.499242 0.00514003 0.37769 0.00918338
1120 0.498936 0.00513832 0.379125 0.0091902
1121 0.499278 0.00514651 0.381994 0.00920357
1122 0.499033 0.00514449 0.378407 0.0091868
1123 0.498909 0.00515815 0.376255 0.00917648
1124 0.498945 0.00515789 0.381994 0.00920357
1125 0.498939 0.00515607 0.380918 0.00919859
1126 0.499235 0.00517296 0.381994 0.00920357
1127 0.49895 0.00517481 0.381994 0.00920357
1128 0.499148 0.00517406 0.382353 0.00920521
1129 0.499694 0.00517217 0.380918 0.00919859
1130 0.499349 0.00517587 0.378766 0.0091885
1131 0.499401 0.00517896 0.379484 0.00919189
1132 0.498751 0.00518093 0.381636 0.00920191
1133 0.498498 0.00517459 0.381277 0.00920026
1134 0.498209 0.00517363 0.380918 0.00919859
1135 0.497839 0.00517022 0.382353 0.00920521
1136 0.497887 0.00517876 0.384505 0.00921499
1137 0.498432 0.00517245 0.379125 0.0091902
1138 0.498492 0.00516756 0.381994 0.00920357
1139 0.498201 0.00516591 0.382353 0.00920521
1140 0.498882 0.00516232 0.378407 0.0091868
1141 0.499043 0.0051601 0.37769 0.00918338
1142 0.498886 0.00516604 0.38307 0.00920849
1143 0.498657 0.00516879 0.384146 0.00921337
1144 0.498161 0.00517036 0.382712 0.00920686
1145 0.497463 0.00516332 0.379484 0.00919189
1146 0.497411 0.00516818 0.38307 0.00920849
1147 0.497485 0.00516444 0.379484 0.00919189
1148 0.497867 0.00516513 0.381277 0.00920026
1149 0.497884 0.00516978 0.383429 0.00921013
1150 0.497147 0.00517243 0.384146 0.00921337
1151 0.497059 0.00517118 0.38307 0.00920849
1152 0.497747 0.0051586 0.381277 0.00920026
1153 0.497484 0.00515477 0.381636 0.00920191
1154 0.497559 0.00515353 0.38056 0.00919692
1155 0.497667 0.00515674 0.384864 0.0092166
1156 0.498076 0.00515174 0.383788 0.00921175
1157 0.498162 0.0051496 0.382712 0.00920686
1158 0.498512 0.00514772 0.379125 0.0091902
1159 0.498817 0.00514332 0.382353 0.00920521
1160 0.499113 0.00514796 0.378049 0.00918509
1161 0.499007 0.00514678 0.378049 0.00918509
1162 0.499022 0.00514816 0.375897 0.00917475
1163 0.49933 0.00514442 0.374821 0.0091695
1164 0.499298 0.00514905 0.379842 0.00919357
1165 0.499135 0.00515106 0.379842 0.00919357
1166 0.499391 0.00515032 0.378049 0.00918509
1167 0.498795 0.00514768 0.378049 0.00918509
1168 0.49917 0.00514368 0.378049 0.00918509
1169 0.499124 0.00514324 0.38056 0.00919692
1170 0.499255 0.00514705 0.381636 0.00920191
1171 0.499345 0.00515219 0.381994 0.00920357
1172 0.498791 0.00514754 0.382353 0.00920521
1173 0.4986 0.00514556 0.381636 0.00920191
1174 0.498745 0.00513844 0.380918 0.00919859
1175 0.49863 0.00513158 0.38056 0.00919692
1176 0.499206 0.00514007 0.378407 0.0091868
1177 0.499165 0.00513765 0.375897 0.00917475
1178 0.499254 0.0051448 0.37769 0.00918338
1179 0.499352 0.00514995 0.375897 0.00917475
1180 0.49939 0.00514988 0.375897 0.00917475
1181 0.499461 0.00514579 0.375538 0.009173
1182 0.499498 0.00513845 0.379484 0.00919189
1183 0.499574 0.00514095 0.374103 0.00916597
1184 0.499026 0.00515006 0.376614 0.00917822
1185 0.49888 0.00515491 0.374462 0.00916774
1186 0.499383 0.00515487 0.373386 0.00916243
1187 0.499219 0.00515641 0.376614 0.00917822
1188 0.499234 0.00515993 0.373386 0.00916243
1189 0.499748 0.00515571 0.373386 0.00916243
1190 0.49925 0.00516063 0.374821 0.0091695
1191 0.499378 0.00515919 0.374821 0.0091695
1192 0.499593 0.00515001 0.374821 0.0091695
1193 0.499812 0.00514657 0.376614 0.00917822
1194 0.499618 0.00515511 0.378407 0.0091868
1195 0.499295 0.00514464 0.37769 0.00918338
1196 0.499198 0.00514781 0.378407 0.0091868
1197 0.499383 0.00514952 0.376614 0.00917822
1198 0.499978 0.00514654 0.376973 0.00917994
1199 0.499736 0.00515153 0.379484 0.00919189
1200 0.499062 0.00514756 0.376973 0.00917994
1201 0.49935 0.00513786 0.379842 0.00919357
1202 0.498647 0.005137 0.378766 0.0091885
1203 0.499149 0.00514225 0.376973 0.00917994
1204 0.498922 0.00514203 0.376614 0.00917822
1205 0.499135 0.00513621 0.376255 0.00917648
1206 0.498927 0.00513958 0.374103 0.00916597
1207 0.499285 0.00513593 0.376614 0.00917822
1208 0.499544 0.00514093 0.375538 0.009173
1209 0.498974 0.00513907 0.381277 0.00920026
1210 0.499262 0.00513606 0.378766 0.0091885
1211 0.499131 0.00513209 0.37769 0.00918338
1212 0.498686 0.00513715 0.381636 0.00920191
1213 0.49862 0.00513426 0.381994 0.00920357
1214 0.498757 0.00513311 0.38307 0.00920849
1215 0.49873 0.0051382 0.380918 0.00919859
1216 0.498583 0.00513735 0.384505 0.00921499
1217 0.49842 0.00514015 0.386298 0.00922299
1218 0.498237 0.00514 0.385581 0.0092198
1219 0.498362 0.00513735 0.38307 0.00920849
1220 0.49841 0.00513683 0.384505 0.00921499
1221 0.498244 0.00513346 0.385222 0.0092182
1222 0.498134 0.00513119 0.385222 0.0092182
1223 0.498142 0.00513262 0.384864 0.0092166
1224 0.498036 0.00512868 0.384146 0.00921337
1225 0.497961 0.0051266 0.385222 0.0092182
1226 0.497784 0.00512843 0.381994 0.00920357
1227 0.498093 0.00512384 0.383429 0.00921013
1228 0.497864 0.00513102 0.38594 0.0092214
1229 0.49739 0.00512891 0.380918 0.00919859
1230 0.49662 0.00512409 0.381636 0.00920191
1231 0.496282 0.00512368 0.383788 0.00921175
1232 0.496284 0.00511777 0.384146 0.00921337
1233 0.496308 0.00511468 0.387733 0.00922929
1234 0.496446 0.00511371 0.383429 0.00921013
1235 0.496519 0.00511517 0.380918 0.00919859
1236 0.496402 0.00511354 0.385222 0.0092182
1237 0.496441 0.00512096 0.386657 0.00922457
1238 0.496763 0.00511053 0.384505 0.00921499
1239 0.495906 0.0051174 0.384505 0.00921499
1240 0.495998 0.00511218 0.38307 0.00920849
1241 0.496321 0.00511428 0.382353 0.00920521
1242 0.495923 0.00510934 0.382353 0.00920521
1243 0.495718 0.00510538 0.384146 0.00921337
1244 0.495956 0.00510487 0.386657 0.00922457
1245 0.496195 0.00511153 0.381994 0.00920357
1246 0.496276 0.00510945 0.384864 0.0092166
1247 0.496382 0.00511262 0.384146 0.00921337
1248 0.49578 0.00510884 0.384505 0.00921499
1249 0.495467 0.0051132 0.387016 0.00922615
1250 0.495605 0.00511737 0.385581 0.0092198
1251 0.496123 0.00512161 0.389527 0.00923705
1252 0.495872 0.00511918 0.388809 0.00923396
1253 0.495819 0.00511825 0.385581 0.0092198
1254 0.495804 0.00512012 0.383788 0.00921175
1255 0.496012 0.00511382 0.386298 0.00922299
1256 0.494821 0.00510787 0.384505 0.00921499
1257 0.494863 0.00509802 0.38056 0.00919692
1258 0.495333 0.00509977 0.381277 0.00920026
1259 0.49556 0.00509698 0.379842 0.00919357
1260 0.496084 0.00509286 0.382353 0.00920521
1261 0.496166 0.0051017 0.381277 0.00920026
1262 0.496391 0.00510117 0.382353 0.00920521
1263 0.496386 0.00510243 0.380201 0.00919525
1264 0.495985 0.00509304 0.38056 0.00919692
1265 0.496243 0.0050902 0.379484 0.00919189
1266 0.496335 0.00508439 0.380918 0.00919859
1267 0.496217 0.00508984 0.382712 0.00920686
1268 0.496275 0.00508859 0.381994 0.00920357
1269 0.496391 0.0050893 0.380201 0.00919525
1270 0.496711 0.00509109 0.379125 0.0091902
1271 0.496923 0.00509474 0.376973 0.00917994
1272 0.496054 0.00509223 0.381636 0.00920191
1273 0.496211 0.00508712 0.381277 0.00920026
1274 0.496009 0.00509667 0.38056 0.00919692
1275 0.496314 0.00509519 0.379842 0.00919357
1276 0.496184 0.00509426 0.383429 0.00921013
1277 0.496227 0.0050979 0.381277 0.00920026
1278 0.496653 0.00510216 0.383429 0.00921013
1279 0.49672 0.00510315 0.383429 0.00921013
1280 0.496868 0.00510161 0.378049 0.00918509
1281 0.496535 0.00510857 0.381277 0.00920026
1282 0.497155 0.00510116 0.378049 0.00918509
1283 0.496989 0.00510339 0.379484 0.00919189
1284 0.497115 0.00510131 0.380201 0.00919525
1285 0.497583 0.00510033 0.375897 0.00917475
1286 0.497346 0.00511303 0.379125 0.0091902
1287 0.497268 0.0051143 0.378407 0.0091868
1288 0.497811 0.00511364 0.380918 0.00919859
1289 0.497926 0.00511223 0.375179 0.00917125
1290 0.497535 0.00511436 0.375897 0.00917475
1291 0.497743 0.00511298 0.375897 0.00917475
1292 0.497771 0.00511063 0.379842 0.00919357
1293 0.49774 0.00511032 0.376255 0.00917648
1294 0.497607 0.0051092 0.378049 0.00918509
1295 0.49759 0.00511278 0.377331 0.00918167
1296 0.497448 0.00511082 0.373386 0.00916243
1297 0.498059 0.00511575 0.375538 0.009173
1298 0.497836 0.00511115 0.376973 0.00917994
1299 0.497928 0.00511669 0.374103 0.00916597
1300 0.49792 0.00511693 0.375179 0.00917125
1301 0.497953 0.00511425 0.37769 0.00918338
1302 0.498526 0.00510922 0.37231 0.00915707
1303 0.497879 0.00511963 0.374821 0.0091695
1304 0.497816 0.00512109 0.374821 0.0091695
1305 0.497311 0.00511442 0.373027 0.00916065
1306 0.497635 0.00511043 0.36944 0.00914254
1307 0.497791 0.00510539 0.369082 0.0091407
1308 0.497664 0.00510228 0.371951 0.00915527
1309 0.498046 0.00510534 0.374103 0.00916597
1310 0.497601 0.00510072 0.372669 0.00915886
1311 0.497556 0.00509503 0.372669 0.00915886
1312 0.497555 0.00509581 0.373745 0.0091642
1313 0.496989 0.00509802 0.375538 0.009173
1314 0.497326 0.00509565 0.374821 0.0091695
1315 0.497477 0.00508685 0.37231 0.00915707
1316 0.497264 0.00507735 0.37231 0.00915707
1317 0.497144 0.0050743 0.368006 0.00913514
1318 0.49781 0.00508257 0.369082 0.0091407
1319 0.497778 0.00508468 0.367288 0.00913141
1320 0.498056 0.00508431 0.375538 0.009173
1321 0.497749 0.00509444 0.376614 0.00917822
1322 0.498525 0.0050952 0.374821 0.0091695
1323 0.498542 0.00509027 0.374821 0.0091695
1324 0.498459 0.00508583 0.374462 0.00916774
1325 0.4986 0.00508842 0.374821 0.0091695
1326 0.498375 0.00508764 0.374462 0.00916774
1327 0.498258 0.00509492 0.375179 0.00917125
1328 0.498294 0.00509877 0.373745 0.0091642
1329 0.498184 0.00509828 0.373027 0.00916065
1330 0.49801 0.00510043 0.37231 0.00915707
1331 0.497946 0.00509273 0.374462 0.00916774
1332 0.497742 0.00508487 0.371234 0.00915166
1333 0.498069 0.0050821 0.372669 0.00915886
1334 0.497689 0.00508419 0.37231 0.00915707
1335 0.497095 0.00508595 0.373027 0.00916065
1336 0.496983 0.00508631 0.374103 0.00916597
1337 0.496896 0.00508804 0.373386 0.00916243
1338 0.49713 0.00509172 0.375897 0.00917475
1339 0.497117 0.00509153 0.377331 0.00918167
1340 0.496834 0.00508835 0.375897 0.00917475
1341 0.497183 0.00509188 0.375538 0.009173
1342 0.497021 0.00509473 0.376255 0.00917648
1343 0.497196 0.00509842 0.374462 0.00916774
1344 0.496905 0.0050981 0.372669 0.00915886
1345 0.497643 0.00510388 0.373027 0.00916065
1346 0.497439 0.00510489 0.378049 0.00918509
1347 0.497456 0.00510611 0.376973 0.00917994
1348 0.497138 0.00510288 0.373027 0.00916065
1349 0.496842 0.00509483 0.373027 0.00916065
1350 0.496371 0.00510371 0.376255 0.00917648
1351 0.496431 0.00510496 0.376614 0.00917822
1352 0.496231 0.00510823 0.376614 0.00917822
1353 0.496358 0.00510543 0.378766 0.0091885
1354 0.496585 0.00509697 0.379125 0.0091902
1355 0.496676 0.00510516 0.376255 0.00917648
1356 0.496064 0.005109 0.378049 0.00918509
1357 0.496351 0.00509244 0.374103 0.00916597
1358 0.496226 0.00509429 0.375179 0.00917125
1359 0.495884 0.0050935 0.378049 0.00918509
1360 0.495965 0.00509536 0.376614 0.00917822
1361 0.495991 0.00508915 0.372669 0.00915886
1362 0.49633 0.00509833 0.375538 0.009173
1363 0.496315 0.00509425 0.376255 0.00917648
1364 0.496253 0.00509184 0.371951 0.00915527
1365 0.496452 0.00509552 0.372669 0.00915886
1366 0.496578 0.00510693 0.372669 0.00915886
1367 0.496406 0.00510128 0.374462 0.00916774
1368 0.496229 0.00509596 0.372669 0.00915886
1369 0.496343 0.00509877 0.372669 0.00915886
1370 0.496475 0.00509584 0.371951 0.00915527
1371 0.496276 0.00509673 0.373745 0.0091642
1372 0.496282 0.00509413 0.374821 0.0091695
1373 0.496436 0.00509412 0.377331 0.00918167
1374 0.496966 0.00509473 0.378766 0.0091885
1375 0.497239 0.00508609 0.375897 0.00917475
1376 0.49695 0.00508273 0.374462 0.00916774
1377 0.496862 0.00507207 0.372669 0.00915886
1378 0.497256 0.00508027 0.376614 0.00917822
1379 0.497413 0.00508947 0.375897 0.00917475
1380 0.497457 0.00510074 0.375538 0.009173
1381 0.497682 0.00509995 0.375897 0.00917475
1382 0.497646 0.00510007 0.375179 0.00917125
1383 0.497697 0.00510391 0.374103 0.00916597
1384 0.49759 0.00509894 0.373027 0.00916065
1385 0.498033 0.00510186 0.378049 0.00918509
1386 0.49863 0.00510632 0.37231 0.00915707
1387 0.498144 0.00509892 0.375897 0.00917475
1388 0.498151 0.00509741 0.369799 0.00914437
1389 0.497758 0.00509413 0.374821 0.0091695
1390 0.49754 0.00509397 0.373386 0.00916243
1391 0.497508 0.00508953 0.373745 0.0091642
1392 0.497949 0.00509872 0.376614 0.00917822
1393 0.498714 0.00510811 0.377331 0.00918167
1394 0.498163 0.00511416 0.377331 0.00918167
1395 0.497818 0.00510933 0.376255 0.00917648
1396 0.498375 0.00510606 0.378766 0.0091885
1397 0.498273 0.00510427 0.379125 0.0091902
1398 0.497373 0.00510972 0.381636 0.00920191
1399 0.497468 0.00510604 0.380918 0.00919859
1400 0.49737 0.00511009 0.378049 0.00918509
1401 0.497096 0.00511119 0.378407 0.0091868
1402 0.496846 0.00510727 0.378407 0.0091868
1403 0.496392 0.00510475 0.379484 0.00919189
1404 0.496591 0.00509827 0.378766 0.0091885
1405 0.49709 0.00510009 0.376255 0.00917648
1406 0.496799 0.00509004 0.376973 0.00917994
1407 0.496775 0.00509533 0.38056 0.00919692
1408 0.496494 0.00509895 0.383429 0.00921013
1409 0.496487 0.00509562 0.382712 0.00920686
1410 0.496583 0.00510661 0.38594 0.0092214
1411 0.496977 0.00510285 0.384505 0.00921499
1412 0.496457 0.00510068 0.385222 0.0092182
1413 0.49678 0.00511009 0.385581 0.0092198
1414 0.496583 0.00511824 0.386298 0.00922299
1415 0.496371 0.00510948 0.384505 0.00921499
1416 0.496542 0.00510668 0.387733 0.00922929
1417 0.497093 0.00510645 0.383429 0.00921013
1418 0.496607 0.00511137 0.385222 0.0092182
1419 0.496725 0.00512209 0.381636 0.00920191
1420 0.496401 0.00511882 0.390603 0.00924165
1421 0.496345 0.00511777 0.384146 0.00921337
1422 0.49662 0.00512171 0.386298 0.00922299
1423 0.496664 0.00512079 0.387733 0.00922929
1424 0.496072 0.0051257 0.386657 0.00922457
1425 0.49664 0.00512072 0.384505 0.00921499
1426 0.496569 0.00512058 0.381636 0.00920191
1427 0.496636 0.00512236 0.38307 0.00920849
1428 0.496229 0.00512781 0.387374 0.00922772
1429 0.495967 0.00513409 0.390603 0.00924165
1430 0.496007 0.0051329 0.390603 0.00924165
1431 0.496056 0.00513953 0.388092 0.00923085
1432 0.496171 0.00513672 0.389885 0.00923859
1433 0.496513 0.005139 0.388451 0.00923241
1434 0.497156 0.00513466 0.388092 0.00923085
1435 0.4973 0.00513234 0.386657 0.00922457
1436 0.497132 0.00513193 0.385581 0.0092198
1437 0.497729 0.00512448 0.385222 0.0092182
1438 0.497831 0.00512411 0.385581 0.0092198
1439 0.497346 0.00511583 0.379842 0.00919357
1440 0.497408 0.00511498 0.383788 0.00921175
1441 0.49741 0.00511299 0.383788 0.00921175
1442 0.497558 0.00511121 0.384505 0.00921499
1443 0.49766 0.00511847 0.384146 0.00921337
1444 0.497734 0.0051166 0.382353 0.00920521
1445 0.497562 0.00511857 0.38056 0.00919692
1446 0.497431 0.00512137 0.383429 0.00921013
1447 0.497504 0.00511487 0.381277 0.00920026
1448 0.497299 0.00511171 0.382353 0.00920521
1449 0.49736 0.0051111 0.381277 0.00920026
1450 0.497565 0.00512215 0.384505 0.00921499
1451 0.497761 0.00511225 0.381277 0.00920026
1452 0.498471 0.00511333 0.382712 0.00920686
1453 0.498606 0.00510806 0.380201 0.00919525
1454 0.498914 0.00510262 0.381277 0.00920026
1455 0.498586 0.00511217 0.379484 0.00919189
1456 0.498997 0.00510987 0.377331 0.00918167
1457 0.498868 0.00511311 0.378766 0.0091885
1458 0.498984 0.00509924 0.37769 0.00918338
1459 0.498954 0.00509719 0.376973 0.00917994
1460 0.498837 0.00509561 0.375538 0.009173
1461 0.499187 0.00509355 0.376973 0.00917994
1462 0.499287 0.00508767 0.376255 0.00917648
1463 0.49926 0.00509486 0.373745 0.0091642
1464 0.499253 0.00510296 0.376973 0.00917994
1465 0.499321 0.00510326 0.375538 0.009173
1466 0.499341 0.0051114 0.378407 0.0091868
1467 0.49928 0.00510654 0.38056 0.00919692
1468 0.498959 0.00510295 0.380201 0.00919525
1469 0.499543 0.00511037 0.38056 0.00919692
1470 0.499029 0.00511353 0.379842 0.00919357
1471 0.498728 0.0051141 0.379842 0.00919357
1472 0.498795 0.00511611 0.385222 0.0092182
1473 0.498941 0.00512368 0.384505 0.00921499
1474 0.499302 0.00511761 0.38307 0.00920849
1475 0.498945 0.00512029 0.38307 0.00920849
1476 0.49918 0.00511464 0.379125 0.0091902
1477 0.499213 0.00512147 0.375897 0.00917475
1478 0.499212 0.00511475 0.37769 0.00918338
1479 0.49883 0.00511984 0.375179 0.00917125
1480 0.498732 0.00511222 0.378407 0.0091868
1481 0.498197 0.00512683 0.380201 0.00919525
1482 0.498308 0.00513169 0.380918 0.00919859
1483 0.498508 0.00513327 0.382712 0.00920686
1484 0.498518 0.00512819 0.380201 0.00919525
1485 0.498351 0.00513373 0.380201 0.00919525
1486 0.498441 0.00513271 0.375179 0.00917125
1487 0.498047 0.00513331 0.376614 0.00917822
1488 0.497927 0.00514181 0.375538 0.009173
1489 0.498109 0.0051371 0.379125 0.0091902
1490 0.497851 0.00513574 0.382353 0.00920521
1491 0.498088 0.00513557 0.375897 0.00917475
1492 0.498828 0.00513614 0.380918 0.00919859
1493 0.498986 0.00513253 0.376973 0.00917994
1494 0.499318 0.00513612 0.376255 0.00917648
1495 0.499071 0.00514124 0.37769 0.00918338
1496 0.498601 0.00513475 0.380918 0.00919859
1497 0.498406 0.00513451 0.379125 0.0091902
1498 0.498422 0.00513728 0.380201 0.00919525
1499 0.498317 0.00513549 0.381277 0.00920026
1500 0.498003 0.00512647 0.380918 0.00919859
1501 0.497409 0.00512662 0.379484 0.00919189
1502 0.497288 0.00512802 0.382353 0.00920521
1503 0.497254 0.00512303 0.381994 0.00920357
1504 0.49676 0.00512742 0.38594 0.0092214
1505 0.49691 0.00512458 0.381994 0.00920357
1506 0.496668 0.00511724 0.385222 0.0092182
1507 0.496877 0.00511733 0.384505 0.00921499
1508 0.49714 0.0051208 0.384146 0.00921337
1509 0.497478 0.00512478 0.38307 0.00920849
1510 0.497431 0.00512403 0.38307 0.00920849
1511 0.497404 0.00512065 0.382712 0.00920686
1512 0.497798 0.00512492 0.380918 0.00919859
1513 0.497478 0.00511793 0.382353 0.00920521
1514 0.49766 0.00512986 0.383788 0.00921175
1515 0.497999 0.00513229 0.385222 0.0092182
1516 0.498075 0.00513236 0.384146 0.00921337
1517 0.497451 0.00512283 0.386298 0.00922299
1518 0.497714 0.00512839 0.384864 0.0092166
1519 0.497881 0.00512081 0.381994 0.00920357
1520 0.497885 0.00512008 0.38307 0.00920849
1521 0.498016 0.00512495 0.384864 0.0092166
1522 0.497759 0.0051251 0.383788 0.00921175
1523 0.497297 0.00512056 0.38307 0.00920849
1524 0.497315 0.00511197 0.384864 0.0092166
1525 0.497479 0.00510917 0.386657 0.00922457
1526 0.497255 0.0051125 0.385581 0.0092198
1527 0.496777 0.00511162 0.388809 0.00923396
1528 0.49692 0.0051117 0.387374 0.00922772
1529 0.497368 0.00511606 0.384864 0.0092166
1530 0.497395 0.00511085 0.385222 0.0092182
1531 0.497755 0.00510991 0.383788 0.00921175
1532 0.497801 0.00511939 0.385222 0.0092182
1533 0.497775 0.00511617 0.38307 0.00920849
1534 0.497762 0.0051125 0.382712 0.00920686
1535 0.497402 0.00511431 0.380918 0.00919859
1536 0.496469 0.00511727 0.38594 0.0092214
1537 0.496512 0.00511658 0.387016 0.00922615
1538 0.496796 0.00511993 0.385581 0.0092198
1539 0.496985 0.00511877 0.382353 0.00920521
1540 0.497422 0.00511268 0.38056 0.00919692
1541 0.4976 0.00510911 0.376973 0.00917994
1542 0.497591 0.00510904 0.379484 0.00919189
1543 0.497715 0.00510454 0.379484 0.00919189
1544 0.497757 0.00510978 0.378766 0.0091885
1545 0.498049 0.00510852 0.376614 0.00917822
1546 0.498022 0.0051113 0.377331 0.00918167
1547 0.498112 0.00510692 0.378407 0.0091868
1548 0.498091 0.00511528 0.375897 0.00917475
1549 0.49865 0.00510625 0.378407 0.0091868
1550 0.49849 0.00510356 0.37769 0.00918338
1551 0.498238 0.00510565 0.378766 0.0091885
1552 0.499042 0.00510964 0.378049 0.00918509
1553 0.498946 0.00511337 0.379484 0.00919189
1554 0.498609 0.00511628 0.380918 0.00919859
1555 0.498488 0.00510747 0.381636 0.00920191
1556 0.498256 0.00510446 0.380918 0.00919859
1557 0.498092 0.00510185 0.38594 0.0092214
1558 0.498078 0.00510222 0.389168 0.00923551
1559 0.49808 0.00509602 0.384505 0.00921499
1560 0.498086 0.00509729 0.383429 0.00921013
1561 0.498012 0.00509213 0.381994 0.00920357
1562 0.497904 0.0050854 0.379842 0.00919357
1563 0.498225 0.00508347 0.380918 0.00919859
1564 0.498468 0.00508789 0.378766 0.0091885
1565 0.498266 0.00508844 0.378407 0.0091868
1566 0.498465 0.00507636 0.374462 0.00916774
1567 0.498297 0.00507797 0.376255 0.00917648
1568 0.497598 0.00507865 0.38056 0.00919692
1569 0.497879 0.00508332 0.379842 0.00919357
1570 0.497658 0.00508265 0.379842 0.00919357
1571 0.497796 0.0050828 0.381277 0.00920026
1572 0.498146 0.00509009 0.379842 0.00919357
1573 0.498407 0.00510066 0.381994 0.00920357
1574 0.497944 0.00510464 0.384146 0.00921337
1575 0.497435 0.00509519 0.383788 0.00921175
1576 0.49723 0.00509547 0.385222 0.0092182
1577 0.497151 0.00509791 0.382353 0.00920521
1578 0.497395 0.00510129 0.386298 0.00922299
1579 0.497364 0.00509163 0.384864 0.0092166
1580 0.497234 0.00508809 0.385222 0.0092182
1581 0.497209 0.00509244 0.387733 0.00922929
1582 0.496691 0.00509645 0.388809 0.00923396
1583 0.496852 0.00509619 0.387016 0.00922615
1584 0.497006 0.00508891 0.384505 0.00921499
1585 0.496515 0.0050845 0.379484 0.00919189
1586 0.496482 0.00508769 0.381636 0.00920191
1587 0.496611 0.00508973 0.38594 0.0092214
1588 0.496738 0.00508468 0.380918 0.00919859
1589 0.496207 0.00508595 0.38307 0.00920849
1590 0.496864 0.00508585 0.383788 0.00921175
1591 0.496535 0.00508413 0.381277 0.00920026
1592 0.496403 0.00508479 0.381277 0.00920026
1593 0.496183 0.00509494 0.382712 0.00920686
1594 0.496259 0.0050985 0.38056 0.00919692
1595 0.496559 0.00509458 0.379125 0.0091902
1596 0.496371 0.00508851 0.379125 0.0091902
1597 0.496724 0.00508582 0.381277 0.00920026
1598 0.495926 0.00508941 0.380918 0.00919859
1599 0.495605 0.00508985 0.382353 0.00920521
1600 0.495851 0.00508475 0.378407 0.0091868
1601 0.496096 0.00509195 0.379842 0.00919357
1602 0.496438 0.00509134 0.38056 0.00919692
1603 0.496719 0.00509327 0.380918 0.00919859
1604 0.496893 0.00509531 0.379125 0.0091902
1605 0.497358 0.00509324 0.376255 0.00917648
1606 0.497231 0.00508349 0.376973 0.00917994
1607 0.497335 0.00508729 0.382353 0.00920521
1608 0.497127 0.00509148 0.377331 0.00918167
1609 0.497245 0.00508592 0.379484 0.00919189
1610 0.497294 0.00508311 0.381636 0.00920191
1611 0.497442 0.00508481 0.381636 0.00920191
1612 0.497612 0.00508835 0.381994 0.00920357
1613 0.497528 0.00508038 0.380918 0.00919859
1614 0.497923 0.0050869 0.381277 0.00920026
1615 0.498206 0.0050858 0.381277 0.00920026
1616 0.497947 0.00508119 0.380201 0.00919525
1617 0.497695 0.00508399 0.382353 0.00920521
1618 0.497868 0.00508734 0.377331 0.00918167
1619 0.497889 0.00509422 0.38056 0.00919692
1620 0.498017 0.00509664 0.374821 0.0091695
1621 0.498135 0.00509294 0.37769 0.00918338
1622 0.498049 0.00508648 0.375538 0.009173
1623 0.498052 0.00508112 0.376255 0.00917648
1624 0.497781 0.00508393 0.378049 0.00918509
1625 0.497435 0.00508121 0.378049 0.00918509
1626 0.497766 0.0050815 0.380201 0.00919525
1627 0.497539 0.0050836 0.37769 0.00918338
1628 0.497425 0.00508759 0.379484 0.00919189
1629 0.497904 0.00508982 0.375538 0.009173
1630 0.497678 0.00508393 0.379842 0.00919357
1631 0.498195 0.00507946 0.378407 0.0091868
1632 0.49842 0.0050829 0.376614 0.00917822
1633 0.498235 0.0050811 0.374103 0.00916597
1634 0.498364 0.00508399 0.374821 0.0091695
1635 0.4983 0.00508698 0.380201 0.00919525
1636 0.498025 0.00508372 0.379125 0.0091902
1637 0.497939 0.0050784 0.38056 0.00919692
1638 0.498014 0.00508634 0.37769 0.00918338
1639 0.498154 0.00509591 0.38056 0.00919692
1640 0.498396 0.00509755 0.379842 0.00919357
1641 0.498217 0.00509293 0.380918 0.00919859
1642 0.49787 0.00510286 0.385222 0.0092182
1643 0.49789 0.00510583 0.383429 0.00921013
1644 0.49769 0.00510422 0.382712 0.00920686
1645 0.497583 0.00510872 0.38307 0.00920849
1646 0.497379 0.00511599 0.381994 0.00920357
1647 0.497535 0.00511631 0.38307 0.00920849
1648 0.498002 0.00512512 0.383788 0.00921175
1649 0.497521 0.00512159 0.384146 0.00921337
1650 0.498158 0.00512484 0.382712 0.00920686
1651 0.49816 0.00512393 0.381994 0.00920357
1652 0.497792 0.00512664 0.386298 0.00922299
1653 0.497368 0.00513161 0.386298 0.00922299
1654 0.497795 0.00512964 0.384505 0.00921499
1655 0.497535 0.0051216 0.381994 0.00920357
1656 0.498073 0.00511945 0.384146 0.00921337
1657 0.497865 0.00511598 0.380918 0.00919859
1658 0.497491 0.00511036 0.382712 0.00920686
1659 0.497892 0.00510551 0.381636 0.00920191
1660 0.497894 0.00510746 0.381994 0.00920357
1661 0.49764 0.00511479 0.383429 0.00921013
1662 0.497753 0.00510686 0.379484 0.00919189
1663 0.497314 0.00510157 0.379842 0.00919357
1664 0.497271 0.00510613 0.379842 0.00919357
1665 0.497985 0.00510122 0.379125 0.0091902
1666 0.497716 0.00510171 0.379125 0.0091902
1667 0.498316 0.0051061 0.378407 0.0091868
1668 0.498166 0.00511315 0.381994 0.00920357
1669 0.49833 0.00511215 0.381277 0.00920026
1670 0.498783 0.00511189 0.381636 0.00920191
1671 0.498774 0.00510147 0.381994 0.00920357
1672 0.499082 0.00510124 0.381277 0.00920026
1673 0.499092 0.00510176 0.381994 0.00920357
1674 0.498812 0.00510314 0.379842 0.00919357
1675 0.498255 0.00510368 0.382353 0.00920521
1676 0.498743 0.00510979 0.383788 0.00921175
1677 0.498609 0.00510158 0.384864 0.0092166
1678 0.49887 0.00509569 0.38307 0.00920849
1679 0.499195 0.00509339 0.38307 0.00920849
1680 0.499239 0.00509447 0.385222 0.0092182
1681 0.499165 0.00509508 0.38307 0.00920849
1682 0.499133 0.00509884 0.382353 0.00920521
1683 0.49955 0.00509903 0.38056 0.00919692
1684 0.499779 0.00509716 0.380201 0.00919525
1685 0.499842 0.00509326 0.37769 0.00918338
1686 0.49985 0.00508798 0.376255 0.00917648
1687 0.500068 0.00509861 0.38056 0.00919692
1688 0.499012 0.00510387 0.381277 0.00920026
1689 0.499412 0.0051032 0.383429 0.00921013
1690 0.498914 0.00510413 0.379842 0.00919357
1691 0.499171 0.00510653 0.382353 0.00920521
1692 0.49855 0.00510877 0.384505 0.00921499
1693 0.498023 0.00510874 0.381994 0.00920357
1694 0.498165 0.00509997 0.379842 0.00919357
1695 0.497841 0.00510535 0.381636 0.00920191
1696 0.497807 0.00510837 0.379125 0.0091902
1697 0.497516 0.00511457 0.381994 0.00920357
1698 0.497815 0.00511262 0.381277 0.00920026
1699 0.497845 0.00511406 0.38056 0.00919692
1700 0.497648 0.00511648 0.384864 0.0092166
1701 0.497912 0.00511022 0.383429 0.00921013
1702 0.498138 0.00511369 0.381636 0.00920191
1703 0.498119 0.0051174 0.379842 0.00919357
1704 0.498175 0.00511591 0.380918 0.00919859
1705 0.498146 0.00511629 0.378407 0.0091868
1706 0.498325 0.00511505 0.378766 0.0091885
1707 0.497667 0.00511815 0.381277 0.00920026
1708 0.498093 0.00511476 0.379842 0.00919357
1709 0.498023 0.00511134 0.380201 0.00919525
1710 0.49791 0.00510372 0.38056 0.00919692
1711 0.497576 0.00511084 0.381994 0.00920357
1712 0.497334 0.00511349 0.386657 0.00922457
1713 0.497274 0.00511892 0.385222 0.0092182
1714 0.497156 0.00512275 0.385222 0.0092182
1715 0.496735 0.00511589 0.382712 0.00920686
1716 0.496809 0.00511652 0.383429 0.00921013
1717 0.497324 0.00510592 0.382353 0.00920521
1718 0.496874 0.00510673 0.382353 0.00920521
1719 0.497204 0.00510931 0.38594 0.0092214
1720 0.497014 0.00510372 0.384146 0.00921337
1721 0.497076 0.00510527 0.381636 0.00920191
1722 0.497604 0.00510149 0.382353 0.00920521
1723 0.49774 0.00510204 0.38056 0.00919692
1724 0.497043 0.00510709 0.379842 0.00919357
1725 0.497306 0.00510745 0.378407 0.0091868
1726 0.497026 0.00510832 0.377331 0.00918167
1727 0.497291 0.00511481 0.38056 0.00919692
1728 0.497513 0.00511828 0.383429 0.00921013
1729 0.497789 0.00512028 0.380918 0.00919859
1730 0.49725 0.00512221 0.383788 0.00921175
1731 0.497028 0.00512331 0.381994 0.00920357
1732 0.497474 0.00512674 0.38307 0.00920849
1733 0.497386 0.00512553 0.38056 0.00919692
1734 0.497148 0.00512806 0.383429 0.00921013
1735 0.497269 0.00512732 0.385581 0.0092198
1736 0.497102 0.00513901 0.383788 0.00921175
1737 0.497001 0.0051396 0.384864 0.0092166
1738 0.497013 0.0051369 0.382712 0.00920686
1739 0.496881 0.00514165 0.382712 0.00920686
1740 0.496561 0.00514929 0.389168 0.00923551
1741 0.496774 0.0051461 0.384146 0.00921337
1742 0.496629 0.00514743 0.387733 0.00922929
1743 0.496549 0.00514558 0.38594 0.0092214
1744 0.496075 0.00514427 0.38594 0.0092214
1745 0.496674 0.00514271 0.386298 0.00922299
1746 0.496924 0.00513897 0.387374 0.00922772
1747 0.497249 0.00514408 0.389168 0.00923551
1748 0.497212 0.00514869 0.387374 0.00922772
1749 0.497418 0.00514683 0.384864 0.0092166
1750 0.497491 0.00513812 0.38594 0.0092214
1751 0.498073 0.00513212 0.383429 0.00921013
1752 0.498195 0.00512719 0.381994 0.00920357
1753 0.497967 0.00513132 0.382712 0.00920686
1754 0.498557 0.00513197 0.386298 0.00922299
1755 0.498251 0.00513843 0.387016 0.00922615
1756 0.497845 0.00513151 0.387016 0.00922615
1757 0.497091 0.00512581 0.388451 0.00923241
1758 0.497674 0.00512764 0.385581 0.0092198
1759 0.497684 0.0051328 0.387016 0.00922615
1760 0.497661 0.00512738 0.38594 0.0092214
1761 0.497927 0.00513385 0.387374 0.00922772
1762 0.4977 0.00513369 0.387374 0.00922772
1763 0.498401 0.00513636 0.38594 0.0092214
1764 0.497972 0.0051305 0.389527 0.00923705
1765 0.498016 0.00513373 0.389168 0.00923551
1766 0.497892 0.00513328 0.389527 0.00923705
1767 0.497875 0.00513081 0.38594 0.0092214
1768 0.498016 0.00512736 0.385581 0.0092198
1769 0.497828 0.00512691 0.383788 0.00921175
1770 0.497509 0.00512566 0.384864 0.0092166
1771 0.497284 0.00512657 0.384146 0.00921337
1772 0.497586 0.00512153 0.38594 0.0092214
1773 0.497771 0.00511876 0.386298 0.00922299
1774 0.497463 0.00512333 0.383788 0.00921175
1775 0.497571 0.00512801 0.388451 0.00923241
1776 0.497685 0.00513625 0.386657 0.00922457
1777 0.497653 0.00513305 0.388451 0.00923241
1778 0.497154 0.00513656 0.385581 0.0092198
1779 0.497223 0.00513929 0.387733 0.00922929
1780 0.497324 0.00513901 0.388092 0.00923085
1781 0.496937 0.00514076 0.385581 0.0092198
1782 0.497024 0.00514458 0.389168 0.00923551
1783 0.496635 0.00514541 0.392037 0.0092477
1784 0.496512 0.00515175 0.389527 0.00923705
1785 0.496183 0.00515254 0.389168 0.00923551
1786 0.496275 0.00514672 0.387016 0.00922615
1787 0.496545 0.00514961 0.390244 0.00924012
1788 0.496951 0.00514639 0.389527 0.00923705
1789 0.497045 0.00514285 0.386298 0.00922299
1790 0.497252 0.00514532 0.389885 0.00923859
1791 0.49765 0.00514942 0.387016 0.00922615
1792 0.497393 0.0051458 0.386298 0.00922299
1793 0.497201 0.00514891 0.387016 0.00922615
1794 0.497094 0.0051572 0.387733 0.00922929
1795 0.496983 0.00515004 0.387016 0.00922615
1796 0.496788 0.00515166 0.388092 0.00923085
1797 0.496408 0.00515521 0.388092 0.00923085
1798 0.496719 0.00514792 0.388092 0.00923085
1799 0.496472 0.00514532 0.387374 0.00922772
1800 0.49684 0.00515156 0.389168 0.00923551
1801 0.496952 0.00515059 0.389168 0.00923551
1802 0.496689 0.00514805 0.386298 0.00922299
1803 0.49646 0.00514891 0.383429 0.00921013
1804 0.49643 0.00513569 0.382353 0.00920521
1805 0.496092 0.00514043 0.386657 0.00922457
1806 0.496506 0.00514254 0.38594 0.0092214
1807 0.496708 0.00514786 0.384146 0.00921337
1808 0.496723 0.00514484 0.38307 0.00920849
1809 0.496143 0.00513869 0.386657 0.00922457
1810 0.496299 0.00513427 0.384505 0.00921499
1811 0.496654 0.00513014 0.382712 0.00920686
1812 0.497215 0.0051347 0.381277 0.00920026
1813 0.497678 0.00513481 0.38056 0.00919692
1814 0.497275 0.00513727 0.38594 0.0092214
1815 0.497171 0.00513913 0.384864 0.0092166
1816 0.497095 0.00513634 0.386657 0.00922457
1817 0.497364 0.00514093 0.387733 0.00922929
1818 0.497244 0.00514446 0.386657 0.00922457
1819 0.497414 0.00514491 0.383788 0.00921175
1820 0.497542 0.00514756 0.384146 0.00921337
1821 0.497661 0.00514762 0.38594 0.0092214
1822 0.497746 0.00515146 0.386657 0.00922457
1823 0.498327 0.00514454 0.380918 0.00919859
1824 0.498739 0.00514609 0.384864 0.0092166
1825 0.498711 0.00513704 0.381277 0.00920026
1826 0.498763 0.00513753 0.381636 0.00920191
1827 0.499129 0.00513079 0.382353 0.00920521
1828 0.499183 0.00513622 0.382712 0.00920686
1829 0.498566 0.00513316 0.38307 0.00920849
1830 0.498459 0.00513522 0.38307 0.00920849
1831 0.498064 0.00513701 0.38307 0.00920849
1832 0.498452 0.00513612 0.381994 0.00920357
1833 0.498676 0.00514253 0.37769 0.00918338
1834 0.4987 0.0051418 0.380918 0.00919859
1835 0.499128 0.005138 0.381636 0.00920191
1836 0.499399 0.00514503 0.38056 0.00919692
1837 0.498971 0.00514004 0.381636 0.00920191
1838 0.499088 0.00513687 0.379125 0.0091902
1839 0.498736 0.00513271 0.380918 0.00919859
1840 0.498504 0.0051284 0.378766 0.0091885
1841 0.498458 0.00512341 0.383788 0.00921175
1842 0.49829 0.00511766 0.379484 0.00919189
1843 0.498065 0.00511969 0.380918 0.00919859
1844 0.498412 0.00512153 0.380201 0.00919525
1845 0.498496 0.00512484 0.379842 0.00919357
1846 0.4987 0.0051247 0.376973 0.00917994
1847 0.499027 0.00512555 0.377331 0.00918167
1848 0.499258 0.00512875 0.378766 0.0091885
1849 0.499354 0.00513305 0.381277 0.00920026
1850 0.499756 0.00513866 0.378766 0.0091885
1851 0.499533 0.00514002 0.381636 0.00920191
1852 0.498464 0.00514607 0.38056 0.00919692
1853 0.498582 0.00514823 0.378049 0.00918509
1854 0.498579 0.00514873 0.379842 0.00919357
1855 0.498419 0.00514548 0.380918 0.00919859
1856 0.498781 0.0051489 0.380201 0.00919525
1857 0.499195 0.00515444 0.380918 0.00919859
1858 0.499284 0.005148 0.379125 0.0091902
1859 0.499043 0.0051511 0.379484 0.00919189
1860 0.498621 0.00515406 0.383429 0.00921013
1861 0.498623 0.00515673 0.384864 0.0092166
1862 0.498844 0.00515744 0.38056 0.00919692
1863 0.498813 0.00515639 0.381994 0.00920357
1864 0.499029 0.00516254 0.378049 0.00918509
1865 0.499418 0.0051625 0.382353 0.00920521
1866 0.499487 0.00515903 0.380918 0.00919859
1867 0.498838 0.00515504 0.38307 0.00920849
1868 0.499099 0.00515262 0.379125 0.0091902
1869 0.498679 0.0051611 0.38307 0.00920849
1870 0.498165 0.00515552 0.38307 0.00920849
1871 0.498038 0.00515947 0.384505 0.00921499
1872 0.498358 0.00516345 0.387016 0.00922615
1873 0.498327 0.00515402 0.384146 0.00921337
1874 0.498547 0.00515901 0.381277 0.00920026
1875 0.498067 0.00515367 0.382353 0.00920521
1876 0.498288 0.00515228 0.386298 0.00922299
1877 0.497976 0.005152 0.387374 0.00922772
1878 0.497965 0.00515154 0.387733 0.00922929
1879 0.497681 0.00514372 0.386657 0.00922457
1880 0.497809 0.00514763 0.387733 0.00922929
1881 0.497843 0.0051538 0.390603 0.00924165
1882 0.497894 0.0051593 0.389885 0.00923859
1883 0.498011 0.00515772 0.388092 0.00923085
1884 0.497969 0.00515994 0.388809 0.00923396
1885 0.497749 0.0051578 0.393113 0.00925218
1886 0.498075 0.00515762 0.388809 0.00923396
1887 0.497771 0.00515055 0.389527 0.00923705
1888 0.497218 0.00514158 0.387733 0.00922929
1889 0.497269 0.00513951 0.386657 0.00922457
1890 0.497345 0.00514112 0.382712 0.00920686
1891 0.497627 0.00513761 0.384505 0.00921499
1892 0.49811 0.00513497 0.381994 0.00920357
1893 0.498177 0.00513448 0.381994 0.00920357
1894 0.498394 0.00513636 0.380918 0.00919859
1895 0.498476 0.00513646 0.37769 0.00918338
1896 0.4988 0.00513099 0.379842 0.00919357
1897 0.499112 0.00512673 0.380201 0.00919525
1898 0.498899 0.00512846 0.382353 0.00920521
1899 0.498602 0.00512906 0.378407 0.0091868
1900 0.499 0.00512724 0.37769 0.00918338
1901 0.499295 0.00513126 0.377331 0.00918167
1902 0.498695 0.00512572 0.376255 0.00917648
1903 0.498949 0.00512783 0.37769 0.00918338
1904 0.499417 0.00512427 0.378407 0.0091868
1905 0.49903 0.00513956 0.380918 0.00919859
1906 0.498963 0.00513447 0.383429 0.00921013
1907 0.49864 0.00513258 0.384146 0.00921337
1908 0.498395 0.00513046 0.384146 0.00921337
1909 0.498021 0.00512934 0.381277 0.00920026
1910 0.498189 0.00512746 0.380918 0.00919859
1911 0.498266 0.00512325 0.381636 0.00920191
1912 0.498339 0.00512911 0.381636 0.00920191
1913 0.49835 0.00512797 0.384505 0.00921499
1914 0.498487 0.00513069 0.382353 0.00920521
1915 0.499066 0.00513176 0.380918 0.00919859
1916 0.499769 0.0051346 0.379842 0.00919357
1917 0.499386 0.00513329 0.380201 0.00919525
1918 0.499603 0.00513324 0.378407 0.0091868
1919 0.499489 0.00513505 0.379484 0.00919189
1920 0.499302 0.00513502 0.376255 0.00917648
1921 0.499025 0.00512702 0.379842 0.00919357
1922 0.498695 0.00512928 0.384146 0.00921337
1923 0.498387 0.00512946 0.380918 0.00919859
1924 0.498231 0.00513183 0.380918 0.00919859
1925 0.498175 0.00514117 0.383429 0.00921013
1926 0.498499 0.00513556 0.384505 0.00921499
1927 0.498506 0.00514767 0.384146 0.00921337
1928 0.498034 0.00514666 0.384146 0.00921337
1929 0.498143 0.00514964 0.38307 0.00920849
1930 0.49792 0.0051468 0.381277 0.00920026
1931 0.497722 0.00514667 0.383429 0.00921013
1932 0.498167 0.00515256 0.383429 0.00921013
1933 0.498128 0.00515052 0.384146 0.00921337
1934 0.498334 0.00515188 0.378766 0.0091885
1935 0.497975 0.00515399 0.38307 0.00920849
1936 0.497875 0.00514896 0.378766 0.0091885
1937 0.497843 0.00514313 0.381277 0.00920026
1938 0.497745 0.00514747 0.378766 0.0091885
1939 0.497763 0.00514642 0.376255 0.00917648
1940 0.49767 0.0051445 0.378766 0.0091885
1941 0.498222 0.00513647 0.380918 0.00919859
1942 0.497796 0.0051438 0.381994 0.00920357
1943 0.498365 0.00513895 0.381636 0.00920191
1944 0.498725 0.00513799 0.378049 0.00918509
1945 0.498274 0.00514712 0.379484 0.00919189
1946 0.498302 0.00514496 0.379125 0.0091902
1947 0.498345 0.00514541 0.381636 0.00920191
1948 0.498476 0.00513528 0.375897 0.00917475
1949 0.498872 0.00514015 0.379125 0.0091902
1950 0.49861 0.00513988 0.38307 0.00920849
1951 0.499058 0.005138 0.379484 0.00919189
1952 0.498694 0.00513015 0.378766 0.0091885
1953 0.498861 0.00512229 0.375179 0.00917125
1954 0.498963 0.00511946 0.375538 0.009173
1955 0.499239 0.00512546 0.373027 0.00916065
1956 0.49946 0.00512475 0.371593 0.00915347
1957 0.499636 0.00512351 0.370875 0.00914985
1958 0.49979 0.00512602 0.374103 0.00916597
1959 0.499836 0.00513048 0.376614 0.00917822
1960 0.499497 0.00512394 0.38056 0.00919692
1961 0.499329 0.00512027 0.375538 0.009173
1962 0.499029 0.0051242 0.376255 0.00917648
1963 0.499645 0.00512154 0.373745 0.0091642
1964 0.500008 0.0051248 0.37231 0.00915707
1965 0.49947 0.00512473 0.375179 0.00917125
1966 0.499101 0.0051301 0.379125 0.0091902
1967 0.499491 0.00513033 0.373386 0.00916243
1968 0.499623 0.00512951 0.373745 0.0091642
1969 0.498967 0.00513318 0.37231 0.00915707
1970 0.499051 0.00512845 0.373745 0.0091642
1971 0.49953 0.00512562 0.372669 0.00915886
1972 0.499583 0.00512621 0.370158 0.0091462
1973 0.499206 0.00512139 0.372669 0.00915886
1974 0.499195 0.00511452 0.376973 0.00917994
1975 0.499063 0.00511648 0.37231 0.00915707
1976 0.499379 0.00511839 0.37231 0.00915707
1977 0.499266 0.00511851 0.370875 0.00914985
1978 0.49911 0.00512787 0.374462 0.00916774
1979 0.499487 0.00512323 0.380201 0.00919525
1980 0.499498 0.00511691 0.376973 0.00917994
1981 0.499346 0.00511362 0.375897 0.00917475
1982 0.499987 0.00511283 0.374821 0.0091695
1983 0.500204 0.00511337 0.37231 0.00915707
1984 0.500063 0.00511239 0.375179 0.00917125
1985 0.500014 0.00510937 0.37769 0.00918338
1986 0.500022 0.0051098 0.376973 0.00917994
1987 0.499379 0.00510905 0.381636 0.00920191
1988 0.499207 0.00510551 0.378049 0.00918509
1989 0.499153 0.00510541 0.376973 0.00917994
1990 0.49997 0.00511133 0.378407 0.0091868
1991 0.500078 0.00511268 0.377331 0.00918167
1992 0.499451 0.00512005 0.378407 0.0091868
1993 0.499605 0.00512065 0.379842 0.00919357
1994 0.499713 0.00511737 0.381277 0.00920026
1995 0.499724 0.00511089 0.381277 0.00920026
1996 0.499661 0.00511301 0.381636 0.00920191
1997 0.498975 0.00511226 0.38594 0.0092214
1998 0.499078 0.00511808 0.384864 0.0092166
1999 0.498784 0.00511943 0.381994 0.00920357
