#sample=319
0 0.00060618 2.54007e-05 1 0
1 0.000655973 2.88773e-05 1 0
2 0.000707661 3.88181e-05 1 0
3 0.000793857 4.7354e-05 1 0
4 0.000935133 9.19424e-05 1 0
5 0.00233468 0.00103107 1 0
6 0.00129462 0.000162205 1 0
7 0.00132743 9.39637e-05 1 0
8 0.00432882 0.00136193 1 0
9 0.00274236 0.00061879 1 0
10 0.00833677 0.00267127 0.990596 0.00541253
11 0.00588153 0.00176531 0.996865 0.0031348
12 0.00591573 0.00161 0.996865 0.0031348
13 0.00908744 0.00214115 1 0
14 0.00827429 0.00181748 1 0
15 0.011373 0.00237953 0.99373 0.0044263
16 0.0153856 0.0032746 0.990596 0.00541253
17 0.013058 0.00253026 0.99373 0.0044263
18 0.0174975 0.00317094 0.990596 0.00541253
19 0.0137022 0.00258658 0.99373 0.0044263
20 0.0144952 0.0027946 0.99373 0.0044263
21 0.0188882 0.00315884 0.990596 0.00541253
22 0.0150255 0.00257353 0.996865 0.0031348
23 0.0215227 0.00372131 0.984326 0.00696539
24 0.0194769 0.00340764 0.987461 0.00623995
25 0.026946 0.00396059 0.987461 0.00623995
26 0.0204285 0.00324853 0.990596 0.00541253
27 0.0248166 0.00398065 0.981191 0.00761805
28 0.0329617 0.00459605 0.978056 0.00821527
29 0.0245456 0.00339411 0.996865 0.0031348
30 0.0283836 0.00398416 0.987461 0.00623995
31 0.03255 0.00463622 0.981191 0.00761805
32 0.0368256 0.00460956 0.971787 0.00928534
33 0.0342204 0.00477003 0.974922 0.00876841
34 0.0356014 0.004728 0.968652 0.00977181
35 0.0320618 0.00476436 0.974922 0.00876841
36 0.0317746 0.00445686 0.978056 0.00821527
37 0.028917 0.00414355 0.974922 0.00876841
38 0.0392926 0.0049135 0.962382 0.0106698
39 0.0416835 0.00497601 0.968652 0.00977181
40 0.0348963 0.00410532 0.981191 0.00761805
41 0.0454141 0.00587673 0.952978 0.0118708
42 0.0392658 0.00450173 0.974922 0.00876841
43 0.0429812 0.00516769 0.981191 0.00761805
44 0.0471729 0.00571641 0.946708 0.0125957
45 0.0472425 0.00558338 0.959248 0.0110874
46 0.0461978 0.00586471 0.959248 0.0110874
47 0.0465897 0.00600293 0.959248 0.0110874
48 0.04721 0.00561156 0.968652 0.00977181
49 0.0483071 0.00556815 0.965517 0.0102322
50 0.0520217 0.0061503 0.956113 0.0114871
51 0.0474738 0.00600852 0.952978 0.0118708
52 0.0537307 0.0062582 0.952978 0.0118708
53 0.0498897 0.00561942 0.959248 0.0110874
54 0.0508765 0.00598228 0.946708 0.0125957
55 0.0520347 0.00589034 0.962382 0.0106698
56 0.0545194 0.00629235 0.943574 0.0129394
57 0.0496562 0.00614446 0.952978 0.0118708
58 0.0536011 0.00569671 0.962382 0.0106698
59 0.0530119 0.00609835 0.956113 0.0114871
60 0.0551615 0.00595571 0.956113 0.0114871
61 0.0586479 0.00647143 0.931034 0.0142097
62 0.0499539 0.00564315 0.959248 0.0110874
63 0.057227 0.00646482 0.931034 0.0142097
64 0.0642135 0.00697595 0.9279 0.0145046
65 0.062982 0.00670345 0.937304 0.013594
66 0.062226 0.00682231 0.940439 0.0132719
67 0.0596412 0.00645577 0.946708 0.0125957
68 0.0610066 0.00640013 0.946708 0.0125957
69 0.0628418 0.00660806 0.934169 0.0139064
70 0.0547562 0.00600188 0.959248 0.0110874
71 0.0648847 0.00663786 0.934169 0.0139064
72 0.0593145 0.00613154 0.959248 0.0110874
73 0.0662587 0.00660192 0.943574 0.0129394
74 0.0659234 0.0067056 0.940439 0.0132719
75 0.0629693 0.00664236 0.940439 0.0132719
76 0.0704248 0.00664476 0.946708 0.0125957
77 0.0789286 0.00794488 0.896552 0.017078
78 0.0706453 0.00728803 0.931034 0.0142097
79 0.0677262 0.00715636 0.937304 0.013594
80 0.0745637 0.00749326 0.912226 0.015868
81 0.0728001 0.00763693 0.918495 0.0153432
82 0.080562 0.00799584 0.918495 0.0153432
83 0.0761158 0.00758035 0.902821 0.0166101
84 0.0798352 0.00755346 0.896552 0.017078
85 0.0747853 0.00679875 0.949843 0.0122399
86 0.0793018 0.00732608 0.9279 0.0145046
87 0.0776526 0.0073436 0.905956 0.0163684
88 0.0786623 0.00819988 0.918495 0.0153432
89 0.0836509 0.00763723 0.909091 0.0161211
90 0.0819791 0.00747071 0.915361 0.0156088
91 0.0911872 0.00831988 0.899687 0.0168466
92 0.075643 0.0074519 0.915361 0.0156088
93 0.0907736 0.00824982 0.890282 0.0175262
94 0.0799794 0.00770545 0.912226 0.015868
95 0.0960053 0.00866844 0.871473 0.0187677
96 0.0868788 0.00809311 0.909091 0.0161211
97 0.0834248 0.00814716 0.912226 0.015868
98 0.089938 0.00849533 0.899687 0.0168466
99 0.106545 0.00929826 0.862069 0.019337
100 0.101513 0.00891241 0.868339 0.018961
101 0.103182 0.00893972 0.884013 0.0179565
102 0.089454 0.00797608 0.912226 0.015868
103 0.0905477 0.00817136 0.902821 0.0166101
104 0.100632 0.00883027 0.887147 0.0177435
105 0.0886464 0.00839741 0.896552 0.017078
106 0.0966591 0.0086919 0.884013 0.0179565
107 0.0874592 0.00822272 0.899687 0.0168466
108 0.0911867 0.00810192 0.902821 0.0166101
109 0.0931266 0.00834535 0.899687 0.0168466
110 0.0927702 0.00857313 0.890282 0.0175262
111 0.0932116 0.00830279 0.890282 0.0175262
112 0.0923771 0.00843752 0.896552 0.017078
113 0.103517 0.00910564 0.871473 0.0187677
114 0.102642 0.00902609 0.893417 0.0173044
115 0.0932358 0.00818257 0.902821 0.0166101
116 0.101856 0.00933324 0.874608 0.0185707
117 0.0968746 0.00866762 0.893417 0.0173044
118 0.102462 0.00878545 0.880878 0.0181652
119 0.10431 0.00866465 0.874608 0.0185707
120 0.0980931 0.00835332 0.880878 0.0181652
121 0.115033 0.00962407 0.858934 0.0195199
122 0.101399 0.00866789 0.890282 0.0175262
123 0.0946372 0.0080208 0.912226 0.015868
124 0.0976379 0.00834322 0.899687 0.0168466
125 0.0951477 0.00825238 0.912226 0.015868
126 0.0946889 0.00843215 0.896552 0.017078
127 0.103863 0.00876478 0.890282 0.0175262
128 0.0964738 0.00830889 0.899687 0.0168466
129 0.108819 0.00920222 0.865204 0.0191507
130 0.0970675 0.00807844 0.905956 0.0163684
131 0.0982353 0.00814695 0.890282 0.0175262
132 0.0980426 0.00845042 0.884013 0.0179565
133 0.101016 0.00861283 0.893417 0.0173044
134 0.0999969 0.00883624 0.890282 0.0175262
135 0.105593 0.00895353 0.871473 0.0187677
136 0.0901158 0.00800985 0.909091 0.0161211
137 0.100437 0.0087716 0.899687 0.0168466
138 0.105053 0.00909325 0.887147 0.0177435
139 0.0969092 0.00831314 0.896552 0.017078
140 0.098805 0.00867071 0.887147 0.0177435
141 0.0969383 0.00834092 0.899687 0.0168466
142 0.0990223 0.00917176 0.884013 0.0179565
143 0.102131 0.00851595 0.887147 0.0177435
144 0.105045 0.00901759 0.868339 0.018961
145 0.0936487 0.00801709 0.912226 0.015868
146 0.104797 0.00850322 0.874608 0.0185707
147 0.10318 0.00869988 0.880878 0.0181652
148 0.0979315 0.00906979 0.893417 0.0173044
149 0.0937487 0.00844012 0.893417 0.0173044
150 0.109609 0.00908301 0.871473 0.0187677
151 0.0977424 0.00868192 0.890282 0.0175262
152 0.100299 0.00857561 0.890282 0.0175262
153 0.0960005 0.00826238 0.893417 0.0173044
154 0.0951362 0.00809863 0.896552 0.017078
155 0.108243 0.00896392 0.868339 0.018961
156 0.100166 0.00854012 0.890282 0.0175262
157 0.0958256 0.00842903 0.890282 0.0175262
158 0.0934118 0.0082134 0.905956 0.0163684
159 0.1125 0.00945464 0.865204 0.0191507
160 0.0988257 0.00856317 0.893417 0.0173044
161 0.103942 0.00875569 0.893417 0.0173044
162 0.0982949 0.00874953 0.893417 0.0173044
163 0.094455 0.00803478 0.909091 0.0161211
164 0.0992868 0.00845887 0.902821 0.0166101
165 0.0906127 0.00847956 0.909091 0.0161211
166 0.094694 0.00881339 0.902821 0.0166101
167 0.0930006 0.00802111 0.924765 0.0147915
168 0.0955283 0.0084284 0.884013 0.0179565
169 0.109338 0.00933328 0.868339 0.018961
170 0.0970802 0.00841196 0.893417 0.0173044
171 0.102062 0.00849636 0.893417 0.0173044
172 0.0947769 0.00798854 0.918495 0.0153432
173 0.0981055 0.00860147 0.896552 0.017078
174 0.0957567 0.00836424 0.893417 0.0173044
175 0.10092 0.0082756 0.899687 0.0168466
176 0.0954161 0.00833773 0.902821 0.0166101
177 0.1106 0.00903417 0.874608 0.0185707
178 0.0901318 0.00761351 0.924765 0.0147915
179 0.0925634 0.00805334 0.896552 0.017078
180 0.101567 0.00851954 0.877743 0.0183699
181 0.0929572 0.00757426 0.905956 0.0163684
182 0.100996 0.00862931 0.893417 0.0173044
183 0.0968856 0.0082649 0.918495 0.0153432
184 0.0936684 0.00822307 0.902821 0.0166101
185 0.101971 0.00845565 0.902821 0.0166101
186 0.0997482 0.00861306 0.899687 0.0168466
187 0.0889741 0.00759612 0.9279 0.0145046
188 0.0947891 0.00777636 0.905956 0.0163684
189 0.0972761 0.00799541 0.905956 0.0163684
190 0.0952168 0.00794218 0.909091 0.0161211
191 0.100816 0.00862822 0.890282 0.0175262
192 0.104771 0.008542 0.880878 0.0181652
193 0.108701 0.00854355 0.865204 0.0191507
194 0.106604 0.00842022 0.880878 0.0181652
195 0.101475 0.00878889 0.877743 0.0183699
196 0.0979933 0.00829464 0.902821 0.0166101
197 0.094848 0.00770588 0.902821 0.0166101
198 0.105458 0.00845417 0.874608 0.0185707
199 0.0986705 0.00882131 0.905956 0.0163684
200 0.0907078 0.00799743 0.915361 0.0156088
201 0.0992367 0.00838013 0.905956 0.0163684
202 0.105087 0.00871423 0.877743 0.0183699
203 0.106543 0.00884463 0.884013 0.0179565
204 0.105988 0.00860286 0.877743 0.0183699
205 0.108324 0.00852771 0.877743 0.0183699
206 0.0989086 0.00808568 0.896552 0.017078
207 0.104995 0.00849125 0.890282 0.0175262
208 0.104856 0.0085157 0.887147 0.0177435
209 0.111809 0.00898675 0.884013 0.0179565
210 0.108908 0.00850476 0.887147 0.0177435
211 0.0980185 0.00811007 0.902821 0.0166101
212 0.112743 0.0088033 0.865204 0.0191507
213 0.0992484 0.0081136 0.909091 0.0161211
214 0.104146 0.00849965 0.893417 0.0173044
215 0.105227 0.00781789 0.912226 0.015868
216 0.107885 0.00884331 0.868339 0.018961
217 0.112319 0.00922563 0.865204 0.0191507
218 0.109329 0.00878219 0.890282 0.0175262
219 0.104648 0.00827367 0.887147 0.0177435
220 0.101842 0.00858282 0.893417 0.0173044
221 0.105668 0.00882871 0.887147 0.0177435
222 0.105376 0.008574 0.893417 0.0173044
223 0.101667 0.00813951 0.902821 0.0166101
224 0.10334 0.00813713 0.884013 0.0179565
225 0.109922 0.00853654 0.884013 0.0179565
226 0.107464 0.00836965 0.887147 0.0177435
227 0.108948 0.00832168 0.896552 0.017078
228 0.108605 0.0085257 0.884013 0.0179565
229 0.107621 0.00839777 0.905956 0.0163684
230 0.11605 0.00920273 0.874608 0.0185707
231 0.107832 0.00875948 0.893417 0.0173044
232 0.112869 0.00885651 0.884013 0.0179565
233 0.115022 0.00883888 0.877743 0.0183699
234 0.104112 0.00836751 0.893417 0.0173044
235 0.0968632 0.00817178 0.92163 0.0150709
236 0.107574 0.00823685 0.896552 0.017078
237 0.106898 0.00867534 0.887147 0.0177435
238 0.0996083 0.00790702 0.899687 0.0168466
239 0.106118 0.00839159 0.880878 0.0181652
240 0.104531 0.00883533 0.890282 0.0175262
241 0.0981284 0.00745905 0.912226 0.015868
242 0.110048 0.0091621 0.884013 0.0179565
243 0.106816 0.00851437 0.890282 0.0175262
244 0.118738 0.00842801 0.877743 0.0183699
245 0.106115 0.00849024 0.887147 0.0177435
246 0.0989074 0.0083457 0.902821 0.0166101
247 0.112292 0.00847624 0.905956 0.0163684
248 0.116208 0.00866755 0.887147 0.0177435
249 0.105187 0.00849385 0.893417 0.0173044
250 0.107077 0.00893188 0.896552 0.017078
251 0.108043 0.00879398 0.902821 0.0166101
252 0.118406 0.00910023 0.865204 0.0191507
253 0.100256 0.00810084 0.905956 0.0163684
254 0.105244 0.00884894 0.899687 0.0168466
255 0.11003 0.0085217 0.890282 0.0175262
256 0.119782 0.00915571 0.84953 0.0200494
257 0.110465 0.00848041 0.880878 0.0181652
258 0.110786 0.00887765 0.880878 0.0181652
259 0.111661 0.0086625 0.884013 0.0179565
260 0.107242 0.00913355 0.893417 0.0173044
261 0.11186 0.00917853 0.887147 0.0177435
262 0.117418 0.00900376 0.877743 0.0183699
263 0.114216 0.00923342 0.880878 0.0181652
264 0.113453 0.00869292 0.887147 0.0177435
265 0.108955 0.00855041 0.890282 0.0175262
266 0.128172 0.00958991 0.858934 0.0195199
267 0.114822 0.00862564 0.890282 0.0175262
268 0.12334 0.00937047 0.862069 0.019337
269 0.113624 0.00895574 0.887147 0.0177435
270 0.103438 0.00867924 0.902821 0.0166101
271 0.102217 0.008255 0.899687 0.0168466
272 0.102282 0.00803252 0.912226 0.015868
273 0.117417 0.00895881 0.852665 0.019876
274 0.118332 0.00924308 0.874608 0.0185707
275 0.114411 0.00889168 0.874608 0.0185707
276 0.112793 0.00892317 0.887147 0.0177435
277 0.119122 0.00969282 0.871473 0.0187677
278 0.113697 0.00858566 0.858934 0.0195199
279 0.110125 0.00829254 0.896552 0.017078
280 0.118554 0.00918047 0.868339 0.018961
281 0.11068 0.00859182 0.884013 0.0179565
282 0.128601 0.00965059 0.84953 0.0200494
283 0.117855 0.00921944 0.871473 0.0187677
284 0.12705 0.0093238 0.858934 0.0195199
285 0.117054 0.00900706 0.868339 0.018961
286 0.114848 0.00891174 0.884013 0.0179565
287 0.121613 0.00905695 0.871473 0.0187677
288 0.111552 0.00828966 0.890282 0.0175262
289 0.114042 0.00864996 0.899687 0.0168466
290 0.119381 0.009158 0.884013 0.0179565
291 0.116575 0.00911705 0.868339 0.018961
292 0.112423 0.00896701 0.880878 0.0181652
293 0.116728 0.00902188 0.874608 0.0185707
294 0.112386 0.00885076 0.893417 0.0173044
295 0.107865 0.00873706 0.887147 0.0177435
296 0.110487 0.0084131 0.893417 0.0173044
297 0.120935 0.00918148 0.858934 0.0195199
298 0.121584 0.00912926 0.868339 0.018961
299 0.124012 0.00870332 0.877743 0.0183699
300 0.11207 0.00870458 0.890282 0.0175262
301 0.124568 0.00926578 0.868339 0.018961
302 0.129273 0.00922974 0.84326 0.0203872
303 0.112408 0.00895618 0.880878 0.0181652
304 0.110939 0.00887647 0.858934 0.0195199
305 0.116996 0.00858684 0.874608 0.0185707
306 0.116254 0.00880312 0.884013 0.0179565
307 0.112878 0.00895104 0.874608 0.0185707
308 0.125233 0.00931825 0.858934 0.0195199
309 0.117123 0.00871784 0.890282 0.0175262
310 0.119246 0.00901008 0.84326 0.0203872
311 0.115477 0.00919373 0.874608 0.0185707
312 0.109313 0.00843539 0.899687 0.0168466
313 0.130082 0.00955357 0.852665 0.019876
314 0.130699 0.00949056 0.855799 0.0196995
315 0.129373 0.00966971 0.862069 0.019337
316 0.12234 0.00928231 0.871473 0.0187677
317 0.115434 0.00884749 0.896552 0.017078
318 0.124164 0.00922065 0.874608 0.0185707
319 0.121853 0.00931499 0.865204 0.0191507
320 0.12534 0.00928863 0.871473 0.0187677
321 0.110913 0.00875758 0.890282 0.0175262
322 0.125226 0.00927742 0.887147 0.0177435
323 0.125306 0.00942607 0.871473 0.0187677
324 0.137153 0.00983143 0.852665 0.019876
325 0.128879 0.00927625 0.862069 0.019337
326 0.123165 0.00907474 0.884013 0.0179565
327 0.12149 0.00870226 0.880878 0.0181652
328 0.117447 0.00885593 0.896552 0.017078
329 0.134507 0.00959896 0.865204 0.0191507
330 0.118891 0.0090289 0.874608 0.0185707
331 0.124938 0.00938815 0.858934 0.0195199
332 0.122206 0.00894759 0.865204 0.0191507
333 0.135903 0.00957793 0.84953 0.0200494
334 0.125976 0.00902652 0.865204 0.0191507
335 0.131192 0.00987088 0.855799 0.0196995
336 0.12444 0.00920099 0.868339 0.018961
337 0.13051 0.00911486 0.871473 0.0187677
338 0.120644 0.00909733 0.890282 0.0175262
339 0.125623 0.00874346 0.868339 0.018961
340 0.133064 0.00933982 0.865204 0.0191507
341 0.128652 0.00901855 0.865204 0.0191507
342 0.126518 0.00882232 0.865204 0.0191507
343 0.128695 0.00899908 0.877743 0.0183699
344 0.133174 0.00920426 0.858934 0.0195199
345 0.135856 0.00958573 0.840125 0.0205517
346 0.133605 0.00904836 0.852665 0.019876
347 0.137377 0.00947845 0.855799 0.0196995
348 0.147151 0.00983868 0.836991 0.0207135
349 0.141619 0.00957561 0.840125 0.0205517
350 0.142273 0.00984457 0.821317 0.0214825
351 0.139342 0.00923238 0.846395 0.0202197
352 0.140887 0.00940998 0.836991 0.0207135
353 0.146704 0.00972631 0.824451 0.0213338
354 0.148996 0.0100399 0.836991 0.0207135
355 0.14712 0.00961111 0.818182 0.0216287
356 0.156589 0.0098797 0.818182 0.0216287
357 0.142352 0.00978367 0.840125 0.0205517
358 0.147349 0.00987457 0.818182 0.0216287
359 0.157854 0.0100006 0.821317 0.0214825
360 0.155114 0.0104604 0.815047 0.0217725
361 0.145095 0.00988748 0.84326 0.0203872
362 0.151305 0.0100882 0.818182 0.0216287
363 0.157247 0.0104053 0.796238 0.0225876
364 0.156512 0.0105077 0.805643 0.02219
365 0.158853 0.0103918 0.796238 0.0225876
366 0.157915 0.010158 0.805643 0.02219
367 0.172696 0.0107158 0.783699 0.0230882
368 0.16289 0.0108389 0.802508 0.0223247
369 0.166906 0.010894 0.802508 0.0223247
370 0.173571 0.010963 0.780564 0.0232084
371 0.164102 0.0109185 0.805643 0.02219
372 0.179452 0.0112369 0.76489 0.0237805
373 0.182864 0.0113039 0.774295 0.0234429
374 0.195399 0.0121669 0.739812 0.0246032
375 0.188077 0.0122247 0.768025 0.0236698
376 0.189507 0.0122956 0.77116 0.0235573
377 0.193072 0.0125428 0.746082 0.0244077
378 0.196048 0.0125497 0.752351 0.0242055
379 0.209389 0.013173 0.721003 0.025151
380 0.211465 0.0130777 0.752351 0.0242055
381 0.215779 0.0132268 0.702194 0.0256438
382 0.227079 0.0136732 0.695925 0.0257963
383 0.23351 0.0141103 0.695925 0.0257963
384 0.227494 0.0139004 0.705329 0.0255653
385 0.240236 0.0145593 0.695925 0.0257963
386 0.240127 0.0149076 0.689655 0.0259433
387 0.254859 0.0150742 0.661442 0.0265368
388 0.256681 0.0156675 0.661442 0.0265368
389 0.269472 0.0159841 0.639498 0.0269253
390 0.278998 0.0162837 0.633229 0.0270249
391 0.28362 0.0163958 0.60815 0.0273748
392 0.292625 0.0168469 0.60815 0.0273748
393 0.297362 0.0171475 0.605016 0.0274132
394 0.305293 0.0171558 0.598746 0.0274864
395 0.313926 0.0174181 0.586207 0.0276187
396 0.323693 0.0175191 0.570533 0.0277582
397 0.325449 0.0177577 0.573668 0.0277326
398 0.329582 0.0177732 0.573668 0.0277326
399 0.342766 0.0179957 0.557994 0.0278494
400 0.348718 0.0182878 0.557994 0.0278494
401 0.358449 0.0185714 0.539185 0.0279524
402 0.364305 0.018658 0.539185 0.0279524
403 0.370714 0.0188893 0.523511 0.0280076
404 0.372245 0.0188558 0.517241 0.0280219
405 0.376979 0.0190416 0.517241 0.0280219
406 0.380209 0.0192282 0.514107 0.0280274
407 0.386816 0.0195333 0.510972 0.0280319
408 0.388503 0.0195831 0.514107 0.0280274
409 0.391033 0.0197872 0.510972 0.0280319
410 0.391465 0.0198613 0.517241 0.0280219
411 0.395005 0.0199353 0.510972 0.0280319
412 0.401062 0.0200076 0.510972 0.0280319
413 0.402795 0.0201398 0.510972 0.0280319
414 0.407334 0.0202454 0.504702 0.0280374
415 0.411205 0.0203198 0.504702 0.0280374
416 0.412116 0.0205007 0.507837 0.0280352
417 0.414516 0.0205799 0.504702 0.0280374
418 0.418058 0.0206757 0.501567 0.0280385
419 0.419304 0.0207593 0.501567 0.0280385
420 0.418866 0.0208666 0.501567 0.0280385
421 0.41824 0.0208948 0.507837 0.0280352
422 0.419338 0.020916 0.507837 0.0280352
423 0.423111 0.0210078 0.507837 0.0280352
424 0.423174 0.0210318 0.507837 0.0280352
425 0.424075 0.0210645 0.507837 0.0280352
426 0.427112 0.0212318 0.507837 0.0280352
427 0.426793 0.0212337 0.510972 0.0280319
428 0.428216 0.0212252 0.507837 0.0280352
429 0.430566 0.021249 0.501567 0.0280385
430 0.434487 0.0213663 0.501567 0.0280385
431 0.435526 0.0214008 0.501567 0.0280385
432 0.435842 0.0214338 0.504702 0.0280374
433 0.43696 0.021492 0.501567 0.0280385
434 0.439103 0.0215637 0.501567 0.0280385
435 0.44032 0.0215457 0.507837 0.0280352
436 0.440855 0.0215593 0.498433 0.0280385
437 0.442933 0.0216797 0.501567 0.0280385
438 0.443927 0.0216872 0.501567 0.0280385
439 0.445292 0.0217381 0.495298 0.0280374
440 0.447635 0.0218294 0.501567 0.0280385
441 0.448963 0.0219567 0.498433 0.0280385
442 0.449456 0.0219345 0.501567 0.0280385
443 0.450653 0.0220273 0.498433 0.0280385
444 0.452674 0.0220193 0.498433 0.0280385
445 0.455072 0.0220568 0.501567 0.0280385
446 0.457576 0.0221288 0.495298 0.0280374
447 0.458804 0.0221601 0.495298 0.0280374
448 0.460495 0.0222206 0.495298 0.0280374
449 0.462074 0.022299 0.492163 0.0280352
450 0.463193 0.0223099 0.489028 0.0280319
451 0.463851 0.0223203 0.489028 0.0280319
452 0.466046 0.0224364 0.489028 0.0280319
453 0.465927 0.0224594 0.492163 0.0280352
454 0.467818 0.0225245 0.492163 0.0280352
455 0.469476 0.0225624 0.489028 0.0280319
456 0.468431 0.022515 0.489028 0.0280319
457 0.470019 0.0226045 0.495298 0.0280374
458 0.469839 0.0225935 0.492163 0.0280352
459 0.47054 0.0226174 0.492163 0.0280352
460 0.47144 0.0226806 0.492163 0.0280352
461 0.472517 0.0227094 0.489028 0.0280319
462 0.472242 0.0226807 0.492163 0.0280352
463 0.471856 0.02271 0.492163 0.0280352
464 0.471995 0.0226566 0.489028 0.0280319
465 0.472538 0.0226442 0.489028 0.0280319
466 0.471813 0.0226742 0.489028 0.0280319
467 0.471725 0.0227052 0.492163 0.0280352
468 0.473036 0.0227238 0.489028 0.0280319
469 0.472411 0.022721 0.489028 0.0280319
470 0.472672 0.0227645 0.485893 0.0280274
471 0.472408 0.0227741 0.489028 0.0280319
472 0.472654 0.0227748 0.492163 0.0280352
473 0.471568 0.0227641 0.492163 0.0280352
474 0.472206 0.0227595 0.495298 0.0280374
475 0.473419 0.0227685 0.489028 0.0280319
476 0.472842 0.022742 0.492163 0.0280352
477 0.472667 0.0228098 0.492163 0.0280352
478 0.472574 0.0227967 0.498433 0.0280385
479 0.473701 0.0228092 0.492163 0.0280352
480 0.474511 0.0228195 0.492163 0.0280352
481 0.475489 0.0228477 0.485893 0.0280274
482 0.475821 0.0228775 0.489028 0.0280319
483 0.476077 0.0229396 0.492163 0.0280352
484 0.476856 0.0229646 0.492163 0.0280352
485 0.478082 0.0229588 0.492163 0.0280352
486 0.478382 0.0229909 0.492163 0.0280352
487 0.477454 0.0229875 0.495298 0.0280374
488 0.476136 0.0229635 0.495298 0.0280374
489 0.477626 0.0229638 0.492163 0.0280352
490 0.478158 0.0229838 0.492163 0.0280352
491 0.478223 0.0229566 0.492163 0.0280352
492 0.476413 0.0229422 0.492163 0.0280352
493 0.477453 0.0229523 0.492163 0.0280352
494 0.477269 0.0229367 0.489028 0.0280319
495 0.477353 0.0229546 0.489028 0.0280319
496 0.477754 0.022962 0.492163 0.0280352
497 0.477462 0.0229847 0.492163 0.0280352
498 0.477409 0.0229421 0.492163 0.0280352
499 0.478282 0.0229102 0.489028 0.0280319
500 0.479319 0.022956 0.489028 0.0280319
501 0.480356 0.0229358 0.489028 0.0280319
502 0.480893 0.0229396 0.489028 0.0280319
503 0.480744 0.0229614 0.489028 0.0280319
504 0.480252 0.0229514 0.489028 0.0280319
505 0.481634 0.0229722 0.492163 0.0280352
506 0.481959 0.0229837 0.492163 0.0280352
507 0.481533 0.0229937 0.495298 0.0280374
508 0.481976 0.0229919 0.495298 0.0280374
509 0.481287 0.0230266 0.495298 0.0280374
510 0.480866 0.0230566 0.495298 0.0280374
511 0.480676 0.0230673 0.495298 0.0280374
512 0.482071 0.0230436 0.495298 0.0280374
513 0.481484 0.0231153 0.495298 0.0280374
514 0.481245 0.0231487 0.495298 0.0280374
515 0.481564 0.0231251 0.495298 0.0280374
516 0.481786 0.0231567 0.495298 0.0280374
517 0.481759 0.0232178 0.495298 0.0280374
518 0.481448 0.0232284 0.495298 0.0280374
519 0.482209 0.0232342 0.495298 0.0280374
520 0.481945 0.0232372 0.495298 0.0280374
521 0.481934 0.0232604 0.495298 0.0280374
522 0.481068 0.0232388 0.495298 0.0280374
523 0.482175 0.0232834 0.495298 0.0280374
524 0.482028 0.0232621 0.495298 0.0280374
525 0.481974 0.0232714 0.495298 0.0280374
526 0.482219 0.0232887 0.492163 0.0280352
527 0.4823 0.0233032 0.495298 0.0280374
528 0.482482 0.0232745 0.485893 0.0280274
529 0.482409 0.0232734 0.489028 0.0280319
530 0.481947 0.0232809 0.492163 0.0280352
531 0.483732 0.0232269 0.489028 0.0280319
532 0.48415 0.0232401 0.489028 0.0280319
533 0.485588 0.0232512 0.489028 0.0280319
534 0.485192 0.023284 0.492163 0.0280352
535 0.486703 0.0232817 0.489028 0.0280319
536 0.487693 0.0232836 0.485893 0.0280274
537 0.487928 0.0233017 0.482759 0.0280219
538 0.488199 0.0233092 0.482759 0.0280219
539 0.489155 0.0233009 0.485893 0.0280274
540 0.488921 0.0233397 0.489028 0.0280319
541 0.488777 0.0233393 0.485893 0.0280274
542 0.490402 0.02331 0.482759 0.0280219
543 0.490372 0.023386 0.482759 0.0280219
544 0.490506 0.0233734 0.482759 0.0280219
545 0.489964 0.0233881 0.482759 0.0280219
546 0.491558 0.0234198 0.482759 0.0280219
547 0.491824 0.0234443 0.482759 0.0280219
548 0.492345 0.0234487 0.485893 0.0280274
549 0.492147 0.0234233 0.485893 0.0280274
550 0.492276 0.0234704 0.489028 0.0280319
551 0.493125 0.0234834 0.485893 0.0280274
552 0.493024 0.0234875 0.485893 0.0280274
553 0.492144 0.0234836 0.485893 0.0280274
554 0.491891 0.0235253 0.485893 0.0280274
555 0.491271 0.0235141 0.489028 0.0280319
556 0.491651 0.0235153 0.485893 0.0280274
557 0.491853 0.0235357 0.489028 0.0280319
558 0.492288 0.0235167 0.485893 0.0280274
559 0.492811 0.0235026 0.485893 0.0280274
560 0.49362 0.0235352 0.485893 0.0280274
561 0.492729 0.0235321 0.489028 0.0280319
562 0.493453 0.0235481 0.489028 0.0280319
563 0.494618 0.0235781 0.489028 0.0280319
564 0.493782 0.0235906 0.489028 0.0280319
565 0.493291 0.0235598 0.489028 0.0280319
566 0.493187 0.023578 0.492163 0.0280352
567 0.49338 0.0236187 0.489028 0.0280319
568 0.492845 0.0235793 0.489028 0.0280319
569 0.492549 0.0235684 0.492163 0.0280352
570 0.493029 0.0235435 0.485893 0.0280274
571 0.494198 0.0235441 0.489028 0.0280319
572 0.494504 0.0235489 0.489028 0.0280319
573 0.49412 0.0235622 0.485893 0.0280274
574 0.494344 0.0235738 0.489028 0.0280319
575 0.495241 0.0235687 0.489028 0.0280319
576 0.496092 0.0236042 0.489028 0.0280319
577 0.495963 0.0236312 0.489028 0.0280319
578 0.496294 0.0235878 0.485893 0.0280274
579 0.497068 0.0236243 0.482759 0.0280219
580 0.498603 0.0236362 0.482759 0.0280219
581 0.500165 0.0236517 0.482759 0.0280219
582 0.500765 0.0236492 0.482759 0.0280219
583 0.499482 0.023677 0.485893 0.0280274
584 0.5011 0.0236713 0.482759 0.0280219
585 0.501933 0.0236954 0.485893 0.0280274
586 0.50163 0.0237011 0.482759 0.0280219
587 0.501433 0.0237089 0.485893 0.0280274
588 0.502518 0.0237672 0.482759 0.0280219
589 0.502196 0.0237159 0.485893 0.0280274
590 0.502751 0.0237585 0.479624 0.0280153
591 0.502738 0.0237403 0.482759 0.0280219
592 0.502106 0.0237585 0.482759 0.0280219
593 0.501457 0.0237562 0.482759 0.0280219
594 0.502013 0.023749 0.479624 0.0280153
595 0.500478 0.023739 0.479624 0.0280153
596 0.500365 0.0237356 0.479624 0.0280153
597 0.499519 0.0237637 0.479624 0.0280153
598 0.49953 0.0237447 0.485893 0.0280274
599 0.498696 0.0237153 0.485893 0.0280274
600 0.498137 0.0237401 0.485893 0.0280274
601 0.497534 0.0237293 0.489028 0.0280319
602 0.498343 0.0236851 0.485893 0.0280274
603 0.498605 0.0237037 0.492163 0.0280352
604 0.498568 0.0237283 0.492163 0.0280352
605 0.498351 0.0237581 0.489028 0.0280319
606 0.499758 0.0237183 0.489028 0.0280319
607 0.49941 0.0237631 0.485893 0.0280274
608 0.499042 0.0237727 0.489028 0.0280319
609 0.500091 0.0237378 0.479624 0.0280153
610 0.500039 0.0237662 0.479624 0.0280153
611 0.500085 0.0237304 0.479624 0.0280153
612 0.501407 0.023732 0.479624 0.0280153
613 0.501396 0.0237231 0.476489 0.0280076
614 0.500778 0.0237194 0.482759 0.0280219
615 0.501364 0.0237405 0.476489 0.0280076
616 0.501614 0.0237439 0.479624 0.0280153
617 0.501692 0.0237291 0.479624 0.0280153
618 0.502094 0.0237447 0.476489 0.0280076
619 0.501566 0.0237354 0.485893 0.0280274
620 0.502333 0.0237436 0.482759 0.0280219
621 0.501853 0.0237469 0.485893 0.0280274
622 0.501042 0.0237069 0.482759 0.0280219
623 0.501722 0.0237068 0.482759 0.0280219
624 0.501715 0.0237435 0.482759 0.0280219
625 0.50231 0.0237437 0.479624 0.0280153
626 0.502163 0.0237164 0.476489 0.0280076
627 0.502664 0.0237819 0.482759 0.0280219
628 0.503067 0.0237954 0.485893 0.0280274
629 0.502907 0.0237732 0.485893 0.0280274
630 0.503401 0.0237995 0.485893 0.0280274
631 0.502762 0.0238406 0.485893 0.0280274
632 0.502798 0.0238461 0.485893 0.0280274
633 0.50303 0.0238337 0.485893 0.0280274
634 0.502159 0.0238302 0.485893 0.0280274
635 0.50251 0.0238458 0.485893 0.0280274
636 0.503705 0.0238613 0.485893 0.0280274
637 0.502785 0.0238858 0.485893 0.0280274
638 0.502862 0.0239006 0.489028 0.0280319
639 0.50347 0.023914 0.489028 0.0280319
640 0.50364 0.0239193 0.489028 0.0280319
641 0.504029 0.0239062 0.485893 0.0280274
642 0.50433 0.0239019 0.485893 0.0280274
643 0.504459 0.0238764 0.485893 0.0280274
644 0.503826 0.0238784 0.485893 0.0280274
645 0.503814 0.0238979 0.485893 0.0280274
646 0.503753 0.0238937 0.485893 0.0280274
647 0.50399 0.0238988 0.489028 0.0280319
648 0.504529 0.023949 0.489028 0.0280319
649 0.50474 0.0239083 0.485893 0.0280274
650 0.505178 0.0238664 0.485893 0.0280274
651 0.505525 0.0238605 0.485893 0.0280274
652 0.504502 0.0238339 0.485893 0.0280274
653 0.504919 0.0238693 0.489028 0.0280319
654 0.505018 0.0238843 0.485893 0.0280274
655 0.505542 0.0239392 0.485893 0.0280274
656 0.505249 0.0239164 0.485893 0.0280274
657 0.505501 0.0239313 0.485893 0.0280274
658 0.505084 0.0239126 0.485893 0.0280274
659 0.506057 0.0239118 0.485893 0.0280274
660 0.50585 0.0239041 0.485893 0.0280274
661 0.505578 0.0239184 0.485893 0.0280274
662 0.505251 0.023891 0.485893 0.0280274
663 0.505757 0.02388 0.485893 0.0280274
664 0.505581 0.0239039 0.485893 0.0280274
665 0.505916 0.0238837 0.485893 0.0280274
666 0.505011 0.0238457 0.485893 0.0280274
667 0.505079 0.0238449 0.482759 0.0280219
668 0.505814 0.0238833 0.482759 0.0280219
669 0.505539 0.0238929 0.482759 0.0280219
670 0.506119 0.0239207 0.482759 0.0280219
671 0.505951 0.0239182 0.482759 0.0280219
672 0.505416 0.0238993 0.482759 0.0280219
673 0.505364 0.0239069 0.482759 0.0280219
674 0.505109 0.0239056 0.482759 0.0280219
675 0.506388 0.023868 0.479624 0.0280153
676 0.506641 0.0238872 0.479624 0.0280153
677 0.50665 0.0238902 0.482759 0.0280219
678 0.505978 0.0238868 0.485893 0.0280274
679 0.506933 0.0238984 0.482759 0.0280219
680 0.50762 0.0238965 0.479624 0.0280153
681 0.507138 0.0239049 0.482759 0.0280219
682 0.507158 0.0238698 0.479624 0.0280153
683 0.507542 0.023852 0.479624 0.0280153
684 0.507942 0.0238494 0.479624 0.0280153
685 0.507224 0.0238651 0.479624 0.0280153
686 0.507792 0.0238678 0.479624 0.0280153
687 0.507506 0.0238486 0.479624 0.0280153
688 0.506037 0.0238507 0.479624 0.0280153
689 0.507091 0.023835 0.479624 0.0280153
690 0.507399 0.0238104 0.482759 0.0280219
691 0.507078 0.0238316 0.479624 0.0280153
692 0.506133 0.0238467 0.482759 0.0280219
693 0.505411 0.0238397 0.482759 0.0280219
694 0.506427 0.0238831 0.485893 0.0280274
695 0.505639 0.0238621 0.489028 0.0280319
696 0.505436 0.0238762 0.485893 0.0280274
697 0.504255 0.0238906 0.489028 0.0280319
698 0.504558 0.0238838 0.489028 0.0280319
699 0.504015 0.0238938 0.489028 0.0280319
700 0.503615 0.0239054 0.492163 0.0280352
701 0.503977 0.023948 0.492163 0.0280352
702 0.504205 0.0239724 0.489028 0.0280319
703 0.504894 0.0239521 0.485893 0.0280274
704 0.505724 0.0239459 0.485893 0.0280274
705 0.50557 0.0239271 0.489028 0.0280319
706 0.504874 0.023931 0.489028 0.0280319
707 0.505523 0.0239259 0.485893 0.0280274
708 0.505432 0.0239241 0.489028 0.0280319
709 0.505616 0.023903 0.489028 0.0280319
710 0.505629 0.0239352 0.489028 0.0280319
711 0.505627 0.0239535 0.489028 0.0280319
712 0.505566 0.0239469 0.489028 0.0280319
713 0.50438 0.0239332 0.489028 0.0280319
714 0.504555 0.0239381 0.492163 0.0280352
715 0.5045 0.0239674 0.492163 0.0280352
716 0.50455 0.0239327 0.492163 0.0280352
717 0.504864 0.023928 0.489028 0.0280319
718 0.505029 0.0238907 0.492163 0.0280352
719 0.504545 0.0238881 0.492163 0.0280352
720 0.504163 0.0239095 0.492163 0.0280352
721 0.504181 0.0239419 0.495298 0.0280374
722 0.504114 0.0239487 0.495298 0.0280374
723 0.504128 0.0238944 0.495298 0.0280374
724 0.503756 0.0238816 0.495298 0.0280374
725 0.503874 0.023915 0.495298 0.0280374
726 0.504882 0.0238681 0.492163 0.0280352
727 0.505047 0.0238756 0.492163 0.0280352
728 0.504628 0.0238672 0.492163 0.0280352
729 0.504446 0.0239031 0.492163 0.0280352
730 0.503913 0.0239068 0.492163 0.0280352
731 0.503368 0.0239088 0.489028 0.0280319
732 0.503665 0.0238866 0.489028 0.0280319
733 0.503523 0.0238756 0.495298 0.0280374
734 0.502512 0.0238834 0.498433 0.0280385
735 0.502332 0.0238848 0.495298 0.0280374
736 0.501844 0.0239089 0.495298 0.0280374
737 0.501825 0.0239313 0.492163 0.0280352
738 0.501904 0.0239332 0.495298 0.0280374
739 0.503127 0.0239031 0.495298 0.0280374
740 0.502345 0.0238846 0.495298 0.0280374
741 0.501877 0.0238763 0.492163 0.0280352
742 0.501966 0.0238526 0.492163 0.0280352
743 0.502314 0.0238816 0.492163 0.0280352
744 0.502331 0.0238741 0.492163 0.0280352
745 0.502382 0.0239079 0.492163 0.0280352
746 0.502824 0.0238915 0.492163 0.0280352
747 0.502914 0.0239048 0.492163 0.0280352
748 0.502854 0.0239224 0.492163 0.0280352
749 0.502638 0.0239243 0.492163 0.0280352
750 0.502838 0.0239159 0.492163 0.0280352
751 0.502858 0.0239147 0.492163 0.0280352
752 0.502097 0.0239236 0.492163 0.0280352
753 0.502517 0.02391 0.495298 0.0280374
754 0.502339 0.0239293 0.495298 0.0280374
755 0.502346 0.0239215 0.495298 0.0280374
756 0.502226 0.0238718 0.495298 0.0280374
757 0.502548 0.0238929 0.495298 0.0280374
758 0.502511 0.0239103 0.495298 0.0280374
759 0.501894 0.023898 0.495298 0.0280374
760 0.501981 0.0239141 0.495298 0.0280374
761 0.501754 0.023916 0.495298 0.0280374
762 0.501911 0.0239147 0.495298 0.0280374
763 0.50212 0.0238579 0.495298 0.0280374
764 0.502453 0.0238692 0.495298 0.0280374
765 0.501689 0.0238934 0.495298 0.0280374
766 0.501344 0.0238892 0.492163 0.0280352
767 0.501766 0.023887 0.495298 0.0280374
768 0.502031 0.0239434 0.495298 0.0280374
769 0.501643 0.0239224 0.495298 0.0280374
770 0.501643 0.0239264 0.495298 0.0280374
771 0.501588 0.0239186 0.495298 0.0280374
772 0.501332 0.0239221 0.495298 0.0280374
773 0.501872 0.0239446 0.498433 0.0280385
774 0.50207 0.0239618 0.492163 0.0280352
775 0.501653 0.0239473 0.495298 0.0280374
776 0.502453 0.0239441 0.495298 0.0280374
777 0.501367 0.023957 0.495298 0.0280374
778 0.500979 0.0239918 0.495298 0.0280374
779 0.502612 0.0239398 0.495298 0.0280374
780 0.502714 0.023933 0.495298 0.0280374
781 0.502097 0.023913 0.492163 0.0280352
782 0.502052 0.0239229 0.492163 0.0280352
783 0.502242 0.023916 0.492163 0.0280352
784 0.502427 0.0239392 0.489028 0.0280319
785 0.50325 0.0239524 0.489028 0.0280319
786 0.503386 0.0239248 0.489028 0.0280319
787 0.503665 0.0238984 0.489028 0.0280319
788 0.503942 0.0239189 0.489028 0.0280319
789 0.503188 0.0239182 0.489028 0.0280319
790 0.502742 0.0239262 0.489028 0.0280319
791 0.503382 0.0239357 0.489028 0.0280319
792 0.503106 0.0239299 0.489028 0.0280319
793 0.502692 0.0239369 0.489028 0.0280319
794 0.502764 0.023946 0.489028 0.0280319
795 0.503562 0.0239487 0.489028 0.0280319
796 0.503245 0.0239421 0.489028 0.0280319
797 0.503746 0.0239504 0.489028 0.0280319
798 0.504155 0.0239705 0.492163 0.0280352
799 0.503476 0.0240018 0.492163 0.0280352
800 0.503613 0.0239748 0.489028 0.0280319
801 0.504048 0.0240493 0.489028 0.0280319
802 0.504092 0.0240606 0.492163 0.0280352
803 0.504784 0.024082 0.492163 0.0280352
804 0.504624 0.0240897 0.489028 0.0280319
805 0.504399 0.0240998 0.492163 0.0280352
806 0.504621 0.0240753 0.489028 0.0280319
807 0.505484 0.0240592 0.492163 0.0280352
808 0.505976 0.0240596 0.495298 0.0280374
809 0.506016 0.024047 0.489028 0.0280319
810 0.505226 0.0240637 0.492163 0.0280352
811 0.504614 0.0240677 0.492163 0.0280352
812 0.504744 0.0240938 0.492163 0.0280352
813 0.504785 0.024079 0.492163 0.0280352
814 0.504635 0.0240856 0.492163 0.0280352
815 0.504535 0.0240906 0.495298 0.0280374
816 0.504196 0.0240776 0.495298 0.0280374
817 0.504588 0.0241015 0.495298 0.0280374
818 0.50434 0.0241028 0.495298 0.0280374
819 0.503701 0.0240989 0.495298 0.0280374
820 0.503094 0.0240376 0.495298 0.0280374
821 0.502622 0.024084 0.495298 0.0280374
822 0.502996 0.0240821 0.495298 0.0280374
823 0.502926 0.0240609 0.495298 0.0280374
824 0.50345 0.0240827 0.495298 0.0280374
825 0.50386 0.0240979 0.495298 0.0280374
826 0.504312 0.0241104 0.495298 0.0280374
827 0.504326 0.0241029 0.495298 0.0280374
828 0.504931 0.0241214 0.495298 0.0280374
829 0.505494 0.0241176 0.495298 0.0280374
830 0.505201 0.0241105 0.495298 0.0280374
831 0.505333 0.0241077 0.495298 0.0280374
832 0.50494 0.0240829 0.495298 0.0280374
833 0.504543 0.0240538 0.492163 0.0280352
834 0.505049 0.0240977 0.495298 0.0280374
835 0.504492 0.0240905 0.495298 0.0280374
836 0.505825 0.0240769 0.495298 0.0280374
837 0.505158 0.0240745 0.495298 0.0280374
838 0.505316 0.0240912 0.495298 0.0280374
839 0.505626 0.0240284 0.492163 0.0280352
840 0.505088 0.0240406 0.492163 0.0280352
841 0.50531 0.0240312 0.489028 0.0280319
842 0.50484 0.0240559 0.495298 0.0280374
843 0.504877 0.0240168 0.492163 0.0280352
844 0.505666 0.0240143 0.489028 0.0280319
845 0.505809 0.0240123 0.489028 0.0280319
846 0.505677 0.0240115 0.489028 0.0280319
847 0.5058 0.0240152 0.485893 0.0280274
848 0.506198 0.0240154 0.485893 0.0280274
849 0.506363 0.0240185 0.485893 0.0280274
850 0.50538 0.0239744 0.485893 0.0280274
851 0.505183 0.0240365 0.489028 0.0280319
852 0.504806 0.0240456 0.485893 0.0280274
853 0.505711 0.0240089 0.485893 0.0280274
854 0.505748 0.023995 0.485893 0.0280274
855 0.505655 0.0240009 0.489028 0.0280319
856 0.506374 0.0239692 0.485893 0.0280274
857 0.505956 0.023958 0.485893 0.0280274
858 0.506113 0.0239978 0.482759 0.0280219
859 0.506607 0.0239805 0.482759 0.0280219
860 0.506254 0.0239873 0.485893 0.0280274
861 0.505507 0.0240276 0.485893 0.0280274
862 0.506019 0.0240639 0.489028 0.0280319
863 0.506108 0.0240355 0.485893 0.0280274
864 0.50597 0.024021 0.485893 0.0280274
865 0.506674 0.0240731 0.485893 0.0280274
866 0.505648 0.0240139 0.485893 0.0280274
867 0.50594 0.0240273 0.485893 0.0280274
868 0.50628 0.0240412 0.485893 0.0280274
869 0.506253 0.0240472 0.485893 0.0280274
870 0.507363 0.0240181 0.485893 0.0280274
871 0.506986 0.0240231 0.482759 0.0280219
872 0.50698 0.0240323 0.485893 0.0280274
873 0.50705 0.0240356 0.485893 0.0280274
874 0.507183 0.0240193 0.485893 0.0280274
875 0.507067 0.0240163 0.485893 0.0280274
876 0.507232 0.0239857 0.485893 0.0280274
877 0.507452 0.0239667 0.482759 0.0280219
878 0.50805 0.0239643 0.485893 0.0280274
879 0.508103 0.0239676 0.489028 0.0280319
880 0.507666 0.0239595 0.489028 0.0280319
881 0.507004 0.0239477 0.492163 0.0280352
882 0.506389 0.0239707 0.492163 0.0280352
883 0.506684 0.0239546 0.492163 0.0280352
884 0.506721 0.0239521 0.492163 0.0280352
885 0.506007 0.023946 0.492163 0.0280352
886 0.506903 0.0239432 0.489028 0.0280319
887 0.50714 0.023944 0.489028 0.0280319
888 0.506793 0.0239672 0.489028 0.0280319
889 0.506629 0.023978 0.489028 0.0280319
890 0.506496 0.0239892 0.489028 0.0280319
891 0.507003 0.0239848 0.489028 0.0280319
892 0.506794 0.0239709 0.489028 0.0280319
893 0.506624 0.0240106 0.489028 0.0280319
894 0.507076 0.0239904 0.489028 0.0280319
895 0.506947 0.024008 0.489028 0.0280319
896 0.50687 0.0239673 0.489028 0.0280319
897 0.506832 0.0239754 0.492163 0.0280352
898 0.507363 0.0239859 0.492163 0.0280352
899 0.508199 0.0239958 0.492163 0.0280352
900 0.507861 0.0240083 0.492163 0.0280352
901 0.507618 0.024029 0.492163 0.0280352
902 0.508058 0.0240495 0.489028 0.0280319
903 0.507741 0.0240263 0.489028 0.0280319
904 0.507199 0.0240398 0.492163 0.0280352
905 0.507228 0.0240385 0.489028 0.0280319
906 0.508238 0.0240413 0.489028 0.0280319
907 0.507978 0.0240291 0.489028 0.0280319
908 0.508357 0.0240447 0.489028 0.0280319
909 0.507567 0.0240096 0.489028 0.0280319
910 0.507605 0.0240165 0.489028 0.0280319
911 0.507993 0.0240272 0.489028 0.0280319
912 0.507974 0.0240107 0.489028 0.0280319
913 0.507553 0.02406 0.489028 0.0280319
914 0.507266 0.024065 0.489028 0.0280319
915 0.506966 0.0240492 0.489028 0.0280319
916 0.508085 0.0240576 0.489028 0.0280319
917 0.507694 0.0239751 0.489028 0.0280319
918 0.507847 0.0239749 0.489028 0.0280319
919 0.509193 0.0239546 0.489028 0.0280319
920 0.509342 0.0239586 0.489028 0.0280319
921 0.509138 0.0239847 0.489028 0.0280319
922 0.507435 0.0239885 0.489028 0.0280319
923 0.508569 0.0239864 0.489028 0.0280319
924 0.508844 0.0240144 0.489028 0.0280319
925 0.508885 0.0240386 0.489028 0.0280319
926 0.508803 0.0240567 0.492163 0.0280352
927 0.508819 0.0240444 0.492163 0.0280352
928 0.509392 0.0240905 0.492163 0.0280352
929 0.509903 0.0240794 0.492163 0.0280352
930 0.510869 0.0240365 0.489028 0.0280319
931 0.510196 0.0240476 0.489028 0.0280319
932 0.510329 0.0240656 0.489028 0.0280319
933 0.510911 0.0240726 0.489028 0.0280319
934 0.511626 0.0240653 0.489028 0.0280319
935 0.512011 0.0240604 0.489028 0.0280319
936 0.51202 0.0240162 0.492163 0.0280352
937 0.511875 0.0240293 0.492163 0.0280352
938 0.510822 0.0240022 0.492163 0.0280352
939 0.511282 0.0239893 0.492163 0.0280352
940 0.511465 0.0239647 0.492163 0.0280352
941 0.511416 0.0239572 0.492163 0.0280352
942 0.511304 0.0239518 0.495298 0.0280374
943 0.511259 0.0239299 0.495298 0.0280374
944 0.510818 0.0239277 0.492163 0.0280352
945 0.511721 0.0238861 0.489028 0.0280319
946 0.511333 0.0238675 0.489028 0.0280319
947 0.510629 0.0238619 0.489028 0.0280319
948 0.510732 0.0238682 0.489028 0.0280319
949 0.511408 0.0238947 0.489028 0.0280319
950 0.511604 0.023847 0.485893 0.0280274
951 0.511495 0.0238781 0.489028 0.0280319
952 0.511052 0.0239207 0.489028 0.0280319
953 0.51047 0.023913 0.485893 0.0280274
954 0.510949 0.0238919 0.489028 0.0280319
955 0.51104 0.0239222 0.485893 0.0280274
956 0.51082 0.0239291 0.489028 0.0280319
957 0.510967 0.0238963 0.485893 0.0280274
958 0.511767 0.0239266 0.482759 0.0280219
959 0.511962 0.0239445 0.482759 0.0280219
960 0.511735 0.0239257 0.482759 0.0280219
961 0.511648 0.0239251 0.482759 0.0280219
962 0.511288 0.0239223 0.482759 0.0280219
963 0.511753 0.0239074 0.482759 0.0280219
964 0.511155 0.0239407 0.482759 0.0280219
965 0.511086 0.0239139 0.485893 0.0280274
966 0.510708 0.0239285 0.489028 0.0280319
967 0.51122 0.0239337 0.485893 0.0280274
968 0.512262 0.0239566 0.485893 0.0280274
969 0.511118 0.0239688 0.489028 0.0280319
970 0.510723 0.0239819 0.489028 0.0280319
971 0.510603 0.0239836 0.489028 0.0280319
972 0.510695 0.0239981 0.489028 0.0280319
973 0.511169 0.023942 0.489028 0.0280319
974 0.511496 0.0239226 0.489028 0.0280319
975 0.511038 0.0239191 0.489028 0.0280319
976 0.51013 0.0239161 0.492163 0.0280352
977 0.510743 0.0239431 0.489028 0.0280319
978 0.509724 0.0239448 0.489028 0.0280319
979 0.509886 0.0239037 0.492163 0.0280352
980 0.509819 0.0238861 0.489028 0.0280319
981 0.509435 0.0238613 0.492163 0.0280352
982 0.50953 0.0238503 0.489028 0.0280319
983 0.508985 0.0238492 0.485893 0.0280274
984 0.50899 0.0238633 0.485893 0.0280274
985 0.509166 0.023882 0.489028 0.0280319
986 0.509845 0.0238877 0.489028 0.0280319
987 0.50989 0.0238517 0.485893 0.0280274
988 0.510098 0.0238938 0.489028 0.0280319
989 0.509277 0.0239064 0.485893 0.0280274
990 0.509483 0.0239088 0.489028 0.0280319
991 0.510213 0.0239047 0.485893 0.0280274
992 0.509567 0.0239555 0.489028 0.0280319
993 0.509577 0.0239295 0.489028 0.0280319
994 0.508619 0.0239404 0.485893 0.0280274
995 0.508945 0.0239936 0.485893 0.0280274
996 0.50804 0.0239611 0.489028 0.0280319
997 0.507596 0.0239817 0.489028 0.0280319
998 0.508645 0.0239681 0.489028 0.0280319
999 0.508878 0.0239735 0.489028 0.0280319
