#sample=10000
0 0.000993304 5.30603e-06 1 0
1 0.00102164 8.28863e-06 1 0
2 0.00105711 1.09657e-05 1 0
3 0.00109957 1.43677e-05 1 0
4 0.00117503 1.85714e-05 1 0
5 0.00121383 2.01412e-05 1 0
6 0.00129662 2.35316e-05 1 0
7 0.00135853 2.46169e-05 1 0
8 0.0014114 2.64542e-05 1 0
9 0.00150286 2.84452e-05 1 0
10 0.00163055 3.28665e-05 1 0
11 0.00172457 3.53422e-05 1 0
12 0.00179807 3.72824e-05 1 0
13 0.00188324 3.85853e-05 1 0
14 0.0020071 4.01481e-05 1 0
15 0.0020688 4.19332e-05 1 0
16 0.00227715 8.76914e-05 0.9998 0.000141414
17 0.00235624 6.93985e-05 0.9999 0.0001
18 0.00242064 4.83592e-05 1 0
19 0.00254699 5.89451e-05 1 0
20 0.00263595 5.18408e-05 1 0
21 0.00277199 5.33677e-05 1 0
22 0.00291962 5.71739e-05 1 0
23 0.00310252 6.71456e-05 1 0
24 0.00322733 6.16747e-05 1 0
25 0.00353137 0.000124017 0.9998 0.000141414
26 0.00353617 8.60415e-05 0.9999 0.0001
27 0.00368989 8.71265e-05 0.9999 0.0001
28 0.00384179 9.02001e-05 0.9999 0.0001
29 0.0039365 7.27283e-05 1 0
30 0.00422552 9.59694e-05 0.9999 0.0001
31 0.00427123 7.75472e-05 1 0
32 0.00440554 7.83714e-05 1 0
33 0.00457324 8.17597e-05 1 0
34 0.00475248 0.000103444 0.9999 0.0001
35 0.00497049 0.000116808 0.9999 0.0001
36 0.00511559 0.000104615 0.9999 0.0001
37 0.00531895 0.000130062 0.9998 0.000141414
38 0.00540009 0.000110299 0.9999 0.0001
39 0.00562044 9.51946e-05 1 0
40 0.00573003 9.67869e-05 1 0
41 0.00589443 0.000108183 0.9999 0.0001
42 0.00606129 0.000127503 0.9999 0.0001
43 0.00614977 0.000129351 0.9999 0.0001
44 0.00625433 0.000103552 1 0
45 0.00655911 0.000118735 0.9999 0.0001
46 0.00657171 0.000107719 1 0
47 0.00673304 0.000125814 0.9999 0.0001
48 0.00682343 0.000135757 0.9999 0.0001
49 0.00703447 0.000136835 0.9998 0.000141414
50 0.00717698 0.000151033 0.9997 0.000173188
51 0.00743305 0.00017036 0.9997 0.000173188
52 0.00738945 0.000116247 1 0
53 0.0076169 0.000156998 0.9998 0.000141414
54 0.00755457 0.000140513 0.9999 0.0001
55 0.00773711 0.000128086 0.9999 0.0001
56 0.00789899 0.000128345 0.9999 0.0001
57 0.00805242 0.000146414 0.9999 0.0001
58 0.00818458 0.000137299 0.9999 0.0001
59 0.00836095 0.000130324 1 0
60 0.00850778 0.000155589 0.9999 0.0001
61 0.00866101 0.000134185 1 0
62 0.00861225 0.000131919 1 0
63 0.00887153 0.000136647 1 0
64 0.0089408 0.00013672 1 0
65 0.00918792 0.00016593 0.9999 0.0001
66 0.00917437 0.000154956 0.9999 0.0001
67 0.00929832 0.000140498 1 0
68 0.00939951 0.000157763 0.9999 0.0001
69 0.00951673 0.000143439 1 0
70 0.00970057 0.000147332 1 0
71 0.00988606 0.000153822 0.9999 0.0001
72 0.0102136 0.000194249 0.9998 0.000141414
73 0.00994357 0.000147571 1 0
74 0.0102375 0.00015474 0.9999 0.0001
75 0.0100975 0.000151251 1 0
76 0.0104856 0.000160986 0.9999 0.0001
77 0.0105297 0.000166854 0.9998 0.000141414
78 0.0106787 0.000157371 1 0
79 0.0108377 0.000186036 0.9998 0.000141414
80 0.0108731 0.000158035 1 0
81 0.0110135 0.000161068 1 0
82 0.0111605 0.000163986 1 0
83 0.0112715 0.000198139 0.9998 0.000141414
84 0.0114286 0.000164568 1 0
85 0.0115604 0.000164923 1 0
86 0.0115973 0.000179918 0.9999 0.0001
87 0.0117234 0.000171541 0.9999 0.0001
88 0.0117662 0.000167767 1 0
89 0.0119688 0.000176253 0.9999 0.0001
90 0.0119583 0.00016796 1 0
91 0.0121704 0.000193933 0.9999 0.0001
92 0.0121895 0.000168918 1 0
93 0.0121797 0.000174227 1 0
94 0.0124892 0.00017971 0.9999 0.0001
95 0.0126127 0.000197005 0.9999 0.0001
96 0.0125649 0.000177219 1 0
97 0.0127392 0.00019123 0.9997 0.000173188
98 0.0128216 0.000196578 0.9999 0.0001
99 0.0128829 0.000178213 1 0
100 0.0132401 0.000182959 1 0
101 0.0131309 0.000182599 0.9999 0.0001
102 0.013363 0.000212504 0.9997 0.000173188
103 0.0133443 0.000192761 0.9999 0.0001
104 0.0136587 0.000201781 0.9997 0.000173188
105 0.0135899 0.000189395 0.9999 0.0001
106 0.0136291 0.000187803 1 0
107 0.014004 0.000193528 0.9999 0.0001
108 0.0139621 0.000190975 1 0
109 0.0141426 0.000197459 0.9999 0.0001
110 0.0142941 0.000191944 1 0
111 0.0143243 0.000198932 0.9999 0.0001
112 0.0146555 0.000207485 0.9998 0.000141414
113 0.0144955 0.000196891 1 0
114 0.014888 0.000203184 1 0
115 0.0149323 0.000203868 0.9999 0.0001
116 0.0149873 0.000203388 1 0
117 0.0149996 0.000200313 1 0
118 0.0150523 0.000229156 0.9997 0.000173188
119 0.0150783 0.000204766 1 0
120 0.0151251 0.000205753 0.9999 0.0001
121 0.0154054 0.000213923 0.9998 0.000141414
122 0.015505 0.000209458 1 0
123 0.015669 0.000216089 0.9999 0.0001
124 0.0158186 0.000214377 1 0
125 0.0162236 0.000233124 0.9998 0.000141414
126 0.0160293 0.000212169 1 0
127 0.0162145 0.000240949 0.9998 0.000141414
128 0.0163161 0.000222059 0.9997 0.000173188
129 0.0163326 0.000214399 0.9999 0.0001
130 0.0166971 0.000224442 1 0
131 0.0168638 0.00022743 0.9998 0.000141414
132 0.0168301 0.000226499 0.9998 0.000141414
133 0.0171551 0.000243835 0.9999 0.0001
134 0.0171053 0.000227237 0.9999 0.0001
135 0.0170644 0.000230653 0.9999 0.0001
136 0.0173824 0.000261597 0.9996 0.00019997
137 0.0173415 0.00023162 0.9998 0.000141414
138 0.0175555 0.000239462 0.9997 0.000173188
139 0.0176845 0.000250406 0.9998 0.000141414
140 0.0177657 0.000242331 0.9999 0.0001
141 0.0178301 0.000234774 1 0
142 0.017938 0.000233137 0.9999 0.0001
143 0.0185843 0.000246226 0.9999 0.0001
144 0.0184314 0.00023713 0.9999 0.0001
145 0.0185387 0.000241827 0.9999 0.0001
146 0.0185172 0.000243338 0.9998 0.000141414
147 0.0186705 0.000243005 0.9999 0.0001
148 0.0190106 0.00025347 0.9997 0.000173188
149 0.0187477 0.000255103 0.9996 0.00019997
150 0.0188326 0.000244643 0.9999 0.0001
151 0.0191664 0.000254804 0.9998 0.000141414
152 0.0189961 0.000244643 1 0
153 0.0190417 0.000243985 0.9999 0.0001
154 0.0191496 0.000244944 1 0
155 0.0192935 0.000246522 0.9999 0.0001
156 0.0192985 0.000243406 1 0
157 0.0199038 0.000256108 0.9999 0.0001
158 0.0198821 0.00024865 1 0
159 0.0199749 0.000252334 0.9999 0.0001
160 0.0202696 0.000256887 0.9999 0.0001
161 0.0204495 0.000266414 0.9998 0.000141414
162 0.0208103 0.00027904 0.9998 0.000141414
163 0.0205523 0.000262376 0.9999 0.0001
164 0.0207513 0.000261212 0.9999 0.0001
165 0.0209604 0.000280503 0.9998 0.000141414
166 0.0209933 0.000269057 0.9999 0.0001
167 0.0211702 0.000273106 0.9998 0.000141414
168 0.0213409 0.000277768 0.9998 0.000141414
169 0.0214046 0.00026978 0.9999 0.0001
170 0.0213524 0.000272555 0.9999 0.0001
171 0.0218061 0.000278438 0.9999 0.0001
172 0.0218126 0.000276726 1 0
173 0.0217792 0.000285527 0.9996 0.00019997
174 0.0220345 0.000278036 1 0
175 0.021998 0.000278979 0.9998 0.000141414
176 0.0220332 0.000272716 0.9999 0.0001
177 0.0224522 0.000280649 0.9999 0.0001
178 0.022552 0.0002801 1 0
179 0.0227346 0.000285437 0.9997 0.000173188
180 0.0230169 0.000290693 0.9997 0.000173188
181 0.0232021 0.00028915 0.9999 0.0001
182 0.0232298 0.000286718 0.9999 0.0001
183 0.0237673 0.000309878 0.9993 0.000264496
184 0.0235502 0.000294299 0.9998 0.000141414
185 0.0237005 0.000298035 0.9997 0.000173188
186 0.0240456 0.000299039 0.9997 0.000173188
187 0.0240763 0.000313593 0.9997 0.000173188
188 0.0240294 0.000296423 0.9999 0.0001
189 0.0238917 0.000299543 0.9997 0.000173188
190 0.02424 0.000303767 0.9999 0.0001
191 0.0243651 0.000300741 0.9999 0.0001
192 0.0244109 0.000300797 0.9996 0.00019997
193 0.0248921 0.000311488 0.9998 0.000141414
194 0.0250565 0.000327459 0.9996 0.00019997
195 0.0249634 0.000321008 0.9995 0.000223562
196 0.0249752 0.000310026 0.9998 0.000141414
197 0.025234 0.000316945 0.9997 0.000173188
198 0.0255504 0.000320496 0.9998 0.000141414
199 0.0254971 0.000315119 0.9998 0.000141414
200 0.0256416 0.000317931 1 0
201 0.0258627 0.000317654 0.9999 0.0001
202 0.0258676 0.000323005 0.9997 0.000173188
203 0.0263733 0.000328429 0.9996 0.00019997
204 0.0264103 0.00032266 0.9998 0.000141414
205 0.026437 0.000327265 0.9996 0.00019997
206 0.026748 0.000325703 0.9997 0.000173188
207 0.0267581 0.000323233 0.9999 0.0001
208 0.027202 0.000338875 0.9995 0.000223562
209 0.0273664 0.000339227 0.9996 0.00019997
210 0.027287 0.000345015 0.9997 0.000173188
211 0.0274196 0.000335689 0.9996 0.00019997
212 0.027685 0.000334731 0.9998 0.000141414
213 0.0280616 0.000362297 0.9989 0.000331497
214 0.0282921 0.000347793 0.9996 0.00019997
215 0.0285372 0.000354436 0.9995 0.000223562
216 0.0283903 0.000344419 0.9997 0.000173188
217 0.0290583 0.000350129 0.9996 0.00019997
218 0.0287083 0.000347674 0.9998 0.000141414
219 0.0290564 0.000349382 0.9998 0.000141414
220 0.0293145 0.000353284 0.9998 0.000141414
221 0.0293517 0.000353093 0.9998 0.000141414
222 0.0293207 0.000348148 0.9998 0.000141414
223 0.0296812 0.000359179 0.9995 0.000223562
224 0.0300879 0.00037011 0.9997 0.000173188
225 0.0300212 0.0003627 0.9999 0.0001
226 0.0300564 0.000361586 0.9998 0.000141414
227 0.0305754 0.000370995 0.9995 0.000223562
228 0.0305149 0.000363123 1 0
229 0.0307781 0.000367181 1 0
230 0.0308131 0.000379094 0.9995 0.000223562
231 0.0311362 0.00038091 0.9997 0.000173188
232 0.0312989 0.00038535 0.9997 0.000173188
233 0.0316285 0.000386266 0.9997 0.000173188
234 0.0315014 0.000381153 0.9997 0.000173188
235 0.0319671 0.000397249 0.9994 0.000244888
236 0.0318726 0.000390334 0.9998 0.000141414
237 0.0320032 0.000397293 0.9997 0.000173188
238 0.0321864 0.000393654 0.9996 0.00019997
239 0.032323 0.000385655 0.9998 0.000141414
240 0.0326551 0.000395843 0.9999 0.0001
241 0.0329842 0.000408964 0.9993 0.000264496
242 0.0330918 0.000395733 0.9998 0.000141414
243 0.0328635 0.000388786 0.9998 0.000141414
244 0.0330523 0.00039605 0.9998 0.000141414
245 0.0332381 0.000398637 0.9995 0.000223562
246 0.0334411 0.000405424 0.9995 0.000223562
247 0.0339485 0.000407833 0.9995 0.000223562
248 0.0342548 0.000411298 0.9994 0.000244888
249 0.0343375 0.000407499 0.9995 0.000223562
250 0.0345117 0.000418137 0.9992 0.000282744
251 0.0347109 0.000415799 0.9995 0.000223562
252 0.0348825 0.000409005 0.9999 0.0001
253 0.0349629 0.000413289 0.9996 0.00019997
254 0.0354303 0.000415338 0.9996 0.00019997
255 0.0357061 0.000414431 0.9999 0.0001
256 0.0359768 0.000419462 0.9996 0.00019997
257 0.0360514 0.000422833 0.9996 0.00019997
258 0.036413 0.000426598 0.9999 0.0001
259 0.0367587 0.0004278 0.9993 0.000264496
260 0.0366429 0.000433369 0.9995 0.000223562
261 0.0373022 0.000435725 0.9996 0.00019997
262 0.0372405 0.000431669 0.9997 0.000173188
263 0.0378607 0.000444659 0.9996 0.00019997
264 0.0377562 0.000441676 0.9996 0.00019997
265 0.0382246 0.00045729 0.9995 0.000223562
266 0.0384315 0.000451969 0.9993 0.000264496
267 0.0389531 0.000458449 0.9995 0.000223562
268 0.0389122 0.000451171 0.9997 0.000173188
269 0.0392888 0.000460099 0.9998 0.000141414
270 0.0394626 0.000457205 0.9997 0.000173188
271 0.0396391 0.000463095 0.9995 0.000223562
272 0.0396351 0.000459322 0.9996 0.00019997
273 0.0403313 0.0004689 0.9997 0.000173188
274 0.0408053 0.000477548 0.9992 0.000282744
275 0.0405303 0.000470531 0.9997 0.000173188
276 0.0404464 0.000465632 0.9994 0.000244888
277 0.0408994 0.00047245 0.9996 0.00019997
278 0.0409903 0.000475977 0.9998 0.000141414
279 0.041233 0.000476063 0.9991 0.00029988
280 0.041558 0.000478811 0.9997 0.000173188
281 0.0416559 0.000475226 0.9995 0.000223562
282 0.042239 0.000485946 0.9996 0.00019997
283 0.0426593 0.000493429 0.9993 0.000264496
284 0.0428174 0.000493204 0.9994 0.000244888
285 0.0434034 0.000496897 0.999 0.000316085
286 0.0437864 0.00050164 0.9995 0.000223562
287 0.0440707 0.000513279 0.9992 0.000282744
288 0.0440374 0.000502896 0.9997 0.000173188
289 0.0443329 0.000506941 0.9997 0.000173188
290 0.044364 0.000509682 0.9994 0.000244888
291 0.044923 0.000516451 0.9993 0.000264496
292 0.0449855 0.000510998 0.9996 0.00019997
293 0.0457028 0.000524512 0.9989 0.000331497
294 0.0458818 0.000523679 0.999 0.000316085
295 0.0465774 0.000532712 0.9989 0.000331497
296 0.0471182 0.000535412 0.9991 0.00029988
297 0.0470208 0.000536753 0.9987 0.000360339
298 0.0468344 0.000537006 0.9989 0.000331497
299 0.0472382 0.000536829 0.9993 0.000264496
300 0.0475101 0.00053697 0.9993 0.000264496
301 0.048035 0.000548342 0.9992 0.000282744
302 0.0481597 0.000551581 0.9988 0.00034622
303 0.0483789 0.000545611 0.999 0.000316085
304 0.0491724 0.000558998 0.9987 0.000360339
305 0.0499826 0.000568798 0.9989 0.000331497
306 0.0501617 0.000572864 0.9985 0.000387027
307 0.0506231 0.00057106 0.9989 0.000331497
308 0.0509311 0.000576057 0.9987 0.000360339
309 0.0511386 0.000582507 0.9986 0.000373922
310 0.0513693 0.000584488 0.9985 0.000387027
311 0.0520824 0.000586324 0.9992 0.000282744
312 0.0523262 0.000587113 0.9988 0.00034622
313 0.0531436 0.000596338 0.9992 0.000282744
314 0.0534705 0.000601297 0.9986 0.000373922
315 0.0537943 0.000605457 0.9983 0.000411981
316 0.0543744 0.000609609 0.9984 0.0003997
317 0.0543045 0.000606186 0.9983 0.000411981
318 0.0553096 0.000613288 0.9987 0.000360339
319 0.0554285 0.000617994 0.9985 0.000387027
320 0.0564037 0.000623874 0.9985 0.000387027
321 0.0566838 0.00062603 0.9984 0.0003997
322 0.0569928 0.000636281 0.9976 0.000489334
323 0.0574194 0.000642209 0.9971 0.000537762
324 0.0580869 0.00064365 0.998 0.000446788
325 0.0586183 0.000655756 0.9971 0.000537762
326 0.0590611 0.0006507 0.9979 0.000457799
327 0.0593986 0.00065952 0.9973 0.000518939
328 0.0598935 0.000662207 0.9976 0.000489334
329 0.0608867 0.00066983 0.9976 0.000489334
330 0.0616437 0.000673372 0.9973 0.000518939
331 0.0615405 0.000677108 0.9972 0.000528435
332 0.0622533 0.000683738 0.9968 0.000564808
333 0.0625682 0.000688576 0.9965 0.000590601
334 0.0635632 0.000697772 0.9961 0.000623312
335 0.0639233 0.000701992 0.9958 0.000646744
336 0.0647313 0.00070995 0.9966 0.000582132
337 0.0650423 0.000707895 0.9969 0.000555941
338 0.0654839 0.000716291 0.9958 0.000646744
339 0.0663549 0.000725007 0.9952 0.00069119
340 0.0671382 0.000727887 0.9948 0.000719269
341 0.0678435 0.000732094 0.996 0.000631221
342 0.0686613 0.000746672 0.9947 0.000726116
343 0.06961 0.000763986 0.9944 0.000746271
344 0.0699473 0.000769649 0.9923 0.000874155
345 0.0709341 0.000779008 0.9921 0.000885346
346 0.0717954 0.000785731 0.9922 0.000879769
347 0.072005 0.000788001 0.9918 0.000901863
348 0.0730479 0.00079912 0.9912 0.000933993
349 0.0740382 0.000806573 0.9902 0.000985136
350 0.0743822 0.000821167 0.9878 0.00109783
351 0.0749851 0.000816468 0.9891 0.00103838
352 0.0759892 0.000826075 0.99 0.000995037
353 0.0767791 0.000837064 0.9887 0.00105704
354 0.0782026 0.000853873 0.9864 0.00115829
355 0.0786205 0.000859356 0.9855 0.00119546
356 0.079756 0.000869771 0.9852 0.00120758
357 0.0808441 0.000875343 0.9858 0.00118321
358 0.0822352 0.000892238 0.9844 0.00123928
359 0.083362 0.000908185 0.9815 0.00134757
360 0.0843356 0.000914141 0.982 0.00132958
361 0.0852563 0.000926266 0.9801 0.00139664
362 0.086628 0.000939228 0.9795 0.0014171
363 0.0872658 0.00094436 0.9787 0.0014439
364 0.0886922 0.000955011 0.9782 0.00146037
365 0.0907895 0.000976086 0.9751 0.00155828
366 0.0912813 0.000982856 0.9741 0.00158845
367 0.0923009 0.00099473 0.9713 0.0016697
368 0.0937692 0.00100197 0.9708 0.00168375
369 0.0954196 0.00102148 0.9684 0.00174941
370 0.0965994 0.00103438 0.9683 0.00175209
371 0.0982584 0.00105278 0.9655 0.00182519
372 0.100139 0.00106301 0.9635 0.0018754
373 0.101379 0.0010771 0.9612 0.00193128
374 0.102588 0.00108726 0.9606 0.00194554
375 0.104519 0.00110508 0.9571 0.00202642
376 0.10643 0.00111886 0.9554 0.00206434
377 0.107411 0.00113114 0.9539 0.00209712
378 0.110198 0.00115719 0.9513 0.00215251
379 0.112389 0.00116905 0.9474 0.00223245
380 0.113563 0.00118156 0.9459 0.00226226
381 0.115682 0.00120389 0.9402 0.00237128
382 0.117647 0.00122036 0.9386 0.00240075
383 0.119771 0.0012308 0.9356 0.00245476
384 0.122122 0.00125856 0.9317 0.00252273
385 0.124453 0.00128053 0.93 0.0025516
386 0.127191 0.00130251 0.9231 0.00266446
387 0.129905 0.00132309 0.9183 0.00273921
388 0.132829 0.00134984 0.9135 0.00281115
389 0.134633 0.00136576 0.9111 0.00284614
390 0.138132 0.00138617 0.9071 0.00290307
391 0.140515 0.00141017 0.9004 0.00299481
392 0.143913 0.00142556 0.8971 0.00303843
393 0.147803 0.00145751 0.8893 0.00313776
394 0.149859 0.0014659 0.8863 0.00317462
395 0.153342 0.00150034 0.8783 0.00326955
396 0.156194 0.00153247 0.8709 0.00335327
397 0.160969 0.00157044 0.8624 0.00344497
398 0.164981 0.00160381 0.8561 0.00351006
399 0.170217 0.00163522 0.8437 0.00363158
400 0.174397 0.00166915 0.8374 0.00369019
401 0.178628 0.00170369 0.829 0.00376528
402 0.182624 0.00173005 0.8216 0.00382868
403 0.186858 0.00175676 0.8145 0.00388722
404 0.19116 0.00178029 0.806 0.00395449
405 0.194862 0.00180735 0.7979 0.00401587
406 0.197851 0.00182547 0.7924 0.00405609
407 0.201884 0.00185413 0.7818 0.00413045
408 0.204955 0.00187236 0.7771 0.00416213
409 0.208717 0.0018941 0.7686 0.00421749
410 0.211834 0.0019124 0.7662 0.00423268
411 0.214794 0.0019332 0.7593 0.0042753
412 0.218688 0.00195937 0.7517 0.00432048
413 0.221476 0.00197293 0.7454 0.00435658
414 0.225103 0.00198888 0.738 0.00439745
415 0.229076 0.00201372 0.7324 0.0044273
416 0.232724 0.00204279 0.7236 0.00447239
417 0.236171 0.00206324 0.7203 0.00448874
418 0.239615 0.00208226 0.7156 0.00451151
419 0.243414 0.00210126 0.7064 0.00455434
420 0.246126 0.00212484 0.7002 0.00458193
421 0.249488 0.00212938 0.6914 0.00461939
422 0.252599 0.00213909 0.6872 0.00463657
423 0.255389 0.0021625 0.6808 0.0046619
424 0.258818 0.00217596 0.6783 0.00467152
425 0.261834 0.00218943 0.6735 0.00468956
426 0.263953 0.00220563 0.6674 0.00471168
427 0.26675 0.00222731 0.6653 0.00471909
428 0.268376 0.00222211 0.6593 0.00473968
429 0.271061 0.00222893 0.6518 0.00476424
430 0.273268 0.00222961 0.644 0.00478839
431 0.275543 0.00224673 0.6448 0.00478598
432 0.278612 0.00226036 0.643 0.00479139
433 0.28146 0.00227627 0.6342 0.00481678
434 0.284643 0.00229173 0.6301 0.00482802
435 0.286666 0.00230586 0.6258 0.0048394
436 0.289727 0.0023234 0.6213 0.00485087
437 0.292009 0.00233037 0.6175 0.00486022
438 0.294581 0.0023472 0.6153 0.00486549
439 0.296615 0.00235549 0.6102 0.00487729
440 0.298368 0.00235707 0.6058 0.00488703
441 0.3006 0.00236668 0.6023 0.00489447
442 0.30324 0.00237512 0.5996 0.00490004
443 0.306242 0.00238502 0.5953 0.00490858
444 0.308539 0.00238469 0.59 0.00491858
445 0.310791 0.00240724 0.5904 0.00491785
446 0.313551 0.00241183 0.5816 0.00493321
447 0.315297 0.00241785 0.5775 0.00493982
448 0.318004 0.00242007 0.567 0.00495515
449 0.320715 0.00243029 0.5646 0.00495834
450 0.323465 0.00244203 0.5576 0.00496696
451 0.325502 0.00244967 0.5563 0.00496845
452 0.326935 0.00245394 0.5556 0.00496924
453 0.328808 0.0024567 0.5509 0.00497427
454 0.329978 0.00246471 0.5488 0.00497638
455 0.331993 0.00246952 0.5472 0.00497792
456 0.334365 0.00247901 0.5411 0.00498333
457 0.336831 0.00248356 0.5352 0.00498784
458 0.339395 0.00249199 0.5336 0.00498895
459 0.341538 0.00249663 0.5316 0.00499025
460 0.343341 0.00251087 0.5293 0.00499166
461 0.34521 0.00251644 0.5241 0.00499444
462 0.34645 0.00251457 0.5243 0.00499434
463 0.348187 0.00252241 0.5226 0.00499514
464 0.349639 0.00253715 0.5201 0.00499621
465 0.351933 0.00254068 0.5143 0.0049982
466 0.353787 0.00254633 0.5159 0.00499772
467 0.355599 0.00256247 0.5088 0.00499948
468 0.357429 0.00256782 0.5048 0.00500002
469 0.358239 0.00257155 0.5084 0.00499954
470 0.360853 0.00258185 0.5017 0.00500022
471 0.362787 0.00257886 0.4971 0.00500017
472 0.364356 0.00258085 0.4908 0.0049994
473 0.366014 0.00258972 0.4923 0.00499966
474 0.367822 0.00259735 0.4856 0.00499818
475 0.368311 0.00260292 0.4829 0.00499732
476 0.370428 0.00260699 0.4802 0.00499633
477 0.370585 0.0026015 0.4767 0.00499482
478 0.371601 0.00260324 0.479 0.00499584
479 0.373684 0.00260667 0.4757 0.00499434
480 0.375422 0.0026088 0.4732 0.00499306
481 0.376109 0.0026097 0.4717 0.00499223
482 0.377049 0.00260586 0.4702 0.00499136
483 0.378569 0.00260341 0.4679 0.00498993
484 0.380595 0.00261066 0.4646 0.0049877
485 0.382109 0.00261602 0.4637 0.00498706
486 0.383699 0.00262667 0.4617 0.00498556
487 0.385344 0.00263158 0.4609 0.00498494
488 0.386595 0.00263053 0.4586 0.00498308
489 0.387887 0.00263683 0.4577 0.00498232
490 0.389197 0.00264337 0.4569 0.00498164
491 0.390369 0.00264012 0.4534 0.00497849
492 0.391917 0.00264069 0.4515 0.00497667
493 0.393758 0.00264739 0.4493 0.00497448
494 0.394822 0.00264972 0.4464 0.00497144
495 0.395929 0.00265377 0.4426 0.00496719
496 0.396977 0.00265109 0.4424 0.00496696
497 0.397848 0.00264748 0.4425 0.00496708
498 0.398822 0.00265406 0.4396 0.00496363
499 0.400579 0.00265653 0.4311 0.00495255
500 0.402417 0.00265306 0.4285 0.00494886
501 0.403504 0.00265077 0.4287 0.00494915
502 0.404637 0.0026554 0.4302 0.00495129
503 0.404975 0.00265818 0.427 0.00494667
504 0.40634 0.00266415 0.4265 0.00494593
505 0.407063 0.00266494 0.4247 0.00494322
506 0.407884 0.00267216 0.4254 0.00494428
507 0.408387 0.00267196 0.423 0.0049406
508 0.41051 0.00267975 0.4207 0.00493696
509 0.411657 0.0026806 0.4199 0.00493567
510 0.412362 0.00267835 0.4182 0.00493288
511 0.413869 0.0026823 0.4164 0.00492986
512 0.41513 0.00268782 0.4102 0.00491894
513 0.415825 0.00269141 0.4129 0.0049238
514 0.41704 0.00269252 0.4104 0.00491931
515 0.417773 0.0026927 0.4107 0.00491985
516 0.418809 0.00269756 0.4108 0.00492004
517 0.42029 0.0027004 0.4094 0.00491748
518 0.421312 0.00269901 0.4076 0.00491413
519 0.422148 0.00270073 0.4067 0.00491243
520 0.422571 0.00270931 0.4056 0.00491032
521 0.422749 0.00271041 0.4051 0.00490936
522 0.423691 0.00271703 0.4073 0.00491356
523 0.422889 0.00270667 0.4053 0.00490975
524 0.423651 0.00270558 0.402 0.00490326
525 0.424054 0.00270897 0.4003 0.00489984
526 0.425747 0.0027141 0.398 0.0048951
527 0.426366 0.00270914 0.3944 0.00488746
528 0.427559 0.00271126 0.3955 0.00488982
529 0.429306 0.0027054 0.3911 0.00488021
530 0.430755 0.00270902 0.3875 0.00487204
531 0.430868 0.0027067 0.3897 0.00487707
532 0.432085 0.00271334 0.3896 0.00487684
533 0.431976 0.00271187 0.3867 0.00487018
534 0.432514 0.00271096 0.3862 0.00486902
535 0.433641 0.00271043 0.3822 0.00485949
536 0.434407 0.00271687 0.3863 0.00486925
537 0.4349 0.00271861 0.3844 0.00486477
538 0.436422 0.00272126 0.381 0.00485657
539 0.437154 0.00272352 0.3789 0.00485137
540 0.437839 0.00272361 0.3789 0.00485137
541 0.438574 0.0027204 0.3793 0.00485237
542 0.439463 0.0027273 0.378 0.00484912
543 0.440671 0.00272963 0.3763 0.00484481
544 0.440754 0.00272564 0.3737 0.0048381
545 0.441858 0.00272537 0.369 0.00482558
546 0.441824 0.00273117 0.3715 0.0048323
547 0.440964 0.00273458 0.3734 0.00483731
548 0.441476 0.00273607 0.3749 0.00484121
549 0.442299 0.00273427 0.374 0.00483888
550 0.442608 0.00274467 0.3742 0.0048394
551 0.442847 0.00274966 0.375 0.00484147
552 0.442912 0.00274712 0.3751 0.00484173
553 0.443866 0.00274416 0.3732 0.00483679
554 0.443799 0.0027472 0.3717 0.00483283
555 0.444164 0.00274411 0.3705 0.00482963
556 0.444501 0.00273955 0.3688 0.00482504
557 0.445613 0.0027427 0.3681 0.00482313
558 0.446913 0.00273613 0.3645 0.00481314
559 0.447293 0.00274199 0.3666 0.004819
560 0.447634 0.00275026 0.3688 0.00482504
561 0.448909 0.00274781 0.367 0.00482011
562 0.450009 0.0027536 0.3647 0.0048137
563 0.449527 0.00275375 0.3625 0.00480746
564 0.449307 0.00274757 0.3625 0.00480746
565 0.450906 0.00274774 0.3613 0.00480401
566 0.451698 0.00274334 0.3634 0.00481003
567 0.451764 0.00274784 0.3605 0.0048017
568 0.452041 0.00274616 0.3606 0.00480199
569 0.452219 0.0027447 0.3618 0.00480545
570 0.45336 0.00274412 0.3563 0.00478929
571 0.453225 0.00274785 0.3575 0.00479288
572 0.454168 0.00273982 0.3558 0.00478779
573 0.454356 0.00274449 0.3566 0.00479019
574 0.455978 0.00274794 0.3547 0.00478446
575 0.45529 0.00275136 0.3556 0.00478719
576 0.456044 0.00274748 0.3535 0.0047808
577 0.456884 0.00274589 0.3522 0.0047768
578 0.458426 0.00274726 0.352 0.00477618
579 0.458387 0.00274411 0.3513 0.004774
580 0.458576 0.00274989 0.3532 0.00477988
581 0.459351 0.00275279 0.3551 0.00478568
582 0.461023 0.00275635 0.3504 0.00477119
583 0.460448 0.00275291 0.3494 0.00476804
584 0.461016 0.00274362 0.3522 0.0047768
585 0.46121 0.00274708 0.3513 0.004774
586 0.461795 0.00274675 0.3522 0.0047768
587 0.462486 0.00274518 0.3487 0.00476583
588 0.463063 0.00274516 0.346 0.00475717
589 0.463816 0.00273961 0.3459 0.00475685
590 0.464738 0.00273525 0.3422 0.0047447
591 0.465831 0.00274024 0.346 0.00475717
592 0.466328 0.00274039 0.3414 0.00474203
593 0.466626 0.00273877 0.3378 0.00472984
594 0.467226 0.0027352 0.3398 0.00473665
595 0.467913 0.00273535 0.3382 0.00473121
596 0.468158 0.00273641 0.3337 0.00471558
597 0.467431 0.00274435 0.3376 0.00472915
598 0.467313 0.0027438 0.336 0.00472362
599 0.468746 0.00274439 0.3331 0.00471346
600 0.469027 0.00274759 0.3347 0.00471909
601 0.469019 0.0027485 0.3335 0.00471487
602 0.469173 0.00274611 0.333 0.0047131
603 0.469614 0.00275235 0.3359 0.00472328
604 0.470375 0.00275355 0.3363 0.00472467
605 0.470511 0.00275042 0.3288 0.00469801
606 0.470681 0.00274844 0.3333 0.00471416
607 0.471461 0.00274655 0.3319 0.00470919
608 0.472119 0.00274888 0.332 0.00470955
609 0.47146 0.0027476 0.33 0.00470236
610 0.471563 0.0027422 0.3314 0.0047074
611 0.473111 0.0027438 0.3283 0.00469618
612 0.4748 0.00274716 0.326 0.00468771
613 0.475061 0.00274516 0.3288 0.00469801
614 0.47457 0.00274366 0.3326 0.00471168
615 0.474749 0.00273799 0.332 0.00470955
616 0.475798 0.00274445 0.3295 0.00470055
617 0.476103 0.00274265 0.3297 0.00470128
618 0.475742 0.00274393 0.3301 0.00470272
619 0.475682 0.00274796 0.3282 0.00469582
620 0.477237 0.00274926 0.3281 0.00469545
621 0.47808 0.0027559 0.3273 0.00469251
622 0.47707 0.00275164 0.327 0.00469141
623 0.477801 0.00274658 0.3244 0.00468174
624 0.477795 0.00274423 0.3222 0.00467342
625 0.478018 0.00274548 0.3226 0.00467494
626 0.477764 0.00274124 0.324 0.00468023
627 0.477809 0.00274547 0.3254 0.00468548
628 0.478324 0.00274326 0.3238 0.00467948
629 0.478299 0.00274349 0.3232 0.00467722
630 0.47772 0.00273505 0.3201 0.00466538
631 0.478692 0.00274061 0.3224 0.00467419
632 0.478425 0.00274366 0.3217 0.00467152
633 0.478502 0.00273589 0.3239 0.00467986
634 0.479152 0.00273791 0.3222 0.00467342
635 0.479015 0.00273437 0.3215 0.00467076
636 0.47944 0.00273581 0.3203 0.00466615
637 0.479731 0.00274188 0.3222 0.00467342
638 0.479366 0.00273753 0.3181 0.00465762
639 0.479729 0.00274156 0.3184 0.00465879
640 0.479191 0.00273518 0.3189 0.00466074
641 0.478814 0.00273179 0.3215 0.00467076
642 0.479857 0.00273591 0.3188 0.00466035
643 0.479778 0.00273477 0.3193 0.00466229
644 0.480012 0.0027379 0.3198 0.00466422
645 0.480402 0.00273529 0.3191 0.00466151
646 0.480448 0.00272905 0.318 0.00465723
647 0.479865 0.0027244 0.3185 0.00465918
648 0.481105 0.00272861 0.3161 0.00464976
649 0.480676 0.00273388 0.3145 0.0046434
650 0.481423 0.00273051 0.3158 0.00464857
651 0.481764 0.0027329 0.313 0.00463738
652 0.482699 0.0027309 0.3112 0.00463008
653 0.483084 0.00273349 0.3096 0.00462352
654 0.4837 0.00273415 0.3072 0.00461356
655 0.483893 0.00273514 0.3105 0.00462721
656 0.484843 0.00273245 0.3084 0.00461856
657 0.485311 0.00272851 0.3082 0.00461773
658 0.48588 0.00273344 0.3088 0.00462022
659 0.486162 0.0027321 0.3048 0.00460346
660 0.486009 0.00272853 0.3053 0.00460557
661 0.486567 0.00273283 0.3095 0.00462311
662 0.487 0.00274553 0.3073 0.00461398
663 0.486855 0.00274009 0.3091 0.00462146
664 0.487106 0.00273895 0.3095 0.00462311
665 0.487757 0.00274282 0.307 0.00461272
666 0.487722 0.00274209 0.3065 0.00461063
667 0.487451 0.00274658 0.3094 0.00462269
668 0.487989 0.0027482 0.3059 0.00460811
669 0.488556 0.00274807 0.3077 0.00461565
670 0.487918 0.00274585 0.3093 0.00462228
671 0.48813 0.00274805 0.3098 0.00462434
672 0.48835 0.00274645 0.3096 0.00462352
673 0.488039 0.00275206 0.3127 0.00463616
674 0.487864 0.00275548 0.3139 0.00464099
675 0.488026 0.00275642 0.3118 0.00463252
676 0.487978 0.00276495 0.3133 0.00463858
677 0.488028 0.00276246 0.3101 0.00462557
678 0.487961 0.00276409 0.3083 0.00461814
679 0.487967 0.00276807 0.3123 0.00463455
680 0.488524 0.00276567 0.3133 0.00463858
681 0.488306 0.00277241 0.3132 0.00463818
682 0.48872 0.0027753 0.3143 0.0046426
683 0.489027 0.00277244 0.313 0.00463738
684 0.488797 0.00276694 0.311 0.00462926
685 0.489636 0.00276467 0.3125 0.00463536
686 0.489332 0.00276758 0.3113 0.00463048
687 0.489554 0.00276299 0.3119 0.00463292
688 0.48987 0.00276063 0.3104 0.00462681
689 0.489342 0.00276202 0.3096 0.00462352
690 0.48933 0.00275878 0.3098 0.00462434
691 0.490298 0.00276239 0.3081 0.00461731
692 0.490756 0.00275784 0.3086 0.00461939
693 0.490784 0.00276706 0.3069 0.00461231
694 0.489787 0.00275968 0.3065 0.00461063
695 0.490427 0.00276396 0.306 0.00460853
696 0.491264 0.00275958 0.3095 0.00462311
697 0.490926 0.00276183 0.3075 0.00461481
698 0.490531 0.00276059 0.3096 0.00462352
699 0.490926 0.00276251 0.3117 0.00463211
700 0.491206 0.00276201 0.3112 0.00463008
701 0.490982 0.00275739 0.3132 0.00463818
702 0.491165 0.00275829 0.3093 0.00462228
703 0.49076 0.00276235 0.3143 0.0046426
704 0.490679 0.00276019 0.3072 0.00461356
705 0.490894 0.00275523 0.3107 0.00462803
706 0.49087 0.00275985 0.3064 0.00461021
707 0.491876 0.00276845 0.3049 0.00460388
708 0.491465 0.00276824 0.3069 0.00461231
709 0.491951 0.00277016 0.3062 0.00460937
710 0.492157 0.002767 0.3056 0.00460684
711 0.49238 0.00276421 0.3075 0.00461481
712 0.492393 0.00277018 0.3078 0.00461606
713 0.492394 0.00277011 0.308 0.0046169
714 0.492591 0.00277111 0.3067 0.00461147
715 0.493101 0.00277542 0.3063 0.00460979
716 0.493637 0.00278149 0.305 0.0046043
717 0.493083 0.00277827 0.3072 0.00461356
718 0.493293 0.00277825 0.306 0.00460853
719 0.493921 0.00278013 0.3068 0.00461189
720 0.493699 0.00277568 0.3088 0.00462022
721 0.493102 0.00278205 0.308 0.0046169
722 0.493062 0.00278264 0.3102 0.00462598
723 0.492885 0.00278134 0.3114 0.00463089
724 0.493806 0.00277382 0.3052 0.00460515
725 0.493937 0.00277775 0.3035 0.00459792
726 0.493076 0.00277956 0.3035 0.00459792
727 0.493224 0.0027816 0.3046 0.00460261
728 0.492597 0.00278079 0.3082 0.00461773
729 0.493121 0.00278177 0.304 0.00460006
730 0.492292 0.00278658 0.3038 0.0045992
731 0.492983 0.00278584 0.3058 0.00460768
732 0.493306 0.0027814 0.3064 0.00461021
733 0.492638 0.0027852 0.307 0.00461272
734 0.493346 0.00277887 0.3055 0.00460642
735 0.493003 0.00278615 0.3059 0.00460811
736 0.492798 0.0027878 0.3057 0.00460726
737 0.49264 0.00278037 0.3052 0.00460515
738 0.493309 0.00277673 0.3076 0.00461523
739 0.493083 0.00278244 0.3022 0.00459234
740 0.493557 0.00278357 0.3023 0.00459277
741 0.49231 0.00278016 0.3039 0.00459963
742 0.492864 0.0027807 0.3028 0.00459492
743 0.492664 0.00277276 0.3038 0.0045992
744 0.492808 0.00277205 0.3067 0.00461147
745 0.492843 0.00277443 0.3043 0.00460133
746 0.492842 0.00277264 0.3065 0.00461063
747 0.492785 0.00276558 0.3032 0.00459664
748 0.492624 0.00275776 0.3053 0.00460557
749 0.493338 0.00274769 0.301 0.00458716
750 0.493986 0.00274702 0.3021 0.00459191
751 0.494279 0.0027489 0.3014 0.00458889
752 0.493504 0.00275189 0.3046 0.00460261
753 0.493984 0.00274206 0.3031 0.00459621
754 0.493424 0.00273595 0.3024 0.00459321
755 0.494103 0.00273278 0.3011 0.00458759
756 0.493128 0.00273626 0.3036 0.00459835
757 0.492759 0.00273915 0.2997 0.00458149
758 0.492741 0.00273849 0.3037 0.00459878
759 0.493174 0.00274416 0.303 0.00459578
760 0.493281 0.00274293 0.3024 0.00459321
761 0.493191 0.00274744 0.3031 0.00459621
762 0.494352 0.00274991 0.2988 0.00457755
763 0.494844 0.00274736 0.3016 0.00458975
764 0.494344 0.00274595 0.3014 0.00458889
765 0.49442 0.00274634 0.3061 0.00460895
766 0.495849 0.0027423 0.3028 0.00459492
767 0.496796 0.00274147 0.299 0.00457843
768 0.497285 0.00274337 0.2969 0.00456915
769 0.497823 0.00274474 0.2993 0.00457974
770 0.497018 0.00274693 0.2964 0.00456692
771 0.49679 0.00274404 0.2951 0.00456111
772 0.496478 0.00274824 0.2976 0.00457225
773 0.496827 0.00274914 0.2965 0.00456737
774 0.49619 0.00274209 0.3016 0.00458975
775 0.496414 0.0027439 0.3008 0.00458629
776 0.497265 0.00274637 0.2985 0.00457623
777 0.498101 0.00273335 0.2977 0.0045727
778 0.498182 0.00273419 0.2931 0.00455207
779 0.497973 0.00273505 0.294 0.00455615
780 0.498071 0.00273506 0.2983 0.00457535
781 0.498685 0.00273827 0.2958 0.00456424
782 0.49827 0.00273585 0.2974 0.00457137
783 0.499421 0.00273414 0.2937 0.00455479
784 0.500084 0.00274106 0.295 0.00456066
785 0.499574 0.00273652 0.2951 0.00456111
786 0.499994 0.00273497 0.2938 0.00455524
787 0.499315 0.00273017 0.295 0.00456066
788 0.499353 0.0027333 0.2945 0.0045584
789 0.498983 0.00273409 0.2947 0.00455931
790 0.497954 0.00274113 0.299 0.00457843
791 0.498131 0.00274248 0.2952 0.00456155
792 0.497536 0.00273979 0.2953 0.004562
793 0.497527 0.00274074 0.2959 0.00456469
794 0.496878 0.00274402 0.2951 0.00456111
795 0.496703 0.00274797 0.2998 0.00458193
796 0.49652 0.0027492 0.3 0.0045828
797 0.496445 0.00274772 0.2974 0.00457137
798 0.496626 0.00275104 0.2988 0.00457755
799 0.496226 0.00274582 0.3003 0.00458411
800 0.497002 0.00274729 0.2971 0.00457004
801 0.497388 0.00274794 0.2971 0.00457004
802 0.498234 0.00274542 0.2954 0.00456245
803 0.497009 0.00274865 0.297 0.00456959
804 0.498282 0.00274101 0.2943 0.0045575
805 0.497548 0.00274336 0.2963 0.00456648
806 0.497235 0.00274925 0.298 0.00457402
807 0.49837 0.00274448 0.2972 0.00457048
808 0.497974 0.00274447 0.2933 0.00455298
809 0.498107 0.00274429 0.294 0.00455615
810 0.497763 0.0027446 0.2962 0.00456603
811 0.497295 0.00274887 0.2976 0.00457225
812 0.497032 0.00274361 0.2976 0.00457225
813 0.496401 0.00273998 0.2976 0.00457225
814 0.495708 0.00274924 0.3013 0.00458846
815 0.495415 0.00274851 0.3023 0.00459277
816 0.494797 0.00275284 0.3009 0.00458672
817 0.495434 0.0027542 0.2973 0.00457093
818 0.495054 0.00275759 0.3015 0.00458932
819 0.495678 0.00276227 0.3009 0.00458672
820 0.496283 0.00276325 0.2984 0.00457579
821 0.495892 0.00276066 0.2974 0.00457137
822 0.49605 0.00276312 0.2959 0.00456469
823 0.495854 0.00275386 0.2998 0.00458193
824 0.495087 0.00276131 0.3004 0.00458455
825 0.494245 0.00276329 0.3007 0.00458585
826 0.494085 0.00276684 0.3029 0.00459535
827 0.494493 0.00276666 0.3033 0.00459707
828 0.494949 0.0027623 0.3007 0.00458585
829 0.494823 0.00276625 0.3027 0.00459449
830 0.495888 0.00276493 0.2992 0.0045793
831 0.494806 0.0027553 0.2987 0.00457711
832 0.49504 0.00275876 0.3028 0.00459492
833 0.495689 0.00275539 0.3003 0.00458411
834 0.495985 0.00276316 0.3024 0.00459321
835 0.496368 0.00276016 0.3013 0.00458846
836 0.496572 0.00275895 0.2975 0.00457181
837 0.497169 0.00275282 0.2965 0.00456737
838 0.496161 0.00275063 0.2992 0.0045793
839 0.496369 0.00275553 0.2965 0.00456737
840 0.496617 0.00275062 0.2975 0.00457181
841 0.496329 0.0027583 0.2959 0.00456469
842 0.496707 0.00275139 0.298 0.00457402
843 0.496756 0.00274813 0.296 0.00456514
844 0.496857 0.00274736 0.2968 0.0045687
845 0.497643 0.00274887 0.2953 0.004562
846 0.498367 0.00275234 0.2941 0.0045566
847 0.498595 0.00275231 0.2937 0.00455479
848 0.498528 0.00275615 0.2907 0.00454108
849 0.497927 0.00275909 0.2926 0.00454979
850 0.497535 0.00276768 0.2976 0.00457225
851 0.497228 0.00276827 0.2995 0.00458062
852 0.497427 0.00276802 0.2974 0.00457137
853 0.497763 0.00277251 0.2976 0.00457225
854 0.498069 0.0027743 0.2986 0.00457667
855 0.497227 0.00277461 0.2979 0.00457358
856 0.497372 0.00277009 0.3006 0.00458542
857 0.496987 0.00276814 0.2995 0.00458062
858 0.496284 0.00277236 0.2995 0.00458062
859 0.496012 0.00276727 0.2981 0.00457447
860 0.495956 0.00276164 0.2984 0.00457579
861 0.495837 0.00275348 0.2997 0.00458149
862 0.495955 0.00275323 0.2979 0.00457358
863 0.496115 0.00275864 0.2977 0.0045727
864 0.496055 0.00275953 0.2958 0.00456424
865 0.49595 0.00275785 0.301 0.00458716
866 0.496175 0.00275353 0.2991 0.00457887
867 0.496067 0.00275722 0.2986 0.00457667
868 0.497126 0.00275712 0.2967 0.00456826
869 0.496784 0.00275604 0.2987 0.00457711
870 0.496752 0.00275202 0.2965 0.00456737
871 0.497155 0.0027583 0.2956 0.00456335
872 0.49701 0.00276011 0.2976 0.00457225
873 0.496899 0.00275624 0.3003 0.00458411
874 0.49682 0.00275724 0.2973 0.00457093
875 0.496087 0.00275797 0.3037 0.00459878
876 0.495808 0.00275952 0.3025 0.00459364
877 0.496065 0.00276434 0.3023 0.00459277
878 0.496749 0.00275422 0.3017 0.00459019
879 0.497011 0.0027615 0.3023 0.00459277
880 0.497113 0.00276065 0.3012 0.00458802
881 0.496334 0.00275625 0.3041 0.00460048
882 0.496533 0.0027587 0.3008 0.00458629
883 0.496208 0.00276254 0.2999 0.00458237
884 0.496595 0.00275881 0.3029 0.00459535
885 0.495654 0.00275767 0.3021 0.00459191
886 0.494806 0.00275514 0.3025 0.00459364
887 0.494555 0.00274738 0.2994 0.00458018
888 0.494801 0.00274728 0.2985 0.00457623
889 0.495518 0.00275398 0.2982 0.00457491
890 0.49588 0.00275169 0.2989 0.00457799
891 0.496427 0.00274841 0.2995 0.00458062
892 0.49586 0.00275311 0.297 0.00456959
893 0.496394 0.00275481 0.2994 0.00458018
894 0.496028 0.00275654 0.2974 0.00457137
895 0.496215 0.00276312 0.2992 0.0045793
896 0.497273 0.00276907 0.302 0.00459148
897 0.497728 0.00276378 0.3021 0.00459191
898 0.497912 0.00276387 0.2982 0.00457491
899 0.497659 0.00276075 0.2991 0.00457887
900 0.498603 0.00275573 0.2951 0.00456111
901 0.498265 0.00275817 0.2991 0.00457887
902 0.498404 0.00275923 0.3003 0.00458411
903 0.497796 0.00276054 0.2975 0.00457181
904 0.497332 0.00276246 0.2971 0.00457004
905 0.497312 0.00276514 0.2992 0.0045793
906 0.497586 0.00277472 0.3002 0.00458368
907 0.497182 0.00276995 0.2993 0.00457974
908 0.498487 0.00276306 0.2976 0.00457225
909 0.498375 0.00276003 0.2977 0.0045727
910 0.498693 0.00276084 0.2955 0.0045629
911 0.498734 0.00276083 0.2954 0.00456245
912 0.498595 0.00276187 0.2984 0.00457579
913 0.499354 0.00275833 0.2966 0.00456781
914 0.499178 0.00276109 0.2958 0.00456424
915 0.498878 0.00276006 0.2955 0.0045629
916 0.498929 0.00275497 0.2972 0.00457048
917 0.499033 0.00276067 0.2948 0.00455976
918 0.49845 0.00275773 0.2981 0.00457447
919 0.497802 0.00275853 0.3038 0.0045992
920 0.497177 0.00275435 0.3029 0.00459535
921 0.497443 0.00274931 0.2993 0.00457974
922 0.497681 0.00274776 0.2977 0.0045727
923 0.497607 0.00275531 0.2979 0.00457358
924 0.496355 0.00276056 0.301 0.00458716
925 0.497079 0.00276656 0.3012 0.00458802
926 0.496361 0.00276408 0.3027 0.00459449
927 0.496619 0.00276618 0.3007 0.00458585
928 0.496156 0.00275635 0.2997 0.00458149
929 0.496399 0.00276807 0.2976 0.00457225
930 0.497044 0.00275878 0.2997 0.00458149
931 0.497181 0.00276081 0.2985 0.00457623
932 0.497296 0.00276138 0.3003 0.00458411
933 0.497074 0.00276141 0.2986 0.00457667
934 0.496518 0.00276251 0.2976 0.00457225
935 0.495888 0.00276337 0.2995 0.00458062
936 0.495917 0.00275705 0.2987 0.00457711
937 0.495893 0.00275422 0.2964 0.00456692
938 0.495687 0.00275663 0.301 0.00458716
939 0.496265 0.00276094 0.2995 0.00458062
940 0.497058 0.00275744 0.2953 0.004562
941 0.497459 0.00275403 0.293 0.00455161
942 0.498399 0.0027515 0.2928 0.0045507
943 0.49784 0.00275727 0.2956 0.00456335
944 0.498322 0.00275564 0.2934 0.00455343
945 0.498306 0.00275957 0.2958 0.00456424
946 0.498803 0.00276382 0.2972 0.00457048
947 0.49847 0.00275772 0.2944 0.00455795
948 0.498426 0.0027523 0.2931 0.00455207
949 0.498467 0.00275098 0.2926 0.00454979
950 0.498447 0.00274725 0.294 0.00455615
951 0.499047 0.00274538 0.2907 0.00454108
952 0.498505 0.00274232 0.2917 0.00454568
953 0.49769 0.00274821 0.2954 0.00456245
954 0.498313 0.00274801 0.2921 0.00454751
955 0.498746 0.00274515 0.2932 0.00455252
956 0.497976 0.00274311 0.2954 0.00456245
957 0.497947 0.00274812 0.2953 0.004562
958 0.497591 0.00275537 0.2954 0.00456245
959 0.498227 0.00275035 0.2956 0.00456335
960 0.498701 0.00274664 0.2953 0.004562
961 0.497665 0.00274431 0.2945 0.0045584
962 0.498292 0.00274178 0.2914 0.0045443
963 0.4986 0.00273654 0.2914 0.0045443
964 0.498642 0.00274231 0.2932 0.00455252
965 0.498112 0.00274718 0.2947 0.00455931
966 0.498583 0.00274343 0.2946 0.00455886
967 0.498555 0.00274658 0.296 0.00456514
968 0.498924 0.00275807 0.2959 0.00456469
969 0.498553 0.00276219 0.2997 0.00458149
970 0.498239 0.00275621 0.2976 0.00457225
971 0.498356 0.00275834 0.2966 0.00456781
972 0.49838 0.00275539 0.2966 0.00456781
973 0.497182 0.00275303 0.2965 0.00456737
974 0.496999 0.00275208 0.2965 0.00456737
975 0.496754 0.00274689 0.2958 0.00456424
976 0.496419 0.00274552 0.2965 0.00456737
977 0.495559 0.00275235 0.2982 0.00457491
978 0.495925 0.00275378 0.2964 0.00456692
979 0.496119 0.0027499 0.2982 0.00457491
980 0.496509 0.00274829 0.2992 0.0045793
981 0.496015 0.00275479 0.3004 0.00458455
982 0.495492 0.00275693 0.3008 0.00458629
983 0.495752 0.00275985 0.2994 0.00458018
984 0.496126 0.00276142 0.3002 0.00458368
985 0.496747 0.00276776 0.2963 0.00456648
986 0.496869 0.00276203 0.2993 0.00457974
987 0.49726 0.00276796 0.3004 0.00458455
988 0.497106 0.00276807 0.2996 0.00458106
989 0.498411 0.00277016 0.2982 0.00457491
990 0.498073 0.00277675 0.3019 0.00459105
991 0.498316 0.00277594 0.298 0.00457402
992 0.498623 0.00277671 0.2984 0.00457579
993 0.497921 0.00277336 0.296 0.00456514
994 0.498282 0.00277145 0.2975 0.00457181
995 0.497677 0.00277413 0.3 0.0045828
996 0.497266 0.00277915 0.3015 0.00458932
997 0.496741 0.00278093 0.3011 0.00458759
998 0.496088 0.00278639 0.3031 0.00459621
999 0.49623 0.0027787 0.2995 0.00458062
