#sample=7479
0 0.00137809 7.2401e-06 1 0
1 0.00144663 9.672e-06 1 0
2 0.00156371 1.71504e-05 1 0
3 0.00165456 1.53852e-05 1 0
4 0.00184747 1.86676e-05 1 0
5 0.00201498 2.14928e-05 1 0
6 0.00229986 2.56136e-05 1 0
7 0.0025211 2.88552e-05 1 0
8 0.00281985 3.33286e-05 1 0
9 0.00314706 3.88114e-05 1 0
10 0.00346621 4.50226e-05 1 0
11 0.00394255 5.2128e-05 1 0
12 0.0042563 5.95703e-05 1 0
13 0.0046771 6.45527e-05 1 0
14 0.0051511 7.02214e-05 1 0
15 0.00548085 7.55992e-05 1 0
16 0.00608904 8.23468e-05 1 0
17 0.00657142 8.82675e-05 1 0
18 0.00694368 9.38366e-05 1 0
19 0.00744189 0.000103737 1 0
20 0.00783634 0.000108761 1 0
21 0.00830124 0.000113964 1 0
22 0.00865136 0.000118565 1 0
23 0.00918817 0.00012836 1 0
24 0.00920862 0.000127128 1 0
25 0.0097519 0.000135633 1 0
26 0.0104279 0.000141998 1 0
27 0.010283 0.000143416 1 0
28 0.011136 0.000155087 1 0
29 0.0118526 0.000165031 1 0
30 0.0119878 0.000169265 1 0
31 0.0126034 0.00017486 1 0
32 0.0131358 0.00018126 1 0
33 0.0139233 0.000243314 1 0
34 0.0135825 0.000188475 1 0
35 0.0142419 0.000198971 1 0
36 0.0147313 0.000206043 1 0
37 0.0148933 0.00020611 1 0
38 0.0149717 0.000207587 1 0
39 0.0151903 0.000207523 1 0
40 0.0158385 0.000219622 1 0
41 0.0155187 0.000211543 1 0
42 0.0160631 0.000233255 1 0
43 0.0160637 0.00022068 1 0
44 0.0159184 0.000225523 1 0
45 0.0162716 0.000225267 1 0
46 0.0170522 0.000238708 1 0
47 0.0175205 0.000239871 1 0
48 0.0173441 0.000240689 1 0
49 0.0176494 0.000253454 1 0
50 0.0192262 0.000348467 0.997994 0.000517363
51 0.0186919 0.000257495 1 0
52 0.0189719 0.000281832 1 0
53 0.0191123 0.000263741 1 0
54 0.0185955 0.000252764 1 0
55 0.019686 0.00027711 1 0
56 0.0188495 0.000258842 1 0
57 0.0193347 0.000268756 1 0
58 0.0202191 0.000282361 1 0
59 0.0203246 0.000278317 1 0
60 0.0206308 0.000297627 1 0
61 0.020638 0.000283661 1 0
62 0.0215054 0.000310749 1 0
63 0.0217275 0.000322748 1 0
64 0.0219405 0.000299337 1 0
65 0.0221426 0.000293473 1 0
66 0.0222092 0.000304811 1 0
67 0.0226028 0.000308201 1 0
68 0.0230002 0.000303322 1 0
69 0.0234841 0.000316777 1 0
70 0.0236603 0.000317031 1 0
71 0.0228891 0.000303692 1 0
72 0.0241639 0.000337043 1 0
73 0.0249178 0.000374571 0.997994 0.000517363
74 0.0242923 0.000309305 1 0
75 0.0244929 0.000328792 1 0
76 0.0253574 0.000339901 1 0
77 0.0248842 0.0003209 1 0
78 0.0265094 0.000338523 1 0
79 0.0262966 0.000351895 1 0
80 0.0262404 0.000333152 1 0
81 0.0283184 0.000409781 0.997994 0.000517363
82 0.0275738 0.00035291 1 0
83 0.0273784 0.000348621 1 0
84 0.0280349 0.000340423 1 0
85 0.0287194 0.000383741 1 0
86 0.0291668 0.000357228 1 0
87 0.0285511 0.000354372 1 0
88 0.0288438 0.000356648 1 0
89 0.0303395 0.000384754 1 0
90 0.0298944 0.000367651 1 0
91 0.0298769 0.000365841 1 0
92 0.0305001 0.000402064 0.997994 0.000517363
93 0.0312311 0.000391049 1 0
94 0.0306592 0.000369838 1 0
95 0.0310061 0.000371265 1 0
96 0.0325827 0.000389661 1 0
97 0.0328967 0.000399963 1 0
98 0.0331451 0.000404787 1 0
99 0.0334896 0.000401247 1 0
100 0.032588 0.000385682 1 0
101 0.0339722 0.000402622 1 0
102 0.0336998 0.000391926 1 0
103 0.0337096 0.000433865 0.997994 0.000517363
104 0.033944 0.000400264 1 0
105 0.0341692 0.00040433 1 0
106 0.0347237 0.00042608 0.997994 0.000517363
107 0.0341896 0.000418498 1 0
108 0.0337933 0.000384467 1 0
109 0.0347279 0.000407584 1 0
110 0.0349521 0.000409499 1 0
111 0.0359012 0.000427341 1 0
112 0.0353844 0.000444649 0.997994 0.000517363
113 0.0352641 0.00043505 0.997994 0.000517363
114 0.0379425 0.000441564 1 0
115 0.0361824 0.000425707 0.997994 0.000517363
116 0.0366206 0.000432768 1 0
117 0.0362505 0.000437687 1 0
118 0.0358744 0.000402197 1 0
119 0.0361941 0.000407063 1 0
120 0.0374346 0.000482009 0.995989 0.000730926
121 0.036278 0.000408282 1 0
122 0.0373009 0.000420451 1 0
123 0.0365359 0.000421385 1 0
124 0.0367793 0.000420909 1 0
125 0.0361955 0.000417023 1 0
126 0.0365776 0.000410325 1 0
127 0.0380259 0.000441378 1 0
128 0.0379633 0.000428872 1 0
129 0.037449 0.000426057 1 0
130 0.0376497 0.000429394 1 0
131 0.0386633 0.000452386 1 0
132 0.0375625 0.000415266 1 0
133 0.0401757 0.000472446 1 0
134 0.0376359 0.000412767 1 0
135 0.0388535 0.000449258 1 0
136 0.0387627 0.000453115 1 0
137 0.0392313 0.000443699 1 0
138 0.0391093 0.000436184 1 0
139 0.0385171 0.000435443 1 0
140 0.039387 0.00043478 1 0
141 0.0409218 0.000452404 1 0
142 0.0415063 0.00047813 0.997994 0.000517363
143 0.0406763 0.000456491 1 0
144 0.0417237 0.000479116 0.997994 0.000517363
145 0.0413528 0.000474347 1 0
146 0.0389586 0.000427157 1 0
147 0.0396017 0.000437295 1 0
148 0.0401452 0.000447189 1 0
149 0.0411742 0.000494694 0.997994 0.000517363
150 0.0411544 0.000457922 1 0
151 0.040592 0.000450229 1 0
152 0.0428135 0.000470489 1 0
153 0.041134 0.000456253 1 0
154 0.0411712 0.000461173 1 0
155 0.0430017 0.000492074 1 0
156 0.04413 0.000504557 1 0
157 0.042675 0.000505216 0.997994 0.000517363
158 0.0441176 0.00048863 1 0
159 0.0431287 0.000474189 1 0
160 0.0439685 0.000512707 1 0
161 0.04351 0.000500582 1 0
162 0.0437951 0.000487691 1 0
163 0.0449406 0.000493207 1 0
164 0.0448281 0.000491668 1 0
165 0.0442208 0.000487077 1 0
166 0.0448543 0.000487954 1 0
167 0.0475938 0.000502658 1 0
168 0.0471131 0.000545589 0.997994 0.000517363
169 0.0484877 0.000531585 1 0
170 0.0489253 0.000539694 0.997994 0.000517363
171 0.0492261 0.000524325 1 0
172 0.0492676 0.000538494 0.997994 0.000517363
173 0.0496032 0.00052594 1 0
174 0.0495499 0.000538759 1 0
175 0.0485146 0.000522194 1 0
176 0.0476609 0.000519058 1 0
177 0.04833 0.000545828 1 0
178 0.0487954 0.000525574 1 0
179 0.047494 0.00052338 1 0
180 0.0479958 0.000543672 1 0
181 0.0483439 0.000533041 1 0
182 0.0491326 0.00055431 1 0
183 0.0496404 0.000549735 1 0
184 0.0493364 0.00053712 1 0
185 0.049093 0.000556925 0.997994 0.000517363
186 0.0495148 0.0005394 1 0
187 0.0503844 0.000539289 1 0
188 0.0503319 0.000566964 0.997994 0.000517363
189 0.0512542 0.000572803 1 0
190 0.0515893 0.000582767 0.997994 0.000517363
191 0.0508481 0.000556263 1 0
192 0.0498378 0.000539692 1 0
193 0.0503976 0.00054602 1 0
194 0.0511438 0.000575068 0.997994 0.000517363
195 0.0501788 0.000561733 1 0
196 0.0515273 0.000602393 0.997994 0.000517363
197 0.0510956 0.000552802 1 0
198 0.0524104 0.000567108 1 0
199 0.0522501 0.000564932 1 0
200 0.0504767 0.000562604 1 0
201 0.0508556 0.000561203 1 0
202 0.0528156 0.000580933 1 0
203 0.0532868 0.000580495 1 0
204 0.0528803 0.000583152 1 0
205 0.0532653 0.000589766 1 0
206 0.0551537 0.000643835 0.997994 0.000517363
207 0.0538087 0.000582925 1 0
208 0.0533218 0.000586251 1 0
209 0.0533588 0.000578571 1 0
210 0.0545537 0.000611652 1 0
211 0.0536085 0.000588508 1 0
212 0.0550823 0.000608379 1 0
213 0.0562352 0.000625953 1 0
214 0.056011 0.000611609 1 0
215 0.0552972 0.000617415 1 0
216 0.0561882 0.000632762 0.997994 0.000517363
217 0.0552983 0.000619528 1 0
218 0.0582844 0.000639439 0.997994 0.000517363
219 0.0566311 0.000623519 1 0
220 0.056911 0.000613956 1 0
221 0.0577518 0.000616627 1 0
222 0.0571975 0.000621806 1 0
223 0.0589153 0.000632831 1 0
224 0.0584828 0.000626124 1 0
225 0.0581234 0.000622464 1 0
226 0.0585647 0.000694383 0.997994 0.000517363
227 0.0597049 0.000625115 1 0
228 0.0588675 0.000630274 1 0
229 0.0571066 0.000625321 1 0
230 0.0581185 0.000638666 0.997994 0.000517363
231 0.0601121 0.000640379 1 0
232 0.0599363 0.000651741 1 0
233 0.0596512 0.000653559 1 0
234 0.060536 0.00065255 1 0
235 0.059517 0.000655585 1 0
236 0.0595073 0.000656804 1 0
237 0.0594028 0.000685116 1 0
238 0.0616861 0.000680681 1 0
239 0.0601194 0.00066928 1 0
240 0.0618091 0.000681905 1 0
241 0.0614481 0.000678284 1 0
242 0.0615125 0.000684492 1 0
243 0.0620758 0.000693211 1 0
244 0.0637657 0.000699832 0.997994 0.000517363
245 0.0650357 0.000704372 1 0
246 0.0655621 0.000698569 1 0
247 0.0657901 0.000695764 1 0
248 0.0644483 0.000702062 1 0
249 0.0655883 0.000711941 0.997994 0.000517363
250 0.0663863 0.00073326 0.997994 0.000517363
251 0.0658993 0.000734116 0.997994 0.000517363
252 0.0663617 0.000726298 1 0
253 0.0672902 0.000715576 1 0
254 0.0682749 0.000744856 1 0
255 0.0681083 0.000742859 1 0
256 0.068294 0.000718769 1 0
257 0.0704541 0.000733774 0.997994 0.000517363
258 0.0707645 0.000749599 1 0
259 0.0692343 0.000726018 1 0
260 0.0733873 0.000759861 1 0
261 0.0721472 0.000740926 1 0
262 0.0727886 0.000748566 1 0
263 0.0720917 0.000735289 1 0
264 0.0716432 0.000741767 0.997994 0.000517363
265 0.0715675 0.000733583 1 0
266 0.0712677 0.000743534 1 0
267 0.0715995 0.000741547 0.997994 0.000517363
268 0.0714901 0.000764584 1 0
269 0.0701999 0.000750772 1 0
270 0.070596 0.000773196 0.997994 0.000517363
271 0.0715737 0.000770594 1 0
272 0.0740425 0.00077187 1 0
273 0.0729564 0.000780004 1 0
274 0.0756927 0.000809167 0.997994 0.000517363
275 0.0743065 0.000782503 1 0
276 0.0752214 0.000784469 1 0
277 0.077001 0.000801405 0.997994 0.000517363
278 0.07765 0.000832979 0.993983 0.000894296
279 0.0748368 0.00080612 0.997994 0.000517363
280 0.0766669 0.000808707 0.997994 0.000517363
281 0.0757129 0.00081775 0.995989 0.000730926
282 0.0783373 0.000815458 0.997994 0.000517363
283 0.0768994 0.000825024 0.997994 0.000517363
284 0.077704 0.000850814 0.995989 0.000730926
285 0.076045 0.000807348 0.997994 0.000517363
286 0.0773151 0.000838444 0.995989 0.000730926
287 0.0805304 0.000862931 0.994117 0.000884363
288 0.080668 0.000857856 0.993983 0.000894296
289 0.0811413 0.000858702 0.995989 0.000730926
290 0.0818834 0.000880663 0.993983 0.000894296
291 0.0816596 0.000894813 0.993983 0.000894296
292 0.0841156 0.000894152 0.991978 0.0010316
293 0.0834942 0.000890741 0.991978 0.0010316
294 0.0836851 0.000906979 0.993983 0.000894296
295 0.0847932 0.000943538 0.989972 0.0011522
296 0.0857018 0.000937934 0.9881 0.00125395
297 0.0884631 0.000936592 0.986094 0.00135413
298 0.0897789 0.000950556 0.991978 0.0010316
299 0.0906653 0.000960026 0.9881 0.00125395
300 0.0877482 0.000946642 0.9881 0.00125395
301 0.0889449 0.000951854 0.991978 0.0010316
302 0.0892189 0.000944922 0.993983 0.000894296
303 0.0886774 0.000943065 0.989972 0.0011522
304 0.0924365 0.000981166 0.989972 0.0011522
305 0.0904032 0.000945882 0.989972 0.0011522
306 0.0913886 0.000959161 0.985961 0.00136054
307 0.0911337 0.000975677 0.987833 0.00126779
308 0.0915264 0.000965179 0.993849 0.000904117
309 0.0927071 0.000972202 0.985961 0.00136054
310 0.0928219 0.000969019 0.989972 0.0011522
311 0.0931985 0.0010202 0.983955 0.00145299
312 0.0940773 0.000985058 0.987966 0.00126089
313 0.0940245 0.000968049 0.993983 0.000894296
314 0.0949624 0.000965617 0.991978 0.0010316
315 0.0965634 0.00099027 0.989972 0.0011522
316 0.0964192 0.000977708 0.9881 0.00125395
317 0.100954 0.000995221 0.993983 0.000894296
318 0.0997883 0.00101827 0.986094 0.00135413
319 0.100263 0.00104289 0.984222 0.00144103
320 0.0998373 0.00101702 0.989972 0.0011522
321 0.102289 0.00105893 0.984089 0.00144703
322 0.103412 0.00104882 0.987833 0.00126779
323 0.102975 0.00103739 0.987966 0.00126089
324 0.105039 0.00103861 0.987966 0.00126089
325 0.10417 0.00103184 0.987966 0.00126089
326 0.106413 0.00103438 0.989838 0.00115978
327 0.109083 0.00108907 0.983821 0.00145894
328 0.107273 0.00109983 0.983821 0.00145894
329 0.107875 0.00107008 0.989838 0.00115978
330 0.109034 0.00109517 0.980078 0.00161588
331 0.109184 0.00109108 0.980078 0.00161588
332 0.109854 0.00108967 0.984089 0.00144703
333 0.110054 0.0010822 0.985693 0.00137325
334 0.1116 0.00108407 0.979676 0.00163173
335 0.111844 0.00114253 0.973927 0.00184275
336 0.111148 0.00113572 0.97981 0.00162647
337 0.114024 0.00112231 0.973793 0.00184734
338 0.114107 0.00113608 0.975799 0.00177707
339 0.115629 0.00112892 0.975799 0.00177707
340 0.116894 0.00111065 0.977805 0.00170359
341 0.115614 0.00112312 0.977671 0.0017086
342 0.117615 0.00111294 0.973927 0.00184275
343 0.118593 0.00112049 0.975933 0.00177228
344 0.118633 0.00113955 0.977938 0.00169857
345 0.120608 0.00116243 0.975933 0.00177228
346 0.12087 0.00113882 0.975799 0.00177707
347 0.122094 0.00117107 0.975799 0.00177707
348 0.123405 0.00115862 0.97981 0.00162647
349 0.12374 0.0011708 0.973927 0.00184275
350 0.125369 0.00119716 0.97152 0.00192354
351 0.126298 0.00120016 0.965905 0.00209857
352 0.128721 0.00123099 0.95962 0.00227635
353 0.129515 0.00122627 0.963765 0.002161
354 0.13088 0.00119958 0.961492 0.00222513
355 0.133502 0.00121099 0.959888 0.00226911
356 0.133692 0.00122102 0.959754 0.00227273
357 0.136624 0.00123142 0.95347 0.00243573
358 0.138425 0.00123524 0.95133 0.0024883
359 0.142376 0.00125303 0.941436 0.0027153
360 0.144873 0.00125069 0.949592 0.00253002
361 0.143808 0.00125547 0.949726 0.00252684
362 0.145196 0.00128347 0.93943 0.00275846
363 0.146668 0.00129648 0.933681 0.00287757
364 0.148699 0.00130565 0.935553 0.00283951
365 0.149488 0.00131746 0.939564 0.00275561
366 0.151556 0.00133536 0.939564 0.00275561
367 0.151151 0.00135066 0.933681 0.00287757
368 0.153663 0.0013661 0.931809 0.00291497
369 0.158019 0.00135412 0.935954 0.00283126
370 0.157857 0.00137733 0.928065 0.0029879
371 0.16135 0.00139737 0.919909 0.00313886
372 0.161112 0.00137195 0.919909 0.00313886
373 0.163196 0.00138828 0.915764 0.00321179
374 0.165391 0.00139532 0.921647 0.00310754
375 0.167045 0.00137272 0.912288 0.00327117
376 0.168272 0.00139657 0.91777 0.0031768
377 0.171942 0.001416 0.914427 0.00323482
378 0.172733 0.00141421 0.902126 0.00343617
379 0.175548 0.00142242 0.892232 0.00358585
380 0.175874 0.001434 0.899987 0.0034694
381 0.179275 0.00145161 0.885814 0.00367778
382 0.180165 0.00147002 0.880064 0.00375698
383 0.181633 0.00148186 0.888087 0.00364566
384 0.185508 0.00148795 0.866159 0.00393732
385 0.19029 0.00155781 0.856532 0.00405375
386 0.190402 0.00153698 0.862415 0.00398338
387 0.195491 0.00150919 0.848242 0.004149
388 0.199759 0.0015435 0.842225 0.00421542
389 0.201404 0.00156263 0.840487 0.0042342
390 0.205686 0.00155131 0.845969 0.00417435
391 0.208016 0.00155463 0.818425 0.00445784
392 0.21146 0.00157014 0.808932 0.00454629
393 0.215146 0.0015739 0.810536 0.00453165
394 0.218422 0.00158862 0.810937 0.00452797
395 0.223606 0.00160472 0.784998 0.00475076
396 0.226397 0.00159477 0.777109 0.00481276
397 0.232364 0.00161979 0.774703 0.00483118
398 0.2373 0.00161957 0.759059 0.00494539
399 0.241818 0.00163232 0.755181 0.00497228
400 0.243978 0.00162306 0.756786 0.00496122
401 0.247601 0.00166642 0.740741 0.00506766
402 0.248601 0.00168848 0.738468 0.00508201
403 0.254032 0.00170149 0.71908 0.00519741
404 0.257856 0.00169468 0.707314 0.00526156
405 0.262426 0.00172157 0.670009 0.00543749
406 0.26712 0.00173377 0.646076 0.00552973
407 0.268968 0.00174225 0.657708 0.00548684
408 0.269732 0.0017667 0.657441 0.00548786
409 0.271607 0.00177681 0.641128 0.00554689
410 0.274376 0.00177206 0.640861 0.0055478
411 0.275723 0.00179066 0.621206 0.00560953
412 0.279172 0.00179826 0.604493 0.00565432
413 0.282255 0.00181714 0.620671 0.00561107
414 0.286378 0.00182881 0.610911 0.00563794
415 0.289032 0.00183457 0.601284 0.00566212
416 0.291294 0.00185482 0.584971 0.00569788
417 0.295992 0.00186195 0.582966 0.00570184
418 0.29746 0.00189024 0.584971 0.00569788
419 0.302651 0.00189438 0.569595 0.00572571
420 0.304819 0.00190063 0.555689 0.00574601
421 0.306986 0.00190316 0.561305 0.00573836
422 0.310316 0.0019338 0.547667 0.00575565
423 0.314916 0.00192615 0.533761 0.00576879
424 0.318775 0.00191985 0.518251 0.00577814
425 0.322764 0.00190862 0.512502 0.00578018
426 0.325447 0.00194114 0.512234 0.00578026
427 0.328133 0.00192054 0.506084 0.00578156
428 0.324778 0.00193251 0.510095 0.00578081
429 0.32983 0.00192084 0.486161 0.00577977
430 0.33218 0.00188276 0.513839 0.00577977
431 0.333337 0.0019272 0.50595 0.00578158
432 0.334381 0.00192127 0.47386 0.00577408
433 0.335544 0.00192067 0.475866 0.00577525
434 0.338537 0.0019235 0.479877 0.0057773
435 0.337995 0.00193801 0.469849 0.00577147
436 0.339744 0.00196532 0.457949 0.0057615
437 0.343427 0.00195465 0.465838 0.00576848
438 0.343015 0.00194592 0.467977 0.00577012
439 0.344971 0.00195469 0.449793 0.00575277
440 0.345463 0.0019586 0.457949 0.0057615
441 0.348525 0.00193209 0.45942 0.00576291
442 0.346747 0.00197456 0.459553 0.00576304
443 0.349755 0.0019521 0.459821 0.00576329
444 0.350663 0.00195696 0.442038 0.00574301
445 0.353839 0.00194305 0.427998 0.00572172
446 0.355118 0.00193765 0.431876 0.00572807
447 0.355568 0.00196423 0.429737 0.00572461
448 0.356483 0.00197644 0.417837 0.00570339
449 0.359078 0.00197129 0.438026 0.0057374
450 0.360337 0.001974 0.440166 0.00574044
451 0.360344 0.00196387 0.428132 0.00572195
452 0.361428 0.00196873 0.44391 0.00574549
453 0.363177 0.00195988 0.43816 0.0057376
454 0.367454 0.00195711 0.436155 0.00573466
455 0.368321 0.00194355 0.439631 0.00573969
456 0.370578 0.00195625 0.423452 0.00571383
457 0.3736 0.00194814 0.407942 0.00568314
458 0.374011 0.0019397 0.400321 0.00566593
459 0.376321 0.00192712 0.397647 0.00565955
460 0.379284 0.00194081 0.405669 0.00567816
461 0.380842 0.0019371 0.396443 0.00565662
462 0.381663 0.00194284 0.386415 0.00563082
463 0.382824 0.00194616 0.388287 0.00563583
464 0.385282 0.00196256 0.364487 0.00556558
465 0.387517 0.00195462 0.368498 0.00557843
466 0.388164 0.00196001 0.365289 0.00556819
467 0.389558 0.00196443 0.36061 0.00555276
468 0.389787 0.00196349 0.365156 0.00556775
469 0.392336 0.0019763 0.355663 0.00553583
470 0.393232 0.00200251 0.353657 0.00552879
471 0.393469 0.00203531 0.35486 0.00553303
472 0.393681 0.00205165 0.358738 0.00554643
473 0.392132 0.00205488 0.340955 0.00548167
474 0.392895 0.00204799 0.356598 0.00553909
475 0.393171 0.00204305 0.34296 0.0054894
476 0.395649 0.00204461 0.346838 0.00550403
477 0.396224 0.00205369 0.343495 0.00549144
478 0.397104 0.00204753 0.337345 0.00546749
479 0.397322 0.0020348 0.334136 0.00545458
480 0.396344 0.00203461 0.341757 0.00548478
481 0.39492 0.00204809 0.341623 0.00548426
482 0.3956 0.00204894 0.331194 0.0054425
483 0.395335 0.00207943 0.331863 0.00544527
484 0.397463 0.00210015 0.331863 0.00544527
485 0.398552 0.00207986 0.327718 0.00542791
486 0.401711 0.00210467 0.331863 0.00544527
487 0.403368 0.00211035 0.323706 0.00541066
488 0.407464 0.00215059 0.325578 0.00541877
489 0.406044 0.00213523 0.329991 0.00543749
490 0.407219 0.00212986 0.319561 0.00539236
491 0.408643 0.00212367 0.323439 0.0054095
492 0.409829 0.00212629 0.329322 0.00543469
493 0.411004 0.00210066 0.32745 0.00542678
494 0.409058 0.00209105 0.334938 0.00545784
495 0.409024 0.00208303 0.331461 0.00544361
496 0.411543 0.00207782 0.331729 0.00544472
497 0.413284 0.00207193 0.333467 0.00545186
498 0.414019 0.00207427 0.338013 0.00547014
499 0.413562 0.00209697 0.343495 0.00549144
500 0.413162 0.00210124 0.330124 0.00543805
501 0.41442 0.00209366 0.318224 0.00538635
502 0.414595 0.00210347 0.32384 0.00541125
503 0.413682 0.00210267 0.329723 0.00543637
504 0.41736 0.00209859 0.335606 0.00546053
505 0.419309 0.00209566 0.329322 0.00543469
506 0.417729 0.00208987 0.325311 0.00541762
507 0.418223 0.00209423 0.319695 0.00539296
508 0.41896 0.00209381 0.321433 0.00540069
509 0.419509 0.00208137 0.305923 0.00532865
510 0.422028 0.0020832 0.318091 0.00538575
511 0.425161 0.00207 0.299773 0.00529813
512 0.424017 0.00206217 0.302447 0.00531154
513 0.423627 0.00205054 0.302046 0.00530954
514 0.426805 0.00205792 0.309667 0.00534668
515 0.429764 0.00207122 0.295494 0.00527623
516 0.431059 0.00208972 0.298168 0.00528999
517 0.430749 0.00208471 0.295761 0.00527762
518 0.430236 0.0020947 0.297633 0.00528725
519 0.431156 0.00207344 0.297232 0.0052852
520 0.431633 0.00205429 0.303115 0.00531486
521 0.43022 0.00206319 0.291082 0.00525307
522 0.43123 0.00206958 0.290012 0.00524736
523 0.431476 0.00206958 0.273967 0.00515745
524 0.43198 0.00207023 0.275705 0.00516758
525 0.434216 0.00206091 0.285466 0.00522271
526 0.434418 0.00206184 0.283728 0.00521311
527 0.435268 0.00206342 0.277577 0.00517839
528 0.436179 0.00206081 0.281856 0.00520267
529 0.438502 0.00203987 0.287873 0.00523584
530 0.440181 0.00199685 0.270223 0.00513527
531 0.439472 0.00201432 0.273432 0.00515431
532 0.441876 0.00205661 0.254045 0.00503406
533 0.439917 0.00206039 0.271427 0.00514245
534 0.439244 0.002035 0.267415 0.00511834
535 0.439076 0.00204487 0.267817 0.00512078
536 0.440375 0.00204272 0.267148 0.00511672
537 0.44157 0.00201727 0.255917 0.00504623
538 0.44231 0.00200609 0.252039 0.00502089
539 0.442492 0.00201923 0.246156 0.00498142
540 0.442709 0.00200766 0.246156 0.00498142
541 0.441552 0.00200659 0.244017 0.00496676
542 0.442446 0.00199918 0.25244 0.00502354
543 0.445596 0.00200437 0.247092 0.00498778
544 0.444514 0.00202132 0.243081 0.00496029
545 0.444799 0.00201631 0.251237 0.00501558
546 0.443098 0.00203176 0.253376 0.00502969
547 0.445419 0.00202801 0.247092 0.00498778
548 0.442396 0.00203007 0.264875 0.0051028
549 0.443042 0.00199761 0.258992 0.00506596
550 0.442179 0.00202106 0.266479 0.00511264
551 0.442551 0.00205186 0.262736 0.00508954
552 0.443562 0.00205236 0.254713 0.00503842
553 0.443705 0.00204195 0.26795 0.00512159
554 0.445816 0.0020535 0.260463 0.00507528
555 0.445963 0.0020704 0.258056 0.00505999
556 0.446541 0.00207369 0.263805 0.00509619
557 0.448968 0.00208147 0.246557 0.00498415
558 0.449596 0.00207167 0.25819 0.00506085
559 0.449154 0.00203418 0.260463 0.00507528
560 0.449153 0.0020378 0.251905 0.00502001
561 0.450776 0.00203235 0.248295 0.00499592
562 0.449447 0.0020535 0.254045 0.00503406
563 0.450103 0.00207111 0.248696 0.00499862
564 0.449211 0.00206428 0.24629 0.00498233
565 0.448878 0.00207207 0.258724 0.00506426
566 0.450193 0.00207931 0.23693 0.00491699
567 0.451224 0.00208501 0.254713 0.00503842
568 0.449444 0.00209171 0.256986 0.00505313
569 0.450421 0.00209795 0.248563 0.00499772
570 0.450529 0.00209528 0.254713 0.00503842
571 0.449252 0.00210043 0.262335 0.00508704
572 0.453251 0.00209651 0.246557 0.00498415
573 0.454158 0.00208596 0.241209 0.00494726
574 0.453982 0.00206875 0.23693 0.00491699
575 0.456502 0.00208819 0.250167 0.00500846
576 0.459194 0.00208131 0.226768 0.00484232
577 0.460091 0.00206513 0.233053 0.00488897
578 0.459011 0.0020847 0.244819 0.00497228
579 0.456258 0.00208451 0.24629 0.00498233
580 0.454833 0.00209372 0.248028 0.00499411
581 0.457189 0.00207853 0.238267 0.00492653
582 0.458053 0.00206861 0.230512 0.00487029
583 0.455875 0.00205384 0.220885 0.00479724
584 0.455249 0.00204247 0.21888 0.00478155
585 0.4558 0.0020828 0.230512 0.00487029
586 0.457634 0.00208002 0.222757 0.00481173
587 0.459594 0.00208495 0.210857 0.00471714
588 0.460899 0.00207614 0.221019 0.00479828
589 0.4623 0.0020546 0.214868 0.00474968
590 0.461475 0.00206807 0.218612 0.00477945
591 0.459285 0.00208287 0.230913 0.00487326
592 0.458591 0.00209759 0.222891 0.00481276
593 0.459883 0.00210554 0.237064 0.00491795
594 0.460553 0.00207512 0.24054 0.00494258
595 0.459445 0.00208323 0.227169 0.00484534
596 0.460187 0.0020985 0.225164 0.00483016
597 0.45986 0.00213173 0.226902 0.00484333
598 0.458864 0.00212894 0.23693 0.00491699
599 0.459456 0.00211858 0.24268 0.00495751
600 0.459824 0.00211968 0.237197 0.0049189
601 0.462878 0.00212475 0.229442 0.00486236
602 0.462249 0.00214087 0.238802 0.00493032
603 0.462572 0.00212272 0.226902 0.00484333
604 0.463047 0.00212253 0.223292 0.00481585
605 0.462117 0.00210658 0.231181 0.00487523
606 0.464474 0.00210226 0.228908 0.00485837
607 0.463417 0.00210678 0.232785 0.00488701
608 0.464805 0.00213347 0.230512 0.00487029
609 0.464737 0.00208615 0.224763 0.0048271
610 0.465608 0.0020635 0.234924 0.00490257
611 0.468233 0.00208831 0.233053 0.00488897
612 0.46931 0.00211236 0.231448 0.0048772
613 0.470822 0.00208402 0.219548 0.0047868
614 0.474769 0.00209972 0.209119 0.00470283
615 0.474719 0.00210887 0.20698 0.00468504
616 0.474241 0.00210201 0.197085 0.00460012
617 0.475334 0.00213756 0.214868 0.00474968
618 0.475358 0.00212335 0.217141 0.00476782
619 0.473468 0.00211972 0.216874 0.0047657
620 0.471786 0.0021258 0.217275 0.00476888
621 0.472198 0.00213268 0.230378 0.0048693
622 0.472233 0.00215034 0.222891 0.00481276
623 0.475732 0.00215526 0.218746 0.0047805
624 0.475445 0.00214152 0.216473 0.00476251
625 0.478119 0.00217785 0.218746 0.0047805
626 0.479283 0.00217321 0.220618 0.00479516
627 0.477115 0.00211772 0.218211 0.00477629
628 0.47706 0.00215891 0.226768 0.00484232
629 0.47587 0.00213676 0.222222 0.0048076
630 0.475653 0.00212861 0.220217 0.00479203
631 0.477632 0.00212456 0.220885 0.00479724
632 0.478196 0.00210418 0.210723 0.00471605
633 0.477804 0.00211186 0.214467 0.00474646
634 0.480199 0.00209276 0.206578 0.00468168
635 0.480101 0.00210031 0.206578 0.00468168
636 0.480699 0.00211419 0.212194 0.00472807
637 0.480533 0.00213864 0.214735 0.00474861
638 0.478942 0.0021586 0.21888 0.00478155
639 0.478983 0.00216228 0.220885 0.00479724
640 0.47995 0.00217496 0.22142 0.00480139
641 0.479434 0.00217155 0.217676 0.00477206
642 0.481384 0.00218459 0.217676 0.00477206
643 0.478729 0.00219289 0.223559 0.0048179
644 0.48069 0.00216785 0.219281 0.0047847
645 0.48049 0.00215591 0.213531 0.00473891
646 0.478812 0.00213672 0.227437 0.00484735
647 0.479261 0.00213614 0.224896 0.00482812
648 0.479403 0.00214444 0.223158 0.00481482
649 0.478822 0.00216549 0.22503 0.00482914
650 0.481732 0.00216176 0.214467 0.00474646
651 0.481173 0.00217451 0.208985 0.00470173
652 0.481722 0.00215499 0.210991 0.00471824
653 0.481744 0.00215138 0.208985 0.00470173
654 0.480454 0.00218619 0.206712 0.0046828
655 0.480263 0.00219218 0.207113 0.00468616
656 0.482011 0.0021886 0.202835 0.00465
657 0.484173 0.00219551 0.216874 0.0047657
658 0.485419 0.00221425 0.208718 0.00469951
659 0.485895 0.0021973 0.213264 0.00473675
660 0.488115 0.00221142 0.212863 0.0047335
661 0.488505 0.00217323 0.202835 0.00465
662 0.49181 0.00217315 0.19869 0.00461419
663 0.492031 0.00216057 0.202835 0.00465
664 0.492276 0.00213728 0.200294 0.00462814
665 0.493091 0.00213843 0.19655 0.0045954
666 0.494614 0.00214016 0.192673 0.00456081
667 0.496346 0.00213721 0.196417 0.00459422
668 0.494824 0.00215455 0.194678 0.00457879
669 0.497163 0.00214768 0.182778 0.0044693
670 0.497609 0.00217692 0.194678 0.00457879
671 0.498781 0.00215698 0.178767 0.00443082
672 0.498615 0.00214129 0.180639 0.00444888
673 0.496766 0.00212113 0.192539 0.00455961
674 0.497614 0.0021514 0.184517 0.00448572
675 0.497023 0.00215086 0.192272 0.00455719
676 0.495713 0.00216846 0.190266 0.00453899
677 0.497114 0.00216781 0.192272 0.00455719
678 0.494669 0.00220322 0.206712 0.0046828
679 0.495362 0.0022122 0.208584 0.0046984
680 0.495269 0.00222192 0.210456 0.00471385
681 0.499265 0.00223689 0.197085 0.00460012
682 0.498881 0.00220002 0.192673 0.00456081
683 0.498931 0.0022121 0.188528 0.00452305
684 0.499147 0.00222432 0.18465 0.00448698
685 0.4997 0.00223885 0.18465 0.00448698
686 0.501908 0.00224101 0.178634 0.00442953
687 0.502946 0.00223492 0.188394 0.00452182
688 0.500751 0.00223396 0.194277 0.00457521
689 0.500652 0.00223271 0.191871 0.00455357
690 0.501055 0.00222466 0.20016 0.00462698
691 0.501395 0.00219074 0.186522 0.00450449
692 0.500863 0.0021871 0.186522 0.00450449
693 0.499073 0.00217834 0.182645 0.00446803
694 0.500609 0.00217334 0.179035 0.00443341
695 0.499299 0.00220489 0.180907 0.00445145
696 0.50106 0.00220426 0.180639 0.00444888
697 0.503135 0.00218996 0.178366 0.00442693
698 0.5024 0.00218729 0.182778 0.0044693
699 0.501853 0.00217554 0.186522 0.00450449
700 0.501304 0.00216317 0.177029 0.00441389
701 0.504641 0.00216459 0.182778 0.0044693
702 0.503645 0.00214551 0.180505 0.0044476
703 0.50703 0.00212659 0.174489 0.00438887
704 0.506243 0.00212694 0.176762 0.00441127
705 0.505091 0.00212463 0.161385 0.00425422
706 0.503855 0.00212315 0.167135 0.00431447
707 0.504858 0.00212156 0.163123 0.00427264
708 0.504051 0.00211569 0.163123 0.00427264
709 0.505207 0.00213045 0.163525 0.00427686
710 0.505263 0.00213655 0.155502 0.00419059
711 0.50595 0.0021222 0.169408 0.00433778
712 0.505866 0.00212673 0.177564 0.00441912
713 0.505232 0.00214359 0.173285 0.00437689
714 0.506668 0.00214448 0.169541 0.00433914
715 0.505484 0.00212559 0.175157 0.00439548
716 0.504454 0.00213281 0.167268 0.00431585
717 0.504828 0.00212337 0.173553 0.00437956
718 0.503728 0.00212953 0.175425 0.00439813
719 0.504711 0.00213043 0.181441 0.00445657
720 0.505043 0.00212819 0.189063 0.00452797
721 0.504827 0.00216154 0.179302 0.004436
722 0.504878 0.00216498 0.172884 0.00437288
723 0.503826 0.00213064 0.182645 0.00446803
724 0.503904 0.00213632 0.17489 0.00439284
725 0.505414 0.00217331 0.171413 0.00435811
726 0.504203 0.0021596 0.182912 0.00447057
727 0.506077 0.00216804 0.18104 0.00445273
728 0.505285 0.0021556 0.173285 0.00437689
729 0.505571 0.00216443 0.171948 0.0043635
730 0.505786 0.0021553 0.179703 0.00443987
731 0.504856 0.002158 0.173553 0.00437956
732 0.506372 0.00217094 0.181174 0.00445401
733 0.504881 0.00218396 0.175291 0.00439681
734 0.508441 0.00218248 0.161519 0.00425565
735 0.506731 0.00218175 0.175157 0.00439548
736 0.506434 0.0021842 0.180639 0.00444888
737 0.506913 0.00217068 0.192673 0.00456081
738 0.506976 0.00214177 0.179302 0.004436
739 0.508238 0.00214519 0.177163 0.0044152
740 0.508734 0.0021447 0.183046 0.00447184
741 0.507058 0.00211429 0.178634 0.00442953
742 0.507694 0.00209385 0.17275 0.00437155
743 0.507129 0.00207834 0.173151 0.00437556
744 0.507992 0.00208734 0.176762 0.00441127
745 0.510953 0.00207009 0.165129 0.00429367
746 0.509777 0.00203788 0.156973 0.00420669
747 0.511022 0.00207901 0.153095 0.00416395
748 0.512416 0.0020769 0.167268 0.00431585
749 0.511067 0.0020791 0.167135 0.00431447
750 0.512135 0.00207063 0.163123 0.00427264
751 0.512974 0.00206526 0.161519 0.00425565
752 0.51221 0.00206756 0.163658 0.00427827
753 0.512182 0.00208794 0.169809 0.00434187
754 0.513671 0.00209 0.169408 0.00433778
755 0.512804 0.00208032 0.17128 0.00435676
756 0.515204 0.00205412 0.15724 0.0042096
757 0.514647 0.00205241 0.15109 0.00414148
758 0.513579 0.00205789 0.158978 0.00422844
759 0.513536 0.00208038 0.15724 0.0042096
760 0.514435 0.00206711 0.155368 0.00418911
761 0.51424 0.00203351 0.15724 0.0042096
762 0.516871 0.0020241 0.146811 0.00409269
763 0.516866 0.00202157 0.146811 0.00409269
764 0.514578 0.00202587 0.149084 0.00411876
765 0.513271 0.00201263 0.150822 0.00413847
766 0.510772 0.00200262 0.150822 0.00413847
767 0.509898 0.00198258 0.137184 0.00397849
768 0.510085 0.00195818 0.14748 0.00410039
769 0.5108 0.00197092 0.139323 0.00400442
770 0.513131 0.00195927 0.143602 0.00405532
771 0.513767 0.00199294 0.141864 0.00403479
772 0.514137 0.00202381 0.137986 0.00398825
773 0.513887 0.00203038 0.147747 0.00410347
774 0.514036 0.00201464 0.147881 0.004105
775 0.51395 0.00201631 0.14748 0.00410039
776 0.511583 0.00201887 0.155502 0.00419059
777 0.512141 0.00201489 0.139725 0.00400924
778 0.511247 0.00202824 0.145608 0.00407876
779 0.509542 0.00202824 0.145875 0.00408186
780 0.509472 0.00199576 0.146276 0.00408651
781 0.510661 0.00202286 0.147613 0.00410193
782 0.510048 0.00199606 0.149753 0.00412636
783 0.509503 0.00201047 0.151892 0.0041505
784 0.508327 0.00201922 0.155903 0.00419499
785 0.507684 0.00203165 0.156037 0.00419646
786 0.509111 0.00202304 0.142131 0.00403796
787 0.508947 0.00201453 0.145741 0.00408031
788 0.510588 0.00202383 0.136114 0.0039654
789 0.511828 0.00201174 0.142131 0.00403796
790 0.51156 0.00203737 0.145875 0.00408186
791 0.513284 0.00201813 0.140126 0.00401406
792 0.514482 0.00204979 0.137853 0.00398663
793 0.514798 0.0020545 0.138387 0.00399311
794 0.516364 0.0020724 0.140126 0.00401406
795 0.515137 0.00210336 0.146009 0.00408341
796 0.516719 0.00213266 0.162054 0.00426133
797 0.515564 0.00213091 0.168204 0.00432548
798 0.514783 0.00211478 0.168071 0.00432411
799 0.512931 0.00213363 0.171547 0.00435946
800 0.514526 0.00213977 0.163926 0.00428108
801 0.513571 0.0021506 0.175558 0.00439944
802 0.514749 0.00213714 0.151357 0.00414449
803 0.514271 0.00214097 0.161519 0.00425565
804 0.513759 0.00215581 0.155903 0.00419499
805 0.511902 0.00214787 0.173686 0.00438089
806 0.512322 0.00217471 0.164059 0.00428248
807 0.514392 0.00215519 0.165931 0.00430202
808 0.511976 0.00216424 0.165664 0.00429924
809 0.513451 0.00215205 0.156171 0.00419792
810 0.512595 0.00216674 0.163792 0.00427967
811 0.509421 0.00216471 0.171681 0.00436081
812 0.507509 0.00217254 0.175425 0.00439813
813 0.508738 0.0021455 0.161385 0.00425422
814 0.509741 0.00217304 0.155502 0.00419059
815 0.511726 0.00217198 0.149619 0.00412484
816 0.510444 0.00216 0.167536 0.00431861
817 0.51002 0.00216131 0.15938 0.00423276
818 0.508158 0.00218242 0.177564 0.00441912
819 0.510134 0.00220209 0.171681 0.00436081
820 0.512969 0.00218227 0.165396 0.00429646
821 0.509464 0.00218525 0.170878 0.00435271
822 0.509004 0.00216695 0.169007 0.00433369
823 0.511693 0.00214704 0.176762 0.00441127
824 0.511113 0.00215584 0.163525 0.00427686
825 0.511861 0.00217361 0.175291 0.00439681
826 0.511793 0.00215633 0.175558 0.00439944
827 0.511317 0.00214997 0.17128 0.00435676
828 0.513634 0.00213648 0.167001 0.00431309
829 0.516028 0.00213631 0.157508 0.00421251
830 0.513007 0.00214676 0.171146 0.00435541
831 0.511092 0.00211252 0.155101 0.00418617
832 0.509951 0.00211853 0.149218 0.00412028
833 0.511508 0.00210784 0.149084 0.00411876
834 0.510505 0.00208963 0.152962 0.00416246
835 0.508598 0.00208392 0.15109 0.00414148
836 0.508382 0.00210161 0.15724 0.0042096
837 0.507633 0.00207894 0.161385 0.00425422
838 0.505013 0.00208028 0.163257 0.00427405
839 0.506282 0.00206291 0.159246 0.00423132
840 0.505932 0.00206942 0.157508 0.00421251
841 0.505207 0.00205538 0.15938 0.00423276
842 0.503519 0.00203756 0.163257 0.00427405
843 0.501374 0.00203217 0.171012 0.00435406
844 0.502839 0.00205706 0.169408 0.00433778
845 0.504675 0.00206225 0.157508 0.00421251
846 0.505698 0.00205488 0.159513 0.0042342
847 0.504309 0.00206306 0.163391 0.00427546
848 0.502668 0.00207632 0.159513 0.0042342
849 0.501998 0.00209425 0.163658 0.00427827
850 0.501976 0.0020762 0.165664 0.00429924
851 0.500384 0.00206918 0.167268 0.00431585
852 0.499709 0.00205832 0.167135 0.00431447
853 0.500706 0.00206124 0.163123 0.00427264
854 0.501587 0.00205829 0.169007 0.00433369
855 0.501013 0.00203125 0.167268 0.00431585
856 0.499164 0.00204807 0.167135 0.00431447
857 0.50162 0.00205472 0.170878 0.00435271
858 0.500962 0.00204399 0.16085 0.00424852
859 0.500179 0.00204777 0.165129 0.00429367
860 0.500653 0.00205824 0.159112 0.00422988
861 0.501196 0.00204336 0.166867 0.00431171
862 0.500333 0.00203159 0.168605 0.00432959
863 0.500348 0.00204284 0.1666 0.00430895
864 0.504271 0.00204215 0.158711 0.00422555
865 0.503403 0.00201553 0.164995 0.00429227
866 0.502853 0.00202685 0.162722 0.0042684
867 0.502652 0.00206219 0.168338 0.00432685
868 0.501851 0.00206646 0.170611 0.00435001
869 0.503485 0.00206012 0.174489 0.00438887
870 0.502406 0.0020862 0.178767 0.00443082
871 0.502162 0.00206971 0.17275 0.00437155
872 0.500415 0.00205179 0.171146 0.00435541
873 0.500829 0.00206936 0.168739 0.00433096
874 0.502214 0.00204169 0.166734 0.00431033
875 0.502335 0.00200317 0.168605 0.00432959
876 0.502045 0.00198291 0.160984 0.00424995
877 0.502847 0.00199407 0.152962 0.00416246
878 0.502353 0.00199057 0.154967 0.0041847
879 0.502848 0.00199954 0.154967 0.0041847
880 0.502425 0.00201638 0.156839 0.00420523
881 0.501073 0.00199295 0.156973 0.00420669
882 0.500846 0.00198603 0.16085 0.00424852
883 0.501256 0.00198673 0.140928 0.00402365
884 0.501106 0.00201541 0.150822 0.00413847
885 0.501092 0.00202832 0.162722 0.0042684
886 0.500947 0.00202841 0.154432 0.00417879
887 0.501383 0.00202215 0.160316 0.00424281
888 0.500787 0.00202526 0.162321 0.00426416
889 0.500283 0.00201993 0.168204 0.00432548
890 0.502253 0.00202678 0.160182 0.00424137
891 0.502229 0.00204006 0.162722 0.0042684
892 0.500401 0.00205325 0.170745 0.00435136
893 0.500664 0.0020539 0.150689 0.00413696
894 0.502406 0.00206151 0.150555 0.00413545
895 0.50232 0.00204468 0.168204 0.00432548
896 0.502361 0.00203502 0.16446 0.00428668
897 0.502786 0.00205429 0.17021 0.00434594
898 0.500121 0.00205463 0.186656 0.00450573
899 0.501273 0.00202907 0.174622 0.00439019
900 0.501408 0.00202663 0.178901 0.00443212
901 0.501372 0.00204889 0.184249 0.00448321
902 0.499194 0.00204497 0.187993 0.00451812
903 0.501095 0.00205849 0.180104 0.00444374
904 0.500909 0.00204999 0.180639 0.00444888
905 0.502842 0.00206329 0.184517 0.00448572
906 0.504071 0.00205199 0.178099 0.00442433
907 0.504055 0.00207505 0.182377 0.00446549
908 0.505817 0.00203862 0.174087 0.00438488
909 0.50761 0.00204483 0.162455 0.00426558
910 0.507343 0.00204089 0.168338 0.00432685
911 0.506392 0.00204031 0.162321 0.00426416
912 0.506355 0.002021 0.160182 0.00424137
913 0.504459 0.00202805 0.161786 0.00425849
914 0.504661 0.00202121 0.153898 0.00417287
915 0.506443 0.00200937 0.154165 0.00417583
916 0.5062 0.0020032 0.173419 0.00437823
917 0.505338 0.00200758 0.167669 0.00431998
918 0.505699 0.00200704 0.163257 0.00427405
919 0.505588 0.00199261 0.149753 0.00412636
920 0.50563 0.00203723 0.163525 0.00427686
921 0.505934 0.00202751 0.159781 0.00423707
922 0.506669 0.00203298 0.16192 0.00425991
923 0.506053 0.00204641 0.163792 0.00427967
924 0.505854 0.00205373 0.159914 0.00423851
925 0.505604 0.00205762 0.16192 0.00425991
926 0.501963 0.00203623 0.162321 0.00426416
927 0.502361 0.00200755 0.154031 0.00417435
928 0.503107 0.00198129 0.157775 0.00421542
929 0.502927 0.00198732 0.158176 0.00421977
930 0.503034 0.0019573 0.158711 0.00422555
931 0.50547 0.00196196 0.154967 0.0041847
932 0.505635 0.00198269 0.149084 0.00411876
933 0.508608 0.0019622 0.147212 0.00409732
934 0.509275 0.001975 0.153229 0.00416544
935 0.50979 0.001989 0.147346 0.00409886
936 0.509411 0.00197429 0.14534 0.00407565
937 0.509404 0.00196948 0.139056 0.00400119
938 0.508946 0.00200687 0.140928 0.00402365
939 0.51164 0.00199578 0.142666 0.00404429
940 0.510484 0.00200982 0.140928 0.00402365
941 0.509843 0.00202423 0.140661 0.00402046
942 0.509007 0.00200925 0.154165 0.00417583
943 0.509204 0.00202147 0.145073 0.00407254
944 0.50987 0.00201416 0.150822 0.00413847
945 0.509732 0.00204279 0.148549 0.00411266
946 0.509759 0.00204606 0.148817 0.00411571
947 0.510751 0.00204001 0.140928 0.00402365
948 0.512543 0.00204504 0.133173 0.00392899
949 0.512001 0.00203681 0.134777 0.00394893
950 0.513376 0.00204873 0.128894 0.00387489
951 0.512615 0.00206029 0.136783 0.00397359
952 0.511313 0.00204447 0.134644 0.00394728
953 0.510887 0.00204834 0.141062 0.00402525
954 0.508992 0.00208 0.143067 0.00404903
955 0.510715 0.00207442 0.148683 0.00411418
956 0.510222 0.00206419 0.149084 0.00411876
957 0.511259 0.00205185 0.145073 0.00407254
958 0.511606 0.0020742 0.144939 0.00407098
959 0.511174 0.00208128 0.154967 0.0041847
960 0.510357 0.00208713 0.156839 0.00420523
961 0.510398 0.00207704 0.162722 0.0042684
962 0.508377 0.00207513 0.158978 0.00422844
963 0.507827 0.0020649 0.156973 0.00420669
964 0.508893 0.0020699 0.155368 0.00418911
965 0.507701 0.00206795 0.154834 0.00418322
966 0.507207 0.0020402 0.160984 0.00424995
967 0.506905 0.00203371 0.148817 0.00411571
968 0.507953 0.0020046 0.146945 0.00409424
969 0.506153 0.00197774 0.146945 0.00409424
970 0.506771 0.00197763 0.14534 0.00407565
971 0.508376 0.00197976 0.149485 0.00412332
972 0.506826 0.00197359 0.147613 0.00410193
973 0.508252 0.00198077 0.143736 0.00405689
974 0.508069 0.00199094 0.137853 0.00398663
975 0.508433 0.00202264 0.14748 0.00410039
976 0.507259 0.00199726 0.139457 0.00400603
977 0.507136 0.00200423 0.131836 0.00391223
978 0.506292 0.00203367 0.14534 0.00407565
979 0.508421 0.00203948 0.151491 0.00414599
980 0.508641 0.0020596 0.147613 0.00410193
981 0.505554 0.00206913 0.159513 0.0042342
982 0.50257 0.00205101 0.157641 0.00421396
983 0.503143 0.00202389 0.155636 0.00419205
984 0.504285 0.00205315 0.157374 0.00421106
985 0.502576 0.00205723 0.15724 0.0042096
986 0.503228 0.00206263 0.157374 0.00421106
987 0.505116 0.00206158 0.157508 0.00421251
988 0.504196 0.00208489 0.157508 0.00421251
989 0.50431 0.00209131 0.157508 0.00421251
990 0.504423 0.00208684 0.167135 0.00431447
991 0.505261 0.00207389 0.161385 0.00425422
992 0.506215 0.00207125 0.169007 0.00433369
993 0.504297 0.00207023 0.163257 0.00427405
994 0.502938 0.00206286 0.167001 0.00431309
995 0.502918 0.00204303 0.161252 0.0042528
996 0.503414 0.0020657 0.163123 0.00427264
997 0.502885 0.00206421 0.167001 0.00431309
998 0.503869 0.002066 0.153095 0.00416395
999 0.504288 0.00208088 0.163123 0.00427264
1000 0.503328 0.00206973 0.15938 0.00423276
1001 0.503476 0.00207269 0.16553 0.00429785
1002 0.503758 0.00207622 0.165396 0.00429646
1003 0.504339 0.00206988 0.163792 0.00427967
1004 0.50586 0.00206259 0.156171 0.00419792
1005 0.50651 0.0020993 0.15831 0.00422121
1006 0.506075 0.00212125 0.170477 0.00434865
1007 0.504825 0.00209906 0.166466 0.00430756
1008 0.50534 0.00209489 0.172216 0.00436618
1009 0.506044 0.00211311 0.16446 0.00428668
1010 0.505479 0.00212002 0.158444 0.00422266
1011 0.507203 0.0021343 0.174489 0.00438887
1012 0.505864 0.00214136 0.164594 0.00428808
1013 0.507452 0.00213156 0.14641 0.00408806
1014 0.506283 0.00212653 0.162321 0.00426416
1015 0.505057 0.00212327 0.1666 0.00430895
1016 0.506419 0.00215704 0.170076 0.00434458
1017 0.506336 0.00216112 0.162054 0.00426133
1018 0.505499 0.00215185 0.170076 0.00434458
1019 0.507485 0.00216279 0.165931 0.00430202
1020 0.505649 0.00214215 0.163658 0.00427827
1021 0.505114 0.00213021 0.165396 0.00429646
1022 0.503732 0.00212559 0.167536 0.00431861
1023 0.503114 0.00213957 0.169809 0.00434187
1024 0.502102 0.00210494 0.175692 0.00440076
1025 0.502609 0.00209338 0.177163 0.0044152
1026 0.503526 0.00210677 0.179436 0.00443729
1027 0.502782 0.00210401 0.175692 0.00440076
1028 0.50057 0.00211499 0.193475 0.00456803
1029 0.499461 0.00211367 0.193475 0.00456803
1030 0.501004 0.00210545 0.179703 0.00443987
1031 0.499425 0.00212049 0.183447 0.00447564
1032 0.499523 0.00213421 0.187458 0.00451318
1033 0.497847 0.00214937 0.191737 0.00455236
1034 0.498346 0.00214158 0.181575 0.00445784
1035 0.498439 0.00213413 0.170076 0.00434458
1036 0.497539 0.00212035 0.183848 0.00447943
1037 0.497742 0.00212886 0.16192 0.00425991
1038 0.496251 0.00210823 0.175959 0.0044034
1039 0.496938 0.00210529 0.171948 0.0043635
1040 0.496777 0.00213455 0.179703 0.00443987
1041 0.495754 0.00213128 0.173686 0.00438089
1042 0.496681 0.00210279 0.183313 0.00447437
1043 0.49549 0.00210941 0.195614 0.00458712
1044 0.495424 0.00211562 0.181174 0.00445401
1045 0.495198 0.00211418 0.181308 0.00445529
1046 0.495374 0.00211636 0.181308 0.00445529
1047 0.494503 0.0021383 0.17743 0.00441781
1048 0.495228 0.00211738 0.187191 0.0045107
1049 0.493385 0.00212983 0.187726 0.00451565
1050 0.494076 0.0021604 0.195614 0.00458712
1051 0.495575 0.00217453 0.199224 0.00461885
1052 0.49431 0.00214986 0.187859 0.00451689
1053 0.496153 0.00216695 0.179703 0.00443987
1054 0.497062 0.00216006 0.189731 0.0045341
1055 0.494959 0.00215374 0.189598 0.00453288
1056 0.496891 0.00214176 0.181308 0.00445529
1057 0.496493 0.00213562 0.175558 0.00439944
1058 0.497674 0.00209621 0.173686 0.00438089
1059 0.499087 0.00211402 0.181842 0.0044604
1060 0.499811 0.00213812 0.172082 0.00436484
1061 0.500935 0.00215281 0.177831 0.00442173
1062 0.501721 0.00213486 0.169274 0.00433642
1063 0.502229 0.00213492 0.169408 0.00433778
1064 0.501557 0.00212085 0.175023 0.00439416
1065 0.502401 0.002152 0.176762 0.00441127
1066 0.502856 0.00214738 0.176628 0.00440996
1067 0.502657 0.00212932 0.166734 0.00431033
1068 0.504231 0.00211744 0.172349 0.00436753
1069 0.504905 0.00211753 0.171146 0.00435541
1070 0.504203 0.00210106 0.169007 0.00433369
1071 0.506978 0.00211292 0.158978 0.00422844
1072 0.506991 0.00210949 0.154967 0.0041847
1073 0.505931 0.00210984 0.157508 0.00421251
1074 0.502151 0.00211512 0.17128 0.00435676
1075 0.50111 0.0021134 0.16914 0.00433506
1076 0.501701 0.0020929 0.171146 0.00435541
1077 0.500288 0.00208149 0.157374 0.00421106
1078 0.501819 0.00207003 0.153363 0.00416693
1079 0.502926 0.00208009 0.159112 0.00422988
1080 0.504179 0.0020722 0.161252 0.0042528
1081 0.50419 0.00207166 0.160984 0.00424995
1082 0.503271 0.00206647 0.154967 0.0041847
1083 0.505041 0.00207825 0.1666 0.00430895
1084 0.501957 0.00207439 0.179302 0.004436
1085 0.502451 0.0021043 0.176895 0.00441258
1086 0.501774 0.00209581 0.173151 0.00437556
1087 0.501298 0.00210819 0.167268 0.00431585
1088 0.498769 0.00209855 0.159112 0.00422988
1089 0.497936 0.00210002 0.16914 0.00433506
1090 0.49822 0.00210993 0.179035 0.00443341
1091 0.498968 0.00209325 0.170878 0.00435271
1092 0.499263 0.0020888 0.179168 0.00443471
1093 0.499218 0.00210829 0.173285 0.00437689
1094 0.500508 0.00206645 0.173018 0.00437422
1095 0.501061 0.00207206 0.172884 0.00437288
1096 0.50136 0.00208259 0.17489 0.00439284
1097 0.500103 0.00210353 0.177296 0.00441651
1098 0.499789 0.002102 0.175023 0.00439416
1099 0.499878 0.00207149 0.166734 0.00431033
1100 0.499561 0.00207302 0.174756 0.00439152
1101 0.498969 0.00206307 0.18104 0.00445273
1102 0.498833 0.00205885 0.174756 0.00439152
1103 0.499662 0.00205881 0.180372 0.00444631
1104 0.496927 0.00207026 0.174355 0.00438754
1105 0.496547 0.0020597 0.167001 0.00431309
1106 0.496361 0.00205884 0.172349 0.00436753
1107 0.496196 0.00205888 0.168739 0.00433096
1108 0.496038 0.002071 0.1666 0.00430895
1109 0.493334 0.0020603 0.178232 0.00442563
1110 0.495125 0.0020534 0.174489 0.00438887
1111 0.49448 0.00205089 0.167001 0.00431309
1112 0.494376 0.00205884 0.162856 0.00426982
1113 0.494529 0.00202939 0.166734 0.00431033
1114 0.495839 0.00202992 0.156839 0.00420523
1115 0.495569 0.00207238 0.168873 0.00433232
1116 0.495384 0.00209626 0.182511 0.00446676
1117 0.49562 0.00209006 0.178767 0.00443082
1118 0.495095 0.00207649 0.168739 0.00433096
1119 0.496173 0.00207859 0.180907 0.00445145
1120 0.495711 0.00209837 0.174622 0.00439019
1121 0.494349 0.00207816 0.184517 0.00448572
1122 0.493388 0.00207357 0.175157 0.00439548
1123 0.492424 0.00206533 0.185185 0.004492
1124 0.492715 0.00207743 0.191068 0.00454629
1125 0.492615 0.00205635 0.166734 0.00431033
1126 0.49519 0.00202702 0.161252 0.0042528
1127 0.495973 0.00204671 0.162856 0.00426982
1128 0.494861 0.00205223 0.167268 0.00431585
1129 0.493435 0.00204327 0.169274 0.00433642
1130 0.492385 0.00205117 0.167268 0.00431585
1131 0.493106 0.00201951 0.155502 0.00419059
1132 0.493931 0.00202246 0.159513 0.0042342
1133 0.493736 0.00202058 0.15724 0.0042096
1134 0.493055 0.00203267 0.175291 0.00439681
1135 0.491573 0.00204816 0.180773 0.00445016
1136 0.492155 0.00206377 0.194411 0.00457641
1137 0.493141 0.00209217 0.18465 0.00448698
1138 0.493789 0.00208252 0.17489 0.00439284
1139 0.494637 0.00209372 0.172884 0.00437288
1140 0.49364 0.00210465 0.18465 0.00448698
1141 0.49591 0.00210983 0.180773 0.00445016
1142 0.496081 0.00210066 0.180639 0.00444888
1143 0.495534 0.0021136 0.178767 0.00443082
1144 0.49358 0.00210948 0.176762 0.00441127
1145 0.493143 0.00211181 0.178901 0.00443212
1146 0.492047 0.00211124 0.184517 0.00448572
1147 0.493761 0.00212461 0.177163 0.0044152
1148 0.495191 0.00215833 0.187191 0.0045107
1149 0.495191 0.00219933 0.186923 0.00450822
1150 0.494311 0.00216224 0.183046 0.00447184
1151 0.493917 0.00216073 0.18104 0.00445273
1152 0.494965 0.00212082 0.190667 0.00454265
1153 0.493648 0.00212663 0.187057 0.00450946
1154 0.497119 0.00212436 0.177029 0.00441389
1155 0.497738 0.0021056 0.167135 0.00431447
1156 0.495646 0.00206784 0.166867 0.00431171
1157 0.496386 0.00210699 0.176762 0.00441127
1158 0.497336 0.00213324 0.170477 0.00434865
1159 0.498017 0.00211654 0.17021 0.00434594
1160 0.497246 0.00211308 0.166065 0.00430341
1161 0.496051 0.00212343 0.166199 0.00430479
1162 0.496178 0.00209968 0.17021 0.00434594
1163 0.495521 0.00209335 0.162321 0.00426416
1164 0.495777 0.00210559 0.16446 0.00428668
1165 0.49528 0.00208727 0.162589 0.00426699
1166 0.497199 0.00208304 0.174355 0.00438754
1167 0.497555 0.00206793 0.163926 0.00428108
1168 0.495722 0.00203426 0.172216 0.00436618
1169 0.495463 0.00204838 0.176227 0.00440603
1170 0.497511 0.00203709 0.181976 0.00446167
1171 0.495407 0.00203064 0.164594 0.00428808
1172 0.496875 0.00201143 0.166734 0.00431033
1173 0.495343 0.00198424 0.170477 0.00434865
1174 0.494367 0.00199931 0.174489 0.00438887
1175 0.493157 0.00198595 0.167268 0.00431585
1176 0.493673 0.00200464 0.182511 0.00446676
1177 0.495891 0.00198607 0.168873 0.00433232
1178 0.496475 0.00201199 0.168739 0.00433096
1179 0.496604 0.00203129 0.166466 0.00430756
1180 0.496977 0.0019968 0.1666 0.00430895
1181 0.497099 0.00199072 0.158444 0.00422266
1182 0.496175 0.00199022 0.156973 0.00420669
1183 0.496805 0.00204403 0.169007 0.00433369
1184 0.496008 0.00205949 0.172884 0.00437288
1185 0.497479 0.00206296 0.169007 0.00433369
1186 0.496511 0.00204377 0.176762 0.00441127
1187 0.496887 0.00204813 0.169408 0.00433778
1188 0.497194 0.0020547 0.182645 0.00446803
1189 0.49798 0.00206049 0.173285 0.00437689
1190 0.497585 0.00207572 0.177163 0.0044152
1191 0.498467 0.00205868 0.187057 0.00450946
1192 0.4988 0.00205332 0.178901 0.00443212
1193 0.499659 0.0020242 0.17275 0.00437155
1194 0.501202 0.00203972 0.168873 0.00433232
1195 0.500537 0.00203714 0.176895 0.00441258
1196 0.50383 0.00204209 0.164862 0.00429088
1197 0.502149 0.00204868 0.165396 0.00429646
1198 0.503442 0.00203745 0.171012 0.00435406
1199 0.502141 0.00202832 0.158978 0.00422844
1200 0.504605 0.00203762 0.164594 0.00428808
1201 0.504562 0.00202825 0.166734 0.00431033
1202 0.505057 0.00201484 0.166332 0.00430618
1203 0.504517 0.00202119 0.142934 0.00404745
1204 0.502722 0.00199419 0.139056 0.00400119
1205 0.504091 0.00201982 0.16299 0.00427123
1206 0.504954 0.00201788 0.155101 0.00418617
1207 0.505927 0.00202335 0.155101 0.00418617
1208 0.506898 0.00204116 0.13919 0.00400281
1209 0.508563 0.00204428 0.152828 0.00416097
1210 0.507313 0.00204313 0.146945 0.00409424
1211 0.508918 0.00202206 0.139323 0.00400442
1212 0.50796 0.00199241 0.150956 0.00413997
1213 0.508578 0.00200006 0.143067 0.00404903
1214 0.509058 0.00200894 0.145073 0.00407254
1215 0.509589 0.00201966 0.145207 0.00407409
1216 0.510254 0.00201847 0.151223 0.00414299
1217 0.509942 0.00202468 0.154967 0.0041847
1218 0.511399 0.00199721 0.137318 0.00398012
1219 0.508548 0.00201597 0.146811 0.00409269
1220 0.508939 0.00199915 0.148683 0.00411418
1221 0.505913 0.00200807 0.145073 0.00407254
1222 0.506831 0.0019925 0.140928 0.00402365
1223 0.50686 0.00198006 0.143335 0.00405218
1224 0.506818 0.00196873 0.150822 0.00413847
1225 0.507481 0.00197959 0.145474 0.00407721
1226 0.505683 0.0019667 0.143201 0.0040506
1227 0.507677 0.00195513 0.13919 0.00400281
1228 0.50928 0.00197564 0.150822 0.00413847
1229 0.507874 0.00198948 0.150421 0.00413393
1230 0.50756 0.00200072 0.152828 0.00416097
1231 0.508317 0.00201113 0.156839 0.00420523
1232 0.508204 0.00201118 0.145207 0.00407409
1233 0.508388 0.00200051 0.141195 0.00402684
1234 0.508386 0.00201493 0.145474 0.00407721
1235 0.50843 0.00202229 0.153095 0.00416395
1236 0.511168 0.00201959 0.155235 0.00418764
1237 0.510159 0.00201256 0.147747 0.00410347
1238 0.510255 0.00203146 0.153898 0.00417287
1239 0.509082 0.00204358 0.149886 0.00412788
1240 0.510034 0.00205393 0.15724 0.0042096
1241 0.509293 0.00205516 0.155368 0.00418911
1242 0.509099 0.00209759 0.147747 0.00410347
1243 0.507665 0.00210292 0.157508 0.00421251
1244 0.508484 0.00210691 0.159513 0.0042342
1245 0.510557 0.0021039 0.155769 0.00419352
1246 0.51089 0.00209151 0.147881 0.004105
1247 0.51243 0.00207964 0.149753 0.00412636
1248 0.51095 0.00209478 0.155903 0.00419499
1249 0.511038 0.00208782 0.152026 0.004152
1250 0.509976 0.00211864 0.158043 0.00421832
1251 0.508686 0.00214038 0.159914 0.00423851
1252 0.508855 0.0021124 0.162054 0.00426133
1253 0.509141 0.00211406 0.156171 0.00419792
1254 0.509912 0.00211803 0.158043 0.00421832
1255 0.510293 0.00210546 0.162187 0.00426274
1256 0.510377 0.00211677 0.160182 0.00424137
1257 0.50904 0.00213396 0.160048 0.00423994
1258 0.506727 0.00213141 0.162054 0.00426133
1259 0.507702 0.0021387 0.163525 0.00427686
1260 0.508635 0.00211559 0.163792 0.00427967
1261 0.509623 0.00209221 0.153898 0.00417287
1262 0.511011 0.00208869 0.167268 0.00431585
1263 0.509669 0.00210575 0.169675 0.00434051
1264 0.509771 0.00212025 0.157909 0.00421687
1265 0.508855 0.00212462 0.159914 0.00423851
1266 0.506447 0.00214078 0.165931 0.00430202
1267 0.506605 0.00213485 0.157909 0.00421687
1268 0.506387 0.00215408 0.167536 0.00431861
1269 0.508212 0.00214649 0.169675 0.00434051
1270 0.508571 0.00215222 0.169541 0.00433914
1271 0.51052 0.00216233 0.159647 0.00423564
1272 0.510503 0.00214154 0.148014 0.00410653
1273 0.511303 0.00215921 0.151625 0.0041475
1274 0.510271 0.00214251 0.155769 0.00419352
1275 0.509555 0.00215303 0.16553 0.00429785
1276 0.51146 0.00215757 0.173553 0.00437956
1277 0.512446 0.00216471 0.163525 0.00427686
1278 0.512598 0.00214497 0.159647 0.00423564
1279 0.514158 0.0021532 0.151892 0.0041505
1280 0.510278 0.00215046 0.165931 0.00430202
1281 0.510637 0.00213734 0.162054 0.00426133
1282 0.510656 0.00216781 0.162321 0.00426416
1283 0.511109 0.00219438 0.159914 0.00423851
1284 0.510522 0.00217512 0.169809 0.00434187
1285 0.511707 0.00217218 0.163926 0.00428108
1286 0.512091 0.00218562 0.167536 0.00431861
1287 0.512526 0.00220844 0.167803 0.00432136
1288 0.508831 0.00221611 0.171681 0.00436081
1289 0.50864 0.00219862 0.17128 0.00435676
1290 0.509163 0.00220045 0.157641 0.00421396
1291 0.508824 0.00222336 0.169274 0.00433642
1292 0.507259 0.00223927 0.16553 0.00429785
1293 0.507275 0.00223107 0.155903 0.00419499
1294 0.511202 0.00224925 0.16553 0.00429785
1295 0.510673 0.00227367 0.167536 0.00431861
1296 0.509871 0.00222245 0.171413 0.00435811
1297 0.507173 0.00224864 0.185185 0.004492
1298 0.50905 0.0022152 0.173686 0.00438089
1299 0.51013 0.00222243 0.181441 0.00445657
1300 0.51154 0.00226132 0.183447 0.00447564
1301 0.510806 0.00224347 0.183313 0.00447437
1302 0.511527 0.00224089 0.179837 0.00444116
1303 0.512771 0.00224738 0.183313 0.00447437
1304 0.511787 0.00224001 0.173285 0.00437689
1305 0.511914 0.00224664 0.17743 0.00441781
1306 0.511524 0.00224299 0.169274 0.00433642
1307 0.513677 0.00222933 0.157775 0.00421542
1308 0.512976 0.00221731 0.155368 0.00418911
1309 0.513458 0.00223849 0.159513 0.0042342
1310 0.514209 0.00222873 0.161786 0.00425849
1311 0.514176 0.00222008 0.161786 0.00425849
1312 0.513277 0.00222565 0.161385 0.00425422
1313 0.512634 0.00219983 0.167402 0.00431723
1314 0.510816 0.00220322 0.167669 0.00431998
1315 0.509088 0.00223766 0.173686 0.00438089
1316 0.509416 0.00222763 0.171413 0.00435811
1317 0.508227 0.0022254 0.177296 0.00441651
1318 0.508095 0.00222375 0.173018 0.00437422
1319 0.506555 0.00221389 0.173285 0.00437689
1320 0.506652 0.00219868 0.165129 0.00429367
1321 0.506507 0.00219515 0.167001 0.00431309
1322 0.506266 0.00218197 0.161252 0.0042528
1323 0.509574 0.00216382 0.16553 0.00429785
1324 0.509141 0.00215168 0.165263 0.00429506
1325 0.511683 0.0021301 0.155502 0.00419059
1326 0.509255 0.00213756 0.153363 0.00416693
1327 0.508324 0.00212377 0.149485 0.00412332
1328 0.506883 0.00214186 0.157508 0.00421251
1329 0.506101 0.00216023 0.155235 0.00418764
1330 0.504161 0.00214508 0.167268 0.00431585
1331 0.504285 0.00214816 0.167536 0.00431861
1332 0.503768 0.00217268 0.18679 0.00450697
1333 0.503029 0.00216173 0.179168 0.00443471
1334 0.503925 0.00215321 0.174622 0.00439019
1335 0.50337 0.00215297 0.165396 0.00429646
1336 0.502387 0.00214272 0.163525 0.00427686
1337 0.501456 0.0021447 0.169007 0.00433369
1338 0.502246 0.00214752 0.175157 0.00439548
1339 0.501254 0.00217394 0.185051 0.00449075
1340 0.500866 0.00214587 0.177296 0.00441651
1341 0.502958 0.00215992 0.175425 0.00439813
1342 0.503441 0.0021729 0.165263 0.00429506
1343 0.504048 0.0022124 0.185185 0.004492
1344 0.50529 0.00221415 0.173285 0.00437689
1345 0.504274 0.00219966 0.17128 0.00435676
1346 0.503285 0.00221442 0.182778 0.0044693
1347 0.502512 0.00220045 0.187057 0.00450946
1348 0.502991 0.00220375 0.179302 0.004436
1349 0.505428 0.00219697 0.181174 0.00445401
1350 0.505281 0.00219846 0.173018 0.00437422
1351 0.505288 0.00217129 0.177029 0.00441389
1352 0.504526 0.00221455 0.181174 0.00445401
1353 0.504361 0.00219987 0.191068 0.00454629
1354 0.501538 0.00217934 0.177163 0.0044152
1355 0.501424 0.00217529 0.178901 0.00443212
1356 0.502793 0.00215681 0.172884 0.00437288
1357 0.502307 0.00217053 0.177029 0.00441389
1358 0.50155 0.0021713 0.186923 0.00450822
1359 0.504454 0.00215588 0.175291 0.00439681
1360 0.505532 0.00214882 0.171413 0.00435811
1361 0.50495 0.0021271 0.161519 0.00425565
1362 0.505377 0.00213221 0.161519 0.00425565
1363 0.504534 0.00213382 0.165798 0.00430063
1364 0.503649 0.00211958 0.179168 0.00443471
1365 0.50517 0.00212349 0.175425 0.00439813
1366 0.502945 0.00212925 0.177296 0.00441651
1367 0.501821 0.00213453 0.181575 0.00445784
1368 0.502126 0.00212243 0.189731 0.0045341
1369 0.501454 0.00210611 0.183714 0.00447816
1370 0.499783 0.00209831 0.18933 0.00453043
1371 0.501274 0.00213112 0.193208 0.00456563
1372 0.501015 0.00215458 0.185586 0.00449576
1373 0.501537 0.00216482 0.187726 0.00451565
1374 0.499683 0.00215176 0.175826 0.00440208
1375 0.499314 0.00213689 0.179569 0.00443858
1376 0.499102 0.00213521 0.169541 0.00433914
1377 0.500058 0.00212142 0.177163 0.0044152
1378 0.500256 0.00212525 0.177296 0.00441651
1379 0.501644 0.00213333 0.185185 0.004492
1380 0.500738 0.00213508 0.193074 0.00456442
1381 0.501265 0.00212524 0.187057 0.00450946
1382 0.502398 0.00213453 0.179436 0.00443729
1383 0.501306 0.00212679 0.171146 0.00435541
1384 0.501271 0.00213714 0.165129 0.00429367
1385 0.503146 0.0021424 0.182778 0.0044693
1386 0.502552 0.00214855 0.182511 0.00446676
1387 0.501952 0.00215966 0.172884 0.00437288
1388 0.500985 0.00216267 0.178767 0.00443082
1389 0.500747 0.00216019 0.188929 0.00452674
1390 0.501357 0.00214478 0.182912 0.00447057
1391 0.501862 0.00217433 0.181308 0.00445529
1392 0.5026 0.0022016 0.189196 0.0045292
1393 0.50209 0.00222149 0.195614 0.00458712
1394 0.498723 0.00219641 0.195748 0.0045883
1395 0.50189 0.00219202 0.185854 0.00449826
1396 0.502021 0.00219343 0.183848 0.00447943
1397 0.499494 0.00219579 0.183581 0.0044769
1398 0.498174 0.00219724 0.193609 0.00456923
1399 0.498849 0.0021734 0.177965 0.00442303
1400 0.498216 0.00219859 0.168204 0.00432548
1401 0.496417 0.00221487 0.184249 0.00448321
1402 0.496192 0.00217315 0.174221 0.00438621
1403 0.495341 0.00216956 0.179837 0.00444116
1404 0.496952 0.00219397 0.171814 0.00436215
1405 0.49754 0.00219183 0.189464 0.00453165
1406 0.49659 0.00219789 0.185586 0.00449576
1407 0.498269 0.00221271 0.183447 0.00447564
1408 0.497667 0.00220662 0.189598 0.00453288
1409 0.499617 0.00223208 0.181441 0.00445657
1410 0.500326 0.00221917 0.185319 0.00449325
1411 0.501017 0.00221568 0.184784 0.00448824
1412 0.50038 0.00221045 0.18104 0.00445273
1413 0.49887 0.00220467 0.190533 0.00454143
1414 0.500779 0.0022158 0.178366 0.00442693
1415 0.502525 0.00222506 0.182511 0.00446676
1416 0.501682 0.00219855 0.188662 0.00452429
1417 0.50224 0.00219505 0.174756 0.00439152
1418 0.501945 0.00220749 0.192539 0.00455961
1419 0.501233 0.00220546 0.182511 0.00446676
1420 0.500886 0.00222438 0.182645 0.00446803
1421 0.498235 0.00224105 0.200027 0.00462582
1422 0.500352 0.00226386 0.194277 0.00457521
1423 0.500313 0.0022687 0.198422 0.00461185
1424 0.502142 0.00223902 0.204305 0.00466252
1425 0.502584 0.00222904 0.188795 0.00452552
1426 0.502115 0.00224081 0.208049 0.00469396
1427 0.50023 0.00225848 0.204038 0.00466025
1428 0.500357 0.00224459 0.212194 0.00472807
1429 0.498856 0.00224159 0.197887 0.00460717
1430 0.497849 0.00225056 0.206578 0.00468168
1431 0.49754 0.00223108 0.200562 0.00463045
1432 0.496383 0.00220892 0.196684 0.00459658
1433 0.497165 0.00222526 0.186923 0.00450822
1434 0.495654 0.00226061 0.198289 0.00461068
1435 0.499161 0.00226437 0.188528 0.00452305
1436 0.497814 0.0022572 0.196149 0.00459186
1437 0.498553 0.00225476 0.19401 0.00457282
1438 0.49991 0.00224186 0.200428 0.0046293
1439 0.499494 0.00224833 0.19401 0.00457282
1440 0.501466 0.00222049 0.186522 0.00450449
1441 0.50141 0.00221945 0.186121 0.00450075
1442 0.499216 0.00222408 0.186255 0.004502
1443 0.498675 0.00224528 0.196283 0.00459304
1444 0.498616 0.00223787 0.198155 0.00460951
1445 0.499987 0.00223019 0.194144 0.00457402
1446 0.499103 0.00223248 0.192405 0.0045584
1447 0.49955 0.00221877 0.180773 0.00445016
1448 0.49944 0.00222861 0.184517 0.00448572
1449 0.497381 0.00220682 0.180907 0.00445145
1450 0.49723 0.00220606 0.188394 0.00452182
1451 0.495983 0.00221956 0.184383 0.00448447
1452 0.49619 0.00221128 0.182511 0.00446676
1453 0.496831 0.00221639 0.188394 0.00452182
1454 0.497693 0.00222565 0.182377 0.00446549
1455 0.498778 0.00222043 0.174355 0.00438754
1456 0.497859 0.00218936 0.170611 0.00435001
1457 0.499502 0.00220091 0.17275 0.00437155
1458 0.497369 0.00221264 0.18465 0.00448698
1459 0.498483 0.00222746 0.175023 0.00439416
1460 0.499487 0.00221226 0.16553 0.00429785
1461 0.499845 0.00221988 0.171681 0.00436081
1462 0.499076 0.00221684 0.169541 0.00433914
1463 0.498681 0.00219811 0.173285 0.00437689
1464 0.499075 0.00218793 0.167402 0.00431723
1465 0.501257 0.00220451 0.173285 0.00437689
1466 0.499178 0.00222143 0.175157 0.00439548
1467 0.502728 0.00219677 0.165263 0.00429506
1468 0.499973 0.00220704 0.164728 0.00428948
1469 0.500616 0.00218723 0.174622 0.00439019
1470 0.50035 0.00217327 0.168605 0.00432959
1471 0.501685 0.00216076 0.164862 0.00429088
1472 0.502909 0.00213891 0.162589 0.00426699
1473 0.500634 0.00215298 0.164862 0.00429088
1474 0.4984 0.00216447 0.174756 0.00439152
1475 0.499435 0.00219815 0.180639 0.00444888
1476 0.498091 0.002189 0.176895 0.00441258
1477 0.499424 0.00219542 0.176628 0.00440996
1478 0.498204 0.0021739 0.172617 0.00437021
1479 0.497181 0.00216672 0.170745 0.00435136
1480 0.497802 0.00216491 0.174221 0.00438621
1481 0.498682 0.0021815 0.178099 0.00442433
1482 0.500862 0.00215404 0.172216 0.00436618
1483 0.501724 0.00217056 0.176227 0.00440603
1484 0.501039 0.00220688 0.174087 0.00438488
1485 0.50059 0.00219321 0.174756 0.00439152
1486 0.499141 0.00218752 0.172349 0.00436753
1487 0.496519 0.00216981 0.172349 0.00436753
1488 0.498891 0.00215776 0.181842 0.0044604
1489 0.49981 0.00214825 0.179971 0.00444245
1490 0.500235 0.0021539 0.175826 0.00440208
1491 0.502104 0.00215579 0.176227 0.00440603
1492 0.501477 0.00214737 0.178232 0.00442563
1493 0.501496 0.00214842 0.17636 0.00440734
1494 0.502758 0.00215595 0.171681 0.00436081
1495 0.502214 0.00218008 0.171547 0.00435946
1496 0.502529 0.00218721 0.163658 0.00427827
1497 0.500646 0.00216522 0.164059 0.00428248
1498 0.503608 0.00216523 0.168338 0.00432685
1499 0.50477 0.00215839 0.166199 0.00430479
1500 0.503145 0.00215701 0.168472 0.00432822
1501 0.50172 0.0021503 0.174355 0.00438754
1502 0.500738 0.00216736 0.172483 0.00436887
1503 0.501912 0.00217995 0.17021 0.00434594
1504 0.502469 0.00216621 0.169943 0.00434323
1505 0.5018 0.00217851 0.172617 0.00437021
1506 0.502032 0.00217959 0.170745 0.00435136
1507 0.502466 0.00218257 0.168338 0.00432685
1508 0.503162 0.00216603 0.165263 0.00429506
1509 0.501386 0.00217681 0.16299 0.00427123
1510 0.503913 0.00217075 0.164728 0.00428948
1511 0.504321 0.00218135 0.169007 0.00433369
1512 0.504849 0.00216092 0.167135 0.00431447
1513 0.505254 0.00219372 0.168739 0.00433096
1514 0.504003 0.00220383 0.170878 0.00435271
1515 0.502 0.00220294 0.17489 0.00439284
1516 0.501422 0.00218481 0.167402 0.00431723
1517 0.502282 0.002219 0.188662 0.00452429
1518 0.499977 0.00219326 0.179035 0.00443341
1519 0.501035 0.00218966 0.191068 0.00454629
1520 0.502822 0.00218338 0.17489 0.00439284
1521 0.50344 0.00220265 0.170878 0.00435271
1522 0.501848 0.00217442 0.165129 0.00429367
1523 0.502106 0.00217946 0.178901 0.00443212
1524 0.500984 0.00220614 0.186923 0.00450822
1525 0.498395 0.00220385 0.172617 0.00437021
1526 0.499708 0.00222672 0.168739 0.00433096
1527 0.501048 0.00222876 0.163123 0.00427264
1528 0.501345 0.00222255 0.169007 0.00433369
1529 0.502619 0.00222092 0.165129 0.00429367
1530 0.503084 0.00220228 0.177029 0.00441389
1531 0.502788 0.00220022 0.184918 0.00448949
1532 0.500804 0.00219571 0.179168 0.00443471
1533 0.500434 0.00217809 0.175157 0.00439548
1534 0.500499 0.002209 0.177029 0.00441389
1535 0.499326 0.00218302 0.175291 0.00439681
1536 0.498047 0.00216501 0.178901 0.00443212
1537 0.49725 0.00215842 0.180907 0.00445145
1538 0.498697 0.00214672 0.172884 0.00437288
1539 0.49931 0.00214545 0.17275 0.00437155
1540 0.500008 0.00213677 0.17128 0.00435676
1541 0.501339 0.00214894 0.164995 0.00429227
1542 0.502656 0.00216277 0.179035 0.00443341
1543 0.502646 0.00215208 0.173285 0.00437689
1544 0.4999 0.00215739 0.16553 0.00429785
1545 0.500626 0.00216629 0.153764 0.00417138
1546 0.502409 0.0021723 0.159647 0.00423564
1547 0.50234 0.00217395 0.171413 0.00435811
1548 0.502583 0.00216316 0.173285 0.00437689
1549 0.504243 0.00216031 0.17128 0.00435676
1550 0.503501 0.00215117 0.155636 0.00419205
1551 0.501249 0.00214363 0.163525 0.00427686
1552 0.499267 0.00214788 0.153229 0.00416544
1553 0.499657 0.00212307 0.162856 0.00426982
1554 0.502468 0.00211984 0.15938 0.00423276
1555 0.500461 0.00206993 0.155636 0.00419205
1556 0.501396 0.0021003 0.157508 0.00421251
1557 0.501254 0.00209208 0.167536 0.00431861
1558 0.500443 0.00210788 0.167669 0.00431998
1559 0.500547 0.00210933 0.171012 0.00435406
1560 0.499571 0.00210633 0.161118 0.00425138
1561 0.501067 0.00208522 0.16085 0.00424852
1562 0.500133 0.0020655 0.161519 0.00425565
1563 0.501211 0.0020487 0.161653 0.00425707
1564 0.499051 0.0020674 0.159246 0.00423132
1565 0.499622 0.00208492 0.151491 0.00414599
1566 0.50032 0.00209249 0.159513 0.0042342
1567 0.499689 0.00208586 0.157775 0.00421542
1568 0.499979 0.00211044 0.165129 0.00429367
1569 0.500243 0.00209323 0.167268 0.00431585
1570 0.500011 0.00211267 0.175023 0.00439416
1571 0.499367 0.00208568 0.167001 0.00431309
1572 0.500784 0.00209143 0.167135 0.00431447
1573 0.501294 0.00208496 0.16914 0.00433506
1574 0.50064 0.0020796 0.16914 0.00433506
1575 0.499513 0.00207942 0.177163 0.0044152
1576 0.500257 0.00209571 0.171413 0.00435811
1577 0.499399 0.0020774 0.15363 0.0041699
1578 0.500155 0.00208417 0.157775 0.00421542
1579 0.501679 0.00207822 0.157641 0.00421396
1580 0.503104 0.00205645 0.154165 0.00417583
1581 0.502146 0.00204123 0.163525 0.00427686
1582 0.50273 0.00205235 0.165396 0.00429646
1583 0.50176 0.00207554 0.169408 0.00433778
1584 0.502373 0.00207695 0.167402 0.00431723
1585 0.503341 0.00208371 0.185453 0.00449451
1586 0.501108 0.00207313 0.173285 0.00437689
1587 0.499788 0.00206147 0.175157 0.00439548
1588 0.500233 0.00208504 0.179302 0.004436
1589 0.500362 0.00207926 0.181174 0.00445401
1590 0.498288 0.00210152 0.176628 0.00440996
1591 0.499134 0.00210466 0.179035 0.00443341
1592 0.499783 0.00211374 0.177163 0.0044152
1593 0.501679 0.0021113 0.173686 0.00438089
1594 0.501478 0.00210869 0.181308 0.00445529
1595 0.501571 0.00209468 0.175558 0.00439944
1596 0.502428 0.00209745 0.175692 0.00440076
1597 0.500782 0.00207194 0.173553 0.00437956
1598 0.502392 0.00206618 0.177296 0.00441651
1599 0.501206 0.00210741 0.177296 0.00441651
1600 0.501414 0.00207868 0.17128 0.00435676
1601 0.500717 0.00207384 0.171413 0.00435811
1602 0.499896 0.00209419 0.183313 0.00447437
1603 0.497626 0.00206951 0.183447 0.00447564
1604 0.499313 0.00206141 0.181308 0.00445529
1605 0.497886 0.00210298 0.185319 0.00449325
1606 0.497936 0.00210344 0.176895 0.00441258
1607 0.498674 0.00210277 0.18318 0.0044731
1608 0.4996 0.00210562 0.183313 0.00447437
1609 0.498494 0.00208756 0.175425 0.00439813
1610 0.498517 0.00210715 0.17128 0.00435676
1611 0.498843 0.00209859 0.157909 0.00421687
1612 0.498127 0.00209011 0.157909 0.00421687
1613 0.497553 0.00208877 0.165664 0.00429924
1614 0.493607 0.00210355 0.175558 0.00439944
1615 0.495228 0.00210799 0.175558 0.00439944
1616 0.495476 0.00212316 0.173686 0.00438089
1617 0.496808 0.00212665 0.167803 0.00432136
1618 0.498167 0.00211589 0.173285 0.00437689
1619 0.498313 0.00210492 0.173954 0.00438355
1620 0.49994 0.00211749 0.165798 0.00430063
1621 0.49676 0.00214464 0.175425 0.00439813
1622 0.495063 0.0021492 0.173686 0.00438089
1623 0.493483 0.00214528 0.181842 0.0044604
1624 0.493147 0.00215409 0.189999 0.00453655
1625 0.494261 0.00216529 0.183982 0.00448069
1626 0.496794 0.00218536 0.181976 0.00446167
1627 0.495735 0.00221698 0.191603 0.00455115
1628 0.495827 0.00219307 0.179703 0.00443987
1629 0.496815 0.00216776 0.191469 0.00454994
1630 0.498557 0.00214347 0.177564 0.00441912
1631 0.497877 0.00213135 0.18572 0.00449701
1632 0.498154 0.00211445 0.175959 0.0044034
1633 0.498139 0.00212902 0.177831 0.00442173
1634 0.496983 0.00212944 0.183982 0.00448069
1635 0.496911 0.0021128 0.189865 0.00453532
1636 0.495057 0.00209531 0.195748 0.0045883
1637 0.495463 0.00208664 0.185854 0.00449826
1638 0.496499 0.00208235 0.195614 0.00458712
1639 0.497193 0.0020804 0.181575 0.00445784
1640 0.495532 0.00209026 0.185854 0.00449826
1641 0.497079 0.00210776 0.180104 0.00444374
1642 0.496458 0.00209859 0.189598 0.00453288
1643 0.496772 0.00207615 0.176093 0.00440471
1644 0.493978 0.00209091 0.187993 0.00451812
1645 0.496478 0.0020649 0.171681 0.00436081
1646 0.495181 0.00206183 0.181308 0.00445529
1647 0.495056 0.00208124 0.173553 0.00437956
1648 0.495467 0.0020917 0.175558 0.00439944
1649 0.496243 0.00210942 0.179302 0.004436
1650 0.497138 0.00210429 0.181441 0.00445657
1651 0.497784 0.00211866 0.17743 0.00441781
1652 0.498071 0.002107 0.175425 0.00439813
1653 0.497101 0.00210228 0.187057 0.00450946
1654 0.496727 0.00212157 0.185319 0.00449325
1655 0.493715 0.00211593 0.18318 0.0044731
1656 0.497215 0.00211173 0.171547 0.00435946
1657 0.498608 0.00211968 0.167669 0.00431998
1658 0.499196 0.00210931 0.171814 0.00436215
1659 0.498719 0.00211799 0.175425 0.00439813
1660 0.500141 0.00211054 0.173553 0.00437956
1661 0.500534 0.00210014 0.155903 0.00419499
1662 0.498711 0.00210138 0.158176 0.00421977
1663 0.500318 0.00213184 0.172082 0.00436484
1664 0.497804 0.0021347 0.175959 0.0044034
1665 0.500488 0.00212689 0.185453 0.00449451
1666 0.499428 0.00209719 0.189063 0.00452797
1667 0.498863 0.00209257 0.169809 0.00434187
1668 0.49976 0.00208084 0.185319 0.00449325
1669 0.500883 0.00209357 0.177296 0.00441651
1670 0.500138 0.00207575 0.175692 0.00440076
1671 0.499561 0.00208367 0.184918 0.00448949
1672 0.500913 0.00209009 0.181174 0.00445401
1673 0.498406 0.0020423 0.175291 0.00439681
1674 0.496639 0.00203192 0.183714 0.00447816
1675 0.49845 0.00202281 0.171547 0.00435946
1676 0.500312 0.0020326 0.161252 0.0042528
1677 0.500804 0.00203853 0.158978 0.00422844
1678 0.501618 0.00204065 0.167135 0.00431447
1679 0.499765 0.0020214 0.171413 0.00435811
1680 0.500101 0.00201402 0.160984 0.00424995
1681 0.499289 0.00200609 0.160717 0.0042471
1682 0.497201 0.00199737 0.163123 0.00427264
1683 0.496792 0.00200575 0.15724 0.0042096
1684 0.497759 0.00198924 0.163257 0.00427405
1685 0.496866 0.00199969 0.159647 0.00423564
1686 0.496368 0.00199839 0.153496 0.00416841
1687 0.497552 0.00201964 0.153363 0.00416693
1688 0.498086 0.00201605 0.160984 0.00424995
1689 0.499039 0.00205148 0.155769 0.00419352
1690 0.499566 0.0020529 0.163658 0.00427827
1691 0.497303 0.00204721 0.149619 0.00412484
1692 0.498278 0.00205355 0.15938 0.00423276
1693 0.497491 0.00204019 0.151491 0.00414599
1694 0.497114 0.00202096 0.167135 0.00431447
1695 0.495243 0.00201575 0.169809 0.00434187
1696 0.4978 0.00199761 0.163525 0.00427686
1697 0.498666 0.00199336 0.161519 0.00425565
1698 0.496485 0.00202566 0.159781 0.00423707
1699 0.495942 0.00204536 0.157775 0.00421542
1700 0.497822 0.00202589 0.161653 0.00425707
1701 0.498953 0.00203248 0.161786 0.00425849
1702 0.500742 0.00204984 0.167937 0.00432273
1703 0.50026 0.00203473 0.165664 0.00429924
1704 0.501154 0.00206316 0.169541 0.00433914
1705 0.504844 0.00208965 0.173151 0.00437556
1706 0.506304 0.00205201 0.173285 0.00437689
1707 0.505225 0.00206729 0.173151 0.00437556
1708 0.504803 0.00205209 0.171413 0.00435811
1709 0.502256 0.00206364 0.169675 0.00434051
1710 0.503854 0.00204829 0.159781 0.00423707
1711 0.503009 0.00205268 0.163658 0.00427827
1712 0.502157 0.0020354 0.16553 0.00429785
1713 0.501687 0.00203727 0.161252 0.0042528
1714 0.501009 0.00204291 0.155368 0.00418911
1715 0.501568 0.00206004 0.167135 0.00431447
1716 0.500627 0.00206296 0.173285 0.00437689
1717 0.502948 0.00206345 0.169408 0.00433778
1718 0.501697 0.0020833 0.169274 0.00433642
1719 0.50014 0.00205955 0.165129 0.00429367
1720 0.502698 0.00207888 0.167268 0.00431585
1721 0.501389 0.00205965 0.176895 0.00441258
1722 0.502147 0.0020612 0.172884 0.00437288
1723 0.502155 0.00207729 0.186389 0.00450324
1724 0.501641 0.0020813 0.176762 0.00441127
1725 0.50223 0.00208335 0.180773 0.00445016
1726 0.502895 0.0020637 0.171146 0.00435541
1727 0.502451 0.00207586 0.176895 0.00441258
1728 0.503569 0.00210264 0.172617 0.00437021
1729 0.50332 0.00207798 0.170878 0.00435271
1730 0.504834 0.00206382 0.176762 0.00441127
1731 0.505755 0.00207279 0.170745 0.00435136
1732 0.503964 0.00205582 0.180639 0.00444888
1733 0.503056 0.00207126 0.182645 0.00446803
1734 0.504462 0.00205332 0.161118 0.00425138
1735 0.503101 0.00207043 0.179302 0.004436
1736 0.50206 0.00206814 0.176895 0.00441258
1737 0.50048 0.00208451 0.182912 0.00447057
1738 0.502026 0.00210118 0.184918 0.00448949
1739 0.499858 0.00210742 0.18104 0.00445273
1740 0.500685 0.00208003 0.190533 0.00454143
1741 0.500713 0.00208161 0.184517 0.00448572
1742 0.50041 0.00210782 0.183046 0.00447184
1743 0.501873 0.00210722 0.179035 0.00443341
1744 0.503475 0.00210675 0.177296 0.00441651
1745 0.503278 0.00207424 0.171146 0.00435541
1746 0.501747 0.00209464 0.174622 0.00439019
1747 0.500895 0.00208177 0.164995 0.00429227
1748 0.500695 0.00208483 0.165263 0.00429506
1749 0.501194 0.0021054 0.171012 0.00435406
1750 0.501355 0.00211219 0.176628 0.00440996
1751 0.500578 0.00211511 0.173285 0.00437689
1752 0.500362 0.00210131 0.17743 0.00441781
1753 0.499868 0.0020723 0.173553 0.00437956
1754 0.49934 0.00206361 0.169943 0.00434323
1755 0.500842 0.00205587 0.161385 0.00425422
1756 0.501695 0.00203629 0.167669 0.00431998
1757 0.502991 0.00204015 0.163658 0.00427827
1758 0.500406 0.00202679 0.169274 0.00433642
1759 0.50148 0.00200929 0.167402 0.00431723
1760 0.502376 0.00198933 0.167135 0.00431447
1761 0.504553 0.00196234 0.157775 0.00421542
1762 0.506073 0.00197623 0.159513 0.0042342
1763 0.506243 0.00199575 0.151357 0.00414449
1764 0.508286 0.00199734 0.14173 0.00403321
1765 0.507341 0.00201564 0.149352 0.0041218
1766 0.509476 0.00201562 0.147212 0.00409732
1767 0.509362 0.00202811 0.147346 0.00409886
1768 0.509932 0.00201345 0.14895 0.00411723
1769 0.509742 0.00203338 0.161118 0.00425138
1770 0.506628 0.00200782 0.15938 0.00423276
1771 0.507083 0.00201235 0.159647 0.00423564
1772 0.506143 0.00201134 0.157775 0.00421542
1773 0.506976 0.00201152 0.155636 0.00419205
1774 0.505522 0.00201781 0.173151 0.00437556
1775 0.50468 0.00204327 0.173553 0.00437956
1776 0.504715 0.00205352 0.163257 0.00427405
1777 0.505884 0.00208111 0.167669 0.00431998
1778 0.506665 0.00206815 0.155502 0.00419059
1779 0.504912 0.00206367 0.158043 0.00421832
1780 0.505161 0.00208537 0.152293 0.00415499
1781 0.504182 0.00210817 0.159781 0.00423707
1782 0.504082 0.00207589 0.162054 0.00426133
1783 0.504884 0.00205939 0.151758 0.004149
1784 0.507175 0.00207447 0.137318 0.00398012
1785 0.505687 0.00205665 0.14387 0.00405846
1786 0.504243 0.00207944 0.159246 0.00423132
1787 0.504572 0.00209737 0.171948 0.0043635
1788 0.503104 0.00210745 0.169943 0.00434323
1789 0.503413 0.00209269 0.167803 0.00432136
1790 0.501985 0.0020905 0.17021 0.00434594
1791 0.504657 0.0020983 0.159781 0.00423707
1792 0.50471 0.00212871 0.167268 0.00431585
1793 0.503136 0.0020949 0.167402 0.00431723
1794 0.503806 0.00208955 0.171413 0.00435811
1795 0.503352 0.002094 0.157909 0.00421687
1796 0.505226 0.0020991 0.157909 0.00421687
1797 0.507286 0.00207836 0.16192 0.00425991
1798 0.508826 0.00208025 0.151892 0.0041505
1799 0.509621 0.00207868 0.163926 0.00428108
1800 0.509212 0.00206206 0.171547 0.00435946
1801 0.508875 0.00207637 0.155903 0.00419499
1802 0.509248 0.00206868 0.155636 0.00419205
1803 0.508695 0.00208699 0.155769 0.00419352
1804 0.50928 0.002099 0.156037 0.00419646
1805 0.509433 0.00210571 0.154031 0.00417435
1806 0.510403 0.00212738 0.160048 0.00423994
1807 0.510098 0.00213701 0.160316 0.00424281
1808 0.507783 0.00215195 0.146143 0.00408496
1809 0.506314 0.00213803 0.157909 0.00421687
1810 0.506399 0.00210885 0.166065 0.00430341
1811 0.507749 0.00210194 0.162321 0.00426416
1812 0.507046 0.00206432 0.156171 0.00419792
1813 0.506503 0.00206538 0.162455 0.00426558
1814 0.504255 0.00205615 0.164327 0.00428528
1815 0.505198 0.00203349 0.170611 0.00435001
1816 0.503665 0.00202706 0.156572 0.00420231
1817 0.501808 0.0020408 0.158444 0.00422266
1818 0.500801 0.00206001 0.168204 0.00432548
1819 0.500536 0.00204773 0.160449 0.00424424
1820 0.501314 0.00205527 0.158444 0.00422266
1821 0.499927 0.00206826 0.164327 0.00428528
1822 0.497163 0.00209091 0.169809 0.00434187
1823 0.495913 0.00210428 0.175826 0.00440208
1824 0.497669 0.00209236 0.165798 0.00430063
1825 0.498725 0.0020932 0.163792 0.00427967
1826 0.496038 0.00210999 0.171681 0.00436081
1827 0.49727 0.00213 0.166065 0.00430341
1828 0.495318 0.00212774 0.175959 0.0044034
1829 0.497113 0.00214378 0.173954 0.00438355
1830 0.497088 0.00212695 0.169943 0.00434323
1831 0.497069 0.00210139 0.159914 0.00423851
1832 0.500839 0.00209152 0.159781 0.00423707
1833 0.498647 0.00207421 0.15724 0.0042096
1834 0.502309 0.0020785 0.147346 0.00409886
1835 0.502751 0.00208046 0.149485 0.00412332
1836 0.501432 0.00209302 0.157508 0.00421251
1837 0.501332 0.00207461 0.165129 0.00429367
1838 0.502616 0.00211569 0.160984 0.00424995
1839 0.501361 0.00209279 0.155235 0.00418764
1840 0.501296 0.00208682 0.15363 0.0041699
1841 0.501544 0.00207527 0.163658 0.00427827
1842 0.500694 0.00208158 0.165664 0.00429924
1843 0.502033 0.00209599 0.165263 0.00429506
1844 0.501743 0.00207312 0.149352 0.0041218
1845 0.500837 0.00208065 0.161118 0.00425138
1846 0.500617 0.0020714 0.151491 0.00414599
1847 0.499682 0.00207232 0.147613 0.00410193
1848 0.500756 0.00209064 0.153898 0.00417287
1849 0.501942 0.00209983 0.147881 0.004105
1850 0.500424 0.00209014 0.151223 0.00414299
1851 0.501955 0.00208553 0.14748 0.00410039
1852 0.504593 0.00212389 0.147346 0.00409886
1853 0.506351 0.0021167 0.146009 0.00408341
1854 0.506168 0.00212538 0.15363 0.0041699
1855 0.507952 0.0021265 0.147881 0.004105
1856 0.508137 0.0021043 0.140126 0.00401406
1857 0.508761 0.00210437 0.146009 0.00408341
1858 0.507244 0.00206733 0.13558 0.00395883
1859 0.506339 0.00209767 0.151223 0.00414299
1860 0.507148 0.00212755 0.151223 0.00414299
1861 0.506631 0.00212614 0.145875 0.00408186
1862 0.507696 0.00212959 0.163391 0.00427546
1863 0.504903 0.00211669 0.167135 0.00431447
1864 0.506598 0.00213806 0.175023 0.00439416
1865 0.505987 0.00215306 0.182912 0.00447057
1866 0.502403 0.00216703 0.18318 0.0044731
1867 0.504515 0.00215396 0.181308 0.00445529
1868 0.505586 0.00215064 0.173553 0.00437956
1869 0.506002 0.00214857 0.175023 0.00439416
1870 0.504702 0.00215079 0.179302 0.004436
1871 0.503014 0.00212259 0.177965 0.00442303
1872 0.502029 0.00210367 0.171948 0.0043635
1873 0.503977 0.00207848 0.17021 0.00434594
1874 0.504419 0.00210538 0.165798 0.00430063
1875 0.504662 0.00209573 0.154299 0.00417731
1876 0.504228 0.00213725 0.167669 0.00431998
1877 0.503043 0.0021386 0.167536 0.00431861
1878 0.505262 0.00216077 0.163926 0.00428108
1879 0.50599 0.00215709 0.159781 0.00423707
1880 0.505563 0.00215927 0.163792 0.00427967
1881 0.50494 0.00215592 0.165664 0.00429924
1882 0.502382 0.00216034 0.167669 0.00431998
1883 0.502364 0.00215474 0.171413 0.00435811
1884 0.502141 0.00215692 0.155636 0.00419205
1885 0.500894 0.0021404 0.161252 0.0042528
1886 0.500993 0.00215087 0.175558 0.00439944
1887 0.498794 0.00215497 0.171413 0.00435811
1888 0.497903 0.00216489 0.175291 0.00439681
1889 0.499233 0.00217292 0.173151 0.00437556
1890 0.499431 0.00216426 0.178901 0.00443212
1891 0.501672 0.002148 0.176895 0.00441258
1892 0.502559 0.00213826 0.17128 0.00435676
1893 0.501596 0.00211536 0.169274 0.00433642
1894 0.504372 0.00214833 0.175023 0.00439416
1895 0.504254 0.00213792 0.169408 0.00433778
1896 0.503752 0.00212189 0.169274 0.00433642
1897 0.504776 0.00210382 0.17128 0.00435676
1898 0.504397 0.00209407 0.16914 0.00433506
1899 0.503247 0.00209795 0.169408 0.00433778
1900 0.50291 0.00209423 0.18933 0.00453043
1901 0.504546 0.00209569 0.185051 0.00449075
1902 0.502734 0.00209359 0.175157 0.00439548
1903 0.503057 0.00209471 0.183447 0.00447564
1904 0.503313 0.00210156 0.183447 0.00447564
1905 0.503217 0.00209378 0.18104 0.00445273
1906 0.504461 0.00209416 0.18318 0.0044731
1907 0.500962 0.00209679 0.180773 0.00445016
1908 0.502836 0.00211629 0.188662 0.00452429
1909 0.502017 0.00211342 0.18679 0.00450697
1910 0.501703 0.00210933 0.174756 0.00439152
1911 0.500918 0.00210392 0.184918 0.00448949
1912 0.499762 0.00212874 0.177296 0.00441651
1913 0.500979 0.00211816 0.173151 0.00437556
1914 0.500842 0.00211059 0.169274 0.00433642
1915 0.500467 0.00211926 0.169408 0.00433778
1916 0.502638 0.00211691 0.171146 0.00435541
1917 0.502454 0.00211606 0.163391 0.00427546
1918 0.501852 0.00213077 0.16914 0.00433506
1919 0.502972 0.0021478 0.171413 0.00435811
1920 0.50313 0.00212752 0.16914 0.00433506
1921 0.503339 0.00214318 0.161519 0.00425565
1922 0.501537 0.00213711 0.162856 0.00426982
1923 0.499388 0.00214103 0.173018 0.00437422
1924 0.500465 0.00212277 0.166867 0.00431171
1925 0.499976 0.00210717 0.161118 0.00425138
1926 0.500303 0.00211281 0.159112 0.00422988
1927 0.501504 0.00209136 0.161252 0.0042528
1928 0.502062 0.00209984 0.163123 0.00427264
1929 0.501392 0.00208756 0.17275 0.00437155
1930 0.501331 0.00207223 0.162722 0.0042684
1931 0.501041 0.00207071 0.164862 0.00429088
1932 0.503538 0.00208246 0.154834 0.00418322
1933 0.50411 0.00209632 0.158845 0.004227
1934 0.505914 0.00208136 0.152694 0.00415948
1935 0.504737 0.00210135 0.15109 0.00414148
1936 0.504243 0.00210603 0.16085 0.00424852
1937 0.505834 0.00209878 0.16085 0.00424852
1938 0.505294 0.00210993 0.156839 0.00420523
1939 0.505723 0.00212627 0.156572 0.00420231
1940 0.505855 0.00211368 0.168204 0.00432548
1941 0.505725 0.00211865 0.152694 0.00415948
1942 0.504901 0.00211778 0.164594 0.00428808
1943 0.505442 0.00211864 0.16299 0.00427123
1944 0.506974 0.00212781 0.16299 0.00427123
1945 0.508697 0.00211476 0.15938 0.00423276
1946 0.50529 0.00211737 0.173018 0.00437422
1947 0.504839 0.00211407 0.170878 0.00435271
1948 0.503943 0.0021092 0.171012 0.00435406
1949 0.502851 0.00211086 0.167402 0.00431723
1950 0.501034 0.00212718 0.17128 0.00435676
1951 0.502529 0.00212715 0.171681 0.00436081
1952 0.500889 0.00212599 0.169274 0.00433642
1953 0.501157 0.0021072 0.171012 0.00435406
1954 0.501011 0.00212867 0.177029 0.00441389
1955 0.500766 0.00215039 0.183313 0.00447437
1956 0.500752 0.00214933 0.18933 0.00453043
1957 0.500358 0.00214632 0.187057 0.00450946
1958 0.499307 0.00213591 0.187191 0.0045107
1959 0.498452 0.00212667 0.187057 0.00450946
1960 0.496648 0.00211974 0.18318 0.0044731
1961 0.49567 0.00212762 0.173285 0.00437689
1962 0.494374 0.00214569 0.194946 0.00458117
1963 0.4937 0.00214554 0.198556 0.00461302
1964 0.495044 0.00213731 0.194411 0.00457641
1965 0.49518 0.00217379 0.198823 0.00461536
1966 0.495943 0.00215838 0.184918 0.00448949
1967 0.497197 0.00215157 0.178767 0.00443082
1968 0.498467 0.00210585 0.182912 0.00447057
1969 0.497948 0.00209759 0.184784 0.00448824
1970 0.497659 0.00211004 0.178901 0.00443212
1971 0.497725 0.0021105 0.182778 0.0044693
1972 0.495753 0.00213148 0.183046 0.00447184
1973 0.495447 0.00211616 0.18104 0.00445273
1974 0.497939 0.00213245 0.19508 0.00458236
1975 0.498104 0.00213051 0.191469 0.00454994
1976 0.498714 0.00214342 0.191068 0.00454629
1977 0.498288 0.00213651 0.190935 0.00454508
1978 0.49922 0.00212194 0.191068 0.00454629
1979 0.499296 0.00212567 0.18318 0.0044731
1980 0.497559 0.00212989 0.179436 0.00443729
1981 0.49714 0.0021051 0.175157 0.00439548
1982 0.494317 0.00210099 0.175425 0.00439813
1983 0.494716 0.00210153 0.177163 0.0044152
1984 0.493972 0.00212993 0.187191 0.0045107
1985 0.495711 0.00213486 0.187057 0.00450946
1986 0.496886 0.00215889 0.190935 0.00454508
1987 0.496417 0.00214891 0.185185 0.004492
1988 0.497919 0.00213559 0.178901 0.00443212
1989 0.497542 0.00217149 0.183714 0.00447816
1990 0.496483 0.00214915 0.181575 0.00445784
1991 0.496522 0.00212735 0.191068 0.00454629
1992 0.498536 0.0021318 0.184517 0.00448572
1993 0.497298 0.00212555 0.192673 0.00456081
1994 0.498857 0.00211521 0.173018 0.00437422
1995 0.49708 0.00209291 0.165396 0.00429646
1996 0.498623 0.00210978 0.173419 0.00437823
1997 0.498813 0.00210171 0.177296 0.00441651
1998 0.498634 0.00213207 0.177029 0.00441389
1999 0.497431 0.00210022 0.167268 0.00431585
