#sample=10000
0 0.0013366 3.79805e-05 1 0
1 0.00150841 7.46224e-05 0.9999 0.0001
2 0.00149665 6.13247e-05 0.9999 0.0001
3 0.00170816 8.5711e-05 0.9996 0.00019997
4 0.00173131 5.2504e-05 1 0
5 0.00196285 7.79591e-05 0.9998 0.000141414
6 0.0019831 3.34268e-05 1 0
7 0.00226402 4.93392e-05 1 0
8 0.00254121 5.65167e-05 1 0
9 0.00282967 7.12159e-05 0.9999 0.0001
10 0.00311886 7.89513e-05 0.9999 0.0001
11 0.00333399 6.53178e-05 0.9999 0.0001
12 0.00370644 8.55596e-05 0.9998 0.000141414
13 0.00394578 7.45019e-05 1 0
14 0.00421707 6.61447e-05 1 0
15 0.00456749 7.68011e-05 1 0
16 0.00502198 0.00011884 0.9996 0.00019997
17 0.00516878 8.48989e-05 1 0
18 0.00562088 0.000104256 0.9999 0.0001
19 0.00596432 0.000112255 0.9998 0.000141414
20 0.00616318 9.03182e-05 1 0
21 0.00642133 9.57965e-05 1 0
22 0.00674499 9.45897e-05 1 0
23 0.00703476 0.000110847 0.9998 0.000141414
24 0.00745536 0.000126737 0.9998 0.000141414
25 0.0076589 0.00012856 0.9997 0.000173188
26 0.00794994 0.000129157 0.9998 0.000141414
27 0.00818697 0.000117502 1 0
28 0.00861467 0.000139306 0.9997 0.000173188
29 0.00896218 0.000132398 0.9999 0.0001
30 0.00918117 0.000140746 0.9998 0.000141414
31 0.00954827 0.000145623 0.9999 0.0001
32 0.00974412 0.000158635 0.9998 0.000141414
33 0.0101491 0.00015674 0.9998 0.000141414
34 0.0101878 0.000147061 1 0
35 0.0106338 0.000172556 0.9997 0.000173188
36 0.0109288 0.000162258 0.9999 0.0001
37 0.0111393 0.000166187 0.9997 0.000173188
38 0.0114049 0.000167354 0.9998 0.000141414
39 0.0117265 0.000188926 0.9995 0.000223562
40 0.011873 0.000182807 0.9998 0.000141414
41 0.0120785 0.000180046 1 0
42 0.0123416 0.000188323 0.9997 0.000173188
43 0.012545 0.000191417 0.9997 0.000173188
44 0.0128032 0.000199393 0.9996 0.00019997
45 0.0129537 0.0002157 0.9993 0.000264496
46 0.0133502 0.000216588 0.9993 0.000264496
47 0.0134098 0.000199056 0.9998 0.000141414
48 0.0135444 0.00021511 0.9995 0.000223562
49 0.0136929 0.000202615 0.9997 0.000173188
50 0.0141544 0.00022429 0.9993 0.000264496
51 0.0142962 0.000221463 0.9995 0.000223562
52 0.0145475 0.000221987 0.9994 0.000244888
53 0.0145708 0.000218657 0.9995 0.000223562
54 0.0151424 0.000222559 0.9997 0.000173188
55 0.0153435 0.000240361 0.9994 0.000244888
56 0.0155646 0.000236032 0.9994 0.000244888
57 0.0158034 0.00025858 0.9988 0.00034622
58 0.0158048 0.00024077 0.9993 0.000264496
59 0.0159075 0.000250972 0.9991 0.00029988
60 0.016056 0.000240546 0.9993 0.000264496
61 0.0164573 0.000261893 0.999 0.000316085
62 0.0165511 0.000255282 0.9992 0.000282744
63 0.0168338 0.000256005 0.9992 0.000282744
64 0.0169117 0.000239138 0.9997 0.000173188
65 0.0173348 0.000267958 0.9989 0.000331497
66 0.0174863 0.000264286 0.9992 0.000282744
67 0.0174484 0.000247007 0.9996 0.00019997
68 0.0181088 0.000276316 0.9989 0.000331497
69 0.0182534 0.00027134 0.9991 0.00029988
70 0.0184174 0.000277692 0.9988 0.00034622
71 0.0186444 0.000267547 0.9992 0.000282744
72 0.0186414 0.000268498 0.9991 0.00029988
73 0.0190869 0.000281634 0.9987 0.000360339
74 0.0193404 0.000287633 0.9988 0.00034622
75 0.0195504 0.000289098 0.9989 0.000331497
76 0.0197732 0.000288983 0.999 0.000316085
77 0.0199212 0.000285835 0.9993 0.000264496
78 0.0204748 0.000304188 0.9985 0.000387027
79 0.0204667 0.000292806 0.9988 0.00034622
80 0.0205308 0.000284441 0.9992 0.000282744
81 0.0208868 0.000300171 0.9989 0.000331497
82 0.0213026 0.000315014 0.9985 0.000387027
83 0.02141 0.000302026 0.9989 0.000331497
84 0.0213782 0.000293354 0.999 0.000316085
85 0.0218633 0.00032165 0.9984 0.0003997
86 0.0220567 0.000311953 0.9986 0.000373922
87 0.0218329 0.000308255 0.9989 0.000331497
88 0.022476 0.000321672 0.9986 0.000373922
89 0.0226852 0.000300017 0.9991 0.00029988
90 0.0228864 0.00030265 0.9991 0.00029988
91 0.0225632 0.000298194 0.9991 0.00029988
92 0.0233115 0.000307367 0.999 0.000316085
93 0.0234671 0.000325505 0.9984 0.0003997
94 0.0234506 0.0003252 0.9988 0.00034622
95 0.0235343 0.000306742 0.9991 0.00029988
96 0.0239324 0.000317535 0.9989 0.000331497
97 0.0240118 0.000323945 0.9988 0.00034622
98 0.0245485 0.000338847 0.9985 0.000387027
99 0.0247961 0.000323352 0.9988 0.00034622
100 0.0251599 0.000329475 0.9989 0.000331497
101 0.025416 0.000329765 0.999 0.000316085
102 0.025558 0.000337724 0.9983 0.000411981
103 0.0256189 0.000333421 0.9985 0.000387027
104 0.0257537 0.000346316 0.9982 0.000423903
105 0.0259683 0.000334604 0.9989 0.000331497
106 0.0256489 0.000322623 0.9993 0.000264496
107 0.0262693 0.00033293 0.999 0.000316085
108 0.0262367 0.00033731 0.9986 0.000373922
109 0.0266424 0.000346763 0.9982 0.000423903
110 0.0269292 0.000348658 0.9989 0.000331497
111 0.0271419 0.00036138 0.9981 0.000435497
112 0.0273854 0.000351806 0.9986 0.000373922
113 0.0276197 0.000371569 0.9977 0.000479055
114 0.0274339 0.000352821 0.9985 0.000387027
115 0.027611 0.000354708 0.9984 0.0003997
116 0.0274447 0.000351543 0.9988 0.00034622
117 0.027911 0.000358821 0.9982 0.000423903
118 0.0279427 0.000347964 0.9988 0.00034622
119 0.0280106 0.00033898 0.999 0.000316085
120 0.0280822 0.00035813 0.9983 0.000411981
121 0.027882 0.000355168 0.9984 0.0003997
122 0.0279269 0.000352781 0.9979 0.000457799
123 0.0281483 0.000364447 0.9981 0.000435497
124 0.0284139 0.000344685 0.9989 0.000331497
125 0.0284907 0.000347216 0.9987 0.000360339
126 0.0284912 0.000359784 0.998 0.000446788
127 0.0287356 0.000371625 0.998 0.000446788
128 0.0289115 0.000356623 0.9986 0.000373922
129 0.028967 0.000369244 0.9982 0.000423903
130 0.0291088 0.000366924 0.9984 0.0003997
131 0.0289079 0.000351575 0.9986 0.000373922
132 0.0290425 0.000367567 0.9988 0.00034622
133 0.0289668 0.000356429 0.9986 0.000373922
134 0.029354 0.000353758 0.9987 0.000360339
135 0.029579 0.000366889 0.9986 0.000373922
136 0.0304366 0.000382054 0.9978 0.000468549
137 0.0299243 0.000375059 0.9986 0.000373922
138 0.0301249 0.000371106 0.9982 0.000423903
139 0.0299246 0.000361412 0.9988 0.00034622
140 0.0304836 0.000369961 0.9988 0.00034622
141 0.0310899 0.000383477 0.9983 0.000411981
142 0.0301816 0.000361553 0.9989 0.000331497
143 0.0311631 0.000386774 0.9982 0.000423903
144 0.0308115 0.000378886 0.9981 0.000435497
145 0.0311828 0.000384104 0.9981 0.000435497
146 0.0313043 0.000390264 0.998 0.000446788
147 0.0313149 0.000387493 0.9982 0.000423903
148 0.0317849 0.000388274 0.9983 0.000411981
149 0.0320111 0.000399062 0.998 0.000446788
150 0.0319201 0.000386294 0.9984 0.0003997
151 0.0316304 0.000381619 0.9987 0.000360339
152 0.0315455 0.000371201 0.999 0.000316085
153 0.0320137 0.000387762 0.9983 0.000411981
154 0.032264 0.000402791 0.9975 0.0004994
155 0.0320122 0.00037317 0.9989 0.000331497
156 0.03265 0.000405744 0.9977 0.000479055
157 0.0323234 0.000391418 0.9986 0.000373922
158 0.0322339 0.000386846 0.9985 0.000387027
159 0.0324852 0.000395624 0.9986 0.000373922
160 0.0326872 0.00039531 0.9983 0.000411981
161 0.0321666 0.000381103 0.9989 0.000331497
162 0.033262 0.00040122 0.9978 0.000468549
163 0.0335481 0.00040087 0.9984 0.0003997
164 0.0335103 0.000421527 0.9976 0.000489334
165 0.033446 0.00040688 0.9979 0.000457799
166 0.0339375 0.000406459 0.9983 0.000411981
167 0.0339313 0.000415542 0.9978 0.000468549
168 0.0342194 0.000416439 0.9979 0.000457799
169 0.034379 0.00041509 0.9981 0.000435497
170 0.0344809 0.000414228 0.998 0.000446788
171 0.0345689 0.000407708 0.9984 0.0003997
172 0.0347053 0.000404128 0.9987 0.000360339
173 0.034586 0.000407482 0.9988 0.00034622
174 0.0345163 0.00040599 0.9985 0.000387027
175 0.0350274 0.000426751 0.9976 0.000489334
176 0.0346343 0.000417736 0.9983 0.000411981
177 0.0350619 0.00042544 0.9978 0.000468549
178 0.034907 0.000422187 0.9983 0.000411981
179 0.0352062 0.000417558 0.9984 0.0003997
180 0.0352704 0.000418011 0.9985 0.000387027
181 0.0354626 0.00042454 0.9983 0.000411981
182 0.0351873 0.000415198 0.9981 0.000435497
183 0.0357948 0.000424923 0.9984 0.0003997
184 0.0361632 0.000430305 0.9982 0.000423903
185 0.035788 0.000428495 0.9981 0.000435497
186 0.0356164 0.000421068 0.998 0.000446788
187 0.0358493 0.000421007 0.9983 0.000411981
188 0.0358777 0.000425528 0.9983 0.000411981
189 0.0363063 0.000427892 0.9979 0.000457799
190 0.0363626 0.000424946 0.9984 0.0003997
191 0.037083 0.000444448 0.9978 0.000468549
192 0.0365841 0.000435537 0.9981 0.000435497
193 0.0368056 0.000431899 0.9981 0.000435497
194 0.0370115 0.000427736 0.9984 0.0003997
195 0.0373251 0.000440432 0.9982 0.000423903
196 0.0371478 0.000440619 0.9978 0.000468549
197 0.0371157 0.000428416 0.9983 0.000411981
198 0.037133 0.00043603 0.9978 0.000468549
199 0.0374514 0.000446025 0.9977 0.000479055
200 0.0375835 0.000441294 0.9983 0.000411981
201 0.0376578 0.00044424 0.9981 0.000435497
202 0.0381956 0.000453847 0.9971 0.000537762
203 0.0381432 0.000436953 0.9987 0.000360339
204 0.0384205 0.000461726 0.9974 0.000509264
205 0.0383067 0.00044529 0.9983 0.000411981
206 0.0381856 0.000434235 0.9983 0.000411981
207 0.0387074 0.000442924 0.9984 0.0003997
208 0.0390275 0.000465534 0.9974 0.000509264
209 0.0387491 0.00045504 0.9984 0.0003997
210 0.0388935 0.000453209 0.9986 0.000373922
211 0.0387183 0.000451467 0.9982 0.000423903
212 0.0392616 0.000458718 0.9976 0.000489334
213 0.0397135 0.000467839 0.9975 0.0004994
214 0.0398954 0.0004801 0.9975 0.0004994
215 0.0400575 0.000469139 0.9975 0.0004994
216 0.0404235 0.000483372 0.9972 0.000528435
217 0.040229 0.000460463 0.998 0.000446788
218 0.0399795 0.000460398 0.9981 0.000435497
219 0.0407049 0.000478863 0.9973 0.000518939
220 0.0405368 0.000468355 0.998 0.000446788
221 0.0410422 0.000482679 0.9976 0.000489334
222 0.0410143 0.000473257 0.9983 0.000411981
223 0.0410227 0.000480413 0.9977 0.000479055
224 0.0414222 0.000481252 0.9975 0.0004994
225 0.0415102 0.000492629 0.9975 0.0004994
226 0.0420393 0.000491222 0.9981 0.000435497
227 0.041986 0.000475061 0.9985 0.000387027
228 0.0424744 0.000486845 0.9981 0.000435497
229 0.0421744 0.000478907 0.9981 0.000435497
230 0.0424911 0.000488452 0.9978 0.000468549
231 0.0428483 0.000504143 0.9975 0.0004994
232 0.0426334 0.000482913 0.9983 0.000411981
233 0.0432619 0.000493912 0.998 0.000446788
234 0.0429258 0.00049622 0.9978 0.000468549
235 0.0438126 0.000505639 0.9978 0.000468549
236 0.0433731 0.000488469 0.9984 0.0003997
237 0.0443856 0.00050948 0.9971 0.000537762
238 0.0439791 0.000490196 0.9986 0.000373922
239 0.0442349 0.000508946 0.9977 0.000479055
240 0.0446783 0.000502428 0.9983 0.000411981
241 0.0444541 0.000512382 0.9982 0.000423903
242 0.0445731 0.00050741 0.9983 0.000411981
243 0.0448678 0.000508626 0.9981 0.000435497
244 0.0455637 0.000528512 0.9972 0.000528435
245 0.0450713 0.00052016 0.9978 0.000468549
246 0.0460463 0.00053103 0.9977 0.000479055
247 0.0460845 0.00053712 0.9973 0.000518939
248 0.046249 0.000533259 0.9974 0.000509264
249 0.0466942 0.000534528 0.9974 0.000509264
250 0.0467601 0.000537621 0.9981 0.000435497
251 0.0468901 0.000531669 0.9984 0.0003997
252 0.047624 0.000534201 0.9982 0.000423903
253 0.0482802 0.000549225 0.9971 0.000537762
254 0.048118 0.000545478 0.9975 0.0004994
255 0.0483608 0.000547693 0.9978 0.000468549
256 0.047883 0.000535303 0.9983 0.000411981
257 0.0484111 0.000554926 0.9972 0.000528435
258 0.0487714 0.000539704 0.9982 0.000423903
259 0.0486549 0.000543978 0.9979 0.000457799
260 0.0494554 0.000551707 0.9977 0.000479055
261 0.049305 0.000548643 0.998 0.000446788
262 0.0506812 0.000560912 0.9977 0.000479055
263 0.0503464 0.000560998 0.9975 0.0004994
264 0.0510694 0.000572497 0.9976 0.000489334
265 0.0511363 0.000564984 0.9977 0.000479055
266 0.0512813 0.000573076 0.9974 0.000509264
267 0.0515298 0.000571047 0.9979 0.000457799
268 0.0521263 0.00057459 0.9974 0.000509264
269 0.0523756 0.00058039 0.9973 0.000518939
270 0.0527278 0.000579683 0.9977 0.000479055
271 0.052571 0.0005787 0.9975 0.0004994
272 0.0526737 0.000581346 0.9974 0.000509264
273 0.0534813 0.000585041 0.9981 0.000435497
274 0.0533814 0.000590808 0.9979 0.000457799
275 0.0532816 0.000584919 0.9979 0.000457799
276 0.054138 0.000586984 0.9979 0.000457799
277 0.054567 0.000604714 0.9974 0.000509264
278 0.054575 0.000601527 0.9976 0.000489334
279 0.0549142 0.000614203 0.9973 0.000518939
280 0.0553348 0.000614955 0.9971 0.000537762
281 0.0552034 0.000609335 0.9974 0.000509264
282 0.0557201 0.000611277 0.9976 0.000489334
283 0.0556595 0.000609358 0.998 0.000446788
284 0.0562638 0.000613034 0.9973 0.000518939
285 0.0568126 0.000628101 0.9972 0.000528435
286 0.0566018 0.000615979 0.9977 0.000479055
287 0.0574951 0.000630832 0.9969 0.000555941
288 0.0577704 0.000633713 0.9968 0.000564808
289 0.0580884 0.000635267 0.9978 0.000468549
290 0.0587687 0.000636801 0.9972 0.000528435
291 0.0594635 0.000650003 0.9964 0.000598949
292 0.059935 0.000646434 0.9978 0.000468549
293 0.059647 0.000635796 0.9975 0.0004994
294 0.0606259 0.000645418 0.9977 0.000479055
295 0.0602319 0.000648471 0.9971 0.000537762
296 0.0609008 0.000659451 0.9972 0.000528435
297 0.0612426 0.000656668 0.9977 0.000479055
298 0.0613901 0.00065705 0.9967 0.000573536
299 0.0618806 0.000662129 0.9972 0.000528435
300 0.0626316 0.00067252 0.9969 0.000555941
301 0.0631093 0.000681216 0.9961 0.000623312
302 0.0626806 0.000670467 0.9972 0.000528435
303 0.0626625 0.000666683 0.9977 0.000479055
304 0.0637814 0.000675697 0.9979 0.000457799
305 0.0643937 0.000688173 0.9964 0.000598949
306 0.0651458 0.000691541 0.9972 0.000528435
307 0.0650706 0.00068939 0.9963 0.00060718
308 0.0649834 0.000691088 0.9965 0.000590601
309 0.0654588 0.000699481 0.9962 0.0006153
310 0.0667496 0.000707188 0.9958 0.000646744
311 0.0668841 0.000710469 0.9961 0.000623312
312 0.0679763 0.000711347 0.9958 0.000646744
313 0.0683772 0.000718229 0.9954 0.000676705
314 0.0688312 0.000723238 0.9951 0.000698318
315 0.0689188 0.000730128 0.9952 0.00069119
316 0.0696853 0.000726234 0.9954 0.000676705
317 0.0704979 0.000736422 0.995 0.000705372
318 0.070687 0.000744802 0.9945 0.000739615
319 0.0710406 0.000751635 0.9937 0.000791261
320 0.0719433 0.00076003 0.9946 0.000732897
321 0.0721032 0.000759952 0.9945 0.000739615
322 0.0735668 0.000767873 0.9939 0.000778678
323 0.0730549 0.000756392 0.9941 0.000765884
324 0.073684 0.000769752 0.9938 0.000784995
325 0.075113 0.0007771 0.9938 0.000784995
326 0.0753993 0.000780197 0.9937 0.000791261
327 0.076527 0.000796456 0.9931 0.000827833
328 0.076796 0.000793303 0.9932 0.000821854
329 0.0773129 0.000795704 0.9933 0.000815829
330 0.0783432 0.000810328 0.9922 0.000879769
331 0.0789978 0.000811796 0.9922 0.000879769
332 0.0800086 0.000820824 0.99 0.000995037
333 0.080161 0.000825051 0.9904 0.00097513
334 0.0818865 0.000835156 0.9899 0.000999949
335 0.0820656 0.000836666 0.9896 0.00101454
336 0.0826044 0.000846413 0.9891 0.00103838
337 0.0831205 0.000848236 0.9876 0.00110668
338 0.0843792 0.000854745 0.9884 0.00107082
339 0.0852835 0.000858981 0.9884 0.00107082
340 0.0866582 0.000886767 0.9864 0.00115829
341 0.0871994 0.000882934 0.9865 0.00115408
342 0.0877987 0.000874766 0.9869 0.00113709
343 0.0883648 0.000883721 0.987 0.0011328
344 0.0894337 0.000896375 0.9848 0.00122354
345 0.0910585 0.000900622 0.9851 0.00121159
346 0.0918516 0.000907109 0.9835 0.00127395
347 0.0924655 0.000921571 0.9831 0.00128903
348 0.0941463 0.000937561 0.9807 0.00137584
349 0.0954516 0.000934696 0.9812 0.00135825
350 0.0955765 0.000944397 0.9806 0.00137933
351 0.0968992 0.000954553 0.9784 0.00145381
352 0.0980566 0.000966693 0.977 0.00149911
353 0.0999067 0.000975068 0.9765 0.00151493
354 0.101125 0.000989789 0.973 0.00162091
355 0.101988 0.00100128 0.9733 0.00161213
356 0.102682 0.00100006 0.9738 0.00159738
357 0.104432 0.00100231 0.9728 0.00162674
358 0.106042 0.00102274 0.9707 0.00168655
359 0.107855 0.00104157 0.9683 0.00175209
360 0.109352 0.00104633 0.9655 0.00182519
361 0.110109 0.00106173 0.9656 0.00182263
362 0.111751 0.00106234 0.9649 0.00184042
363 0.113411 0.00107266 0.9621 0.00190964
364 0.114184 0.00108342 0.9611 0.00193366
365 0.115715 0.0010949 0.9579 0.00200827
366 0.117425 0.00110293 0.9565 0.0020399
367 0.119167 0.00110198 0.9557 0.00205771
368 0.120842 0.00111574 0.9527 0.0021229
369 0.122428 0.0011256 0.9502 0.00217542
370 0.124147 0.00113328 0.9489 0.00220213
371 0.126568 0.00115849 0.943 0.00231854
372 0.1278 0.00116575 0.9425 0.00232807
373 0.1296 0.00118197 0.9392 0.00238975
374 0.131837 0.00119196 0.9328 0.00250381
375 0.13371 0.00121021 0.9319 0.0025193
376 0.1352 0.00121478 0.9311 0.00253297
377 0.136847 0.00122414 0.9287 0.00257338
378 0.139702 0.00124005 0.9256 0.00262434
379 0.141733 0.00123995 0.9226 0.00267238
380 0.144861 0.00126744 0.9167 0.00276349
381 0.146864 0.00127739 0.9133 0.00281409
382 0.149581 0.00128815 0.9093 0.00287196
383 0.151193 0.00130337 0.9052 0.00292953
384 0.15367 0.00131831 0.9002 0.00299748
385 0.156431 0.00133004 0.8951 0.0030644
386 0.159047 0.00134964 0.8914 0.00311152
387 0.161933 0.00137113 0.8842 0.00320001
388 0.16417 0.00138316 0.8794 0.00325678
389 0.16734 0.00140065 0.8717 0.0033444
390 0.171341 0.00141598 0.8669 0.003397
391 0.173622 0.00142348 0.8598 0.00347212
392 0.177314 0.00144381 0.8537 0.00353424
393 0.180349 0.00146741 0.8478 0.00359233
394 0.184035 0.00148134 0.8384 0.00368102
395 0.18797 0.00150344 0.8306 0.00375124
396 0.191169 0.00151268 0.8259 0.00379214
397 0.194726 0.00153414 0.8171 0.00386604
398 0.1991 0.00154788 0.8087 0.00393344
399 0.201815 0.00156919 0.8008 0.00399419
400 0.205689 0.00158897 0.7931 0.00405103
401 0.209554 0.00160752 0.784 0.00411535
402 0.213085 0.00161518 0.7766 0.00416545
403 0.216335 0.0016329 0.7719 0.00419628
404 0.220171 0.00164852 0.7655 0.00423707
405 0.223885 0.00167001 0.7534 0.00431053
406 0.22797 0.00168736 0.7459 0.00435376
407 0.231762 0.00170694 0.7344 0.00441674
408 0.235073 0.00172011 0.7258 0.00446133
409 0.238534 0.00173485 0.715 0.00451437
410 0.242147 0.00175618 0.7089 0.00454292
411 0.245361 0.00177594 0.7016 0.00457579
412 0.249085 0.00178307 0.6965 0.00459792
413 0.251904 0.00180606 0.6878 0.00463414
414 0.255091 0.00181093 0.6845 0.00464738
415 0.258939 0.00183038 0.673 0.00469141
416 0.261956 0.00183293 0.6675 0.00471133
417 0.264938 0.00184473 0.6609 0.00473428
418 0.267824 0.0018563 0.6557 0.00475163
419 0.27089 0.00186664 0.6514 0.00476551
420 0.273886 0.00187294 0.6414 0.00479613
421 0.276898 0.00188064 0.6355 0.00481314
422 0.279493 0.0018895 0.6289 0.00483123
423 0.281652 0.00189584 0.6252 0.00484095
424 0.284192 0.00190495 0.6234 0.00484557
425 0.28666 0.00191289 0.6145 0.00486738
426 0.289264 0.00192533 0.6112 0.00487502
427 0.292026 0.00193719 0.6046 0.00488961
428 0.294809 0.0019512 0.5995 0.00490024
429 0.297962 0.00196595 0.5909 0.00491692
430 0.300452 0.00198054 0.5821 0.00493238
431 0.302734 0.00198453 0.5771 0.00494045
432 0.304956 0.00198946 0.5764 0.00494153
433 0.306884 0.00199082 0.5713 0.00494915
434 0.30961 0.00199339 0.5672 0.00495488
435 0.31184 0.00200171 0.5623 0.00496128
436 0.314284 0.00200838 0.5561 0.00496868
437 0.316551 0.00201539 0.5517 0.00497345
438 0.318508 0.00202602 0.5465 0.00497858
439 0.320435 0.00203211 0.5432 0.00498155
440 0.322015 0.00203971 0.5378 0.00498594
441 0.323662 0.00204354 0.5334 0.00498908
442 0.325494 0.00204756 0.5291 0.00499177
443 0.327572 0.00205299 0.525 0.004994
444 0.329804 0.00206058 0.523 0.00499496
445 0.33228 0.00206066 0.5177 0.00499712
446 0.333541 0.00205811 0.5181 0.00499697
447 0.336406 0.00206963 0.5114 0.00499895
448 0.338585 0.00207915 0.502 0.00500021
449 0.340568 0.00208629 0.4984 0.00500022
450 0.342676 0.00209326 0.4972 0.00500017
451 0.34456 0.0020999 0.4942 0.00499991
452 0.346744 0.0020991 0.4884 0.0049989
453 0.349043 0.00210204 0.4826 0.00499722
454 0.35139 0.00211527 0.4786 0.00499567
455 0.352901 0.00211692 0.4755 0.00499424
456 0.354858 0.00212599 0.4701 0.0049913
457 0.35573 0.00212609 0.4724 0.00499263
458 0.357109 0.00212737 0.4694 0.00499088
459 0.358724 0.00213538 0.4633 0.00498676
460 0.361262 0.00214438 0.462 0.00498579
461 0.362923 0.0021485 0.456 0.00498085
462 0.364672 0.00214959 0.4579 0.00498249
463 0.366186 0.00215139 0.4529 0.00497802
464 0.367965 0.00214885 0.4489 0.00497407
465 0.369485 0.00214721 0.4462 0.00497122
466 0.370693 0.00214804 0.442 0.00496649
467 0.371908 0.00216304 0.4428 0.00496742
468 0.373001 0.00216791 0.4434 0.00496811
469 0.374546 0.00216668 0.4365 0.00495976
470 0.375984 0.00217111 0.4374 0.00496091
471 0.377359 0.00217127 0.4345 0.00495716
472 0.378446 0.00217865 0.433 0.00495515
473 0.379958 0.00218034 0.4288 0.00494929
474 0.381363 0.00217279 0.428 0.00494814
475 0.382367 0.00216897 0.4232 0.00494091
476 0.383525 0.00217028 0.4225 0.00493982
477 0.3847 0.00217219 0.4209 0.00493728
478 0.386377 0.00217133 0.4148 0.00492712
479 0.387158 0.0021742 0.4166 0.0049302
480 0.38879 0.00217983 0.4158 0.00492884
481 0.39114 0.00218263 0.4106 0.00491967
482 0.392323 0.00218441 0.4055 0.00491013
483 0.393312 0.00218705 0.4041 0.00490742
484 0.394302 0.00219223 0.4006 0.00490045
485 0.394789 0.00220524 0.4004 0.00490004
486 0.397378 0.00220974 0.3954 0.00488961
487 0.398103 0.00221012 0.3916 0.00488132
488 0.399495 0.00220815 0.3901 0.00487797
489 0.400327 0.00220807 0.3867 0.00487018
490 0.401139 0.00221552 0.3861 0.00486878
491 0.401707 0.00221999 0.3844 0.00486477
492 0.403133 0.00221493 0.3816 0.00485803
493 0.404005 0.00221373 0.3812 0.00485706
494 0.405089 0.0022154 0.3793 0.00485237
495 0.405802 0.00221937 0.3788 0.00485112
496 0.406939 0.00221642 0.374 0.00483888
497 0.408177 0.00221728 0.3712 0.0048315
498 0.409249 0.00221798 0.3744 0.00483992
499 0.410222 0.00222323 0.3702 0.00482882
500 0.410831 0.00222146 0.3709 0.0048307
501 0.411497 0.00221794 0.3672 0.00482066
502 0.412618 0.00223167 0.3667 0.00481928
503 0.414111 0.00223532 0.3645 0.00481314
504 0.415096 0.0022363 0.3607 0.00480228
505 0.416054 0.00222568 0.3556 0.00478719
506 0.417018 0.00223006 0.3557 0.00478749
507 0.417556 0.0022254 0.3551 0.00478568
508 0.418591 0.00222802 0.354 0.00478233
509 0.419157 0.00222659 0.3503 0.00477088
510 0.420221 0.00223344 0.3492 0.00476741
511 0.420639 0.00223585 0.3503 0.00477088
512 0.421086 0.00223542 0.3538 0.00478172
513 0.421882 0.00224095 0.3483 0.00476455
514 0.42317 0.00224814 0.3461 0.00475749
515 0.423911 0.00224584 0.3458 0.00475652
516 0.424863 0.00224724 0.3438 0.00474999
517 0.425283 0.00224474 0.3446 0.00475261
518 0.426406 0.00225093 0.342 0.00474403
519 0.427135 0.00224652 0.34 0.00473732
520 0.428671 0.00225059 0.3372 0.00472777
521 0.429478 0.00224376 0.3383 0.00473155
522 0.430341 0.00225134 0.3371 0.00472743
523 0.431355 0.00224793 0.3336 0.00471522
524 0.431868 0.00224901 0.3356 0.00472223
525 0.432292 0.00225149 0.3314 0.0047074
526 0.432783 0.00225069 0.3319 0.00470919
527 0.433894 0.0022461 0.3275 0.00469325
528 0.435596 0.00224372 0.3291 0.0046991
529 0.435819 0.00224589 0.3295 0.00470055
530 0.436782 0.00224386 0.3261 0.00468808
531 0.437667 0.00225053 0.3243 0.00468136
532 0.43873 0.00225537 0.3185 0.00465918
533 0.438984 0.00225445 0.3208 0.00466807
534 0.439677 0.00225199 0.3184 0.00465879
535 0.440087 0.00225437 0.3212 0.00466961
536 0.440793 0.00226104 0.3169 0.00465291
537 0.441406 0.00225577 0.3157 0.00464817
538 0.441776 0.00225325 0.3189 0.00466074
539 0.442823 0.00225476 0.3153 0.00464658
540 0.442975 0.0022583 0.3149 0.00464499
541 0.443663 0.0022599 0.3116 0.0046317
542 0.444125 0.00226069 0.3102 0.00462598
543 0.44462 0.00226314 0.312 0.00463333
544 0.44582 0.00225887 0.3105 0.00462721
545 0.446928 0.002262 0.3074 0.0046144
546 0.447503 0.00226727 0.3107 0.00462803
547 0.44815 0.00226528 0.3104 0.00462681
548 0.448425 0.00226524 0.3047 0.00460303
549 0.449857 0.00226097 0.3032 0.00459664
550 0.45018 0.00226366 0.3042 0.00460091
551 0.450624 0.00226803 0.3027 0.00459449
552 0.450868 0.00226852 0.3035 0.00459792
553 0.451042 0.0022686 0.301 0.00458716
554 0.451497 0.0022594 0.2977 0.0045727
555 0.452498 0.00226087 0.3005 0.00458498
556 0.452791 0.00225777 0.2985 0.00457623
557 0.453897 0.00226426 0.2955 0.0045629
558 0.454674 0.00226266 0.3 0.0045828
559 0.454621 0.00226432 0.2996 0.00458106
560 0.455389 0.00226783 0.2997 0.00458149
561 0.455684 0.00226915 0.2977 0.0045727
562 0.456083 0.0022729 0.2978 0.00457314
563 0.456577 0.00227521 0.3001 0.00458324
564 0.45637 0.00227115 0.2966 0.00456781
565 0.456509 0.00227351 0.2981 0.00457447
566 0.457361 0.00226924 0.2949 0.00456021
567 0.4577 0.00226788 0.2938 0.00455524
568 0.457856 0.00227637 0.2936 0.00455434
569 0.457708 0.00228337 0.2974 0.00457137
570 0.457677 0.00228627 0.2948 0.00455976
571 0.457925 0.00228819 0.2967 0.00456826
572 0.458834 0.00228805 0.2938 0.00455524
573 0.458375 0.00228798 0.2916 0.00454522
574 0.459006 0.00229127 0.2966 0.00456781
575 0.459716 0.00228608 0.2938 0.00455524
576 0.460111 0.00229483 0.2921 0.00454751
577 0.461052 0.00228687 0.2876 0.00452666
578 0.461187 0.00228803 0.2886 0.00453134
579 0.461277 0.00228083 0.2873 0.00452525
580 0.461751 0.00227904 0.2832 0.00450575
581 0.462315 0.00227739 0.285 0.00451437
582 0.463386 0.00228055 0.2814 0.00449705
583 0.463706 0.00228744 0.2856 0.00451722
584 0.463888 0.00228684 0.287 0.00452384
585 0.463738 0.00228119 0.2877 0.00452713
586 0.46422 0.00228558 0.2883 0.00452994
587 0.464396 0.00228827 0.2856 0.00451722
588 0.464572 0.00228651 0.283 0.00450479
589 0.464711 0.00228897 0.2851 0.00451485
590 0.464559 0.00229383 0.2885 0.00453087
591 0.465289 0.00229782 0.2883 0.00452994
592 0.465928 0.00229479 0.2876 0.00452666
593 0.466327 0.00229799 0.2869 0.00452337
594 0.466631 0.00230079 0.2844 0.00451151
595 0.466544 0.00230696 0.2842 0.00451055
596 0.467349 0.00230917 0.284 0.00450959
597 0.467526 0.00230738 0.2822 0.00450093
598 0.467775 0.00230064 0.2823 0.00450141
599 0.467902 0.0023068 0.2813 0.00449656
600 0.468508 0.00231509 0.282 0.00449996
601 0.469494 0.00231398 0.2788 0.00448431
602 0.469842 0.00231754 0.2778 0.00447937
603 0.470936 0.00231896 0.277 0.00447539
604 0.470727 0.00231437 0.2787 0.00448382
605 0.471859 0.00230836 0.2716 0.00444807
606 0.471438 0.00231049 0.2767 0.00447389
607 0.472046 0.00231137 0.275 0.00446537
608 0.472785 0.00230559 0.2751 0.00446587
609 0.472466 0.00230606 0.2717 0.00444858
610 0.472355 0.00230453 0.2695 0.00443722
611 0.47296 0.00230819 0.2718 0.0044491
612 0.473202 0.00230552 0.2715 0.00444756
613 0.47372 0.00230198 0.2683 0.00443097
614 0.473835 0.00230254 0.2724 0.00445217
615 0.473771 0.00229597 0.2696 0.00443774
616 0.473738 0.00230616 0.2696 0.00443774
617 0.473905 0.00229883 0.2689 0.0044341
618 0.473599 0.00230448 0.2702 0.00444085
619 0.47403 0.00230582 0.2708 0.00444395
620 0.473858 0.00230526 0.2708 0.00444395
621 0.474077 0.00231065 0.2701 0.00444033
622 0.474456 0.00230372 0.2698 0.00443878
623 0.473843 0.0023101 0.2718 0.0044491
624 0.474288 0.00231069 0.2708 0.00444395
625 0.474579 0.00231328 0.2693 0.00443618
626 0.474714 0.00231951 0.2683 0.00443097
627 0.474722 0.0023157 0.2686 0.00443254
628 0.475188 0.00231902 0.2698 0.00443878
629 0.475164 0.0023141 0.2686 0.00443254
630 0.4751 0.00231433 0.2698 0.00443878
631 0.475086 0.00231328 0.27 0.00443982
632 0.475104 0.00231557 0.2688 0.00443358
633 0.475315 0.00231401 0.2699 0.0044393
634 0.475908 0.00231386 0.2718 0.0044491
635 0.476024 0.00231232 0.2709 0.00444447
636 0.476819 0.00230866 0.2686 0.00443254
637 0.476805 0.00230989 0.268 0.0044294
638 0.477538 0.00230942 0.2656 0.00441674
639 0.477925 0.00231079 0.268 0.0044294
640 0.478105 0.0023075 0.2655 0.00441621
641 0.478562 0.00230636 0.2622 0.00439853
642 0.478632 0.00230445 0.2653 0.00441515
643 0.479121 0.0023016 0.2642 0.00440928
644 0.47892 0.00230897 0.264 0.00440821
645 0.479439 0.00230903 0.2606 0.00438984
646 0.478805 0.00230605 0.2635 0.00440553
647 0.479715 0.00229594 0.2629 0.00440231
648 0.480487 0.00229912 0.2637 0.00440661
649 0.479949 0.00230404 0.2649 0.00441302
650 0.480012 0.00229881 0.2622 0.00439853
651 0.479593 0.00229964 0.2629 0.00440231
652 0.479703 0.00230318 0.2619 0.0043969
653 0.480371 0.00231495 0.2651 0.00441409
654 0.479715 0.00231628 0.2632 0.00440392
655 0.480069 0.00231712 0.2621 0.00439799
656 0.480172 0.00231627 0.2629 0.00440231
657 0.480775 0.00231124 0.2634 0.004405
658 0.480511 0.00230557 0.259 0.00438108
659 0.479931 0.00230565 0.2603 0.0043882
660 0.480448 0.00230055 0.2614 0.00439419
661 0.480833 0.00230104 0.2608 0.00439093
662 0.481227 0.00229821 0.2584 0.00437777
663 0.480967 0.00229804 0.2579 0.00437501
664 0.480989 0.00229878 0.256 0.00436444
665 0.481401 0.00229727 0.2585 0.00437832
666 0.481088 0.00229558 0.259 0.00438108
667 0.482104 0.00229678 0.26 0.00438656
668 0.482428 0.00230628 0.2588 0.00437997
669 0.483454 0.00230926 0.2576 0.00437334
670 0.483797 0.00230086 0.2563 0.00436611
671 0.483823 0.00229607 0.256 0.00436444
672 0.483964 0.00229915 0.2534 0.0043498
673 0.484166 0.00230174 0.2548 0.00435771
674 0.484468 0.0023001 0.2564 0.00436667
675 0.484321 0.00230052 0.2559 0.00436388
676 0.484177 0.0022931 0.2556 0.0043622
677 0.484328 0.00229515 0.2554 0.00436108
678 0.48407 0.00230122 0.2603 0.0043882
679 0.484164 0.0022998 0.2577 0.0043739
680 0.483744 0.00230099 0.2578 0.00437445
681 0.484342 0.00230423 0.257 0.00437001
682 0.484756 0.00230816 0.256 0.00436444
683 0.48453 0.00230891 0.2586 0.00437887
684 0.484279 0.00231197 0.2585 0.00437832
685 0.484484 0.00230175 0.2556 0.0043622
686 0.484938 0.00229803 0.2516 0.00433954
687 0.484675 0.00230681 0.2565 0.00436723
688 0.485242 0.00230167 0.2566 0.00436779
689 0.485437 0.00230866 0.2556 0.0043622
690 0.485178 0.00230582 0.2573 0.00437168
691 0.485349 0.00230497 0.2552 0.00435995
692 0.485224 0.00230117 0.2544 0.00435545
693 0.485363 0.00229489 0.2541 0.00435376
694 0.484944 0.00228986 0.2558 0.00436332
695 0.485105 0.00229456 0.2536 0.00435093
696 0.48541 0.00229046 0.2535 0.00435036
697 0.48513 0.00228866 0.2554 0.00436108
698 0.485152 0.00228734 0.2564 0.00436667
699 0.484694 0.00228722 0.2553 0.00436052
700 0.485357 0.00229055 0.2559 0.00436388
701 0.485168 0.00229154 0.2562 0.00436555
702 0.485406 0.00228918 0.2542 0.00435432
703 0.485363 0.00228999 0.2535 0.00435036
704 0.48561 0.00229332 0.2556 0.0043622
705 0.485598 0.00228832 0.2567 0.00436834
706 0.485406 0.0022821 0.2551 0.00435939
707 0.486069 0.00228515 0.2536 0.00435093
708 0.486254 0.00228525 0.2511 0.00433668
709 0.486593 0.00228969 0.2496 0.00432803
710 0.486463 0.00229237 0.2511 0.00433668
711 0.487047 0.00229004 0.2533 0.00434923
712 0.488417 0.00228583 0.2509 0.00433553
713 0.488697 0.00228781 0.2489 0.00432397
714 0.488956 0.00228645 0.2485 0.00432165
715 0.489304 0.00228847 0.2452 0.00430227
716 0.489373 0.00228657 0.245 0.00430109
717 0.489747 0.00229228 0.2454 0.00430346
718 0.48977 0.00229381 0.2437 0.00429335
719 0.489904 0.00229478 0.2465 0.00430995
720 0.489177 0.00229932 0.2463 0.00430877
721 0.49001 0.00230127 0.2466 0.00431053
722 0.489788 0.00230127 0.2467 0.00431112
723 0.490635 0.0023051 0.2464 0.00430936
724 0.490701 0.00230201 0.2439 0.00429455
725 0.49075 0.0023031 0.2486 0.00432223
726 0.491027 0.0023054 0.2458 0.00430582
727 0.491036 0.00230391 0.2477 0.00431698
728 0.491226 0.00229762 0.2488 0.00432339
729 0.491694 0.00229457 0.2463 0.00430877
730 0.491525 0.0022959 0.2462 0.00430818
731 0.492265 0.00229356 0.2414 0.00427954
732 0.49174 0.00229576 0.243 0.00428917
733 0.492275 0.00229468 0.2404 0.00427348
734 0.492679 0.00230188 0.243 0.00428917
735 0.49255 0.00229854 0.2419 0.00428255
736 0.492626 0.00229794 0.2452 0.00430227
737 0.492594 0.00229922 0.2453 0.00430286
738 0.492475 0.0023039 0.245 0.00430109
739 0.492495 0.00230337 0.2458 0.00430582
740 0.492433 0.00230566 0.2471 0.00431347
741 0.493024 0.00230763 0.2471 0.00431347
742 0.493882 0.00230799 0.2455 0.00430405
743 0.494206 0.00231188 0.2458 0.00430582
744 0.493588 0.00230304 0.2463 0.00430877
745 0.494049 0.00230823 0.2458 0.00430582
746 0.494702 0.00231142 0.246 0.004307
747 0.494934 0.00231232 0.2458 0.00430582
748 0.494616 0.00231849 0.2457 0.00430523
749 0.495358 0.00231557 0.2442 0.00429633
750 0.494927 0.00231873 0.246 0.004307
751 0.494464 0.00232012 0.2481 0.00431932
752 0.494875 0.00231868 0.246 0.004307
753 0.494793 0.00232089 0.2467 0.00431112
754 0.494318 0.00231467 0.2436 0.00429276
755 0.494437 0.00231041 0.242 0.00428316
756 0.494199 0.00230628 0.2425 0.00428617
757 0.493979 0.00230666 0.2418 0.00428195
758 0.493492 0.00230647 0.2425 0.00428617
759 0.493933 0.00231448 0.2422 0.00428436
760 0.494441 0.00232079 0.2454 0.00430346
761 0.494286 0.00231606 0.2413 0.00427893
762 0.494456 0.00231587 0.2434 0.00429156
763 0.494251 0.00230964 0.2414 0.00427954
764 0.494665 0.00231696 0.2399 0.00427044
765 0.495127 0.002308 0.2393 0.00426678
766 0.495056 0.00231259 0.2406 0.00427469
767 0.495179 0.00231125 0.2423 0.00428496
768 0.495156 0.00230605 0.2397 0.00426922
769 0.495628 0.00231206 0.2391 0.00426555
770 0.495925 0.00231649 0.2431 0.00428976
771 0.496215 0.00231022 0.2413 0.00427893
772 0.49651 0.00231405 0.2456 0.00430464
773 0.496822 0.00231919 0.2418 0.00428195
774 0.496544 0.0023187 0.2421 0.00428376
775 0.496286 0.002317 0.2425 0.00428617
776 0.49666 0.00231726 0.2412 0.00427833
777 0.496367 0.00231364 0.2407 0.0042753
778 0.49638 0.00231145 0.2417 0.00428135
779 0.49597 0.00230676 0.2419 0.00428255
780 0.495825 0.00230942 0.243 0.00428917
781 0.495684 0.00230896 0.2412 0.00427833
782 0.496226 0.00230145 0.2376 0.00425634
783 0.496197 0.00230604 0.2409 0.00427651
784 0.496433 0.0023082 0.2417 0.00428135
785 0.496097 0.00231553 0.2422 0.00428436
786 0.496343 0.00230912 0.242 0.00428316
787 0.496084 0.00230938 0.2424 0.00428556
788 0.495921 0.00229952 0.2401 0.00427165
789 0.496241 0.00229386 0.2413 0.00427893
790 0.495946 0.00230216 0.2426 0.00428677
791 0.49639 0.00229579 0.2406 0.00427469
792 0.496428 0.00229462 0.2392 0.00426616
793 0.495881 0.0022959 0.2378 0.00425757
794 0.496055 0.00229204 0.2375 0.00425572
795 0.4961 0.00229128 0.2393 0.00426678
796 0.49553 0.00229493 0.2403 0.00427287
797 0.496186 0.00228802 0.2407 0.0042753
798 0.495952 0.00229099 0.2387 0.0042631
799 0.496456 0.00228828 0.2361 0.00424706
800 0.496847 0.00228885 0.2356 0.00424394
801 0.496807 0.00229298 0.2342 0.00423519
802 0.496456 0.00228536 0.2356 0.00424394
803 0.496282 0.00229173 0.2365 0.00424954
804 0.495994 0.00229358 0.2338 0.00423268
805 0.496615 0.0022974 0.235 0.0042402
806 0.496181 0.00229422 0.2379 0.00425819
807 0.495805 0.00229414 0.2378 0.00425757
808 0.495579 0.00229781 0.2395 0.004268
809 0.494524 0.00230345 0.2414 0.00427954
810 0.494585 0.00230765 0.2405 0.00427408
811 0.493953 0.00230676 0.239 0.00426494
812 0.49401 0.00230976 0.2415 0.00428014
813 0.494702 0.00230266 0.2414 0.00427954
814 0.494393 0.00230137 0.2413 0.00427893
815 0.49436 0.00229762 0.2395 0.004268
816 0.494401 0.00230016 0.2411 0.00427772
817 0.494407 0.00229715 0.2389 0.00426433
818 0.494435 0.00230448 0.2401 0.00427165
819 0.494325 0.00230552 0.2395 0.004268
820 0.494219 0.00230387 0.2385 0.00426188
821 0.494695 0.00230759 0.2373 0.00425449
822 0.495201 0.00231016 0.2365 0.00424954
823 0.494966 0.00231107 0.2367 0.00425078
824 0.494637 0.00230812 0.2366 0.00425016
825 0.49495 0.00231057 0.2397 0.00426922
826 0.495021 0.00231112 0.2399 0.00427044
827 0.494777 0.00230913 0.2405 0.00427408
828 0.49499 0.00230747 0.2403 0.00427287
829 0.495311 0.00229945 0.2402 0.00427226
830 0.495312 0.00230667 0.2385 0.00426188
831 0.495266 0.00230408 0.2389 0.00426433
832 0.495528 0.00230681 0.2406 0.00427469
833 0.495403 0.00230756 0.2397 0.00426922
834 0.495001 0.00230866 0.2402 0.00427226
835 0.495278 0.00230823 0.237 0.00425264
836 0.495027 0.0023075 0.2417 0.00428135
837 0.494387 0.00230674 0.2393 0.00426678
838 0.494984 0.00230936 0.2412 0.00427833
839 0.494654 0.00230514 0.2387 0.0042631
840 0.494615 0.00230399 0.2394 0.00426739
841 0.494847 0.00230471 0.2399 0.00427044
842 0.495011 0.00230489 0.2421 0.00428376
843 0.495127 0.00230439 0.2404 0.00427348
844 0.495171 0.00229701 0.2407 0.0042753
845 0.495219 0.00229523 0.2412 0.00427833
846 0.496437 0.00230134 0.241 0.00427712
847 0.495889 0.00229475 0.2402 0.00427226
848 0.495625 0.00229446 0.2394 0.00426739
849 0.495782 0.00229592 0.2396 0.00426861
850 0.495951 0.00229537 0.2354 0.0042427
851 0.495272 0.00229822 0.238 0.0042588
852 0.495393 0.00229666 0.2361 0.00424706
853 0.495306 0.00229887 0.2384 0.00426126
854 0.495969 0.00230516 0.2382 0.00426003
855 0.496471 0.0023059 0.2404 0.00427348
856 0.496481 0.00230508 0.2376 0.00425634
857 0.496936 0.00229548 0.2355 0.00424332
858 0.49633 0.00229322 0.2347 0.00423832
859 0.496266 0.00228786 0.2344 0.00423644
860 0.496102 0.00228597 0.2368 0.0042514
861 0.495455 0.00228958 0.2378 0.00425757
862 0.495279 0.00229058 0.2379 0.00425819
863 0.496376 0.00228679 0.2351 0.00424083
864 0.496073 0.00228422 0.2333 0.00422953
865 0.496199 0.00228388 0.2358 0.00424519
866 0.495788 0.00229458 0.235 0.0042402
867 0.496086 0.00229376 0.2335 0.00423079
868 0.496623 0.00228542 0.2347 0.00423832
869 0.496321 0.0022899 0.2378 0.00425757
870 0.495409 0.00228324 0.2334 0.00423016
871 0.495761 0.00228316 0.2352 0.00424145
872 0.495612 0.00228363 0.2359 0.00424581
873 0.495629 0.00228714 0.2354 0.0042427
874 0.495754 0.00228483 0.2384 0.00426126
875 0.495783 0.00228267 0.2367 0.00425078
876 0.496317 0.00228758 0.2347 0.00423832
877 0.496186 0.00228105 0.2355 0.00424332
878 0.496384 0.00228308 0.2359 0.00424581
879 0.496335 0.00228455 0.2367 0.00425078
880 0.496021 0.00228181 0.2389 0.00426433
881 0.495457 0.00228307 0.2415 0.00428014
882 0.494683 0.00228185 0.2398 0.00426983
883 0.494602 0.0022895 0.2435 0.00429216
884 0.494523 0.00228603 0.2432 0.00429036
885 0.494878 0.00228517 0.2428 0.00428797
886 0.494784 0.00228405 0.2431 0.00428976
887 0.495014 0.00228343 0.2417 0.00428135
888 0.494846 0.00227726 0.2414 0.00427954
889 0.49497 0.00227468 0.2407 0.0042753
890 0.49488 0.00227559 0.2398 0.00426983
891 0.495221 0.00227533 0.2391 0.00426555
892 0.495546 0.00227457 0.2379 0.00425819
893 0.495658 0.00227413 0.2371 0.00425325
894 0.495735 0.00227325 0.2354 0.0042427
895 0.495414 0.00227651 0.2349 0.00423958
896 0.495393 0.00228009 0.237 0.00425264
897 0.495288 0.00227951 0.2388 0.00426372
898 0.49482 0.00227392 0.2357 0.00424457
899 0.494751 0.00227847 0.2359 0.00424581
900 0.494488 0.00227395 0.2383 0.00426065
901 0.49483 0.00227921 0.2372 0.00425387
902 0.494504 0.00228002 0.2409 0.00427651
903 0.494435 0.0022792 0.2399 0.00427044
904 0.494628 0.00227957 0.2384 0.00426126
905 0.494835 0.0022833 0.2386 0.00426249
906 0.494789 0.00228334 0.2357 0.00424457
907 0.494507 0.00228645 0.2365 0.00424954
908 0.494148 0.00228534 0.239 0.00426494
909 0.494203 0.00228812 0.2386 0.00426249
910 0.494648 0.0022837 0.2384 0.00426126
911 0.494461 0.00228121 0.238 0.0042588
912 0.494175 0.00227923 0.2367 0.00425078
913 0.4934 0.0022829 0.2408 0.00427591
914 0.493414 0.00228426 0.2402 0.00427226
915 0.493566 0.00228862 0.2397 0.00426922
916 0.493689 0.00228768 0.24 0.00427104
917 0.493819 0.00229025 0.241 0.00427712
918 0.493352 0.00229365 0.2413 0.00427893
919 0.493426 0.00229043 0.241 0.00427712
920 0.493608 0.00229414 0.2401 0.00427165
921 0.493519 0.00228946 0.2426 0.00428677
922 0.49413 0.00229606 0.2443 0.00429693
923 0.494354 0.00230234 0.2438 0.00429395
924 0.493378 0.00230866 0.2462 0.00430818
925 0.493791 0.00230773 0.2453 0.00430286
926 0.494318 0.00230511 0.2417 0.00428135
927 0.494776 0.00230296 0.2429 0.00428857
928 0.494623 0.00229993 0.2417 0.00428135
929 0.494535 0.00229563 0.2421 0.00428376
930 0.494477 0.00229692 0.2416 0.00428074
931 0.494798 0.00229722 0.2395 0.004268
932 0.495246 0.0023013 0.2403 0.00427287
933 0.49514 0.00230489 0.2383 0.00426065
934 0.495282 0.00230181 0.2393 0.00426678
935 0.494842 0.00230202 0.2397 0.00426922
936 0.495099 0.00229828 0.2404 0.00427348
937 0.495089 0.00230241 0.2409 0.00427651
938 0.49457 0.00230377 0.2424 0.00428556
939 0.494436 0.00229752 0.2437 0.00429335
940 0.495465 0.00229936 0.2399 0.00427044
941 0.495613 0.00229982 0.2396 0.00426861
942 0.495973 0.00229776 0.2411 0.00427772
943 0.496205 0.00229634 0.2384 0.00426126
944 0.496173 0.0022947 0.2422 0.00428436
945 0.495587 0.00229739 0.2394 0.00426739
946 0.495584 0.00229754 0.2392 0.00426616
947 0.495468 0.00229414 0.2391 0.00426555
948 0.494888 0.00229911 0.2381 0.00425942
949 0.495154 0.00229533 0.238 0.0042588
950 0.494799 0.00229737 0.2417 0.00428135
951 0.495374 0.00229209 0.2368 0.0042514
952 0.495893 0.00229592 0.239 0.00426494
953 0.495033 0.00229759 0.2384 0.00426126
954 0.494605 0.00229596 0.2375 0.00425572
955 0.494675 0.00230028 0.2405 0.00427408
956 0.494337 0.00229986 0.2408 0.00427591
957 0.494433 0.00230024 0.2408 0.00427591
958 0.494748 0.00230221 0.2405 0.00427408
959 0.494538 0.00230025 0.2419 0.00428255
960 0.494555 0.00230052 0.2413 0.00427893
961 0.494624 0.0023012 0.2433 0.00429096
962 0.494524 0.00230441 0.2396 0.00426861
963 0.49435 0.00230788 0.2404 0.00427348
964 0.494379 0.00231337 0.2383 0.00426065
965 0.493902 0.00231313 0.2401 0.00427165
966 0.493691 0.00231189 0.2426 0.00428677
967 0.493816 0.00231029 0.2422 0.00428436
968 0.4939 0.00231396 0.2411 0.00427772
969 0.494003 0.00231441 0.2398 0.00426983
970 0.4946 0.0023149 0.2427 0.00428737
971 0.495016 0.00231825 0.2399 0.00427044
972 0.495053 0.00231777 0.2406 0.00427469
973 0.49614 0.00231748 0.2398 0.00426983
974 0.495526 0.00231745 0.239 0.00426494
975 0.495542 0.00231113 0.2416 0.00428074
976 0.494737 0.00231268 0.2439 0.00429455
977 0.494358 0.00230739 0.242 0.00428316
978 0.494186 0.00230733 0.242 0.00428316
979 0.493927 0.00230426 0.2419 0.00428255
980 0.494355 0.00230979 0.2429 0.00428857
981 0.493567 0.00230421 0.2434 0.00429156
982 0.493213 0.00230032 0.2387 0.0042631
983 0.49318 0.00230347 0.2402 0.00427226
984 0.493448 0.00229911 0.2408 0.00427591
985 0.493638 0.00230272 0.2432 0.00429036
986 0.493685 0.00230089 0.2435 0.00429216
987 0.493769 0.00229694 0.2416 0.00428074
988 0.493496 0.0022984 0.2408 0.00427591
989 0.493705 0.00230049 0.2408 0.00427591
990 0.494158 0.00231062 0.2401 0.00427165
991 0.493631 0.00230767 0.2414 0.00427954
992 0.494206 0.00230113 0.2361 0.00424706
993 0.494162 0.00231198 0.2406 0.00427469
994 0.493975 0.00230905 0.24 0.00427104
995 0.494342 0.00230296 0.2393 0.00426678
996 0.494481 0.00230285 0.2409 0.00427651
997 0.49362 0.00229779 0.242 0.00428316
998 0.493689 0.00229796 0.2409 0.00427651
999 0.493743 0.00229796 0.2404 0.00427348
1000 0.493261 0.00229872 0.2414 0.00427954
1001 0.493725 0.00230265 0.2418 0.00428195
1002 0.49298 0.00231062 0.2434 0.00429156
1003 0.492736 0.00230703 0.2465 0.00430995
1004 0.492726 0.00230288 0.2447 0.00429931
1005 0.492644 0.00229496 0.2454 0.00430346
1006 0.492818 0.00229646 0.2438 0.00429395
1007 0.493184 0.00229638 0.2431 0.00428976
1008 0.492397 0.00230105 0.245 0.00430109
1009 0.492874 0.00229729 0.2402 0.00427226
1010 0.49272 0.00229651 0.2434 0.00429156
1011 0.492905 0.00229822 0.2402 0.00427226
1012 0.493221 0.00229223 0.2383 0.00426065
1013 0.493124 0.00228998 0.2404 0.00427348
1014 0.492753 0.00229078 0.2397 0.00426922
1015 0.492685 0.00229374 0.2405 0.00427408
1016 0.493271 0.0022944 0.2402 0.00427226
1017 0.493174 0.00229179 0.2407 0.0042753
1018 0.493246 0.00229791 0.2397 0.00426922
1019 0.493909 0.00229544 0.2378 0.00425757
1020 0.493885 0.00229398 0.2396 0.00426861
1021 0.493815 0.0022881 0.2387 0.0042631
1022 0.493801 0.00229281 0.2428 0.00428797
1023 0.493741 0.00229313 0.2402 0.00427226
1024 0.494004 0.00230018 0.2377 0.00425696
1025 0.494112 0.00229654 0.24 0.00427104
1026 0.494355 0.00229724 0.2398 0.00426983
1027 0.494433 0.0023006 0.2383 0.00426065
1028 0.494505 0.00230129 0.2397 0.00426922
1029 0.494379 0.00229744 0.2411 0.00427772
1030 0.494479 0.00230272 0.2439 0.00429455
1031 0.495172 0.00230124 0.238 0.0042588
1032 0.494836 0.0022979 0.2416 0.00428074
1033 0.495122 0.00229536 0.2409 0.00427651
1034 0.494958 0.00229974 0.2449 0.00430049
1035 0.495352 0.00230096 0.2406 0.00427469
1036 0.495395 0.00230039 0.2422 0.00428436
1037 0.495621 0.0022967 0.2417 0.00428135
1038 0.495443 0.00229138 0.2392 0.00426616
1039 0.495781 0.00229683 0.2411 0.00427772
1040 0.495786 0.00229611 0.2418 0.00428195
1041 0.49545 0.00229513 0.2401 0.00427165
1042 0.495405 0.00229326 0.2407 0.0042753
1043 0.495567 0.00229655 0.2428 0.00428797
1044 0.495489 0.00229255 0.2398 0.00426983
1045 0.495306 0.00229611 0.2365 0.00424954
1046 0.495448 0.00229778 0.2364 0.00424892
1047 0.496223 0.00229327 0.2367 0.00425078
1048 0.49657 0.00228924 0.2367 0.00425078
1049 0.49628 0.00228804 0.2364 0.00424892
1050 0.496448 0.00228739 0.2368 0.0042514
1051 0.496701 0.00229195 0.238 0.0042588
1052 0.496055 0.00229067 0.2386 0.00426249
1053 0.496271 0.00228857 0.2385 0.00426188
1054 0.495814 0.00229445 0.2389 0.00426433
1055 0.495354 0.0022988 0.2424 0.00428556
1056 0.495703 0.0022979 0.2396 0.00426861
1057 0.494883 0.00229953 0.2383 0.00426065
1058 0.495196 0.00230523 0.2407 0.0042753
1059 0.495233 0.00230746 0.2416 0.00428074
1060 0.49572 0.00230635 0.2417 0.00428135
1061 0.496228 0.00230713 0.2393 0.00426678
1062 0.496379 0.00229768 0.2395 0.004268
1063 0.496651 0.00229412 0.2374 0.00425511
1064 0.496529 0.0022922 0.2388 0.00426372
1065 0.496459 0.00229621 0.2383 0.00426065
1066 0.496329 0.00230413 0.2404 0.00427348
1067 0.496551 0.00230491 0.239 0.00426494
1068 0.496682 0.00229396 0.2393 0.00426678
1069 0.496221 0.0023 0.2405 0.00427408
1070 0.496477 0.00229119 0.2388 0.00426372
1071 0.496555 0.00229711 0.2344 0.00423644
1072 0.496389 0.00229573 0.2359 0.00424581
1073 0.496467 0.00229284 0.2346 0.0042377
1074 0.496032 0.00229383 0.2357 0.00424457
1075 0.496099 0.00229193 0.2364 0.00424892
1076 0.496605 0.00228912 0.2372 0.00425387
1077 0.497526 0.00228812 0.234 0.00423393
1078 0.497461 0.0022912 0.2335 0.00423079
1079 0.498118 0.00228846 0.233 0.00422763
1080 0.498407 0.00229047 0.2344 0.00423644
1081 0.498278 0.00228818 0.234 0.00423393
1082 0.498248 0.00229732 0.2338 0.00423268
1083 0.497976 0.00229366 0.2337 0.00423205
1084 0.497808 0.00229369 0.234 0.00423393
1085 0.497548 0.00228852 0.2327 0.00422574
1086 0.497568 0.00229056 0.2349 0.00423958
1087 0.497568 0.00228553 0.2347 0.00423832
1088 0.496836 0.0022855 0.2349 0.00423958
1089 0.497015 0.00228832 0.238 0.0042588
1090 0.497203 0.00228938 0.2351 0.00424083
1091 0.497464 0.00229277 0.234 0.00423393
1092 0.4974 0.00229521 0.2355 0.00424332
1093 0.496943 0.0022889 0.2366 0.00425016
1094 0.497245 0.00228943 0.2352 0.00424145
1095 0.497026 0.00228578 0.2352 0.00424145
1096 0.496829 0.00228481 0.238 0.0042588
1097 0.497144 0.00228921 0.2358 0.00424519
1098 0.497107 0.00229035 0.237 0.00425264
1099 0.497405 0.00228488 0.2346 0.0042377
1100 0.49783 0.00228447 0.2347 0.00423832
1101 0.497827 0.00229068 0.2335 0.00423079
1102 0.496826 0.00228634 0.233 0.00422763
1103 0.496769 0.0022812 0.2326 0.0042251
1104 0.496385 0.00228633 0.2319 0.00422067
1105 0.496006 0.00228463 0.2329 0.004227
1106 0.496133 0.00228384 0.2328 0.00422637
1107 0.496008 0.0022847 0.231 0.00421493
1108 0.496227 0.00228795 0.2343 0.00423582
1109 0.496934 0.00228036 0.232 0.0042213
1110 0.497209 0.00227646 0.2339 0.0042333
1111 0.497175 0.00227936 0.2333 0.00422953
1112 0.496654 0.00228221 0.2318 0.00422003
1113 0.496834 0.00228197 0.2319 0.00422067
1114 0.497086 0.00228552 0.2359 0.00424581
1115 0.49687 0.00228093 0.237 0.00425264
1116 0.496913 0.00227966 0.2354 0.0042427
1117 0.497177 0.00227732 0.2339 0.0042333
1118 0.497157 0.00228316 0.2364 0.00424892
1119 0.496876 0.00228249 0.2339 0.0042333
1120 0.496715 0.00228205 0.2308 0.00421366
1121 0.496418 0.00228308 0.2312 0.00421621
1122 0.495935 0.00228106 0.2359 0.00424581
1123 0.495505 0.00227685 0.2349 0.00423958
1124 0.496226 0.00227847 0.2318 0.00422003
1125 0.495846 0.0022767 0.2343 0.00423582
1126 0.495925 0.00228135 0.2326 0.0042251
1127 0.495583 0.00227766 0.234 0.00423393
1128 0.495733 0.00227827 0.2334 0.00423016
1129 0.495382 0.00227792 0.2353 0.00424207
1130 0.495643 0.00228623 0.2372 0.00425387
1131 0.495423 0.0022809 0.2373 0.00425449
1132 0.495281 0.00228812 0.237 0.00425264
1133 0.495632 0.00229151 0.2411 0.00427772
1134 0.495507 0.00229528 0.2398 0.00426983
1135 0.495362 0.00229085 0.2401 0.00427165
1136 0.495648 0.00229551 0.2379 0.00425819
1137 0.496675 0.00229268 0.237 0.00425264
1138 0.496654 0.00229571 0.2373 0.00425449
1139 0.496857 0.00229262 0.2357 0.00424457
1140 0.496484 0.00229422 0.2379 0.00425819
1141 0.496347 0.00229008 0.2372 0.00425387
1142 0.496072 0.00229413 0.2367 0.00425078
1143 0.496088 0.00229198 0.2354 0.0042427
1144 0.496169 0.00228983 0.2386 0.00426249
1145 0.495853 0.00228499 0.2385 0.00426188
1146 0.495367 0.00228782 0.24 0.00427104
1147 0.495701 0.00229353 0.2403 0.00427287
1148 0.495521 0.00229097 0.2382 0.00426003
1149 0.495594 0.00228685 0.235 0.0042402
1150 0.495396 0.00228474 0.2367 0.00425078
1151 0.495369 0.00228621 0.2351 0.00424083
1152 0.495107 0.0022851 0.2364 0.00424892
1153 0.495771 0.00228276 0.2366 0.00425016
1154 0.494943 0.00228638 0.239 0.00426494
1155 0.494195 0.00228439 0.2439 0.00429455
1156 0.494523 0.00228856 0.2431 0.00428976
1157 0.494547 0.00229096 0.2423 0.00428496
1158 0.49461 0.00227994 0.2447 0.00429931
1159 0.494336 0.00228643 0.2426 0.00428677
1160 0.494455 0.00228602 0.2396 0.00426861
1161 0.494381 0.00228127 0.2386 0.00426249
1162 0.494234 0.00228411 0.2395 0.004268
1163 0.493233 0.00228986 0.2409 0.00427651
1164 0.492942 0.00229134 0.2404 0.00427348
1165 0.49335 0.00229915 0.2433 0.00429096
1166 0.49328 0.00229815 0.2409 0.00427651
1167 0.493586 0.00229306 0.2422 0.00428436
1168 0.493784 0.00229419 0.2402 0.00427226
1169 0.493635 0.00228816 0.2409 0.00427651
1170 0.493778 0.00228715 0.2393 0.00426678
1171 0.493792 0.00228696 0.2376 0.00425634
1172 0.493793 0.00229057 0.2377 0.00425696
1173 0.493825 0.00230139 0.2414 0.00427954
1174 0.494193 0.00229963 0.2376 0.00425634
1175 0.494433 0.00229665 0.2373 0.00425449
1176 0.495309 0.00229883 0.2332 0.0042289
1177 0.495028 0.00230546 0.2378 0.00425757
1178 0.494417 0.00230343 0.2387 0.0042631
1179 0.494849 0.00230419 0.2405 0.00427408
1180 0.494697 0.00229975 0.2377 0.00425696
1181 0.494603 0.0023071 0.2409 0.00427651
1182 0.494827 0.00230409 0.2386 0.00426249
1183 0.494538 0.00230224 0.2396 0.00426861
1184 0.494752 0.00230473 0.2422 0.00428436
1185 0.494166 0.00230699 0.242 0.00428316
1186 0.494232 0.00230133 0.2398 0.00426983
1187 0.494048 0.00230169 0.2411 0.00427772
1188 0.49404 0.00230096 0.2419 0.00428255
1189 0.493737 0.002295 0.2406 0.00427469
1190 0.493156 0.00229053 0.2381 0.00425942
1191 0.492893 0.002293 0.2386 0.00426249
1192 0.492905 0.00228886 0.2412 0.00427833
1193 0.492652 0.00229127 0.2394 0.00426739
1194 0.493053 0.00228917 0.2399 0.00427044
1195 0.492739 0.00228672 0.2401 0.00427165
1196 0.492979 0.00228249 0.2413 0.00427893
1197 0.492549 0.00228102 0.243 0.00428917
1198 0.492615 0.00227666 0.2406 0.00427469
1199 0.492407 0.00227912 0.2433 0.00429096
1200 0.49262 0.00228039 0.2427 0.00428737
1201 0.492822 0.00228367 0.2427 0.00428737
1202 0.493233 0.0022873 0.241 0.00427712
1203 0.493284 0.00228343 0.2398 0.00426983
1204 0.49367 0.00228233 0.2412 0.00427833
1205 0.49364 0.00228781 0.2403 0.00427287
1206 0.494504 0.00228343 0.245 0.00430109
1207 0.49452 0.00228983 0.2406 0.00427469
1208 0.494878 0.00229524 0.2398 0.00426983
1209 0.494951 0.00229473 0.2428 0.00428797
1210 0.495096 0.00230189 0.2436 0.00429276
1211 0.49576 0.0023053 0.2428 0.00428797
1212 0.495598 0.00230871 0.2423 0.00428496
1213 0.495128 0.00230455 0.2425 0.00428617
1214 0.4949 0.00230982 0.243 0.00428917
1215 0.494806 0.00230443 0.2432 0.00429036
1216 0.494927 0.0023056 0.2433 0.00429096
1217 0.494809 0.00230973 0.2464 0.00430936
1218 0.494383 0.00231018 0.2464 0.00430936
1219 0.495068 0.00230872 0.2449 0.00430049
1220 0.494726 0.00231482 0.2462 0.00430818
1221 0.494976 0.00231482 0.2434 0.00429156
1222 0.495429 0.00231839 0.246 0.004307
1223 0.494771 0.00231806 0.2477 0.00431698
1224 0.494395 0.00232595 0.2455 0.00430405
1225 0.494067 0.00232343 0.2459 0.00430641
1226 0.494663 0.00232392 0.2423 0.00428496
1227 0.494683 0.0023312 0.2447 0.00429931
1228 0.495104 0.00232622 0.2416 0.00428074
1229 0.495181 0.00232626 0.2421 0.00428376
1230 0.495434 0.00232608 0.2419 0.00428255
1231 0.495218 0.00232609 0.2413 0.00427893
1232 0.494857 0.00232033 0.2405 0.00427408
1233 0.494813 0.00232032 0.241 0.00427712
1234 0.495098 0.00231463 0.2423 0.00428496
1235 0.495337 0.00231239 0.2405 0.00427408
1236 0.495363 0.00231692 0.2441 0.00429574
1237 0.494136 0.00232282 0.2402 0.00427226
1238 0.494099 0.00232093 0.2457 0.00430523
1239 0.494213 0.00232279 0.2449 0.00430049
1240 0.494616 0.00231959 0.2421 0.00428376
1241 0.494411 0.00232443 0.2435 0.00429216
1242 0.494061 0.0023212 0.2422 0.00428436
1243 0.493963 0.00232273 0.2442 0.00429633
1244 0.494436 0.00231416 0.2415 0.00428014
1245 0.494426 0.00230817 0.2431 0.00428976
1246 0.493879 0.0023081 0.2437 0.00429335
1247 0.493783 0.00230262 0.2426 0.00428677
1248 0.493569 0.00230555 0.243 0.00428917
1249 0.493399 0.00230613 0.2428 0.00428797
1250 0.493563 0.00231081 0.2448 0.0042999
1251 0.493662 0.00230542 0.2413 0.00427893
1252 0.493127 0.00230559 0.2448 0.0042999
1253 0.493346 0.00230235 0.2435 0.00429216
1254 0.493054 0.00230624 0.2456 0.00430464
1255 0.492808 0.00230762 0.2442 0.00429633
1256 0.493168 0.00230601 0.2459 0.00430641
1257 0.493303 0.00230432 0.2444 0.00429752
1258 0.494046 0.00230007 0.2435 0.00429216
1259 0.495222 0.00230134 0.2428 0.00428797
1260 0.494973 0.00229299 0.2391 0.00426555
1261 0.494789 0.00229742 0.2396 0.00426861
1262 0.495186 0.00229808 0.2412 0.00427833
1263 0.495646 0.00229511 0.2384 0.00426126
1264 0.495626 0.00229284 0.2372 0.00425387
1265 0.495744 0.00229015 0.2385 0.00426188
1266 0.49539 0.00228934 0.2359 0.00424581
1267 0.495212 0.00228988 0.2352 0.00424145
1268 0.495122 0.00229527 0.2354 0.0042427
1269 0.495184 0.00229721 0.2374 0.00425511
1270 0.495248 0.00229461 0.2353 0.00424207
1271 0.495533 0.00229503 0.2379 0.00425819
1272 0.495352 0.00229824 0.2385 0.00426188
1273 0.495389 0.00229919 0.2382 0.00426003
1274 0.495604 0.00230114 0.2393 0.00426678
1275 0.496166 0.00229643 0.2374 0.00425511
1276 0.496026 0.00229172 0.2368 0.0042514
1277 0.496093 0.0022921 0.2352 0.00424145
1278 0.495981 0.00229798 0.2359 0.00424581
1279 0.496525 0.0022978 0.2409 0.00427651
1280 0.496619 0.00230418 0.2426 0.00428677
1281 0.497201 0.00230185 0.2395 0.004268
1282 0.496789 0.0023022 0.2381 0.00425942
1283 0.496361 0.00230125 0.2391 0.00426555
1284 0.49579 0.00229794 0.2383 0.00426065
1285 0.496115 0.00229952 0.2391 0.00426555
1286 0.495536 0.00229964 0.2405 0.00427408
1287 0.495844 0.00229399 0.239 0.00426494
1288 0.495254 0.00229609 0.2445 0.00429812
1289 0.495092 0.00229966 0.2437 0.00429335
1290 0.495399 0.00229793 0.24 0.00427104
1291 0.495534 0.00229983 0.2405 0.00427408
1292 0.495207 0.00229778 0.2426 0.00428677
1293 0.49523 0.0022982 0.2422 0.00428436
1294 0.494556 0.00229877 0.2411 0.00427772
1295 0.494387 0.00229454 0.2413 0.00427893
1296 0.494829 0.00228963 0.2398 0.00426983
1297 0.495642 0.00229485 0.241 0.00427712
1298 0.495273 0.0022922 0.2429 0.00428857
1299 0.495658 0.00229697 0.2425 0.00428617
1300 0.495839 0.00229831 0.2421 0.00428376
1301 0.49599 0.00229783 0.2408 0.00427591
1302 0.49574 0.00229581 0.2416 0.00428074
1303 0.495759 0.00228987 0.2385 0.00426188
1304 0.495898 0.00229434 0.2389 0.00426433
1305 0.495608 0.00229878 0.2392 0.00426616
1306 0.495839 0.00229944 0.2386 0.00426249
1307 0.495639 0.00230438 0.2396 0.00426861
1308 0.495409 0.00230502 0.2406 0.00427469
1309 0.495505 0.00230328 0.2411 0.00427772
1310 0.495707 0.00230718 0.24 0.00427104
1311 0.495348 0.00231077 0.2408 0.00427591
1312 0.495412 0.00230717 0.241 0.00427712
1313 0.496075 0.00230797 0.2414 0.00427954
1314 0.496307 0.00231038 0.2412 0.00427833
1315 0.496445 0.00230699 0.2388 0.00426372
1316 0.496982 0.00230392 0.2365 0.00424954
1317 0.496358 0.00229862 0.2371 0.00425325
1318 0.497194 0.00229941 0.2373 0.00425449
1319 0.49722 0.00230041 0.2387 0.0042631
1320 0.497962 0.00230306 0.2377 0.00425696
1321 0.497731 0.00230714 0.2371 0.00425325
1322 0.497647 0.00230342 0.2376 0.00425634
1323 0.497903 0.00230089 0.2365 0.00424954
1324 0.497741 0.00230264 0.2387 0.0042631
1325 0.497781 0.00229965 0.2358 0.00424519
1326 0.497962 0.00229898 0.2368 0.0042514
1327 0.49837 0.00229656 0.2371 0.00425325
1328 0.498591 0.00230224 0.2372 0.00425387
1329 0.497841 0.00230142 0.2379 0.00425819
1330 0.498434 0.00229686 0.2373 0.00425449
1331 0.497548 0.00229851 0.2375 0.00425572
1332 0.497764 0.00229744 0.2408 0.00427591
1333 0.497839 0.00229508 0.2367 0.00425078
1334 0.497718 0.0022927 0.2359 0.00424581
1335 0.497806 0.00229626 0.2365 0.00424954
1336 0.49819 0.00229567 0.237 0.00425264
1337 0.498905 0.00228825 0.2337 0.00423205
1338 0.49858 0.00229167 0.2335 0.00423079
1339 0.498892 0.00229976 0.2338 0.00423268
1340 0.499209 0.00229712 0.2347 0.00423832
1341 0.499337 0.00229897 0.2322 0.00422257
1342 0.49897 0.00230196 0.2342 0.00423519
1343 0.498678 0.00230171 0.2359 0.00424581
1344 0.499157 0.00229738 0.2357 0.00424457
1345 0.499299 0.00229546 0.2352 0.00424145
1346 0.499089 0.00229652 0.2331 0.00422827
1347 0.499035 0.00228826 0.2326 0.0042251
1348 0.498876 0.00228807 0.2331 0.00422827
1349 0.49855 0.00229546 0.2334 0.00423016
1350 0.498201 0.00229299 0.2312 0.00421621
1351 0.498184 0.00229023 0.2311 0.00421557
1352 0.49795 0.0022848 0.2324 0.00422384
1353 0.498188 0.00228437 0.2311 0.00421557
1354 0.497869 0.00228143 0.2311 0.00421557
1355 0.498607 0.00228244 0.2329 0.004227
1356 0.498723 0.00228608 0.2338 0.00423268
1357 0.498418 0.00228564 0.2329 0.004227
1358 0.498805 0.00227663 0.2326 0.0042251
1359 0.49859 0.00228291 0.2314 0.00421749
1360 0.498771 0.00228051 0.2282 0.00419693
1361 0.498119 0.00228037 0.2331 0.00422827
1362 0.498707 0.00228061 0.2322 0.00422257
1363 0.498598 0.00227926 0.2306 0.00421238
1364 0.49856 0.00227974 0.2344 0.00423644
1365 0.498475 0.00228175 0.2331 0.00422827
1366 0.497874 0.00228567 0.235 0.0042402
1367 0.497892 0.00228054 0.2343 0.00423582
1368 0.49671 0.00228181 0.235 0.0042402
1369 0.496839 0.00227658 0.2319 0.00422067
1370 0.49625 0.00228417 0.2344 0.00423644
1371 0.496383 0.00228436 0.2373 0.00425449
1372 0.496811 0.002287 0.2381 0.00425942
1373 0.497164 0.00228769 0.236 0.00424643
1374 0.496451 0.00228928 0.2338 0.00423268
1375 0.497026 0.00228789 0.2329 0.004227
1376 0.497565 0.00229211 0.2341 0.00423456
1377 0.497006 0.00229431 0.2358 0.00424519
1378 0.496588 0.00228952 0.2348 0.00423895
1379 0.496849 0.00229316 0.2353 0.00424207
1380 0.496707 0.00228885 0.2352 0.00424145
1381 0.496659 0.00229225 0.2358 0.00424519
1382 0.496544 0.00229542 0.2366 0.00425016
1383 0.497333 0.00229973 0.2343 0.00423582
1384 0.498063 0.0022993 0.2343 0.00423582
1385 0.49751 0.00230577 0.2348 0.00423895
1386 0.497516 0.00230616 0.2376 0.00425634
1387 0.497388 0.00229509 0.2372 0.00425387
1388 0.497526 0.00229751 0.237 0.00425264
1389 0.496718 0.002299 0.2383 0.00426065
1390 0.497024 0.00229814 0.2393 0.00426678
1391 0.497232 0.00229716 0.2356 0.00424394
1392 0.497569 0.00229875 0.2334 0.00423016
1393 0.497213 0.00229525 0.233 0.00422763
1394 0.497498 0.00229325 0.2347 0.00423832
1395 0.497389 0.00229569 0.2332 0.0042289
1396 0.497255 0.00229714 0.2309 0.0042143
1397 0.4972 0.00229891 0.2371 0.00425325
1398 0.496778 0.00229643 0.2353 0.00424207
1399 0.497342 0.00229087 0.2362 0.00424768
1400 0.497756 0.00230639 0.2378 0.00425757
1401 0.498157 0.00230177 0.2346 0.0042377
1402 0.497768 0.00230643 0.2338 0.00423268
1403 0.497778 0.002309 0.2379 0.00425819
1404 0.497357 0.00230931 0.2335 0.00423079
1405 0.496951 0.00231258 0.2361 0.00424706
1406 0.497124 0.00231647 0.2368 0.0042514
1407 0.497654 0.00231326 0.2343 0.00423582
1408 0.497393 0.00230581 0.2367 0.00425078
1409 0.497498 0.00231061 0.2362 0.00424768
1410 0.497333 0.00230917 0.2368 0.0042514
1411 0.497371 0.00230807 0.2378 0.00425757
1412 0.497896 0.00231216 0.2366 0.00425016
1413 0.497781 0.00230922 0.2362 0.00424768
1414 0.497368 0.00230676 0.2343 0.00423582
1415 0.497941 0.00230592 0.2339 0.0042333
1416 0.498051 0.00231044 0.2357 0.00424457
1417 0.49855 0.0023085 0.2353 0.00424207
1418 0.498988 0.00230829 0.2361 0.00424706
1419 0.498984 0.00231325 0.234 0.00423393
1420 0.499273 0.00231959 0.2346 0.0042377
1421 0.499403 0.00231219 0.236 0.00424643
1422 0.499407 0.0023091 0.2336 0.00423142
1423 0.499208 0.00230897 0.2352 0.00424145
1424 0.498787 0.0023073 0.2346 0.0042377
1425 0.498678 0.0023041 0.2385 0.00426188
1426 0.498266 0.00230224 0.2365 0.00424954
1427 0.498423 0.00230406 0.237 0.00425264
1428 0.497759 0.00230929 0.2355 0.00424332
1429 0.49754 0.0023057 0.2384 0.00426126
1430 0.498605 0.00230514 0.2351 0.00424083
1431 0.49823 0.00230125 0.2359 0.00424581
1432 0.498476 0.00230591 0.2356 0.00424394
1433 0.498312 0.00230748 0.2352 0.00424145
1434 0.498788 0.00230319 0.2355 0.00424332
1435 0.498745 0.00231113 0.2374 0.00425511
1436 0.499165 0.00231211 0.237 0.00425264
1437 0.498866 0.00231408 0.2359 0.00424581
1438 0.498772 0.00231485 0.2382 0.00426003
1439 0.499701 0.00230995 0.2366 0.00425016
1440 0.499207 0.00231187 0.2371 0.00425325
1441 0.500198 0.00231249 0.2378 0.00425757
1442 0.500055 0.00231407 0.2388 0.00426372
1443 0.500104 0.00231069 0.2371 0.00425325
1444 0.500323 0.00231006 0.2368 0.0042514
1445 0.50018 0.00230219 0.2354 0.0042427
1446 0.500373 0.0023052 0.2332 0.0042289
1447 0.499896 0.00230364 0.2356 0.00424394
1448 0.500528 0.002301 0.2306 0.00421238
1449 0.500661 0.00229908 0.2293 0.00420404
1450 0.50048 0.00230337 0.2318 0.00422003
1451 0.50023 0.00229883 0.2331 0.00422827
1452 0.500446 0.00229392 0.2305 0.00421174
1453 0.50035 0.00228941 0.2326 0.0042251
1454 0.49999 0.00228856 0.2311 0.00421557
1455 0.499682 0.00229998 0.2343 0.00423582
1456 0.499906 0.00229543 0.2343 0.00423582
1457 0.49987 0.00229805 0.2344 0.00423644
1458 0.499718 0.00229996 0.2359 0.00424581
1459 0.499088 0.0023009 0.2367 0.00425078
1460 0.499046 0.00230053 0.235 0.0042402
1461 0.498959 0.00230008 0.2351 0.00424083
1462 0.498395 0.00230594 0.2373 0.00425449
1463 0.498808 0.00231221 0.2382 0.00426003
1464 0.498665 0.00230869 0.2384 0.00426126
1465 0.499169 0.00230976 0.2389 0.00426433
1466 0.499213 0.00230916 0.2367 0.00425078
1467 0.499538 0.00231632 0.2364 0.00424892
1468 0.499438 0.00231207 0.2368 0.0042514
1469 0.499411 0.00230455 0.2368 0.0042514
1470 0.50043 0.00230446 0.2364 0.00424892
1471 0.499563 0.00230462 0.2371 0.00425325
1472 0.499789 0.00230096 0.2383 0.00426065
1473 0.500127 0.00230313 0.2359 0.00424581
1474 0.499829 0.00230783 0.236 0.00424643
1475 0.49972 0.00231055 0.2345 0.00423707
1476 0.499142 0.00231579 0.2366 0.00425016
1477 0.498917 0.00231201 0.2373 0.00425449
1478 0.49924 0.00231373 0.2418 0.00428195
1479 0.49886 0.00231326 0.2418 0.00428195
1480 0.498992 0.00231053 0.238 0.0042588
1481 0.49825 0.00231182 0.2387 0.0042631
1482 0.498563 0.00230811 0.2371 0.00425325
1483 0.498746 0.0023097 0.2379 0.00425819
1484 0.498321 0.00230678 0.2395 0.004268
1485 0.498393 0.00230089 0.2432 0.00429036
1486 0.498221 0.00230525 0.2391 0.00426555
1487 0.498 0.00230694 0.2385 0.00426188
1488 0.498159 0.00230859 0.2421 0.00428376
1489 0.49818 0.0023089 0.2399 0.00427044
1490 0.49844 0.00230875 0.2423 0.00428496
1491 0.498507 0.00231074 0.2403 0.00427287
1492 0.497794 0.00231214 0.2398 0.00426983
1493 0.498301 0.00231593 0.2386 0.00426249
1494 0.498854 0.00232172 0.2415 0.00428014
1495 0.498676 0.00232539 0.2436 0.00429276
1496 0.498852 0.00232168 0.2429 0.00428857
1497 0.49882 0.00232123 0.2417 0.00428135
1498 0.498592 0.00231887 0.2397 0.00426922
1499 0.497935 0.00231469 0.241 0.00427712
1500 0.4987 0.0023131 0.2391 0.00426555
1501 0.498964 0.00232064 0.2351 0.00424083
1502 0.498719 0.0023176 0.2388 0.00426372
1503 0.499139 0.00231503 0.237 0.00425264
1504 0.499739 0.00231366 0.2323 0.0042232
1505 0.499501 0.00230266 0.2323 0.0042232
1506 0.499363 0.00231002 0.2344 0.00423644
1507 0.499423 0.00230935 0.235 0.0042402
1508 0.499358 0.00231185 0.2327 0.00422574
1509 0.499714 0.00229918 0.2317 0.00421939
1510 0.500129 0.00230024 0.2325 0.00422447
1511 0.500576 0.00230502 0.2338 0.00423268
1512 0.500654 0.00230779 0.232 0.0042213
1513 0.500901 0.00230401 0.2336 0.00423142
1514 0.501046 0.00229946 0.2335 0.00423079
1515 0.501018 0.00230115 0.2317 0.00421939
1516 0.500622 0.00229628 0.2343 0.00423582
1517 0.50116 0.00230053 0.233 0.00422763
1518 0.50089 0.00230053 0.2302 0.00420982
1519 0.500633 0.00229914 0.2333 0.00422953
1520 0.501097 0.0022984 0.2327 0.00422574
1521 0.501184 0.00229633 0.2351 0.00424083
1522 0.501662 0.00229547 0.2327 0.00422574
1523 0.501354 0.00229766 0.2356 0.00424394
1524 0.501352 0.00229904 0.2378 0.00425757
1525 0.50089 0.00230535 0.2381 0.00425942
1526 0.50059 0.00230251 0.2371 0.00425325
1527 0.500394 0.00230561 0.2375 0.00425572
1528 0.499847 0.00230308 0.2358 0.00424519
1529 0.500641 0.00229656 0.2338 0.00423268
1530 0.500638 0.00229458 0.2334 0.00423016
1531 0.500835 0.00229722 0.2337 0.00423205
1532 0.501197 0.00229227 0.2324 0.00422384
1533 0.501846 0.00229138 0.2341 0.00423456
1534 0.502425 0.00228684 0.2341 0.00423456
1535 0.502362 0.0022802 0.2318 0.00422003
1536 0.502346 0.00228206 0.2293 0.00420404
1537 0.502278 0.00228569 0.2307 0.00421302
1538 0.502334 0.00229028 0.2332 0.0042289
1539 0.50202 0.00228461 0.2293 0.00420404
1540 0.50088 0.00229109 0.228 0.00419564
1541 0.501213 0.00228747 0.2279 0.00419499
1542 0.501626 0.00228677 0.2288 0.00420081
1543 0.501046 0.00228935 0.23 0.00420854
1544 0.501184 0.00228916 0.2303 0.00421046
1545 0.501387 0.00229072 0.227 0.00418914
1546 0.501339 0.00228848 0.2282 0.00419693
1547 0.501717 0.00228258 0.2282 0.00419693
1548 0.501244 0.00228298 0.2282 0.00419693
1549 0.500463 0.00228381 0.2304 0.0042111
1550 0.49998 0.0022886 0.2327 0.00422574
1551 0.499908 0.00228869 0.2339 0.0042333
1552 0.499769 0.0022953 0.2337 0.00423205
1553 0.499982 0.00230359 0.2355 0.00424332
1554 0.500249 0.00229757 0.2345 0.00423707
1555 0.499722 0.00229896 0.238 0.0042588
1556 0.499583 0.00230231 0.2372 0.00425387
1557 0.49924 0.002304 0.2359 0.00424581
1558 0.499357 0.00230012 0.2352 0.00424145
1559 0.499185 0.0023057 0.2388 0.00426372
1560 0.499145 0.00230017 0.2354 0.0042427
1561 0.498531 0.00230526 0.2385 0.00426188
1562 0.497714 0.00230414 0.2406 0.00427469
1563 0.497465 0.00230501 0.2408 0.00427591
1564 0.497868 0.00230207 0.2388 0.00426372
1565 0.498071 0.00230238 0.2367 0.00425078
1566 0.499081 0.00230505 0.238 0.0042588
1567 0.499043 0.002311 0.2391 0.00426555
1568 0.498938 0.00231396 0.2406 0.00427469
1569 0.499186 0.00232063 0.2418 0.00428195
1570 0.49908 0.00232759 0.2423 0.00428496
1571 0.498939 0.00232697 0.24 0.00427104
1572 0.498822 0.0023228 0.2414 0.00427954
1573 0.498993 0.00232467 0.2406 0.00427469
1574 0.498694 0.00232363 0.2386 0.00426249
1575 0.498 0.00232331 0.2385 0.00426188
1576 0.498143 0.002313 0.2388 0.00426372
1577 0.498053 0.0023143 0.2371 0.00425325
1578 0.498397 0.00231082 0.2383 0.00426065
1579 0.498628 0.0023122 0.238 0.0042588
1580 0.498605 0.00230841 0.2385 0.00426188
1581 0.498207 0.00230818 0.2414 0.00427954
1582 0.498795 0.00230289 0.238 0.0042588
1583 0.49836 0.00230647 0.2389 0.00426433
1584 0.498182 0.00230496 0.2341 0.00423456
1585 0.498393 0.00230843 0.2364 0.00424892
1586 0.497574 0.00231169 0.2383 0.00426065
1587 0.497444 0.00231225 0.2377 0.00425696
1588 0.497499 0.0023122 0.2363 0.0042483
1589 0.497071 0.00230748 0.2341 0.00423456
1590 0.497253 0.00230555 0.2352 0.00424145
1591 0.497748 0.00230449 0.2363 0.0042483
1592 0.49747 0.00230083 0.2348 0.00423895
1593 0.497426 0.002299 0.2369 0.00425202
1594 0.497446 0.00230198 0.2391 0.00426555
1595 0.497947 0.00230044 0.237 0.00425264
1596 0.498145 0.00230021 0.2377 0.00425696
1597 0.498099 0.0023037 0.2383 0.00426065
1598 0.497935 0.00230201 0.2396 0.00426861
1599 0.497828 0.00230472 0.2391 0.00426555
1600 0.497902 0.00230645 0.2366 0.00425016
1601 0.498321 0.00229848 0.2376 0.00425634
1602 0.498744 0.00230139 0.2365 0.00424954
1603 0.498535 0.00230249 0.2392 0.00426616
1604 0.498367 0.00229495 0.2381 0.00425942
1605 0.498236 0.00229657 0.238 0.0042588
1606 0.49842 0.00229419 0.2374 0.00425511
1607 0.498581 0.00229086 0.2357 0.00424457
1608 0.498694 0.0022982 0.2352 0.00424145
1609 0.498392 0.00230149 0.2354 0.0042427
1610 0.497565 0.00229826 0.2355 0.00424332
1611 0.497996 0.00230092 0.2403 0.00427287
1612 0.49777 0.00229764 0.237 0.00425264
1613 0.497621 0.00230505 0.236 0.00424643
1614 0.49738 0.00229517 0.2364 0.00424892
1615 0.497471 0.00229172 0.2331 0.00422827
1616 0.497759 0.00228969 0.2339 0.0042333
1617 0.497798 0.00228937 0.2346 0.0042377
1618 0.498143 0.00228468 0.2334 0.00423016
1619 0.498477 0.00228413 0.2305 0.00421174
1620 0.498363 0.00228634 0.2304 0.0042111
1621 0.498554 0.00228812 0.2325 0.00422447
1622 0.497942 0.00228381 0.2328 0.00422637
1623 0.497656 0.00228331 0.2363 0.0042483
1624 0.497723 0.00228829 0.2339 0.0042333
1625 0.497654 0.00228844 0.2332 0.0042289
1626 0.497164 0.00228661 0.235 0.0042402
1627 0.496674 0.00228342 0.2324 0.00422384
1628 0.496669 0.00228248 0.2363 0.0042483
1629 0.496456 0.00228873 0.2351 0.00424083
1630 0.496279 0.00229564 0.2363 0.0042483
1631 0.496686 0.002296 0.2362 0.00424768
1632 0.496132 0.00229513 0.2361 0.00424706
1633 0.495946 0.00229265 0.2374 0.00425511
1634 0.495818 0.00228688 0.2387 0.0042631
1635 0.495267 0.00228973 0.2402 0.00427226
1636 0.49494 0.00229527 0.2438 0.00429395
1637 0.494738 0.002298 0.2448 0.0042999
1638 0.494269 0.00229685 0.2428 0.00428797
1639 0.494267 0.00229869 0.2436 0.00429276
1640 0.494451 0.00230189 0.2428 0.00428797
1641 0.494583 0.0022961 0.2445 0.00429812
1642 0.49434 0.0023049 0.2486 0.00432223
1643 0.494101 0.00231054 0.2459 0.00430641
1644 0.494387 0.00231086 0.2464 0.00430936
1645 0.494224 0.00231069 0.2455 0.00430405
1646 0.494537 0.00231212 0.2461 0.00430759
1647 0.494381 0.00231288 0.2438 0.00429395
1648 0.493953 0.00230986 0.2458 0.00430582
1649 0.494259 0.00230965 0.2433 0.00429096
1650 0.494373 0.00230321 0.2462 0.00430818
1651 0.494407 0.00230234 0.2455 0.00430405
1652 0.494504 0.00230622 0.2408 0.00427591
1653 0.494619 0.00230674 0.2421 0.00428376
1654 0.494582 0.00230587 0.2425 0.00428617
1655 0.494427 0.00230402 0.2433 0.00429096
1656 0.494097 0.00230554 0.2423 0.00428496
1657 0.49384 0.00230558 0.2411 0.00427772
1658 0.49364 0.00230039 0.2421 0.00428376
1659 0.493234 0.00229679 0.2439 0.00429455
1660 0.493302 0.00229948 0.2435 0.00429216
1661 0.49314 0.00230159 0.2401 0.00427165
1662 0.493692 0.00230071 0.241 0.00427712
1663 0.493957 0.00230187 0.2399 0.00427044
1664 0.494525 0.0023019 0.24 0.00427104
1665 0.494461 0.00229939 0.2398 0.00426983
1666 0.494336 0.0023021 0.2441 0.00429574
1667 0.494476 0.00229109 0.2421 0.00428376
1668 0.494495 0.00229206 0.2398 0.00426983
1669 0.494828 0.00228983 0.2379 0.00425819
1670 0.494825 0.00229304 0.2367 0.00425078
1671 0.495163 0.00229948 0.2393 0.00426678
1672 0.495355 0.00229604 0.2401 0.00427165
1673 0.495346 0.00229636 0.2423 0.00428496
1674 0.495741 0.00229876 0.2409 0.00427651
1675 0.495694 0.0022959 0.2416 0.00428074
1676 0.496051 0.00230532 0.2407 0.0042753
1677 0.496354 0.00231065 0.2393 0.00426678
1678 0.496512 0.00230618 0.2361 0.00424706
1679 0.496723 0.00231569 0.2398 0.00426983
1680 0.496363 0.00231121 0.2384 0.00426126
1681 0.496947 0.00231195 0.2355 0.00424332
1682 0.497163 0.00231331 0.2355 0.00424332
1683 0.497123 0.00231165 0.2364 0.00424892
1684 0.496841 0.00231111 0.2368 0.0042514
1685 0.497021 0.00231099 0.2384 0.00426126
1686 0.497032 0.00230998 0.2396 0.00426861
1687 0.496627 0.00230259 0.2399 0.00427044
1688 0.495746 0.00230257 0.241 0.00427712
1689 0.496166 0.0022985 0.2373 0.00425449
1690 0.495684 0.00229525 0.2378 0.00425757
1691 0.495785 0.00228881 0.2384 0.00426126
1692 0.495957 0.00229159 0.2384 0.00426126
1693 0.496001 0.0022917 0.2389 0.00426433
1694 0.495773 0.00229002 0.2381 0.00425942
1695 0.495185 0.00229546 0.2391 0.00426555
1696 0.495327 0.00229589 0.2385 0.00426188
1697 0.494997 0.00229499 0.2392 0.00426616
1698 0.494909 0.00229151 0.2379 0.00425819
1699 0.494423 0.00228734 0.2382 0.00426003
1700 0.494521 0.00228804 0.2362 0.00424768
1701 0.494245 0.00228974 0.2376 0.00425634
1702 0.49464 0.00228988 0.2347 0.00423832
1703 0.494414 0.00228791 0.2371 0.00425325
1704 0.494917 0.00228508 0.2375 0.00425572
1705 0.495249 0.00228799 0.2364 0.00424892
1706 0.495222 0.00228633 0.2356 0.00424394
1707 0.494915 0.00228616 0.2374 0.00425511
1708 0.495074 0.00228112 0.2366 0.00425016
1709 0.495181 0.00227832 0.2369 0.00425202
1710 0.495893 0.00228014 0.2354 0.0042427
1711 0.496525 0.00228147 0.2335 0.00423079
1712 0.496375 0.00228108 0.2344 0.00423644
1713 0.496424 0.00228247 0.2323 0.0042232
1714 0.495907 0.00228344 0.2334 0.00423016
1715 0.49573 0.00228188 0.2373 0.00425449
1716 0.496087 0.00228128 0.2376 0.00425634
1717 0.496324 0.00228529 0.2353 0.00424207
1718 0.495742 0.00228957 0.2379 0.00425819
1719 0.49556 0.00228372 0.2364 0.00424892
1720 0.495896 0.00228139 0.2346 0.0042377
1721 0.496122 0.00228122 0.2348 0.00423895
1722 0.495443 0.00228812 0.2384 0.00426126
1723 0.495929 0.0022853 0.2411 0.00427772
1724 0.496481 0.00228317 0.2385 0.00426188
1725 0.495455 0.00228793 0.2397 0.00426922
1726 0.495075 0.00229054 0.2412 0.00427833
1727 0.494929 0.00228437 0.2401 0.00427165
1728 0.495918 0.0022858 0.2365 0.00424954
1729 0.495956 0.00228299 0.238 0.0042588
1730 0.495711 0.00228555 0.2402 0.00427226
1731 0.495808 0.002289 0.2395 0.004268
1732 0.495502 0.00229301 0.2403 0.00427287
1733 0.495401 0.00229473 0.2419 0.00428255
1734 0.49489 0.00229573 0.2446 0.00429871
1735 0.494667 0.00229689 0.2431 0.00428976
1736 0.493497 0.00229926 0.2425 0.00428617
1737 0.494461 0.00229983 0.2403 0.00427287
1738 0.494576 0.00229355 0.2393 0.00426678
1739 0.494955 0.00228797 0.2385 0.00426188
1740 0.494839 0.00228889 0.238 0.0042588
1741 0.494617 0.00228556 0.2398 0.00426983
1742 0.495195 0.00228692 0.2387 0.0042631
1743 0.495426 0.00228899 0.2406 0.00427469
1744 0.495472 0.00228464 0.2425 0.00428617
1745 0.495615 0.00228277 0.238 0.0042588
1746 0.495596 0.00228751 0.2365 0.00424954
1747 0.49549 0.00229285 0.2345 0.00423707
1748 0.495601 0.00229347 0.2356 0.00424394
1749 0.494924 0.00229249 0.2376 0.00425634
1750 0.49536 0.00229522 0.2379 0.00425819
1751 0.495381 0.0022997 0.2392 0.00426616
1752 0.495054 0.00229752 0.2396 0.00426861
1753 0.495428 0.00230157 0.2391 0.00426555
1754 0.495566 0.00230131 0.2377 0.00425696
1755 0.496024 0.0022976 0.2386 0.00426249
1756 0.496262 0.00228766 0.2352 0.00424145
1757 0.496411 0.00228754 0.2373 0.00425449
1758 0.496185 0.00228343 0.2373 0.00425449
1759 0.496733 0.0022865 0.2367 0.00425078
1760 0.49691 0.00228636 0.2333 0.00422953
1761 0.496335 0.00229005 0.237 0.00425264
1762 0.496606 0.00229492 0.2374 0.00425511
1763 0.496577 0.00229155 0.2366 0.00425016
1764 0.497436 0.00228972 0.2337 0.00423205
1765 0.496829 0.00228816 0.2341 0.00423456
1766 0.497098 0.0022831 0.2324 0.00422384
1767 0.496702 0.00229006 0.2359 0.00424581
1768 0.497097 0.00228916 0.2347 0.00423832
1769 0.497669 0.00229099 0.2349 0.00423958
1770 0.497186 0.00228626 0.2366 0.00425016
1771 0.496547 0.00228234 0.2383 0.00426065
1772 0.496608 0.0022848 0.2366 0.00425016
1773 0.496472 0.00228176 0.2394 0.00426739
1774 0.496158 0.00228066 0.2386 0.00426249
1775 0.496281 0.00228084 0.2397 0.00426922
1776 0.496945 0.00228113 0.2365 0.00424954
1777 0.496662 0.00227978 0.2362 0.00424768
1778 0.496369 0.00228424 0.2376 0.00425634
1779 0.496862 0.00227773 0.2369 0.00425202
1780 0.497369 0.00227551 0.2351 0.00424083
1781 0.496573 0.00227657 0.235 0.0042402
1782 0.496853 0.00227403 0.2367 0.00425078
1783 0.496672 0.00227727 0.2379 0.00425819
1784 0.497338 0.00227561 0.2406 0.00427469
1785 0.497168 0.00228029 0.241 0.00427712
1786 0.497641 0.00228313 0.2381 0.00425942
1787 0.497718 0.00228144 0.2382 0.00426003
1788 0.497873 0.00228491 0.2373 0.00425449
1789 0.498425 0.00228053 0.236 0.00424643
1790 0.498616 0.00227555 0.2358 0.00424519
1791 0.498444 0.00227321 0.2367 0.00425078
1792 0.498336 0.00227509 0.2365 0.00424954
1793 0.49959 0.00228359 0.2347 0.00423832
1794 0.499556 0.00228563 0.2366 0.00425016
1795 0.499808 0.00227875 0.2327 0.00422574
1796 0.499835 0.00228427 0.2358 0.00424519
1797 0.499603 0.00227654 0.2355 0.00424332
1798 0.4993 0.00228129 0.232 0.0042213
1799 0.499042 0.00227633 0.2328 0.00422637
1800 0.499029 0.00227826 0.2286 0.00419952
1801 0.498462 0.00227369 0.2313 0.00421685
1802 0.497874 0.00227499 0.2298 0.00420725
1803 0.497372 0.0022781 0.2296 0.00420597
1804 0.49746 0.0022714 0.2306 0.00421238
1805 0.497318 0.00227834 0.2344 0.00423644
1806 0.497162 0.00227114 0.2326 0.0042251
1807 0.496445 0.00227242 0.2332 0.0042289
1808 0.49611 0.00227673 0.2324 0.00422384
1809 0.496071 0.00227712 0.2336 0.00423142
1810 0.495846 0.00227846 0.2378 0.00425757
1811 0.496134 0.00227386 0.2346 0.0042377
1812 0.496545 0.00227578 0.2326 0.0042251
1813 0.495938 0.00227476 0.2319 0.00422067
1814 0.496286 0.00227437 0.2336 0.00423142
1815 0.496225 0.00227687 0.2316 0.00421876
1816 0.496243 0.00227012 0.2321 0.00422194
1817 0.49649 0.00227327 0.2304 0.0042111
1818 0.496752 0.00227043 0.2329 0.004227
1819 0.496901 0.00227078 0.2325 0.00422447
1820 0.496805 0.00227557 0.2323 0.0042232
1821 0.495634 0.00227761 0.2337 0.00423205
1822 0.49504 0.00227682 0.2345 0.00423707
1823 0.49574 0.00228078 0.2354 0.0042427
1824 0.495265 0.00228303 0.2362 0.00424768
1825 0.495224 0.00228372 0.2356 0.00424394
1826 0.495775 0.00227777 0.2362 0.00424768
1827 0.49539 0.00227397 0.236 0.00424643
1828 0.494738 0.00227444 0.237 0.00425264
1829 0.49447 0.00227974 0.236 0.00424643
1830 0.494523 0.0022752 0.2347 0.00423832
1831 0.494682 0.0022806 0.2382 0.00426003
1832 0.494138 0.0022822 0.2362 0.00424768
1833 0.494077 0.00228086 0.234 0.00423393
1834 0.494386 0.00228352 0.2347 0.00423832
1835 0.493943 0.00228264 0.2354 0.0042427
1836 0.49345 0.00228055 0.2373 0.00425449
1837 0.493465 0.00228341 0.2357 0.00424457
1838 0.492984 0.00228339 0.2372 0.00425387
1839 0.492218 0.00228497 0.2382 0.00426003
1840 0.492696 0.00228889 0.2402 0.00427226
1841 0.492681 0.00229057 0.2406 0.00427469
1842 0.492945 0.00228692 0.2405 0.00427408
1843 0.493086 0.00228463 0.2375 0.00425572
1844 0.493689 0.00228741 0.2391 0.00426555
1845 0.493438 0.00228614 0.2393 0.00426678
1846 0.49403 0.00228812 0.2392 0.00426616
1847 0.494006 0.00228942 0.2373 0.00425449
1848 0.494646 0.00228393 0.2357 0.00424457
1849 0.494802 0.00228475 0.2384 0.00426126
1850 0.494879 0.00227964 0.2367 0.00425078
1851 0.494682 0.00227745 0.235 0.0042402
1852 0.494061 0.00228054 0.2359 0.00424581
1853 0.493689 0.00228137 0.2403 0.00427287
1854 0.494299 0.00228715 0.2389 0.00426433
1855 0.494208 0.00228298 0.2369 0.00425202
1856 0.494923 0.00228297 0.235 0.0042402
1857 0.494514 0.0022814 0.2348 0.00423895
1858 0.494511 0.0022848 0.2369 0.00425202
1859 0.494895 0.00228593 0.2347 0.00423832
1860 0.4957 0.0022856 0.2365 0.00424954
1861 0.495987 0.00229367 0.2382 0.00426003
1862 0.495544 0.00228943 0.241 0.00427712
1863 0.495475 0.00228434 0.2395 0.004268
1864 0.495393 0.0022877 0.2375 0.00425572
1865 0.495493 0.0022869 0.2419 0.00428255
1866 0.49529 0.00228637 0.2387 0.0042631
1867 0.49539 0.00228877 0.2367 0.00425078
1868 0.495487 0.00228768 0.2367 0.00425078
1869 0.494898 0.00228528 0.2383 0.00426065
1870 0.495145 0.0022874 0.2389 0.00426433
1871 0.495042 0.0022857 0.2385 0.00426188
1872 0.495561 0.00228772 0.2406 0.00427469
1873 0.49538 0.00228835 0.2405 0.00427408
1874 0.496117 0.00228992 0.2381 0.00425942
1875 0.496001 0.00229158 0.2372 0.00425387
1876 0.495893 0.00228776 0.2348 0.00423895
1877 0.49669 0.00228956 0.2345 0.00423707
1878 0.497246 0.00228351 0.2328 0.00422637
1879 0.497203 0.00228401 0.2331 0.00422827
1880 0.497154 0.00228263 0.2316 0.00421876
1881 0.496902 0.00228222 0.2345 0.00423707
1882 0.496564 0.00228231 0.2358 0.00424519
1883 0.496756 0.00227917 0.2327 0.00422574
1884 0.496901 0.00227313 0.2336 0.00423142
1885 0.497338 0.00227188 0.2324 0.00422384
1886 0.497505 0.00227453 0.2311 0.00421557
1887 0.497657 0.0022685 0.2327 0.00422574
1888 0.497226 0.00226772 0.2319 0.00422067
1889 0.497705 0.00227034 0.2302 0.00420982
1890 0.497591 0.00227044 0.2327 0.00422574
1891 0.498367 0.00227388 0.2337 0.00423205
1892 0.498493 0.0022744 0.2329 0.004227
1893 0.498621 0.00227319 0.2294 0.00420468
1894 0.498573 0.00227724 0.2319 0.00422067
1895 0.498041 0.00227436 0.2306 0.00421238
1896 0.497714 0.00227699 0.2314 0.00421749
1897 0.497775 0.00227726 0.2285 0.00419887
1898 0.49742 0.00227949 0.2328 0.00422637
1899 0.497767 0.00228625 0.2324 0.00422384
1900 0.497263 0.00229275 0.2363 0.0042483
1901 0.49757 0.0022922 0.238 0.0042588
1902 0.49719 0.00229565 0.2363 0.0042483
1903 0.497556 0.00229579 0.2372 0.00425387
1904 0.498147 0.00229849 0.2331 0.00422827
1905 0.498229 0.00229879 0.236 0.00424643
1906 0.498188 0.00230127 0.2352 0.00424145
1907 0.498148 0.0022972 0.2345 0.00423707
1908 0.498443 0.00229313 0.2355 0.00424332
1909 0.498133 0.00229844 0.2356 0.00424394
1910 0.497998 0.00230008 0.2344 0.00423644
1911 0.497775 0.0022978 0.2357 0.00424457
1912 0.498319 0.00229447 0.235 0.0042402
1913 0.497916 0.00229521 0.2344 0.00423644
1914 0.498464 0.00229342 0.2327 0.00422574
1915 0.498133 0.00228996 0.2315 0.00421812
1916 0.49852 0.00229329 0.2323 0.0042232
1917 0.498037 0.00229503 0.2344 0.00423644
1918 0.498117 0.00229708 0.2346 0.0042377
1919 0.497569 0.00229369 0.2353 0.00424207
1920 0.49744 0.00229588 0.2341 0.00423456
1921 0.497735 0.00229138 0.2337 0.00423205
1922 0.497864 0.00228769 0.2349 0.00423958
1923 0.497015 0.00229057 0.2382 0.00426003
1924 0.497809 0.00228744 0.2365 0.00424954
1925 0.497372 0.00228473 0.2361 0.00424706
1926 0.497536 0.00228546 0.2362 0.00424768
1927 0.497541 0.00228384 0.2352 0.00424145
1928 0.498018 0.00228587 0.2335 0.00423079
1929 0.498048 0.00228387 0.2352 0.00424145
1930 0.498507 0.00228519 0.2321 0.00422194
1931 0.49849 0.00228642 0.2338 0.00423268
1932 0.498756 0.00228339 0.2321 0.00422194
1933 0.498564 0.0022856 0.2332 0.0042289
1934 0.498082 0.00228484 0.2314 0.00421749
1935 0.497994 0.00228992 0.2327 0.00422574
1936 0.497508 0.00228622 0.2315 0.00421812
1937 0.496845 0.00228438 0.2306 0.00421238
1938 0.496737 0.0022896 0.2358 0.00424519
1939 0.49637 0.0022863 0.2387 0.0042631
1940 0.497704 0.00228017 0.2375 0.00425572
1941 0.497095 0.00228258 0.2383 0.00426065
1942 0.497676 0.00228268 0.2384 0.00426126
1943 0.497368 0.00227744 0.2333 0.00422953
1944 0.497215 0.00227487 0.2344 0.00423644
1945 0.497261 0.00228485 0.2341 0.00423456
1946 0.497581 0.00228346 0.2398 0.00426983
1947 0.497547 0.00228605 0.2386 0.00426249
1948 0.497572 0.00229083 0.2386 0.00426249
1949 0.497266 0.00228583 0.2396 0.00426861
1950 0.497214 0.002282 0.2391 0.00426555
1951 0.497243 0.002285 0.2389 0.00426433
1952 0.497548 0.00228097 0.2413 0.00427893
1953 0.49746 0.00228409 0.2366 0.00425016
1954 0.49721 0.00227892 0.2363 0.0042483
1955 0.497243 0.00227936 0.2344 0.00423644
1956 0.497199 0.00228062 0.2367 0.00425078
1957 0.497247 0.00227844 0.2368 0.0042514
1958 0.496979 0.00227773 0.2385 0.00426188
1959 0.497325 0.00227404 0.2369 0.00425202
1960 0.497118 0.00227582 0.2358 0.00424519
1961 0.497372 0.00228233 0.2337 0.00423205
1962 0.497185 0.00228349 0.2319 0.00422067
1963 0.496668 0.00228492 0.233 0.00422763
1964 0.496286 0.00228138 0.2354 0.0042427
1965 0.495953 0.00227939 0.2354 0.0042427
1966 0.496253 0.00228557 0.2378 0.00425757
1967 0.49649 0.00228644 0.2339 0.0042333
1968 0.497431 0.00228613 0.2324 0.00422384
1969 0.49712 0.00228898 0.2336 0.00423142
1970 0.497247 0.00229291 0.2357 0.00424457
1971 0.497335 0.00229025 0.2328 0.00422637
1972 0.496691 0.00229343 0.2358 0.00424519
1973 0.497078 0.00229423 0.2334 0.00423016
1974 0.496949 0.00229805 0.2335 0.00423079
1975 0.496966 0.00228943 0.2329 0.004227
1976 0.496736 0.00229089 0.234 0.00423393
1977 0.496179 0.00228727 0.2347 0.00423832
1978 0.496295 0.00228996 0.2348 0.00423895
1979 0.496797 0.00229737 0.2367 0.00425078
1980 0.496714 0.00230071 0.2366 0.00425016
1981 0.497182 0.00229429 0.2355 0.00424332
1982 0.496968 0.00229081 0.2346 0.0042377
1983 0.496954 0.0022881 0.2326 0.0042251
1984 0.497396 0.00229445 0.2369 0.00425202
1985 0.496808 0.00229192 0.2357 0.00424457
1986 0.496551 0.00228678 0.2369 0.00425202
1987 0.497119 0.00228226 0.2343 0.00423582
1988 0.497369 0.00228788 0.2334 0.00423016
1989 0.497797 0.00229361 0.2332 0.0042289
1990 0.497557 0.00229085 0.2321 0.00422194
1991 0.497658 0.00228682 0.2323 0.0042232
1992 0.497686 0.00228646 0.2326 0.0042251
1993 0.497579 0.00228708 0.2299 0.00420789
1994 0.497775 0.00227655 0.2315 0.00421812
1995 0.4977 0.00227992 0.2305 0.00421174
1996 0.497475 0.00227956 0.235 0.0042402
1997 0.497977 0.00227819 0.2338 0.00423268
1998 0.497855 0.00228076 0.2346 0.0042377
1999 0.498129 0.0022848 0.2372 0.00425387
