#sample=10000
0 0.00131342 3.71488e-05 0.9999 0.0001
1 0.00135217 4.22007e-05 1 0
2 0.00140219 5.3291e-05 0.9999 0.0001
3 0.00141315 4.38105e-05 1 0
4 0.0015221 6.29376e-05 0.9999 0.0001
5 0.00152316 5.39124e-05 1 0
6 0.00152737 4.04398e-05 1 0
7 0.00159889 5.16382e-05 0.9999 0.0001
8 0.00167967 4.77875e-05 1 0
9 0.00172436 4.589e-05 1 0
10 0.00176182 4.08008e-05 1 0
11 0.00183053 5.08555e-05 0.9999 0.0001
12 0.00209584 8.24196e-05 0.9998 0.000141414
13 0.00205168 5.06463e-05 1 0
14 0.00216455 5.09505e-05 1 0
15 0.00246309 0.000101341 0.9997 0.000173188
16 0.00251205 9.52037e-05 0.9998 0.000141414
17 0.00255324 7.06477e-05 0.9999 0.0001
18 0.00267512 7.34185e-05 0.9999 0.0001
19 0.00272886 5.9697e-05 1 0
20 0.00290482 7.72297e-05 0.9999 0.0001
21 0.00305594 7.25976e-05 0.9999 0.0001
22 0.00316889 8.54545e-05 0.9998 0.000141414
23 0.00327196 7.42632e-05 0.9999 0.0001
24 0.0034054 6.30628e-05 1 0
25 0.00360105 8.61332e-05 0.9999 0.0001
26 0.00364689 5.87607e-05 1 0
27 0.00389368 7.62449e-05 1 0
28 0.00397818 6.16753e-05 1 0
29 0.00414298 7.41289e-05 0.9999 0.0001
30 0.00427035 7.14674e-05 1 0
31 0.00454209 9.91841e-05 0.9999 0.0001
32 0.00458134 7.22131e-05 1 0
33 0.00492804 0.000113326 0.9996 0.00019997
34 0.00505628 9.33389e-05 0.9999 0.0001
35 0.00508627 8.19714e-05 0.9999 0.0001
36 0.00533194 9.59336e-05 0.9999 0.0001
37 0.00543399 9.02454e-05 1 0
38 0.00565151 9.19057e-05 1 0
39 0.0059294 0.00010784 0.9999 0.0001
40 0.005918 9.55913e-05 0.9999 0.0001
41 0.00613326 9.52862e-05 1 0
42 0.00633164 0.000101246 0.9999 0.0001
43 0.00643908 0.00010017 1 0
44 0.00662071 0.000104671 1 0
45 0.00686859 0.000117013 0.9999 0.0001
46 0.00708794 0.00012665 0.9998 0.000141414
47 0.00719748 0.000119942 0.9999 0.0001
48 0.00730041 0.000120313 0.9998 0.000141414
49 0.00763619 0.000158409 0.9996 0.00019997
50 0.00761248 0.000122733 0.9999 0.0001
51 0.00780332 0.00012665 0.9998 0.000141414
52 0.00794979 0.000130289 0.9998 0.000141414
53 0.00828225 0.000151925 0.9996 0.00019997
54 0.00823543 0.000123473 0.9999 0.0001
55 0.00838433 0.000129155 0.9999 0.0001
56 0.00861262 0.000135466 0.9999 0.0001
57 0.00867823 0.000145387 0.9999 0.0001
58 0.00875332 0.000133914 1 0
59 0.00910726 0.000159465 0.9998 0.000141414
60 0.00922671 0.000152559 0.9997 0.000173188
61 0.00927564 0.000145731 0.9999 0.0001
62 0.00936132 0.000142536 1 0
63 0.00946533 0.000144201 0.9999 0.0001
64 0.0096273 0.000153793 0.9997 0.000173188
65 0.00966496 0.000144352 0.9999 0.0001
66 0.00996528 0.00016783 0.9997 0.000173188
67 0.01022 0.000167931 0.9997 0.000173188
68 0.0102522 0.000163117 0.9997 0.000173188
69 0.0103387 0.000159692 0.9999 0.0001
70 0.0106873 0.000179733 0.9996 0.00019997
71 0.0107098 0.000168818 0.9999 0.0001
72 0.0108531 0.000180914 0.9997 0.000173188
73 0.0107497 0.000153848 1 0
74 0.0110497 0.000171821 0.9998 0.000141414
75 0.0111908 0.000181719 0.9997 0.000173188
76 0.0113597 0.000184154 0.9997 0.000173188
77 0.0116056 0.00019208 0.9996 0.00019997
78 0.011592 0.000178784 0.9997 0.000173188
79 0.0117433 0.000180158 0.9999 0.0001
80 0.0116336 0.000163759 1 0
81 0.0119648 0.000188388 0.9996 0.00019997
82 0.0121185 0.000193101 0.9996 0.00019997
83 0.0121905 0.000186599 0.9996 0.00019997
84 0.0125338 0.000205863 0.9994 0.000244888
85 0.0124517 0.000199907 0.9995 0.000223562
86 0.0125023 0.00018859 0.9999 0.0001
87 0.0126095 0.00018694 0.9997 0.000173188
88 0.0128279 0.000199743 0.9998 0.000141414
89 0.0128603 0.000192059 0.9997 0.000173188
90 0.0130386 0.000200633 0.9996 0.00019997
91 0.0134755 0.00023248 0.9992 0.000282744
92 0.0135419 0.000214173 0.9995 0.000223562
93 0.0136144 0.000214974 0.9996 0.00019997
94 0.013769 0.000231372 0.9991 0.00029988
95 0.0137459 0.000206468 0.9997 0.000173188
96 0.0138529 0.000217645 0.9997 0.000173188
97 0.0139933 0.000212165 0.9998 0.000141414
98 0.0141217 0.000231177 0.9993 0.000264496
99 0.0144412 0.000241837 0.9991 0.00029988
100 0.0143113 0.000228084 0.9994 0.000244888
101 0.014371 0.000220123 0.9998 0.000141414
102 0.0146449 0.000251342 0.9992 0.000282744
103 0.0146043 0.000220576 0.9996 0.00019997
104 0.0148411 0.000236446 0.9992 0.000282744
105 0.0149858 0.000235464 0.9996 0.00019997
106 0.0150079 0.000235857 0.9994 0.000244888
107 0.0150264 0.00024546 0.9993 0.000264496
108 0.0154439 0.000255959 0.999 0.000316085
109 0.01539 0.000233965 0.9996 0.00019997
110 0.015624 0.000246974 0.9993 0.000264496
111 0.0156014 0.000236316 0.9996 0.00019997
112 0.0159237 0.000256485 0.9989 0.000331497
113 0.0156745 0.000235347 0.9997 0.000173188
114 0.0163747 0.000270241 0.9993 0.000264496
115 0.0162213 0.000256655 0.999 0.000316085
116 0.0161973 0.000251622 0.9995 0.000223562
117 0.0164423 0.000259287 0.9991 0.00029988
118 0.0165143 0.000259489 0.9992 0.000282744
119 0.0165601 0.000264615 0.9992 0.000282744
120 0.016804 0.000274009 0.9991 0.00029988
121 0.0168274 0.000257998 0.9994 0.000244888
122 0.0171594 0.000273264 0.9993 0.000264496
123 0.0170828 0.000269246 0.9991 0.00029988
124 0.0172778 0.000270893 0.9992 0.000282744
125 0.0174529 0.000283451 0.9991 0.00029988
126 0.0177207 0.000279586 0.999 0.000316085
127 0.0176232 0.000277141 0.9991 0.00029988
128 0.0178754 0.000284176 0.9989 0.000331497
129 0.017639 0.000256251 0.9997 0.000173188
130 0.0182154 0.000287575 0.9989 0.000331497
131 0.0180037 0.000274992 0.9991 0.00029988
132 0.0183046 0.000287782 0.999 0.000316085
133 0.018518 0.000284736 0.9989 0.000331497
134 0.0184805 0.000288213 0.9991 0.00029988
135 0.0185799 0.000274183 0.9995 0.000223562
136 0.0186752 0.000275648 0.9994 0.000244888
137 0.0191422 0.000304983 0.9985 0.000387027
138 0.0191669 0.000301879 0.9988 0.00034622
139 0.0193688 0.000305436 0.9989 0.000331497
140 0.0195806 0.000310698 0.9985 0.000387027
141 0.0194921 0.000291429 0.9991 0.00029988
142 0.0194727 0.000301054 0.9987 0.000360339
143 0.019674 0.000294074 0.9989 0.000331497
144 0.0198548 0.000303241 0.9987 0.000360339
145 0.0200612 0.00031073 0.999 0.000316085
146 0.0202328 0.000307557 0.9986 0.000373922
147 0.020287 0.000312155 0.9987 0.000360339
148 0.0204842 0.00031376 0.9987 0.000360339
149 0.0205925 0.000312487 0.9986 0.000373922
150 0.020778 0.000322927 0.9984 0.0003997
151 0.020827 0.000316406 0.9988 0.00034622
152 0.0209183 0.000308946 0.999 0.000316085
153 0.0212292 0.000322631 0.9983 0.000411981
154 0.0212205 0.000302081 0.9992 0.000282744
155 0.0214883 0.000317284 0.9988 0.00034622
156 0.0217812 0.00031608 0.999 0.000316085
157 0.0219148 0.000329043 0.999 0.000316085
158 0.0222553 0.000350086 0.9983 0.000411981
159 0.0220515 0.000326256 0.9987 0.000360339
160 0.0221204 0.000321026 0.9987 0.000360339
161 0.0225023 0.000346753 0.9978 0.000468549
162 0.0228019 0.000340605 0.9984 0.0003997
163 0.0227348 0.000331267 0.9986 0.000373922
164 0.0229088 0.000338408 0.9987 0.000360339
165 0.0232368 0.000351828 0.998 0.000446788
166 0.0232197 0.000350088 0.9984 0.0003997
167 0.0235139 0.000344288 0.9986 0.000373922
168 0.0234856 0.000332909 0.9987 0.000360339
169 0.024106 0.000358458 0.998 0.000446788
170 0.0238829 0.000343464 0.9987 0.000360339
171 0.0239452 0.000348228 0.9984 0.0003997
172 0.0241131 0.000346477 0.9987 0.000360339
173 0.0244137 0.000351358 0.9981 0.000435497
174 0.0246065 0.00035011 0.9985 0.000387027
175 0.0245663 0.00033912 0.9989 0.000331497
176 0.025199 0.000368194 0.9979 0.000457799
177 0.0251951 0.000358443 0.9983 0.000411981
178 0.0252396 0.000345106 0.9989 0.000331497
179 0.0255807 0.000359428 0.9982 0.000423903
180 0.0258409 0.00036089 0.9985 0.000387027
181 0.0255651 0.00033393 0.9994 0.000244888
182 0.0259893 0.000361024 0.9983 0.000411981
183 0.0261767 0.000371719 0.9983 0.000411981
184 0.026182 0.000356791 0.9989 0.000331497
185 0.0262943 0.000358436 0.9991 0.00029988
186 0.0266742 0.000378765 0.9982 0.000423903
187 0.0267064 0.000362626 0.9988 0.00034622
188 0.0270262 0.000382203 0.998 0.000446788
189 0.0271947 0.000374777 0.9987 0.000360339
190 0.0276144 0.000398101 0.9976 0.000489334
191 0.0273852 0.000373579 0.9981 0.000435497
192 0.0275239 0.000379384 0.9986 0.000373922
193 0.0277384 0.000382244 0.9981 0.000435497
194 0.0278355 0.000386299 0.9982 0.000423903
195 0.0283685 0.00039954 0.998 0.000446788
196 0.0284314 0.000395764 0.998 0.000446788
197 0.0284667 0.000377327 0.9987 0.000360339
198 0.0284053 0.00038308 0.9987 0.000360339
199 0.0285859 0.000391513 0.9985 0.000387027
200 0.0285845 0.000378048 0.9988 0.00034622
201 0.0290835 0.000374643 0.999 0.000316085
202 0.029333 0.000395314 0.998 0.000446788
203 0.0298202 0.000405439 0.9979 0.000457799
204 0.0297586 0.000393759 0.9984 0.0003997
205 0.0301555 0.000402552 0.9985 0.000387027
206 0.0301856 0.000407181 0.9982 0.000423903
207 0.0302923 0.000397655 0.9986 0.000373922
208 0.0306134 0.000410422 0.9976 0.000489334
209 0.0306858 0.000403832 0.998 0.000446788
210 0.0310528 0.000396636 0.9986 0.000373922
211 0.0312922 0.000408309 0.9983 0.000411981
212 0.0312116 0.000405013 0.9983 0.000411981
213 0.0310574 0.00040059 0.9987 0.000360339
214 0.0314201 0.000411959 0.9983 0.000411981
215 0.0320996 0.000420618 0.9981 0.000435497
216 0.0321467 0.000427062 0.9972 0.000528435
217 0.0321815 0.000414315 0.9982 0.000423903
218 0.032743 0.000429216 0.9974 0.000509264
219 0.0327338 0.000422829 0.9978 0.000468549
220 0.0331254 0.000423437 0.9983 0.000411981
221 0.0330323 0.000425332 0.9981 0.000435497
222 0.0334548 0.000427032 0.9983 0.000411981
223 0.0333669 0.000413881 0.9986 0.000373922
224 0.0333702 0.00040992 0.999 0.000316085
225 0.0339657 0.000430415 0.9982 0.000423903
226 0.0338879 0.000422779 0.9986 0.000373922
227 0.0347025 0.000449812 0.9976 0.000489334
228 0.0342876 0.00042081 0.9986 0.000373922
229 0.0348277 0.000445922 0.9973 0.000518939
230 0.034928 0.000434697 0.9986 0.000373922
231 0.0351197 0.000436613 0.9983 0.000411981
232 0.0354635 0.000425653 0.9991 0.00029988
233 0.0357748 0.000441691 0.9983 0.000411981
234 0.035782 0.000438921 0.9982 0.000423903
235 0.0360748 0.000446309 0.9983 0.000411981
236 0.0362393 0.000454511 0.9973 0.000518939
237 0.036457 0.000448221 0.9981 0.000435497
238 0.0363462 0.000434515 0.9986 0.000373922
239 0.0368993 0.000451184 0.9982 0.000423903
240 0.0369202 0.000451305 0.9981 0.000435497
241 0.0376807 0.000470389 0.9975 0.0004994
242 0.0378717 0.000466663 0.998 0.000446788
243 0.037855 0.000463467 0.9979 0.000457799
244 0.0378861 0.000462702 0.9982 0.000423903
245 0.038185 0.000454198 0.9979 0.000457799
246 0.0382487 0.000463511 0.9986 0.000373922
247 0.0385462 0.000461325 0.9985 0.000387027
248 0.0386397 0.000459405 0.9984 0.0003997
249 0.0390028 0.000471457 0.9983 0.000411981
250 0.0393248 0.00047772 0.998 0.000446788
251 0.0394007 0.000467335 0.9985 0.000387027
252 0.0397932 0.000478681 0.9981 0.000435497
253 0.0399795 0.000472966 0.9988 0.00034622
254 0.0405133 0.000489883 0.998 0.000446788
255 0.0408364 0.000484337 0.9983 0.000411981
256 0.041262 0.000491028 0.9982 0.000423903
257 0.0418679 0.000510034 0.9975 0.0004994
258 0.041942 0.000495395 0.9984 0.0003997
259 0.042335 0.000508224 0.9976 0.000489334
260 0.0425825 0.000497678 0.9986 0.000373922
261 0.0425034 0.000494735 0.9983 0.000411981
262 0.0430053 0.000509508 0.9976 0.000489334
263 0.0429543 0.000506065 0.998 0.000446788
264 0.0432451 0.000499144 0.9986 0.000373922
265 0.043677 0.000511966 0.9984 0.0003997
266 0.044016 0.000511301 0.9982 0.000423903
267 0.0442789 0.000508449 0.9984 0.0003997
268 0.0448706 0.000526626 0.9978 0.000468549
269 0.0448707 0.000521826 0.998 0.000446788
270 0.0450608 0.000513479 0.9985 0.000387027
271 0.0453907 0.000517861 0.9987 0.000360339
272 0.0457588 0.000522992 0.9985 0.000387027
273 0.0464577 0.000543128 0.9978 0.000468549
274 0.0466931 0.000535892 0.9981 0.000435497
275 0.0467693 0.000538126 0.9981 0.000435497
276 0.047512 0.000549519 0.9973 0.000518939
277 0.0479074 0.000550943 0.9978 0.000468549
278 0.0477031 0.000546964 0.9978 0.000468549
279 0.0482708 0.000556026 0.9975 0.0004994
280 0.0487896 0.000553121 0.9978 0.000468549
281 0.0493178 0.000557559 0.9981 0.000435497
282 0.0494139 0.000553806 0.9983 0.000411981
283 0.0495034 0.000551209 0.9985 0.000387027
284 0.0501765 0.000561874 0.998 0.000446788
285 0.0504552 0.000563926 0.998 0.000446788
286 0.0510403 0.000569152 0.998 0.000446788
287 0.0514797 0.000576352 0.9978 0.000468549
288 0.0518749 0.000582113 0.9979 0.000457799
289 0.052393 0.000588603 0.9971 0.000537762
290 0.0529848 0.000597082 0.9974 0.000509264
291 0.053184 0.000579888 0.998 0.000446788
292 0.0539391 0.00059397 0.9978 0.000468549
293 0.0541854 0.000605044 0.9966 0.000582132
294 0.0542243 0.000595144 0.9981 0.000435497
295 0.0551637 0.000601799 0.9978 0.000468549
296 0.0549979 0.000596698 0.9981 0.000435497
297 0.0559115 0.000621534 0.9971 0.000537762
298 0.0556644 0.000613371 0.9976 0.000489334
299 0.0566838 0.000621336 0.9973 0.000518939
300 0.057318 0.000625724 0.9967 0.000573536
301 0.0581364 0.000648945 0.9957 0.000654365
302 0.0580376 0.000629007 0.9972 0.000528435
303 0.058887 0.000635232 0.9969 0.000555941
304 0.0593019 0.000634592 0.9973 0.000518939
305 0.0598004 0.000636539 0.9973 0.000518939
306 0.0604265 0.000649191 0.9968 0.000564808
307 0.0603569 0.000645167 0.9972 0.000528435
308 0.0610616 0.000653577 0.9967 0.000573536
309 0.0615914 0.000660529 0.9968 0.000564808
310 0.062131 0.000670606 0.9958 0.000646744
311 0.0626096 0.000676173 0.9959 0.00063903
312 0.0631696 0.000675251 0.9963 0.00060718
313 0.0647725 0.000688916 0.9965 0.000590601
314 0.0651515 0.000699399 0.9957 0.000654365
315 0.0648983 0.000688554 0.9964 0.000598949
316 0.0651368 0.000694335 0.9963 0.00060718
317 0.065973 0.000703049 0.996 0.000631221
318 0.066979 0.000711047 0.9948 0.000719269
319 0.0674404 0.000714093 0.995 0.000705372
320 0.0679027 0.000718822 0.9953 0.000683987
321 0.0688123 0.000730798 0.9946 0.000732897
322 0.0689429 0.000733359 0.9946 0.000732897
323 0.0688336 0.000721866 0.9951 0.000698318
324 0.0699616 0.000739221 0.995 0.000705372
325 0.071069 0.000758156 0.9934 0.000809759
326 0.0720077 0.000761794 0.9933 0.000815829
327 0.0724169 0.000762554 0.9937 0.000791261
328 0.0728818 0.00076547 0.9926 0.000857087
329 0.0738805 0.000776859 0.9935 0.000803641
330 0.0749495 0.000789144 0.9924 0.000868504
331 0.0755801 0.000786522 0.9923 0.000874155
332 0.0759778 0.000787563 0.9927 0.000851319
333 0.0765454 0.000793749 0.993 0.000833768
334 0.077114 0.000800405 0.9929 0.00083966
335 0.0783828 0.000810298 0.9927 0.000851319
336 0.0795018 0.000821607 0.9916 0.000912703
337 0.0796607 0.00082412 0.9913 0.000928718
338 0.0808249 0.000826545 0.9913 0.000928718
339 0.0818591 0.000838469 0.9906 0.000965017
340 0.0828622 0.000835948 0.9911 0.000939238
341 0.0834182 0.000848493 0.9896 0.00101454
342 0.0839531 0.000853394 0.9891 0.00103838
343 0.0853105 0.000861307 0.9885 0.00106625
344 0.0854274 0.000860947 0.9889 0.00104775
345 0.0868485 0.000873536 0.9869 0.00113709
346 0.0877295 0.000879104 0.9858 0.00118321
347 0.0879305 0.000882888 0.9857 0.0011873
348 0.0891699 0.000899804 0.9849 0.00121957
349 0.0912076 0.000909195 0.9841 0.00125095
350 0.0916227 0.000918318 0.9847 0.00122749
351 0.0930622 0.000915338 0.9838 0.0012625
352 0.0942056 0.000927783 0.9816 0.001344
353 0.0951023 0.000943416 0.9818 0.00133681
354 0.0959863 0.000948223 0.9802 0.00139319
355 0.0970776 0.000952871 0.9802 0.00139319
356 0.0981468 0.00095796 0.9782 0.00146037
357 0.0990913 0.000970083 0.9785 0.00145051
358 0.100726 0.000983213 0.9765 0.00151493
359 0.101238 0.000982539 0.975 0.00156133
360 0.102801 0.00099574 0.9732 0.00161507
361 0.104344 0.00100763 0.9724 0.00163832
362 0.105373 0.00101207 0.971 0.00167815
363 0.106098 0.00101994 0.9705 0.00169212
364 0.107741 0.00103304 0.9679 0.00176274
365 0.109539 0.00105367 0.964 0.00186299
366 0.111185 0.00105305 0.9649 0.00184042
367 0.112558 0.00106404 0.9628 0.00189261
368 0.114352 0.00106976 0.9602 0.00195499
369 0.116248 0.00109302 0.9566 0.00203766
370 0.117763 0.0011023 0.9551 0.00207095
371 0.119185 0.00110449 0.9537 0.00210145
372 0.121205 0.00111534 0.9513 0.00215251
373 0.123745 0.00113873 0.9484 0.00221229
374 0.12568 0.00115007 0.9447 0.00228576
375 0.127132 0.00116468 0.9414 0.00234886
376 0.128833 0.00117699 0.9389 0.00239526
377 0.131109 0.00118528 0.9357 0.00245299
378 0.132885 0.00119487 0.9328 0.00250381
379 0.136066 0.00121673 0.9275 0.00259327
380 0.137774 0.00123341 0.9249 0.00263566
381 0.139068 0.0012319 0.9229 0.00266763
382 0.141416 0.00124833 0.9223 0.00267712
383 0.143204 0.00126779 0.9173 0.00275442
384 0.145842 0.00128212 0.9142 0.00280082
385 0.148745 0.00130678 0.9087 0.0028805
386 0.151106 0.00131311 0.9002 0.00299748
387 0.154227 0.00133491 0.8982 0.003024
388 0.157328 0.00135066 0.8928 0.00309383
389 0.159822 0.00136843 0.8867 0.00316975
390 0.162726 0.00138037 0.8828 0.00321675
391 0.165637 0.00139621 0.8768 0.00328683
392 0.168422 0.00140099 0.8715 0.00334662
393 0.171435 0.00141568 0.8677 0.00338834
394 0.174633 0.00143353 0.8577 0.00349375
395 0.178304 0.00145589 0.8554 0.00351715
396 0.1821 0.00147263 0.8484 0.00358651
397 0.185449 0.00148396 0.8398 0.0036681
398 0.189657 0.00151591 0.8285 0.00376964
399 0.193167 0.00152487 0.8223 0.00382279
400 0.197283 0.00154047 0.8117 0.00390971
401 0.201532 0.00156464 0.8055 0.00395835
402 0.205352 0.0015878 0.7985 0.00401141
403 0.208975 0.00159826 0.7884 0.00408463
404 0.211836 0.00160827 0.7826 0.00412498
405 0.215474 0.00162776 0.7707 0.00420404
406 0.218022 0.00164246 0.7666 0.00423016
407 0.221795 0.00165144 0.7611 0.00426433
408 0.225728 0.00167091 0.7537 0.00430877
409 0.229323 0.00168529 0.7434 0.00436779
410 0.233161 0.00169676 0.7364 0.00440607
411 0.237075 0.00171178 0.7275 0.00445268
412 0.240464 0.00173221 0.7189 0.00449559
413 0.244571 0.00174082 0.7126 0.00452572
414 0.247816 0.00175345 0.7091 0.004542
415 0.2509 0.00176279 0.7015 0.00457623
416 0.253754 0.0017749 0.6912 0.00462022
417 0.25613 0.00179259 0.6869 0.00463778
418 0.259472 0.00180411 0.6753 0.00468286
419 0.262279 0.00181665 0.6708 0.00469946
420 0.264953 0.00183154 0.6636 0.00472501
421 0.268608 0.00183568 0.656 0.00475065
422 0.271102 0.00184386 0.6529 0.00476072
423 0.273682 0.00185474 0.6484 0.00477494
424 0.277136 0.00186293 0.6423 0.00479347
425 0.279751 0.00187641 0.6313 0.00482477
426 0.282354 0.00188453 0.6242 0.00484353
427 0.285482 0.00190655 0.6221 0.00484887
428 0.287723 0.00191261 0.6148 0.00486667
429 0.289714 0.00192407 0.6083 0.00488155
430 0.292199 0.00193475 0.6023 0.00489447
431 0.294862 0.00194566 0.5957 0.00490781
432 0.296976 0.00195658 0.5942 0.00491071
433 0.299208 0.00196388 0.5891 0.00492022
434 0.301483 0.00196858 0.5847 0.00492798
435 0.303826 0.00197803 0.5823 0.00493205
436 0.305925 0.00197806 0.574 0.00494518
437 0.308169 0.00198488 0.5709 0.00494972
438 0.310756 0.00199917 0.5646 0.00495834
439 0.312971 0.00200954 0.5629 0.00496053
440 0.315001 0.00201367 0.5597 0.00496448
441 0.317468 0.00201336 0.552 0.00497314
442 0.319853 0.00201941 0.5481 0.00497706
443 0.321631 0.00203052 0.5409 0.00498349
444 0.323982 0.00204046 0.536 0.00498727
445 0.326156 0.00204977 0.5274 0.00499274
446 0.327866 0.00205356 0.5281 0.00499235
447 0.329751 0.00206457 0.5249 0.00499405
448 0.331971 0.00206944 0.5222 0.00499532
449 0.333896 0.00207595 0.5168 0.00499743
450 0.33528 0.00208077 0.5132 0.00499851
451 0.336954 0.00208434 0.5096 0.00499933
452 0.339356 0.00208926 0.5075 0.00499969
453 0.341232 0.00209804 0.5007 0.00500025
454 0.343544 0.00210307 0.496 0.00500009
455 0.345378 0.00210223 0.494 0.00499989
456 0.347536 0.00211171 0.4919 0.00499959
457 0.34985 0.00211525 0.4865 0.00499843
458 0.350738 0.00211444 0.4863 0.00499837
459 0.352424 0.00211318 0.4801 0.00499629
460 0.354343 0.0021176 0.4785 0.00499563
461 0.355516 0.00212432 0.4781 0.00499545
462 0.357112 0.00212738 0.4726 0.00499274
463 0.359332 0.00212819 0.4685 0.00499032
464 0.360725 0.00212715 0.4655 0.00498833
465 0.361946 0.00213571 0.4633 0.00498676
466 0.363147 0.00214549 0.4618 0.00498564
467 0.365487 0.00214815 0.455 0.00497996
468 0.367433 0.00215022 0.4537 0.00497877
469 0.368281 0.00215246 0.4502 0.00497539
470 0.369704 0.00214615 0.4459 0.00497089
471 0.371073 0.00215021 0.4421 0.00496661
472 0.37239 0.00215501 0.4405 0.00496472
473 0.374192 0.00215318 0.4342 0.00495676
474 0.375627 0.00215405 0.4342 0.00495676
475 0.37664 0.00214934 0.4362 0.00495938
476 0.377895 0.00215525 0.4301 0.00495115
477 0.37943 0.00215823 0.4276 0.00494755
478 0.380776 0.00215976 0.4251 0.00494383
479 0.38234 0.00216108 0.4184 0.00493321
480 0.383813 0.0021666 0.4174 0.00493155
481 0.385386 0.00216828 0.4165 0.00493003
482 0.386788 0.00216629 0.4145 0.0049266
483 0.388338 0.00216411 0.4078 0.0049145
484 0.389291 0.00216695 0.4067 0.00491243
485 0.390848 0.00217905 0.403 0.00490525
486 0.391605 0.00218052 0.4041 0.00490742
487 0.392882 0.00217674 0.4007 0.00490065
488 0.393788 0.00218593 0.3971 0.00489322
489 0.394737 0.0021822 0.3948 0.00488832
490 0.3957 0.00219317 0.3971 0.00489322
491 0.396559 0.00220007 0.3935 0.00488551
492 0.397459 0.00220563 0.3963 0.00489153
493 0.398467 0.00220678 0.3941 0.00488681
494 0.399324 0.00220823 0.3903 0.00487842
495 0.400497 0.00222078 0.3918 0.00488177
496 0.401254 0.00222545 0.3941 0.00488681
497 0.402087 0.00222598 0.3907 0.00487932
498 0.403282 0.00222814 0.3878 0.00487273
499 0.404802 0.00222431 0.3827 0.0048607
500 0.405827 0.00222253 0.3817 0.00485828
501 0.406988 0.00222031 0.3811 0.00485681
502 0.407082 0.00222332 0.3789 0.00485137
503 0.408456 0.00222249 0.3769 0.00484634
504 0.408918 0.00222184 0.3746 0.00484044
505 0.410063 0.00222332 0.3742 0.0048394
506 0.410598 0.00221819 0.3712 0.0048315
507 0.411424 0.002215 0.3689 0.00482531
508 0.412788 0.00221702 0.3647 0.0048137
509 0.414088 0.00222009 0.3641 0.00481201
510 0.414333 0.0022323 0.3657 0.0048165
511 0.415146 0.00223492 0.3598 0.00479966
512 0.416706 0.00223828 0.3566 0.00479019
513 0.417041 0.00224095 0.3592 0.0047979
514 0.418383 0.00224341 0.3586 0.00479613
515 0.419146 0.00224225 0.3592 0.0047979
516 0.419865 0.00224508 0.3562 0.00478899
517 0.420279 0.00223976 0.3564 0.00478959
518 0.421205 0.00224657 0.3546 0.00478416
519 0.422504 0.00224656 0.3532 0.00477988
520 0.423211 0.0022504 0.3489 0.00476646
521 0.423975 0.00224871 0.348 0.0047636
522 0.424871 0.00224579 0.3469 0.00476007
523 0.425874 0.00224411 0.3433 0.00474834
524 0.427407 0.00225136 0.3426 0.00474603
525 0.428242 0.00225103 0.3412 0.00474136
526 0.428964 0.00224782 0.3402 0.004738
527 0.429942 0.0022532 0.3381 0.00473086
528 0.43012 0.00225222 0.3341 0.00471698
529 0.431071 0.00225484 0.3327 0.00471204
530 0.431989 0.00225691 0.3342 0.00471734
531 0.432605 0.00225743 0.3325 0.00471133
532 0.434018 0.00225767 0.3294 0.00470019
533 0.434241 0.0022537 0.3274 0.00469288
534 0.434671 0.00226086 0.3294 0.00470019
535 0.435152 0.00225995 0.3301 0.00470272
536 0.435805 0.00226362 0.3294 0.00470019
537 0.436325 0.00225356 0.3288 0.00469801
538 0.43732 0.00226131 0.3287 0.00469764
539 0.438869 0.00225884 0.3231 0.00467684
540 0.439721 0.00226174 0.3212 0.00466961
541 0.440159 0.00225957 0.3216 0.00467114
542 0.441268 0.00225912 0.3188 0.00466035
543 0.441408 0.00225526 0.3169 0.00465291
544 0.442646 0.0022589 0.3176 0.00465566
545 0.442951 0.00225626 0.3151 0.00464579
546 0.443831 0.00226083 0.3149 0.00464499
547 0.444315 0.00226245 0.3149 0.00464499
548 0.445626 0.00226004 0.3152 0.00464619
549 0.44633 0.0022684 0.3151 0.00464579
550 0.446884 0.00227178 0.3141 0.0046418
551 0.44754 0.00227696 0.3134 0.00463899
552 0.447815 0.00228036 0.3106 0.00462762
553 0.448146 0.00227792 0.3111 0.00462967
554 0.448824 0.00227388 0.3117 0.00463211
555 0.44959 0.00226911 0.3073 0.00461398
556 0.450097 0.00227159 0.3069 0.00461231
557 0.450091 0.00226693 0.3091 0.00462146
558 0.450808 0.0022686 0.3044 0.00460176
559 0.451268 0.00227306 0.3051 0.00460473
560 0.451537 0.00226937 0.3007 0.00458585
561 0.452332 0.00227621 0.3 0.0045828
562 0.452712 0.00227686 0.3018 0.00459062
563 0.453414 0.00227593 0.3007 0.00458585
564 0.453628 0.00227335 0.299 0.00457843
565 0.454345 0.00228445 0.2998 0.00458193
566 0.45519 0.00228681 0.2967 0.00456826
567 0.455427 0.00228313 0.2961 0.00456558
568 0.456163 0.00228422 0.2959 0.00456469
569 0.456755 0.00227814 0.2951 0.00456111
570 0.45678 0.00227694 0.2929 0.00455116
571 0.457204 0.00227832 0.2964 0.00456692
572 0.457948 0.00227744 0.2982 0.00457491
573 0.45868 0.0022756 0.2963 0.00456648
574 0.459375 0.00228141 0.2933 0.00455298
575 0.459823 0.00228554 0.2913 0.00454384
576 0.459967 0.00228209 0.2916 0.00454522
577 0.459973 0.00227634 0.2903 0.00453923
578 0.461237 0.00228553 0.2875 0.00452619
579 0.462102 0.00228774 0.2893 0.0045346
580 0.462779 0.00228551 0.2852 0.00451532
581 0.463105 0.00228807 0.2848 0.00451342
582 0.463317 0.00228837 0.2875 0.00452619
583 0.463685 0.00228731 0.2862 0.00452007
584 0.463982 0.00228825 0.2852 0.00451532
585 0.464579 0.00228397 0.2844 0.00451151
586 0.465171 0.00228063 0.2814 0.00449705
587 0.465879 0.00228525 0.2786 0.00448333
588 0.466071 0.00228371 0.2794 0.00448727
589 0.466665 0.00228675 0.2795 0.00448776
590 0.466675 0.00228604 0.2804 0.00449217
591 0.466839 0.00228882 0.2808 0.00449412
592 0.467169 0.00229147 0.2786 0.00448333
593 0.467027 0.00229466 0.2827 0.00450334
594 0.467599 0.00229403 0.2828 0.00450383
595 0.468377 0.00228673 0.2751 0.00446587
596 0.468966 0.00228442 0.2764 0.00447239
597 0.468944 0.00227529 0.2772 0.00447638
598 0.46938 0.00228092 0.2745 0.00446284
599 0.470429 0.00227267 0.2721 0.00445063
600 0.47091 0.00227557 0.2721 0.00445063
601 0.471619 0.00227708 0.2727 0.0044537
602 0.471441 0.00227349 0.2729 0.00445472
603 0.471957 0.00227964 0.2712 0.00444601
604 0.472493 0.00228262 0.2705 0.0044424
605 0.473018 0.00228483 0.2711 0.0044455
606 0.473217 0.00228639 0.2698 0.00443878
607 0.473716 0.00228715 0.272 0.00445012
608 0.47368 0.00229145 0.2708 0.00444395
609 0.473776 0.00229107 0.2702 0.00444085
610 0.474134 0.00229385 0.269 0.00443462
611 0.474102 0.00229998 0.2706 0.00444292
612 0.473819 0.00230385 0.2707 0.00444344
613 0.474387 0.00229564 0.2703 0.00444137
614 0.474711 0.00228975 0.2684 0.00443149
615 0.475042 0.00229391 0.2674 0.00442625
616 0.475084 0.00228675 0.2645 0.00441089
617 0.475337 0.00228656 0.2641 0.00440875
618 0.475377 0.00228667 0.2662 0.00441992
619 0.475637 0.00229446 0.2651 0.00441409
620 0.47635 0.00229995 0.2672 0.0044252
621 0.47656 0.00229474 0.2657 0.00441727
622 0.476109 0.00230257 0.2648 0.00441249
623 0.476759 0.0022997 0.2636 0.00440607
624 0.477824 0.0022992 0.2667 0.00442256
625 0.478108 0.00230253 0.266 0.00441886
626 0.478257 0.00230737 0.2625 0.00440015
627 0.478443 0.00230734 0.2651 0.00441409
628 0.478236 0.00230959 0.2647 0.00441195
629 0.478213 0.00230459 0.2621 0.00439799
630 0.47829 0.00230903 0.2635 0.00440553
631 0.478796 0.00230712 0.2655 0.00441621
632 0.478868 0.00231234 0.2649 0.00441302
633 0.479315 0.00231286 0.2637 0.00440661
634 0.479317 0.00231136 0.2641 0.00440875
635 0.479846 0.00230767 0.2622 0.00439853
636 0.479717 0.00230327 0.2633 0.00440446
637 0.480109 0.00230485 0.262 0.00439745
638 0.480543 0.00230403 0.2611 0.00439256
639 0.481359 0.00229312 0.2576 0.00437334
640 0.481368 0.00228809 0.2551 0.00435939
641 0.481224 0.00228653 0.2572 0.00437112
642 0.482076 0.0022827 0.2573 0.00437168
643 0.481941 0.0022873 0.258 0.00437556
644 0.482058 0.00228156 0.2554 0.00436108
645 0.481744 0.00228359 0.2568 0.0043689
646 0.482378 0.00228382 0.255 0.00435883
647 0.482736 0.00228508 0.2553 0.00436052
648 0.482527 0.00229274 0.2541 0.00435376
649 0.481717 0.00229388 0.2577 0.0043739
650 0.481604 0.00229191 0.2558 0.00436332
651 0.481773 0.00229401 0.2587 0.00437942
652 0.481959 0.00229901 0.2571 0.00437057
653 0.482121 0.00229588 0.257 0.00437001
654 0.482691 0.00229841 0.2546 0.00435658
655 0.482886 0.0022902 0.2541 0.00435376
656 0.48286 0.00228886 0.2555 0.00436164
657 0.482583 0.00228717 0.2565 0.00436723
658 0.482337 0.00228868 0.2573 0.00437168
659 0.482398 0.00228456 0.2564 0.00436667
660 0.482674 0.00228286 0.2545 0.00435602
661 0.482117 0.00228453 0.2544 0.00435545
662 0.482125 0.00228449 0.2539 0.00435263
663 0.482175 0.0022875 0.2529 0.00434696
664 0.482469 0.00228139 0.2518 0.00434069
665 0.482267 0.00228565 0.2537 0.0043515
666 0.482633 0.00228117 0.2522 0.00434297
667 0.482842 0.00228512 0.2521 0.0043424
668 0.483788 0.0022827 0.2511 0.00433668
669 0.484704 0.00228229 0.2498 0.00432919
670 0.484497 0.00227602 0.2515 0.00433897
671 0.484466 0.00227987 0.252 0.00434183
672 0.484729 0.00228151 0.2514 0.0043384
673 0.484832 0.00228222 0.2498 0.00432919
674 0.486143 0.00227904 0.2481 0.00431932
675 0.485484 0.00228112 0.2493 0.00432629
676 0.485798 0.00228303 0.2484 0.00432107
677 0.485417 0.00228418 0.2502 0.0043315
678 0.485122 0.00228361 0.2511 0.00433668
679 0.485239 0.00228895 0.2534 0.0043498
680 0.485759 0.00228778 0.252 0.00434183
681 0.485146 0.00229057 0.2503 0.00433207
682 0.485752 0.00228274 0.2498 0.00432919
683 0.485548 0.00228368 0.2508 0.00433495
684 0.485944 0.00228359 0.2504 0.00433265
685 0.485848 0.00228412 0.2513 0.00433782
686 0.486445 0.00229151 0.2506 0.0043338
687 0.48655 0.00228318 0.2494 0.00432687
688 0.486257 0.00228825 0.2512 0.00433725
689 0.486561 0.00228532 0.2481 0.00431932
690 0.486148 0.00228438 0.2507 0.00433438
691 0.486628 0.00228191 0.25 0.00433034
692 0.486873 0.00227743 0.2498 0.00432919
693 0.486622 0.00227984 0.252 0.00434183
694 0.486527 0.00228199 0.2521 0.0043424
695 0.486121 0.00228248 0.2544 0.00435545
696 0.486637 0.00228953 0.2506 0.0043338
697 0.487029 0.00229027 0.2522 0.00434297
698 0.48746 0.0022912 0.2504 0.00433265
699 0.487306 0.00229387 0.2504 0.00433265
700 0.487289 0.00229446 0.2512 0.00433725
701 0.487889 0.00229099 0.2487 0.00432281
702 0.488119 0.00229516 0.246 0.004307
703 0.488639 0.00229491 0.2451 0.00430168
704 0.48865 0.00229759 0.2456 0.00430464
705 0.488941 0.0023015 0.2464 0.00430936
706 0.488181 0.00230149 0.2487 0.00432281
707 0.488723 0.00230137 0.247 0.00431288
708 0.488781 0.00229578 0.2468 0.00431171
709 0.489509 0.0022877 0.2466 0.00431053
710 0.489638 0.00229461 0.2471 0.00431347
711 0.48914 0.00229919 0.2479 0.00431815
712 0.489705 0.00229549 0.2486 0.00432223
713 0.489822 0.0022994 0.2445 0.00429812
714 0.490046 0.00229817 0.2445 0.00429812
715 0.489443 0.00230459 0.2455 0.00430405
716 0.490154 0.00230384 0.2459 0.00430641
717 0.489916 0.00230676 0.2442 0.00429633
718 0.48945 0.00230494 0.2469 0.0043123
719 0.489415 0.00229998 0.2468 0.00431171
720 0.489002 0.00229983 0.2487 0.00432281
721 0.489428 0.00229659 0.2472 0.00431406
722 0.489272 0.0022948 0.2454 0.00430346
723 0.489845 0.00229599 0.248 0.00431873
724 0.490289 0.00229769 0.2438 0.00429395
725 0.490047 0.00230454 0.2479 0.00431815
726 0.489796 0.00229972 0.2453 0.00430286
727 0.489507 0.00229801 0.2471 0.00431347
728 0.489361 0.00229722 0.2497 0.00432861
729 0.489654 0.00230052 0.2455 0.00430405
730 0.489872 0.00229465 0.248 0.00431873
731 0.490393 0.00229982 0.2448 0.0042999
732 0.490495 0.00230611 0.2465 0.00430995
733 0.490801 0.00230526 0.2475 0.00431581
734 0.491116 0.00230792 0.2471 0.00431347
735 0.491258 0.00230462 0.2469 0.0043123
736 0.491776 0.00230583 0.2432 0.00429036
737 0.492253 0.00230322 0.2416 0.00428074
738 0.492586 0.0023022 0.2397 0.00426922
739 0.493694 0.00230229 0.2378 0.00425757
740 0.493474 0.00229969 0.2353 0.00424207
741 0.493049 0.00229894 0.238 0.0042588
742 0.493158 0.00229627 0.2402 0.00427226
743 0.49303 0.00229685 0.2392 0.00426616
744 0.493689 0.00230285 0.2398 0.00426983
745 0.49365 0.00229928 0.2392 0.00426616
746 0.493353 0.00230035 0.2395 0.004268
747 0.492892 0.0022917 0.2388 0.00426372
748 0.493628 0.0022901 0.2382 0.00426003
749 0.493907 0.00228732 0.2397 0.00426922
750 0.493624 0.00228887 0.2398 0.00426983
751 0.494152 0.00228853 0.2398 0.00426983
752 0.494654 0.00228966 0.2402 0.00427226
753 0.494628 0.00229491 0.2395 0.004268
754 0.493725 0.00229763 0.2387 0.0042631
755 0.494491 0.00230236 0.2397 0.00426922
756 0.495053 0.00230267 0.2364 0.00424892
757 0.495215 0.00229638 0.2361 0.00424706
758 0.496135 0.0023009 0.2388 0.00426372
759 0.495806 0.00229422 0.2393 0.00426678
760 0.495974 0.00229785 0.2396 0.00426861
761 0.49617 0.00229928 0.24 0.00427104
762 0.496059 0.00230324 0.2358 0.00424519
763 0.496236 0.00229876 0.2367 0.00425078
764 0.496207 0.00230421 0.2367 0.00425078
765 0.495841 0.0023006 0.2407 0.0042753
766 0.495726 0.00230541 0.241 0.00427712
767 0.495468 0.00230779 0.2387 0.0042631
768 0.495434 0.00230945 0.2374 0.00425511
769 0.496232 0.00230571 0.2358 0.00424519
770 0.496707 0.00230391 0.2341 0.00423456
771 0.496561 0.00230004 0.2365 0.00424954
772 0.496408 0.00230043 0.2346 0.0042377
773 0.496122 0.00230327 0.2378 0.00425757
774 0.49568 0.00230263 0.24 0.00427104
775 0.495309 0.00230143 0.2367 0.00425078
776 0.495432 0.00230028 0.2364 0.00424892
777 0.495183 0.00229919 0.2366 0.00425016
778 0.495455 0.0022996 0.2343 0.00423582
779 0.496275 0.00230589 0.2332 0.0042289
780 0.496525 0.00230753 0.236 0.00424643
781 0.496432 0.00231193 0.2378 0.00425757
782 0.496398 0.00231369 0.2376 0.00425634
783 0.49668 0.00231039 0.2373 0.00425449
784 0.497151 0.00231177 0.2383 0.00426065
785 0.496848 0.00231125 0.239 0.00426494
786 0.496031 0.00231 0.2392 0.00426616
787 0.496627 0.00231335 0.2371 0.00425325
788 0.496557 0.00231455 0.2375 0.00425572
789 0.496752 0.00231261 0.2377 0.00425696
790 0.496821 0.00231578 0.2385 0.00426188
791 0.496664 0.00232452 0.2351 0.00424083
792 0.49698 0.00232366 0.2389 0.00426433
793 0.496735 0.00232228 0.2357 0.00424457
794 0.496341 0.00232309 0.2404 0.00427348
795 0.496739 0.00232005 0.2406 0.00427469
796 0.496531 0.00231576 0.2368 0.0042514
797 0.4966 0.00231654 0.2407 0.0042753
798 0.497408 0.00231354 0.2379 0.00425819
799 0.497198 0.00230697 0.238 0.0042588
800 0.496815 0.00230759 0.24 0.00427104
801 0.496657 0.00230019 0.2377 0.00425696
802 0.49687 0.00230255 0.24 0.00427104
803 0.496439 0.00230187 0.2387 0.0042631
804 0.497174 0.00229625 0.2368 0.0042514
805 0.496887 0.00229758 0.2366 0.00425016
806 0.495703 0.00230164 0.2415 0.00428014
807 0.496318 0.00230145 0.2351 0.00424083
808 0.49667 0.0023032 0.2363 0.0042483
809 0.496531 0.00231084 0.2384 0.00426126
810 0.496236 0.00230765 0.2369 0.00425202
811 0.495815 0.00231131 0.2391 0.00426555
812 0.495397 0.00231508 0.2398 0.00426983
813 0.496096 0.00231597 0.2404 0.00427348
814 0.495915 0.00231764 0.2399 0.00427044
815 0.496006 0.00231619 0.2392 0.00426616
816 0.49618 0.00231636 0.24 0.00427104
817 0.496014 0.00231636 0.2408 0.00427591
818 0.495617 0.00231165 0.2364 0.00424892
819 0.49551 0.00230918 0.2367 0.00425078
820 0.49552 0.00230621 0.2397 0.00426922
821 0.495454 0.00230728 0.2383 0.00426065
822 0.495867 0.00231186 0.2371 0.00425325
823 0.495991 0.00230204 0.2355 0.00424332
824 0.495723 0.00230936 0.238 0.0042588
825 0.495686 0.00230027 0.2383 0.00426065
826 0.496453 0.00229705 0.239 0.00426494
827 0.495988 0.00230457 0.2394 0.00426739
828 0.495853 0.00230352 0.239 0.00426494
829 0.495421 0.00230666 0.239 0.00426494
830 0.495628 0.00230027 0.2401 0.00427165
831 0.495798 0.00229879 0.2385 0.00426188
832 0.495703 0.00229824 0.2412 0.00427833
833 0.495704 0.00229641 0.2398 0.00426983
834 0.496891 0.00229396 0.2417 0.00428135
835 0.496666 0.00229953 0.2431 0.00428976
836 0.496447 0.00229868 0.243 0.00428917
837 0.496738 0.00229695 0.2398 0.00426983
838 0.496739 0.00229954 0.2377 0.00425696
839 0.496517 0.00229605 0.2366 0.00425016
840 0.495671 0.0022932 0.2376 0.00425634
841 0.49584 0.00229326 0.2361 0.00424706
842 0.495433 0.0022896 0.2396 0.00426861
843 0.495448 0.00229687 0.2406 0.00427469
844 0.49571 0.00229409 0.2388 0.00426372
845 0.496129 0.00229107 0.2392 0.00426616
846 0.495778 0.00229773 0.2376 0.00425634
847 0.496064 0.00229385 0.2367 0.00425078
848 0.49623 0.00229078 0.235 0.0042402
849 0.496377 0.00229153 0.2368 0.0042514
850 0.496596 0.00228687 0.2345 0.00423707
851 0.496561 0.0022853 0.2374 0.00425511
852 0.497104 0.00228569 0.2375 0.00425572
853 0.49646 0.00228545 0.2373 0.00425449
854 0.49636 0.00228673 0.2338 0.00423268
855 0.496739 0.00228916 0.2351 0.00424083
856 0.496757 0.0022967 0.2385 0.00426188
857 0.496229 0.00229444 0.2387 0.0042631
858 0.496171 0.00229262 0.2409 0.00427651
859 0.496465 0.00229083 0.2396 0.00426861
860 0.49664 0.00229821 0.2395 0.004268
861 0.496742 0.00229491 0.2366 0.00425016
862 0.4965 0.00229915 0.2396 0.00426861
863 0.496193 0.00229754 0.2398 0.00426983
864 0.49608 0.0022928 0.2398 0.00426983
865 0.496951 0.00229171 0.2394 0.00426739
866 0.496324 0.00229419 0.2397 0.00426922
867 0.496712 0.00228713 0.2369 0.00425202
868 0.496546 0.00229075 0.2397 0.00426922
869 0.496777 0.00229386 0.2359 0.00424581
870 0.496451 0.00229076 0.2396 0.00426861
871 0.496765 0.00229503 0.2381 0.00425942
872 0.497131 0.00229346 0.2368 0.0042514
873 0.497141 0.00229381 0.235 0.0042402
874 0.497742 0.00229449 0.2396 0.00426861
875 0.49681 0.0022955 0.2391 0.00426555
876 0.497111 0.00229717 0.2388 0.00426372
877 0.496651 0.00228901 0.238 0.0042588
878 0.497155 0.00228745 0.2373 0.00425449
879 0.496875 0.00228418 0.2378 0.00425757
880 0.495782 0.00228474 0.2401 0.00427165
881 0.49558 0.0022829 0.241 0.00427712
882 0.495224 0.00228067 0.2396 0.00426861
883 0.494889 0.00227983 0.2423 0.00428496
884 0.4945 0.00228043 0.2407 0.0042753
885 0.494572 0.00228623 0.2412 0.00427833
886 0.494888 0.0022886 0.24 0.00427104
887 0.494938 0.00228677 0.2425 0.00428617
888 0.494556 0.00228147 0.2404 0.00427348
889 0.494651 0.0022838 0.2419 0.00428255
890 0.495151 0.00229129 0.2417 0.00428135
891 0.495116 0.00228563 0.2416 0.00428074
892 0.495047 0.00228583 0.2433 0.00429096
893 0.494821 0.00228893 0.242 0.00428316
894 0.495181 0.00228913 0.2412 0.00427833
895 0.49564 0.00229341 0.2417 0.00428135
896 0.495476 0.00228974 0.2393 0.00426678
897 0.496135 0.00229678 0.2401 0.00427165
898 0.49618 0.0022997 0.2404 0.00427348
899 0.496416 0.0023046 0.2428 0.00428797
900 0.496423 0.00230547 0.2422 0.00428436
901 0.496508 0.00230598 0.2426 0.00428677
902 0.496676 0.0023089 0.2412 0.00427833
903 0.496737 0.00230652 0.2433 0.00429096
904 0.497106 0.00230774 0.244 0.00429514
905 0.497065 0.00230891 0.2416 0.00428074
906 0.496711 0.00230947 0.2428 0.00428797
907 0.496788 0.00230961 0.2429 0.00428857
908 0.496811 0.0023117 0.2443 0.00429693
909 0.49638 0.00230741 0.2453 0.00430286
910 0.496295 0.00230321 0.2469 0.0043123
911 0.496194 0.00230709 0.2436 0.00429276
912 0.495824 0.00230203 0.2413 0.00427893
913 0.496001 0.00230679 0.2426 0.00428677
914 0.496167 0.00230419 0.2426 0.00428677
915 0.495667 0.00230909 0.2428 0.00428797
916 0.495899 0.00230532 0.2423 0.00428496
917 0.495626 0.0023079 0.2447 0.00429931
918 0.49515 0.00231162 0.2443 0.00429693
919 0.495215 0.0023013 0.2421 0.00428376
920 0.495379 0.00230268 0.2446 0.00429871
921 0.495019 0.00230481 0.2413 0.00427893
922 0.494957 0.00230338 0.2409 0.00427651
923 0.494878 0.0023033 0.2438 0.00429395
924 0.495091 0.00230771 0.2431 0.00428976
925 0.494692 0.00230973 0.243 0.00428917
926 0.494945 0.00230999 0.2441 0.00429574
927 0.494951 0.00231043 0.2438 0.00429395
928 0.495223 0.00231274 0.2415 0.00428014
929 0.495365 0.00231689 0.2425 0.00428617
930 0.495008 0.00231582 0.2402 0.00427226
931 0.494961 0.00231966 0.2454 0.00430346
932 0.494939 0.00231918 0.2449 0.00430049
933 0.495719 0.00231855 0.2423 0.00428496
934 0.496383 0.00232035 0.2387 0.0042631
935 0.496325 0.00232147 0.2394 0.00426739
936 0.496756 0.00231267 0.2355 0.00424332
937 0.49683 0.00231419 0.2376 0.00425634
938 0.497372 0.00231197 0.2394 0.00426739
939 0.497127 0.00231338 0.2382 0.00426003
940 0.497013 0.00231534 0.2396 0.00426861
941 0.497031 0.00232005 0.2416 0.00428074
942 0.497189 0.00231315 0.2357 0.00424457
943 0.497276 0.00231613 0.2366 0.00425016
944 0.497307 0.00231291 0.2393 0.00426678
945 0.49735 0.00231467 0.2402 0.00427226
946 0.497493 0.00231819 0.2403 0.00427287
947 0.497527 0.00231544 0.2425 0.00428617
948 0.49822 0.00232364 0.24 0.00427104
949 0.498517 0.00232197 0.2392 0.00426616
950 0.497936 0.00232523 0.2403 0.00427287
951 0.497227 0.0023166 0.2428 0.00428797
952 0.497481 0.00231367 0.2433 0.00429096
953 0.497873 0.00231457 0.2418 0.00428195
954 0.498094 0.00231502 0.241 0.00427712
955 0.498154 0.00231012 0.2378 0.00425757
956 0.497589 0.00230527 0.2376 0.00425634
957 0.497693 0.00230786 0.2396 0.00426861
958 0.497642 0.00230944 0.24 0.00427104
959 0.497302 0.00230858 0.2406 0.00427469
960 0.496648 0.00230596 0.2436 0.00429276
961 0.496873 0.00231192 0.2429 0.00428857
962 0.496678 0.00231318 0.2418 0.00428195
963 0.496762 0.00231088 0.2413 0.00427893
964 0.496545 0.0023115 0.2387 0.0042631
965 0.496202 0.00230882 0.2399 0.00427044
966 0.496221 0.00230657 0.2408 0.00427591
967 0.497056 0.0023037 0.2368 0.0042514
968 0.496859 0.00230648 0.2393 0.00426678
969 0.496856 0.00231175 0.2384 0.00426126
970 0.497068 0.00232225 0.2382 0.00426003
971 0.497769 0.00231703 0.238 0.0042588
972 0.497578 0.00231273 0.2363 0.0042483
973 0.497967 0.00231445 0.2367 0.00425078
974 0.49788 0.00231261 0.2364 0.00424892
975 0.498054 0.00231432 0.2388 0.00426372
976 0.498127 0.00231147 0.2361 0.00424706
977 0.498152 0.00230733 0.2404 0.00427348
978 0.49861 0.00231412 0.2348 0.00423895
979 0.498746 0.00230743 0.2359 0.00424581
980 0.498466 0.00230327 0.2338 0.00423268
981 0.498194 0.00230682 0.2365 0.00424954
982 0.497919 0.00230133 0.2405 0.00427408
983 0.497652 0.00229933 0.241 0.00427712
984 0.497564 0.00230094 0.2374 0.00425511
985 0.498246 0.00229516 0.2356 0.00424394
986 0.497795 0.00229113 0.2387 0.0042631
987 0.497939 0.00229652 0.2368 0.0042514
988 0.497411 0.0022916 0.2376 0.00425634
989 0.497543 0.00229139 0.236 0.00424643
990 0.497899 0.00229486 0.2382 0.00426003
991 0.497228 0.00230047 0.2383 0.00426065
992 0.496907 0.00230177 0.2406 0.00427469
993 0.497112 0.00230134 0.2382 0.00426003
994 0.497152 0.00229726 0.2361 0.00424706
995 0.497398 0.00229409 0.2348 0.00423895
996 0.496814 0.00229406 0.2394 0.00426739
997 0.496886 0.00230003 0.238 0.0042588
998 0.496854 0.00229373 0.2375 0.00425572
999 0.496416 0.00230242 0.2396 0.00426861
1000 0.496898 0.002298 0.238 0.0042588
1001 0.497437 0.00229411 0.2398 0.00426983
1002 0.497466 0.00229382 0.2392 0.00426616
1003 0.497413 0.002292 0.2369 0.00425202
1004 0.497675 0.00228939 0.2364 0.00424892
1005 0.497625 0.00228762 0.2369 0.00425202
1006 0.497568 0.00228619 0.2395 0.004268
1007 0.497357 0.002287 0.2361 0.00424706
1008 0.497362 0.00229002 0.2373 0.00425449
1009 0.497589 0.00228506 0.2372 0.00425387
1010 0.496763 0.00228056 0.2371 0.00425325
1011 0.496507 0.0022782 0.2353 0.00424207
1012 0.496902 0.00228425 0.2375 0.00425572
1013 0.496795 0.00228274 0.2348 0.00423895
1014 0.497134 0.00227643 0.232 0.0042213
1015 0.496712 0.00227727 0.2338 0.00423268
1016 0.497699 0.00227659 0.2348 0.00423895
1017 0.497282 0.00227958 0.2378 0.00425757
1018 0.49768 0.00227445 0.2337 0.00423205
1019 0.498098 0.00227944 0.2344 0.00423644
1020 0.498412 0.00227843 0.2333 0.00422953
1021 0.498191 0.00227971 0.2337 0.00423205
1022 0.49844 0.00227444 0.2309 0.0042143
1023 0.498204 0.00228013 0.2315 0.00421812
1024 0.498301 0.00227667 0.2304 0.0042111
1025 0.498649 0.00228363 0.2303 0.00421046
1026 0.497635 0.00228122 0.2333 0.00422953
1027 0.497605 0.00227963 0.23 0.00420854
1028 0.498061 0.00228471 0.2298 0.00420725
1029 0.498048 0.00228641 0.2323 0.0042232
1030 0.498013 0.0022851 0.2328 0.00422637
1031 0.497842 0.00228502 0.232 0.0042213
1032 0.49828 0.00228998 0.232 0.0042213
1033 0.498511 0.00228826 0.2344 0.00423644
1034 0.498375 0.00229057 0.235 0.0042402
1035 0.498066 0.00229074 0.2398 0.00426983
1036 0.497892 0.00229702 0.2385 0.00426188
1037 0.497878 0.00229872 0.2396 0.00426861
1038 0.49743 0.00229537 0.2383 0.00426065
1039 0.497566 0.00229054 0.2349 0.00423958
1040 0.497317 0.00230231 0.2366 0.00425016
1041 0.497174 0.0022944 0.2373 0.00425449
1042 0.49702 0.00230125 0.2386 0.00426249
1043 0.497301 0.00231092 0.2383 0.00426065
1044 0.498002 0.00231699 0.2398 0.00426983
1045 0.497681 0.00231975 0.2396 0.00426861
1046 0.497519 0.00231994 0.2411 0.00427772
1047 0.496984 0.00232355 0.2441 0.00429574
1048 0.496342 0.0023218 0.2433 0.00429096
1049 0.496873 0.00232553 0.2449 0.00430049
1050 0.496675 0.00232814 0.2431 0.00428976
1051 0.49683 0.00232032 0.2426 0.00428677
1052 0.496163 0.00232315 0.2427 0.00428737
1053 0.495776 0.00232168 0.2423 0.00428496
1054 0.494975 0.00230985 0.2431 0.00428976
1055 0.495411 0.00231899 0.2435 0.00429216
1056 0.494744 0.00231527 0.2417 0.00428135
1057 0.494902 0.00230734 0.2411 0.00427772
1058 0.494886 0.00230041 0.2433 0.00429096
1059 0.495732 0.00230388 0.2409 0.00427651
1060 0.495773 0.00230985 0.241 0.00427712
1061 0.495482 0.00231145 0.2391 0.00426555
1062 0.494998 0.00230819 0.2409 0.00427651
1063 0.495909 0.0023045 0.2404 0.00427348
1064 0.495649 0.00230411 0.2387 0.0042631
1065 0.495213 0.00231131 0.2412 0.00427833
1066 0.49473 0.00230961 0.2432 0.00429036
1067 0.495393 0.00230822 0.2394 0.00426739
1068 0.494734 0.00230236 0.2414 0.00427954
1069 0.494924 0.0022999 0.2424 0.00428556
1070 0.494924 0.00230042 0.2395 0.004268
1071 0.494892 0.00229913 0.2388 0.00426372
1072 0.494723 0.00229673 0.2408 0.00427591
1073 0.494539 0.00229424 0.2409 0.00427651
1074 0.494364 0.00229336 0.242 0.00428316
1075 0.494886 0.00230084 0.2408 0.00427591
1076 0.495206 0.00230052 0.2421 0.00428376
1077 0.495872 0.00229088 0.2387 0.0042631
1078 0.496174 0.00229138 0.2375 0.00425572
1079 0.496561 0.00228791 0.2357 0.00424457
1080 0.496589 0.00228311 0.2354 0.0042427
1081 0.496138 0.00228606 0.239 0.00426494
1082 0.496774 0.0022835 0.2359 0.00424581
1083 0.497061 0.0022822 0.2366 0.00425016
1084 0.496601 0.00228412 0.2347 0.00423832
1085 0.496916 0.00228917 0.2349 0.00423958
1086 0.496455 0.00228738 0.2361 0.00424706
1087 0.496037 0.00229086 0.2351 0.00424083
1088 0.495522 0.00229177 0.2389 0.00426433
1089 0.49561 0.00229587 0.2402 0.00427226
1090 0.495727 0.00229128 0.2391 0.00426555
1091 0.495704 0.00229908 0.2374 0.00425511
1092 0.495744 0.00230095 0.2362 0.00424768
1093 0.495569 0.00229941 0.2357 0.00424457
1094 0.495306 0.00230059 0.2377 0.00425696
1095 0.495468 0.0023011 0.2401 0.00427165
1096 0.49596 0.00230857 0.2378 0.00425757
1097 0.496407 0.00230631 0.2383 0.00426065
1098 0.496664 0.00230433 0.2375 0.00425572
1099 0.49695 0.00230419 0.2388 0.00426372
1100 0.496602 0.00230825 0.2421 0.00428376
1101 0.496552 0.00230696 0.2405 0.00427408
1102 0.497091 0.00230917 0.2392 0.00426616
1103 0.496515 0.00231149 0.2417 0.00428135
1104 0.497332 0.00231216 0.2421 0.00428376
1105 0.496913 0.00230952 0.2447 0.00429931
1106 0.496415 0.00230691 0.2409 0.00427651
1107 0.49613 0.00230871 0.2381 0.00425942
1108 0.496196 0.00230494 0.2377 0.00425696
1109 0.495985 0.00230401 0.2415 0.00428014
1110 0.495917 0.00230594 0.2402 0.00427226
1111 0.49551 0.00230669 0.2418 0.00428195
1112 0.495959 0.00230094 0.2416 0.00428074
1113 0.496183 0.00230261 0.241 0.00427712
1114 0.496483 0.00230174 0.2418 0.00428195
1115 0.495884 0.0022969 0.2404 0.00427348
1116 0.495129 0.00229608 0.2428 0.00428797
1117 0.495122 0.00229722 0.2409 0.00427651
1118 0.494772 0.00230023 0.242 0.00428316
1119 0.494949 0.002304 0.2418 0.00428195
1120 0.495004 0.00230369 0.2417 0.00428135
1121 0.495644 0.00230251 0.2418 0.00428195
1122 0.49585 0.00230017 0.2421 0.00428376
1123 0.495593 0.00230291 0.2398 0.00426983
1124 0.495806 0.00230387 0.2415 0.00428014
1125 0.495031 0.00230402 0.2407 0.0042753
1126 0.495024 0.00230216 0.2425 0.00428617
1127 0.494165 0.00229179 0.2431 0.00428976
1128 0.494486 0.00229765 0.242 0.00428316
1129 0.495163 0.0022939 0.2413 0.00427893
1130 0.495075 0.00229237 0.2396 0.00426861
1131 0.495257 0.00229164 0.2408 0.00427591
1132 0.496157 0.00229564 0.2381 0.00425942
1133 0.496777 0.00230089 0.2375 0.00425572
1134 0.496794 0.00230142 0.2388 0.00426372
1135 0.496957 0.0022986 0.2381 0.00425942
1136 0.496892 0.00229553 0.2403 0.00427287
1137 0.496849 0.00230045 0.2377 0.00425696
1138 0.49663 0.00230168 0.2398 0.00426983
1139 0.496755 0.00230743 0.2371 0.00425325
1140 0.497111 0.00230798 0.2395 0.004268
1141 0.496422 0.00230924 0.2383 0.00426065
1142 0.49624 0.00230159 0.2358 0.00424519
1143 0.496066 0.00229801 0.2378 0.00425757
1144 0.496252 0.00230232 0.2391 0.00426555
1145 0.495918 0.00229966 0.2391 0.00426555
1146 0.496178 0.0022998 0.2377 0.00425696
1147 0.496813 0.00229876 0.2391 0.00426555
1148 0.496866 0.00229696 0.2377 0.00425696
1149 0.496214 0.00229928 0.242 0.00428316
1150 0.496397 0.00229603 0.2392 0.00426616
1151 0.496257 0.00229344 0.2386 0.00426249
1152 0.496645 0.00229538 0.2402 0.00427226
1153 0.49629 0.00229428 0.2408 0.00427591
1154 0.495808 0.00229771 0.2388 0.00426372
1155 0.496074 0.00229616 0.2377 0.00425696
1156 0.496195 0.00229585 0.241 0.00427712
1157 0.496584 0.00229635 0.2388 0.00426372
1158 0.496801 0.00230368 0.2368 0.0042514
1159 0.496811 0.00230177 0.2376 0.00425634
1160 0.49692 0.0023005 0.2372 0.00425387
1161 0.496845 0.00229567 0.2327 0.00422574
1162 0.496346 0.00229574 0.2378 0.00425757
1163 0.496269 0.00228916 0.235 0.0042402
1164 0.496305 0.00228845 0.235 0.0042402
1165 0.496289 0.00228781 0.2345 0.00423707
1166 0.497369 0.00228684 0.2359 0.00424581
1167 0.496802 0.0022843 0.2321 0.00422194
1168 0.497392 0.00228517 0.2293 0.00420404
1169 0.497468 0.00228321 0.2286 0.00419952
1170 0.497891 0.0022828 0.2297 0.00420661
1171 0.497387 0.00227988 0.2313 0.00421685
1172 0.49689 0.00228199 0.2311 0.00421557
1173 0.49595 0.00227942 0.2322 0.00422257
1174 0.495909 0.00228265 0.2352 0.00424145
1175 0.495935 0.0022849 0.2338 0.00423268
1176 0.495521 0.0022823 0.2339 0.0042333
1177 0.495711 0.00228028 0.2355 0.00424332
1178 0.495624 0.00228066 0.2355 0.00424332
1179 0.495635 0.00228832 0.2336 0.00423142
1180 0.495666 0.00229626 0.2356 0.00424394
1181 0.495624 0.00229327 0.2383 0.00426065
1182 0.495962 0.00229457 0.2369 0.00425202
1183 0.495712 0.00229611 0.2367 0.00425078
1184 0.495749 0.00228866 0.2371 0.00425325
1185 0.496701 0.00228728 0.2346 0.0042377
1186 0.496705 0.00229213 0.2336 0.00423142
1187 0.49658 0.00228579 0.2341 0.00423456
1188 0.496382 0.00228752 0.2329 0.004227
1189 0.495894 0.00228052 0.2313 0.00421685
1190 0.496276 0.00228567 0.2337 0.00423205
1191 0.495686 0.00228798 0.2359 0.00424581
1192 0.496846 0.00229143 0.2337 0.00423205
1193 0.497474 0.00229613 0.2326 0.0042251
1194 0.497595 0.00228567 0.2286 0.00419952
1195 0.49726 0.00228236 0.2308 0.00421366
1196 0.497683 0.0022825 0.2299 0.00420789
1197 0.497666 0.00227995 0.2303 0.00421046
1198 0.497483 0.00227592 0.2312 0.00421621
1199 0.497893 0.00227709 0.2311 0.00421557
1200 0.497787 0.00227819 0.231 0.00421493
1201 0.497872 0.00227997 0.2317 0.00421939
1202 0.49814 0.00228439 0.2335 0.00423079
1203 0.497614 0.00228353 0.2373 0.00425449
1204 0.497507 0.00228125 0.2371 0.00425325
1205 0.49745 0.00228027 0.2375 0.00425572
1206 0.498202 0.00228378 0.2338 0.00423268
1207 0.497841 0.00228102 0.2338 0.00423268
1208 0.4982 0.00228139 0.2332 0.0042289
1209 0.497589 0.00229141 0.2351 0.00424083
1210 0.498355 0.00228822 0.2347 0.00423832
1211 0.497919 0.00229181 0.2369 0.00425202
1212 0.497287 0.0022911 0.2366 0.00425016
1213 0.497154 0.00228816 0.2417 0.00428135
1214 0.49726 0.0022904 0.2385 0.00426188
1215 0.497047 0.00230137 0.2408 0.00427591
1216 0.496992 0.00229762 0.24 0.00427104
1217 0.497148 0.00229722 0.2401 0.00427165
1218 0.497682 0.00230088 0.2412 0.00427833
1219 0.497504 0.0022976 0.2379 0.00425819
1220 0.497363 0.00230155 0.2354 0.0042427
1221 0.496873 0.00230338 0.2361 0.00424706
1222 0.497039 0.00231322 0.2389 0.00426433
1223 0.497618 0.00230681 0.2386 0.00426249
1224 0.497718 0.00230702 0.2352 0.00424145
1225 0.497576 0.00230217 0.2368 0.0042514
1226 0.497597 0.00230483 0.2375 0.00425572
1227 0.497622 0.00230668 0.2371 0.00425325
1228 0.497271 0.00229934 0.2356 0.00424394
1229 0.497839 0.00230574 0.2377 0.00425696
1230 0.498198 0.00230726 0.2384 0.00426126
1231 0.498007 0.00230469 0.2386 0.00426249
1232 0.49733 0.00230571 0.2404 0.00427348
1233 0.497321 0.00230945 0.2429 0.00428857
1234 0.497202 0.0023119 0.2426 0.00428677
1235 0.497417 0.00230748 0.24 0.00427104
1236 0.497464 0.0023058 0.2376 0.00425634
1237 0.496979 0.00230899 0.2379 0.00425819
1238 0.497341 0.00230344 0.236 0.00424643
1239 0.497183 0.00230034 0.2351 0.00424083
1240 0.497068 0.00229606 0.2379 0.00425819
1241 0.497434 0.00229754 0.2376 0.00425634
1242 0.497605 0.00229752 0.2379 0.00425819
1243 0.497705 0.00229326 0.2355 0.00424332
1244 0.497696 0.00228903 0.2362 0.00424768
1245 0.498157 0.00228491 0.2335 0.00423079
1246 0.497843 0.00228612 0.2364 0.00424892
1247 0.49773 0.00228825 0.234 0.00423393
1248 0.497263 0.00228671 0.2362 0.00424768
1249 0.497064 0.00228804 0.2362 0.00424768
1250 0.496834 0.00228385 0.2323 0.0042232
1251 0.496836 0.00228515 0.2347 0.00423832
1252 0.497569 0.00229326 0.2335 0.00423079
1253 0.497557 0.00229049 0.2317 0.00421939
1254 0.497257 0.00228956 0.2319 0.00422067
1255 0.497282 0.00229048 0.2323 0.0042232
1256 0.496596 0.0022933 0.2317 0.00421939
1257 0.496533 0.00229305 0.2369 0.00425202
1258 0.496154 0.00229604 0.2341 0.00423456
1259 0.496771 0.00229735 0.2361 0.00424706
1260 0.496862 0.00229544 0.2381 0.00425942
1261 0.496588 0.0022957 0.2367 0.00425078
1262 0.496556 0.00230263 0.2366 0.00425016
1263 0.496269 0.00229258 0.2363 0.0042483
1264 0.496854 0.00228819 0.234 0.00423393
1265 0.496748 0.00228432 0.2348 0.00423895
1266 0.497116 0.00227785 0.2329 0.004227
1267 0.498008 0.00227727 0.2318 0.00422003
1268 0.49832 0.00228224 0.2302 0.00420982
1269 0.49801 0.00228225 0.2311 0.00421557
1270 0.498139 0.00228532 0.2336 0.00423142
1271 0.497375 0.00228042 0.2369 0.00425202
1272 0.497582 0.00227936 0.2347 0.00423832
1273 0.497023 0.00228161 0.2338 0.00423268
1274 0.497444 0.00228102 0.2364 0.00424892
1275 0.497048 0.00227394 0.2393 0.00426678
1276 0.496965 0.00227463 0.2369 0.00425202
1277 0.497554 0.00228283 0.2381 0.00425942
1278 0.498172 0.00228313 0.2343 0.00423582
1279 0.498129 0.0022838 0.2378 0.00425757
1280 0.498036 0.00227759 0.2349 0.00423958
1281 0.497673 0.00227977 0.2373 0.00425449
1282 0.497856 0.00228661 0.236 0.00424643
1283 0.497926 0.00228078 0.2333 0.00422953
1284 0.497598 0.00227696 0.234 0.00423393
1285 0.497921 0.00228217 0.2344 0.00423644
1286 0.497919 0.00228236 0.234 0.00423393
1287 0.498598 0.00228076 0.2344 0.00423644
1288 0.499251 0.00228656 0.23 0.00420854
1289 0.498756 0.00228801 0.2325 0.00422447
1290 0.498458 0.00227964 0.233 0.00422763
1291 0.498768 0.00227388 0.2325 0.00422447
1292 0.498641 0.00227424 0.2312 0.00421621
1293 0.498743 0.00227416 0.2331 0.00422827
1294 0.498877 0.00227236 0.2306 0.00421238
1295 0.498836 0.00227536 0.2292 0.00420339
1296 0.499116 0.00227716 0.2319 0.00422067
1297 0.498746 0.00228062 0.2349 0.00423958
1298 0.499177 0.00228074 0.2318 0.00422003
1299 0.49881 0.00228287 0.233 0.00422763
1300 0.498693 0.00228405 0.2336 0.00423142
1301 0.498741 0.00228783 0.2334 0.00423016
1302 0.499031 0.00228629 0.2337 0.00423205
1303 0.49888 0.00229164 0.2313 0.00421685
1304 0.498699 0.00229415 0.2293 0.00420404
1305 0.498581 0.00229681 0.2331 0.00422827
1306 0.498863 0.00229673 0.2327 0.00422574
1307 0.498128 0.00230003 0.2373 0.00425449
1308 0.498759 0.00230556 0.2343 0.00423582
1309 0.499104 0.00230536 0.2383 0.00426065
1310 0.499997 0.0023057 0.2337 0.00423205
1311 0.499967 0.00231331 0.2339 0.0042333
1312 0.499838 0.00231091 0.2359 0.00424581
1313 0.499908 0.00230682 0.231 0.00421493
1314 0.499447 0.00231319 0.2331 0.00422827
1315 0.500051 0.00231694 0.233 0.00422763
1316 0.499965 0.00231053 0.2334 0.00423016
1317 0.500266 0.00230517 0.2316 0.00421876
1318 0.499529 0.00230174 0.2314 0.00421749
1319 0.499787 0.00229541 0.2303 0.00421046
1320 0.499469 0.00229529 0.2303 0.00421046
1321 0.499731 0.00229815 0.2311 0.00421557
1322 0.499756 0.00229048 0.2306 0.00421238
1323 0.499674 0.00229177 0.2337 0.00423205
1324 0.499692 0.00229155 0.2335 0.00423079
1325 0.50008 0.00229119 0.2289 0.00420146
1326 0.499908 0.00228869 0.2292 0.00420339
1327 0.500151 0.00229363 0.2301 0.00420918
1328 0.50018 0.00229251 0.2282 0.00419693
1329 0.500412 0.00229692 0.227 0.00418914
1330 0.500492 0.00229098 0.2297 0.00420661
1331 0.501047 0.00229184 0.2305 0.00421174
1332 0.500455 0.0022915 0.2291 0.00420275
1333 0.500203 0.00229322 0.229 0.0042021
1334 0.499884 0.00229093 0.2319 0.00422067
1335 0.499759 0.00229475 0.2323 0.0042232
1336 0.499691 0.00228685 0.2311 0.00421557
1337 0.499427 0.00229475 0.2315 0.00421812
1338 0.49982 0.00228978 0.2315 0.00421812
1339 0.499987 0.00228795 0.2315 0.00421812
1340 0.499418 0.00228796 0.2319 0.00422067
1341 0.499005 0.00228977 0.2328 0.00422637
1342 0.499748 0.00228945 0.2305 0.00421174
1343 0.499023 0.00228587 0.2307 0.00421302
1344 0.498868 0.00227902 0.2315 0.00421812
1345 0.498433 0.00228775 0.2336 0.00423142
1346 0.498602 0.00229226 0.234 0.00423393
1347 0.498028 0.00228926 0.2334 0.00423016
1348 0.498289 0.00228909 0.2331 0.00422827
1349 0.498451 0.00228897 0.2333 0.00422953
1350 0.498573 0.0022918 0.2336 0.00423142
1351 0.498021 0.00228746 0.235 0.0042402
1352 0.498248 0.00228437 0.2346 0.0042377
1353 0.498628 0.00228412 0.2329 0.004227
1354 0.497912 0.00227463 0.2315 0.00421812
1355 0.497945 0.00227345 0.2315 0.00421812
1356 0.498252 0.00226851 0.2313 0.00421685
1357 0.498307 0.00227513 0.2319 0.00422067
1358 0.498316 0.00227839 0.2349 0.00423958
1359 0.498168 0.00228232 0.232 0.0042213
1360 0.498569 0.00228339 0.2304 0.0042111
1361 0.498818 0.00229067 0.2296 0.00420597
1362 0.498834 0.00229087 0.2314 0.00421749
1363 0.498899 0.00228956 0.2291 0.00420275
1364 0.499525 0.0022905 0.2319 0.00422067
1365 0.499443 0.0022852 0.2303 0.00421046
1366 0.49879 0.00228538 0.2309 0.0042143
1367 0.498354 0.00228787 0.234 0.00423393
1368 0.499126 0.00228645 0.2301 0.00420918
1369 0.498684 0.00228171 0.2289 0.00420146
1370 0.498767 0.00228214 0.2324 0.00422384
1371 0.498866 0.00227737 0.2347 0.00423832
1372 0.498984 0.00227118 0.2336 0.00423142
1373 0.49847 0.00226653 0.2323 0.0042232
1374 0.498686 0.00227435 0.2348 0.00423895
1375 0.498426 0.00227252 0.2343 0.00423582
1376 0.497934 0.00227133 0.2345 0.00423707
1377 0.498765 0.00226921 0.2327 0.00422574
1378 0.498515 0.00227035 0.2326 0.0042251
1379 0.498963 0.00226973 0.2321 0.00422194
1380 0.498725 0.00226751 0.2296 0.00420597
1381 0.498332 0.00227097 0.2305 0.00421174
1382 0.498474 0.00227017 0.2283 0.00419758
1383 0.498134 0.00227106 0.231 0.00421493
1384 0.497973 0.00227227 0.2328 0.00422637
1385 0.498665 0.00227379 0.2297 0.00420661
1386 0.498362 0.00228267 0.2333 0.00422953
1387 0.498208 0.00227922 0.2336 0.00423142
1388 0.49834 0.00228158 0.2316 0.00421876
1389 0.497843 0.00227975 0.2351 0.00424083
1390 0.49874 0.00228591 0.2349 0.00423958
1391 0.498048 0.00228968 0.2364 0.00424892
1392 0.497604 0.00229433 0.2364 0.00424892
1393 0.497435 0.00230047 0.2361 0.00424706
1394 0.497896 0.00230028 0.2379 0.00425819
1395 0.498082 0.00229712 0.234 0.00423393
1396 0.498123 0.00229521 0.235 0.0042402
1397 0.498594 0.00229474 0.2353 0.00424207
1398 0.498084 0.00229558 0.2359 0.00424581
1399 0.498229 0.00228899 0.2349 0.00423958
1400 0.497353 0.00229073 0.2373 0.00425449
1401 0.497256 0.0022925 0.2355 0.00424332
1402 0.498327 0.00228821 0.237 0.00425264
1403 0.498186 0.00228911 0.2372 0.00425387
1404 0.498055 0.00228916 0.2356 0.00424394
1405 0.4973 0.00228458 0.2382 0.00426003
1406 0.497803 0.00228657 0.2369 0.00425202
1407 0.496515 0.00228695 0.2369 0.00425202
1408 0.496458 0.00228019 0.2372 0.00425387
1409 0.496486 0.00227565 0.2351 0.00424083
1410 0.496073 0.00227109 0.2365 0.00424954
1411 0.496368 0.00227314 0.235 0.0042402
1412 0.496992 0.00227657 0.2383 0.00426065
1413 0.497476 0.00227582 0.2378 0.00425757
1414 0.496807 0.00227079 0.2371 0.00425325
1415 0.496863 0.00227622 0.2383 0.00426065
1416 0.49703 0.00227673 0.2352 0.00424145
1417 0.497228 0.00227741 0.2351 0.00424083
1418 0.498171 0.00228241 0.232 0.0042213
1419 0.497763 0.00228317 0.2329 0.004227
1420 0.497955 0.00228301 0.2336 0.00423142
1421 0.498169 0.0022812 0.2303 0.00421046
1422 0.498031 0.00227888 0.2287 0.00420017
1423 0.497411 0.00227519 0.2308 0.00421366
1424 0.497626 0.00227455 0.2327 0.00422574
1425 0.497366 0.00226881 0.2327 0.00422574
1426 0.497512 0.00227813 0.2325 0.00422447
1427 0.497359 0.00227464 0.2339 0.0042333
1428 0.496719 0.00227659 0.2349 0.00423958
1429 0.497127 0.00228194 0.2335 0.00423079
1430 0.497265 0.00228635 0.2357 0.00424457
1431 0.496767 0.00228352 0.2341 0.00423456
1432 0.497236 0.00228473 0.2333 0.00422953
1433 0.496354 0.00228506 0.237 0.00425264
1434 0.496875 0.00228615 0.2334 0.00423016
1435 0.496212 0.00228545 0.2339 0.0042333
1436 0.496161 0.00228545 0.2353 0.00424207
1437 0.496167 0.0022839 0.2344 0.00423644
1438 0.49607 0.0022819 0.2358 0.00424519
1439 0.496473 0.00227945 0.2333 0.00422953
1440 0.49615 0.00228297 0.2325 0.00422447
1441 0.495771 0.00228397 0.2363 0.0042483
1442 0.495913 0.00228548 0.2379 0.00425819
1443 0.495829 0.00228458 0.2371 0.00425325
1444 0.495876 0.00228033 0.2352 0.00424145
1445 0.496099 0.00227782 0.232 0.0042213
1446 0.496394 0.00227854 0.2384 0.00426126
1447 0.495877 0.00227308 0.2375 0.00425572
1448 0.496653 0.0022706 0.2389 0.00426433
1449 0.495967 0.00227294 0.2377 0.00425696
1450 0.495919 0.00227983 0.2365 0.00424954
1451 0.496509 0.00228048 0.2361 0.00424706
1452 0.496333 0.00228025 0.233 0.00422763
1453 0.496055 0.00228265 0.2329 0.004227
1454 0.496819 0.00228426 0.2332 0.0042289
1455 0.496365 0.00228375 0.2348 0.00423895
1456 0.496436 0.00228472 0.2323 0.0042232
1457 0.496185 0.00228092 0.2325 0.00422447
1458 0.497059 0.0022842 0.2328 0.00422637
1459 0.497045 0.00228225 0.2325 0.00422447
1460 0.496616 0.0022844 0.2342 0.00423519
1461 0.496726 0.00227992 0.2356 0.00424394
1462 0.496771 0.00228824 0.2315 0.00421812
1463 0.496608 0.00227986 0.237 0.00425264
1464 0.496573 0.00228422 0.2376 0.00425634
1465 0.496169 0.00228271 0.2352 0.00424145
1466 0.495279 0.00227527 0.2358 0.00424519
1467 0.495265 0.00228525 0.2361 0.00424706
1468 0.49443 0.0022804 0.2377 0.00425696
1469 0.495155 0.00228213 0.238 0.0042588
1470 0.4944 0.00228508 0.2401 0.00427165
1471 0.494464 0.00228899 0.2378 0.00425757
1472 0.494407 0.0022836 0.2344 0.00423644
1473 0.494811 0.00229019 0.2356 0.00424394
1474 0.494212 0.00228779 0.2335 0.00423079
1475 0.494886 0.00228965 0.2364 0.00424892
1476 0.494444 0.0022847 0.238 0.0042588
1477 0.494601 0.00228136 0.2363 0.0042483
1478 0.494309 0.00228511 0.2372 0.00425387
1479 0.494195 0.00228739 0.2366 0.00425016
1480 0.493937 0.0022891 0.239 0.00426494
1481 0.493988 0.00228965 0.2382 0.00426003
1482 0.493903 0.00228597 0.238 0.0042588
1483 0.494003 0.00228546 0.2392 0.00426616
1484 0.493946 0.00227969 0.2373 0.00425449
1485 0.493938 0.00228278 0.2382 0.00426003
1486 0.494377 0.00228399 0.2382 0.00426003
1487 0.494019 0.00229841 0.239 0.00426494
1488 0.494636 0.00229546 0.2366 0.00425016
1489 0.494577 0.00228918 0.236 0.00424643
1490 0.494136 0.00228361 0.2353 0.00424207
1491 0.494968 0.00228186 0.2349 0.00423958
1492 0.495716 0.00228461 0.2361 0.00424706
1493 0.496574 0.00227836 0.2352 0.00424145
1494 0.496368 0.00227762 0.2362 0.00424768
1495 0.496209 0.00227873 0.2335 0.00423079
1496 0.496086 0.00227966 0.2344 0.00423644
1497 0.496539 0.00227902 0.2321 0.00422194
1498 0.496442 0.00227777 0.2336 0.00423142
1499 0.49699 0.00227603 0.2315 0.00421812
1500 0.497326 0.00227842 0.2314 0.00421749
1501 0.497097 0.00228019 0.233 0.00422763
1502 0.496905 0.00228297 0.2355 0.00424332
1503 0.496853 0.00229542 0.2343 0.00423582
1504 0.496017 0.0022973 0.2394 0.00426739
1505 0.496128 0.00230036 0.2353 0.00424207
1506 0.495971 0.0023024 0.2378 0.00425757
1507 0.495973 0.00229948 0.2373 0.00425449
1508 0.49601 0.00230078 0.2377 0.00425696
1509 0.495974 0.00230056 0.2373 0.00425449
1510 0.496461 0.00229724 0.235 0.0042402
1511 0.496025 0.0022995 0.2372 0.00425387
1512 0.49629 0.00230281 0.2364 0.00424892
1513 0.496244 0.00230137 0.2395 0.004268
1514 0.496337 0.00230079 0.2392 0.00426616
1515 0.496097 0.00230278 0.2407 0.0042753
1516 0.495657 0.00230248 0.2421 0.00428376
1517 0.496334 0.00230454 0.238 0.0042588
1518 0.496315 0.00230005 0.2375 0.00425572
1519 0.49579 0.00229674 0.2369 0.00425202
1520 0.496832 0.00229865 0.2338 0.00423268
1521 0.496366 0.00230221 0.2347 0.00423832
1522 0.495927 0.00229906 0.2394 0.00426739
1523 0.496497 0.00229529 0.2353 0.00424207
1524 0.496166 0.00228975 0.2359 0.00424581
1525 0.495443 0.00229074 0.2362 0.00424768
1526 0.496056 0.00230016 0.2357 0.00424457
1527 0.495696 0.00230113 0.2369 0.00425202
1528 0.496081 0.00229944 0.2365 0.00424954
1529 0.495607 0.0023042 0.238 0.0042588
1530 0.496301 0.00230735 0.2371 0.00425325
1531 0.496167 0.00230502 0.2407 0.0042753
1532 0.496249 0.00230609 0.2381 0.00425942
1533 0.496073 0.00230823 0.2392 0.00426616
1534 0.496612 0.00230707 0.2363 0.0042483
1535 0.496646 0.00231139 0.2355 0.00424332
1536 0.496546 0.00229967 0.2358 0.00424519
1537 0.496655 0.00230469 0.2367 0.00425078
1538 0.496594 0.00231436 0.239 0.00426494
1539 0.49647 0.00230351 0.2388 0.00426372
1540 0.49686 0.00230372 0.2415 0.00428014
1541 0.496614 0.00230955 0.24 0.00427104
1542 0.49677 0.00230747 0.2385 0.00426188
1543 0.496449 0.00230781 0.2414 0.00427954
1544 0.496444 0.00231363 0.239 0.00426494
1545 0.496724 0.00231146 0.2393 0.00426678
1546 0.497034 0.00231455 0.2412 0.00427833
1547 0.496905 0.00231485 0.2412 0.00427833
1548 0.496723 0.00231508 0.2398 0.00426983
1549 0.497079 0.00231448 0.2382 0.00426003
1550 0.496869 0.00231647 0.241 0.00427712
1551 0.497079 0.00231343 0.2419 0.00428255
1552 0.497195 0.00231205 0.2404 0.00427348
1553 0.49704 0.00231343 0.239 0.00426494
1554 0.497018 0.00230924 0.2383 0.00426065
1555 0.496673 0.00230817 0.241 0.00427712
1556 0.496434 0.00230524 0.2409 0.00427651
1557 0.496814 0.00230437 0.2424 0.00428556
1558 0.497593 0.00231062 0.2383 0.00426065
1559 0.497287 0.0023066 0.237 0.00425264
1560 0.49757 0.00230622 0.2368 0.0042514
1561 0.497865 0.00230965 0.2369 0.00425202
1562 0.497756 0.00230991 0.2347 0.00423832
1563 0.497357 0.00231302 0.2354 0.0042427
1564 0.498269 0.00231825 0.2338 0.00423268
1565 0.497919 0.0023209 0.235 0.0042402
1566 0.497603 0.00232076 0.2374 0.00425511
1567 0.497284 0.00232034 0.235 0.0042402
1568 0.497369 0.00232357 0.235 0.0042402
1569 0.496717 0.00232442 0.2378 0.00425757
1570 0.496044 0.00232437 0.2401 0.00427165
1571 0.495548 0.00231906 0.2398 0.00426983
1572 0.495591 0.00231881 0.24 0.00427104
1573 0.496141 0.00231387 0.2415 0.00428014
1574 0.496 0.00231526 0.2417 0.00428135
1575 0.496107 0.00231401 0.2402 0.00427226
1576 0.496134 0.002312 0.2396 0.00426861
1577 0.496489 0.0023116 0.2367 0.00425078
1578 0.496783 0.00231089 0.2379 0.00425819
1579 0.496815 0.00231057 0.2363 0.0042483
1580 0.496881 0.00231386 0.2384 0.00426126
1581 0.49684 0.00231489 0.2347 0.00423832
1582 0.497555 0.00231889 0.2336 0.00423142
1583 0.49714 0.00231646 0.2363 0.0042483
1584 0.496734 0.00232292 0.2373 0.00425449
1585 0.497266 0.00232154 0.2345 0.00423707
1586 0.497157 0.00232168 0.2347 0.00423832
1587 0.496673 0.00232497 0.2344 0.00423644
1588 0.496836 0.0023261 0.2377 0.00425696
1589 0.496652 0.00232934 0.2391 0.00426555
1590 0.496291 0.00232973 0.243 0.00428917
1591 0.496408 0.00233179 0.2397 0.00426922
1592 0.496693 0.00233428 0.2394 0.00426739
1593 0.497575 0.00233564 0.2419 0.00428255
1594 0.496806 0.00233368 0.2385 0.00426188
1595 0.49678 0.00233506 0.2402 0.00427226
1596 0.497142 0.00232955 0.2379 0.00425819
1597 0.497247 0.00232654 0.2392 0.00426616
1598 0.497157 0.00233395 0.239 0.00426494
1599 0.497511 0.0023353 0.2383 0.00426065
1600 0.497785 0.00233465 0.2369 0.00425202
1601 0.497242 0.00232791 0.2348 0.00423895
1602 0.497758 0.00233088 0.2375 0.00425572
1603 0.497843 0.0023301 0.2381 0.00425942
1604 0.497372 0.00232836 0.2374 0.00425511
1605 0.497145 0.00233838 0.2382 0.00426003
1606 0.497073 0.00233067 0.2387 0.0042631
1607 0.497659 0.00233128 0.237 0.00425264
1608 0.497968 0.00233017 0.2367 0.00425078
1609 0.498343 0.00233847 0.2387 0.0042631
1610 0.498063 0.0023329 0.2368 0.0042514
1611 0.49839 0.00233706 0.2338 0.00423268
1612 0.498491 0.00233458 0.2344 0.00423644
1613 0.498363 0.00232201 0.2348 0.00423895
1614 0.498568 0.00231693 0.2365 0.00424954
1615 0.498743 0.00231844 0.2328 0.00422637
1616 0.498226 0.00231687 0.2332 0.0042289
1617 0.498792 0.00231541 0.2331 0.00422827
1618 0.498991 0.00231242 0.2346 0.0042377
1619 0.498759 0.00232311 0.2365 0.00424954
1620 0.498116 0.00231706 0.2364 0.00424892
1621 0.497913 0.00231738 0.2399 0.00427044
1622 0.498031 0.00231704 0.236 0.00424643
1623 0.497671 0.00232105 0.236 0.00424643
1624 0.497877 0.00231644 0.2342 0.00423519
1625 0.497838 0.00231567 0.2364 0.00424892
1626 0.497215 0.00231613 0.2369 0.00425202
1627 0.496797 0.00231632 0.2372 0.00425387
1628 0.496668 0.00231924 0.239 0.00426494
1629 0.497142 0.00231605 0.2393 0.00426678
1630 0.49729 0.00231418 0.2385 0.00426188
1631 0.496254 0.00230951 0.239 0.00426494
1632 0.496867 0.00230927 0.2386 0.00426249
1633 0.496806 0.00230958 0.238 0.0042588
1634 0.49668 0.00231487 0.2398 0.00426983
1635 0.496942 0.00231273 0.2365 0.00424954
1636 0.497131 0.00230955 0.2411 0.00427772
1637 0.497265 0.00230995 0.2391 0.00426555
1638 0.49757 0.00230898 0.2395 0.004268
1639 0.497657 0.00231139 0.2389 0.00426433
1640 0.497727 0.0023094 0.2376 0.00425634
1641 0.497568 0.00231071 0.2367 0.00425078
1642 0.497993 0.00231095 0.2358 0.00424519
1643 0.497345 0.0023078 0.2361 0.00424706
1644 0.498289 0.00230443 0.2351 0.00424083
1645 0.498594 0.0023097 0.235 0.0042402
1646 0.498628 0.00230984 0.2362 0.00424768
1647 0.498374 0.00231229 0.2362 0.00424768
1648 0.498382 0.00231349 0.2391 0.00426555
1649 0.498027 0.00231111 0.2403 0.00427287
1650 0.497751 0.00231163 0.2396 0.00426861
1651 0.498138 0.00231076 0.24 0.00427104
1652 0.497628 0.00230764 0.2388 0.00426372
1653 0.497001 0.00230875 0.2361 0.00424706
1654 0.496664 0.00230955 0.2393 0.00426678
1655 0.49684 0.00231617 0.2366 0.00425016
1656 0.496599 0.00231094 0.2383 0.00426065
1657 0.496345 0.00230794 0.2403 0.00427287
1658 0.496019 0.00231021 0.2382 0.00426003
1659 0.495637 0.00230599 0.2398 0.00426983
1660 0.49659 0.0023102 0.2361 0.00424706
1661 0.49693 0.00230736 0.2357 0.00424457
1662 0.496636 0.00230783 0.2335 0.00423079
1663 0.496223 0.00230111 0.2346 0.0042377
1664 0.496397 0.00229957 0.2364 0.00424892
1665 0.496739 0.00230729 0.2334 0.00423016
1666 0.496199 0.00230773 0.2408 0.00427591
1667 0.496264 0.00230229 0.24 0.00427104
1668 0.49715 0.00229981 0.2385 0.00426188
1669 0.496531 0.00230032 0.236 0.00424643
1670 0.496605 0.00230647 0.2341 0.00423456
1671 0.49666 0.00230965 0.2357 0.00424457
1672 0.496662 0.00231247 0.2385 0.00426188
1673 0.496393 0.00230957 0.2393 0.00426678
1674 0.496742 0.00230821 0.2379 0.00425819
1675 0.496141 0.00230564 0.2372 0.00425387
1676 0.495381 0.00230705 0.2381 0.00425942
1677 0.494743 0.00230819 0.2388 0.00426372
1678 0.49456 0.00231552 0.2421 0.00428376
1679 0.493652 0.00231393 0.2438 0.00429395
1680 0.494113 0.00231356 0.2418 0.00428195
1681 0.494579 0.00231406 0.2446 0.00429871
1682 0.495026 0.00230721 0.2419 0.00428255
1683 0.495145 0.00231688 0.2411 0.00427772
1684 0.494818 0.00231774 0.2437 0.00429335
1685 0.494903 0.00231498 0.2441 0.00429574
1686 0.494519 0.00231386 0.2433 0.00429096
1687 0.494799 0.00231362 0.2422 0.00428436
1688 0.495225 0.00230638 0.241 0.00427712
1689 0.494759 0.0023018 0.2422 0.00428436
1690 0.494926 0.00229597 0.2395 0.004268
1691 0.495345 0.00230498 0.2414 0.00427954
1692 0.495918 0.00230243 0.2391 0.00426555
1693 0.496397 0.0023006 0.2373 0.00425449
1694 0.496493 0.0023035 0.2394 0.00426739
1695 0.497046 0.00230145 0.2376 0.00425634
1696 0.497246 0.00230388 0.2367 0.00425078
1697 0.49813 0.00230302 0.235 0.0042402
1698 0.497977 0.00229954 0.2353 0.00424207
1699 0.498021 0.00230822 0.2365 0.00424954
1700 0.497915 0.00230797 0.2362 0.00424768
1701 0.498032 0.00230507 0.2346 0.0042377
1702 0.497904 0.00230325 0.2366 0.00425016
1703 0.497784 0.0023052 0.238 0.0042588
1704 0.497951 0.00230428 0.2372 0.00425387
1705 0.498388 0.0023061 0.2355 0.00424332
1706 0.498057 0.00231074 0.2354 0.0042427
1707 0.497649 0.00231146 0.2385 0.00426188
1708 0.497562 0.0023049 0.2375 0.00425572
1709 0.498245 0.00230886 0.2364 0.00424892
1710 0.497881 0.00231146 0.2362 0.00424768
1711 0.497639 0.0023188 0.2373 0.00425449
1712 0.497372 0.00231919 0.2372 0.00425387
1713 0.497076 0.00231417 0.2377 0.00425696
1714 0.496983 0.00231694 0.2382 0.00426003
1715 0.497355 0.00231796 0.2365 0.00424954
1716 0.497376 0.00232315 0.238 0.0042588
1717 0.496721 0.0023298 0.239 0.00426494
1718 0.496878 0.00233319 0.2374 0.00425511
1719 0.497317 0.0023311 0.2383 0.00426065
1720 0.497765 0.00233396 0.2404 0.00427348
1721 0.498123 0.00233557 0.2394 0.00426739
1722 0.498026 0.00233354 0.241 0.00427712
1723 0.49837 0.0023296 0.2385 0.00426188
1724 0.498371 0.00233141 0.2385 0.00426188
1725 0.498967 0.00232828 0.2373 0.00425449
1726 0.499032 0.0023289 0.238 0.0042588
1727 0.498633 0.00232658 0.2369 0.00425202
1728 0.499509 0.00232264 0.237 0.00425264
1729 0.498492 0.002324 0.2412 0.00427833
1730 0.498031 0.00232424 0.2408 0.00427591
1731 0.498019 0.00232466 0.2393 0.00426678
1732 0.497591 0.00232665 0.2371 0.00425325
1733 0.497634 0.0023292 0.2388 0.00426372
1734 0.497105 0.00232314 0.2398 0.00426983
1735 0.497216 0.0023214 0.2431 0.00428976
1736 0.497253 0.00232222 0.2404 0.00427348
1737 0.49679 0.00232541 0.2387 0.0042631
1738 0.497484 0.00231992 0.2393 0.00426678
1739 0.498387 0.00232159 0.2375 0.00425572
1740 0.497668 0.002323 0.2367 0.00425078
1741 0.497942 0.00232283 0.2355 0.00424332
1742 0.497651 0.00231988 0.2373 0.00425449
1743 0.49773 0.00231423 0.2367 0.00425078
1744 0.497955 0.0023135 0.2359 0.00424581
1745 0.498769 0.00231158 0.2355 0.00424332
1746 0.498402 0.00230776 0.2316 0.00421876
1747 0.498719 0.00231585 0.2351 0.00424083
1748 0.498238 0.00231412 0.2344 0.00423644
1749 0.49803 0.00231334 0.2354 0.0042427
1750 0.497671 0.00231524 0.2337 0.00423205
1751 0.497148 0.00231797 0.2349 0.00423958
1752 0.497137 0.00231465 0.2352 0.00424145
1753 0.497347 0.0023165 0.234 0.00423393
1754 0.497473 0.00231338 0.2346 0.0042377
1755 0.497333 0.00231779 0.2373 0.00425449
1756 0.497731 0.00231881 0.2369 0.00425202
1757 0.497654 0.00230955 0.2361 0.00424706
1758 0.497977 0.00230797 0.234 0.00423393
1759 0.497823 0.00231166 0.2365 0.00424954
1760 0.498028 0.00230638 0.2351 0.00424083
1761 0.498027 0.00230717 0.237 0.00425264
1762 0.497695 0.00229864 0.2361 0.00424706
1763 0.49815 0.00230024 0.2344 0.00423644
1764 0.498196 0.00230144 0.2354 0.0042427
1765 0.498718 0.00229802 0.235 0.0042402
1766 0.497883 0.00229903 0.235 0.0042402
1767 0.497928 0.00229864 0.2368 0.0042514
1768 0.497948 0.00230252 0.2356 0.00424394
1769 0.497458 0.00229769 0.2316 0.00421876
1770 0.497582 0.00229542 0.2336 0.00423142
1771 0.497505 0.00230026 0.2355 0.00424332
1772 0.497417 0.00230287 0.2358 0.00424519
1773 0.497623 0.00230258 0.2345 0.00423707
1774 0.497034 0.00230913 0.2328 0.00422637
1775 0.497618 0.00231013 0.2315 0.00421812
1776 0.497066 0.0023085 0.2319 0.00422067
1777 0.496213 0.00230525 0.2337 0.00423205
1778 0.496318 0.00231025 0.2336 0.00423142
1779 0.496169 0.00230585 0.2348 0.00423895
1780 0.496231 0.0023089 0.2379 0.00425819
1781 0.49637 0.00229952 0.2363 0.0042483
1782 0.496042 0.00230122 0.2393 0.00426678
1783 0.496435 0.00229564 0.2349 0.00423958
1784 0.495858 0.00229199 0.2376 0.00425634
1785 0.496306 0.00229597 0.2382 0.00426003
1786 0.496009 0.00230063 0.2372 0.00425387
1787 0.49664 0.00229823 0.2356 0.00424394
1788 0.496425 0.00229473 0.2378 0.00425757
1789 0.496647 0.00229992 0.2383 0.00426065
1790 0.496704 0.00229744 0.2395 0.004268
1791 0.496586 0.00230206 0.2406 0.00427469
1792 0.497269 0.00230735 0.2384 0.00426126
1793 0.497279 0.00230912 0.2388 0.00426372
1794 0.497411 0.00231096 0.2377 0.00425696
1795 0.497574 0.00230371 0.2373 0.00425449
1796 0.497302 0.00230771 0.2378 0.00425757
1797 0.497645 0.00230262 0.2377 0.00425696
1798 0.49697 0.00230287 0.2382 0.00426003
1799 0.496575 0.00230245 0.2372 0.00425387
1800 0.496819 0.0022994 0.2378 0.00425757
1801 0.496336 0.00229069 0.2367 0.00425078
1802 0.495675 0.00229031 0.236 0.00424643
1803 0.495176 0.00229683 0.2391 0.00426555
1804 0.494636 0.00229218 0.2355 0.00424332
1805 0.494405 0.00229395 0.2374 0.00425511
1806 0.495077 0.00230293 0.2382 0.00426003
1807 0.494977 0.00229864 0.2376 0.00425634
1808 0.494883 0.00229578 0.2365 0.00424954
1809 0.494907 0.00229328 0.2384 0.00426126
1810 0.494454 0.00228792 0.2381 0.00425942
1811 0.494265 0.00228127 0.2387 0.0042631
1812 0.494447 0.00228196 0.2381 0.00425942
1813 0.494811 0.00227767 0.2379 0.00425819
1814 0.494833 0.00228003 0.2369 0.00425202
1815 0.495308 0.0022753 0.236 0.00424643
1816 0.495378 0.00227402 0.2353 0.00424207
1817 0.495425 0.00227297 0.2361 0.00424706
1818 0.494895 0.00227154 0.2352 0.00424145
1819 0.494974 0.00227657 0.2372 0.00425387
1820 0.49468 0.00227115 0.2377 0.00425696
1821 0.494873 0.00226992 0.2356 0.00424394
1822 0.494951 0.00226796 0.2383 0.00426065
1823 0.495715 0.00227193 0.2346 0.0042377
1824 0.496017 0.00227003 0.2343 0.00423582
1825 0.496178 0.00227153 0.2334 0.00423016
1826 0.496363 0.0022728 0.2344 0.00423644
1827 0.496835 0.00227084 0.2338 0.00423268
1828 0.496345 0.0022802 0.2334 0.00423016
1829 0.496718 0.00227907 0.2346 0.0042377
1830 0.496482 0.00227688 0.2356 0.00424394
1831 0.49734 0.00227436 0.2339 0.0042333
1832 0.49749 0.00227557 0.2332 0.0042289
1833 0.497255 0.00227952 0.2353 0.00424207
1834 0.497458 0.00227856 0.2339 0.0042333
1835 0.496998 0.00227445 0.2349 0.00423958
1836 0.496978 0.00227347 0.2353 0.00424207
1837 0.496871 0.00227397 0.2342 0.00423519
1838 0.496764 0.00228157 0.234 0.00423393
1839 0.496954 0.0022904 0.2321 0.00422194
1840 0.49699 0.00228614 0.2335 0.00423079
1841 0.497234 0.00228571 0.2368 0.0042514
1842 0.497852 0.00228363 0.2352 0.00424145
1843 0.497571 0.00228428 0.2355 0.00424332
1844 0.496961 0.00228216 0.2358 0.00424519
1845 0.496947 0.00227647 0.2352 0.00424145
1846 0.497051 0.00228195 0.2355 0.00424332
1847 0.497248 0.00228371 0.2342 0.00423519
1848 0.497377 0.00227577 0.2308 0.00421366
1849 0.497724 0.00227594 0.2313 0.00421685
1850 0.497836 0.00228326 0.2364 0.00424892
1851 0.498562 0.00228797 0.2336 0.00423142
1852 0.498534 0.00228252 0.2328 0.00422637
1853 0.498511 0.00227574 0.2314 0.00421749
1854 0.499088 0.00227485 0.2341 0.00423456
1855 0.499478 0.00227394 0.2367 0.00425078
1856 0.498662 0.00227159 0.2336 0.00423142
1857 0.499182 0.00227933 0.2329 0.004227
1858 0.499466 0.00227674 0.2364 0.00424892
1859 0.499291 0.00227667 0.2351 0.00424083
1860 0.498915 0.00228372 0.235 0.0042402
1861 0.498675 0.00228514 0.2349 0.00423958
1862 0.498544 0.00228423 0.2347 0.00423832
1863 0.498581 0.00228648 0.2357 0.00424457
1864 0.498352 0.00227858 0.2365 0.00424954
1865 0.499289 0.00228125 0.2333 0.00422953
1866 0.498943 0.00228627 0.2348 0.00423895
1867 0.49927 0.00227862 0.232 0.0042213
1868 0.499017 0.0022811 0.2347 0.00423832
1869 0.498971 0.00228735 0.2362 0.00424768
1870 0.498731 0.00228559 0.2386 0.00426249
1871 0.498156 0.00228584 0.2392 0.00426616
1872 0.497583 0.0022897 0.2379 0.00425819
1873 0.497734 0.00228423 0.2379 0.00425819
1874 0.497852 0.00228715 0.2382 0.00426003
1875 0.498035 0.00228683 0.2394 0.00426739
1876 0.497652 0.00228314 0.2383 0.00426065
1877 0.498236 0.00228625 0.239 0.00426494
1878 0.498367 0.00228356 0.2362 0.00424768
1879 0.498319 0.00228588 0.2351 0.00424083
1880 0.497803 0.00228127 0.2355 0.00424332
1881 0.497848 0.00228358 0.2383 0.00426065
1882 0.497692 0.00227945 0.2374 0.00425511
1883 0.497968 0.00227951 0.2352 0.00424145
1884 0.497875 0.00227996 0.2364 0.00424892
1885 0.497618 0.00227999 0.2357 0.00424457
1886 0.497569 0.00228067 0.2356 0.00424394
1887 0.49752 0.00228338 0.2371 0.00425325
1888 0.498114 0.00228106 0.2352 0.00424145
1889 0.498348 0.00228974 0.2358 0.00424519
1890 0.498152 0.00229048 0.2398 0.00426983
1891 0.497838 0.00229798 0.2439 0.00429455
1892 0.498164 0.00229619 0.2404 0.00427348
1893 0.498106 0.00229568 0.24 0.00427104
1894 0.497911 0.00229984 0.2425 0.00428617
1895 0.497996 0.00229248 0.2445 0.00429812
1896 0.498258 0.00229846 0.242 0.00428316
1897 0.498652 0.00230179 0.2409 0.00427651
1898 0.498658 0.00229635 0.2399 0.00427044
1899 0.498748 0.00230133 0.2418 0.00428195
1900 0.499081 0.00229493 0.2411 0.00427772
1901 0.499248 0.00229632 0.2391 0.00426555
1902 0.499228 0.00229193 0.241 0.00427712
1903 0.499177 0.00229133 0.2401 0.00427165
1904 0.499286 0.0022928 0.2403 0.00427287
1905 0.499523 0.00229232 0.2386 0.00426249
1906 0.500119 0.00228851 0.2364 0.00424892
1907 0.49983 0.00228215 0.2366 0.00425016
1908 0.499901 0.00227884 0.235 0.0042402
1909 0.499577 0.00228215 0.2341 0.00423456
1910 0.499862 0.00228682 0.2323 0.0042232
1911 0.499385 0.00228311 0.2338 0.00423268
1912 0.499346 0.00228298 0.2325 0.00422447
1913 0.49916 0.00228096 0.2306 0.00421238
1914 0.49917 0.00228711 0.2338 0.00423268
1915 0.498803 0.00228925 0.2343 0.00423582
1916 0.499098 0.00229126 0.2347 0.00423832
1917 0.499091 0.0022855 0.2347 0.00423832
1918 0.498503 0.00228845 0.2362 0.00424768
1919 0.497962 0.00228961 0.2371 0.00425325
1920 0.498342 0.00229184 0.2373 0.00425449
1921 0.498588 0.00229883 0.2376 0.00425634
1922 0.499088 0.00229353 0.2341 0.00423456
1923 0.499096 0.00229032 0.2344 0.00423644
1924 0.498644 0.00229183 0.233 0.00422763
1925 0.49846 0.00229006 0.2359 0.00424581
1926 0.498729 0.00229159 0.2369 0.00425202
1927 0.498165 0.0022919 0.2375 0.00425572
1928 0.498713 0.00228798 0.232 0.0042213
1929 0.49901 0.00229662 0.233 0.00422763
1930 0.499163 0.00229898 0.2336 0.00423142
1931 0.498782 0.00229977 0.2367 0.00425078
1932 0.499119 0.00230081 0.2361 0.00424706
1933 0.499236 0.00230006 0.235 0.0042402
1934 0.499526 0.00229939 0.2321 0.00422194
1935 0.499935 0.00229502 0.2311 0.00421557
1936 0.499898 0.00229984 0.2319 0.00422067
1937 0.499434 0.00229766 0.2387 0.0042631
1938 0.498867 0.00229744 0.2382 0.00426003
1939 0.498953 0.0022982 0.2396 0.00426861
1940 0.498572 0.00229653 0.24 0.00427104
1941 0.498548 0.00229263 0.2376 0.00425634
1942 0.498841 0.00230156 0.2366 0.00425016
1943 0.498597 0.00230203 0.2377 0.00425696
1944 0.498517 0.0023001 0.2359 0.00424581
1945 0.498791 0.00230644 0.2343 0.00423582
1946 0.49906 0.0023007 0.2325 0.00422447
1947 0.498779 0.00229694 0.2338 0.00423268
1948 0.499814 0.00229093 0.2319 0.00422067
1949 0.499924 0.00229866 0.2318 0.00422003
1950 0.499544 0.00229606 0.2305 0.00421174
1951 0.499563 0.00229299 0.2295 0.00420532
1952 0.498734 0.00229428 0.2321 0.00422194
1953 0.498536 0.0022915 0.2317 0.00421939
1954 0.498959 0.00229347 0.2312 0.00421621
1955 0.498307 0.00229763 0.2349 0.00423958
1956 0.498894 0.00229667 0.2335 0.00423079
1957 0.498639 0.00230005 0.2347 0.00423832
1958 0.498683 0.00229745 0.2305 0.00421174
1959 0.499324 0.00229704 0.2314 0.00421749
1960 0.499915 0.00229413 0.2317 0.00421939
1961 0.499456 0.0022904 0.2327 0.00422574
1962 0.499037 0.00228826 0.232 0.0042213
1963 0.498642 0.00228945 0.233 0.00422763
1964 0.498743 0.00229219 0.2346 0.0042377
1965 0.498066 0.0022883 0.2337 0.00423205
1966 0.497353 0.00229315 0.2351 0.00424083
1967 0.497642 0.00229495 0.237 0.00425264
1968 0.497528 0.00229206 0.238 0.0042588
1969 0.497306 0.00229924 0.2384 0.00426126
1970 0.497105 0.00229203 0.2385 0.00426188
1971 0.497308 0.00229149 0.2365 0.00424954
1972 0.497411 0.00229299 0.2388 0.00426372
1973 0.497136 0.0022896 0.2399 0.00427044
1974 0.497825 0.00229138 0.2402 0.00427226
1975 0.497484 0.00228851 0.2393 0.00426678
1976 0.497204 0.00229414 0.2405 0.00427408
1977 0.497662 0.00229061 0.2395 0.004268
1978 0.497922 0.00229728 0.2384 0.00426126
1979 0.497608 0.00229732 0.2406 0.00427469
1980 0.498111 0.00229208 0.238 0.0042588
1981 0.497604 0.0022972 0.2367 0.00425078
1982 0.497931 0.00229805 0.2366 0.00425016
1983 0.497848 0.0022947 0.2369 0.00425202
1984 0.497754 0.00228968 0.2363 0.0042483
1985 0.496826 0.00229172 0.2337 0.00423205
1986 0.496751 0.00229475 0.2356 0.00424394
1987 0.496512 0.00229707 0.2387 0.0042631
1988 0.496332 0.00230642 0.2393 0.00426678
1989 0.49577 0.00229741 0.2422 0.00428436
1990 0.495829 0.00229485 0.2417 0.00428135
1991 0.495579 0.00229672 0.2424 0.00428556
1992 0.495909 0.00229988 0.2393 0.00426678
1993 0.496088 0.00229978 0.2378 0.00425757
1994 0.495876 0.00229478 0.237 0.00425264
1995 0.496738 0.00229948 0.2381 0.00425942
1996 0.495977 0.002293 0.2383 0.00426065
1997 0.496092 0.00229033 0.2382 0.00426003
1998 0.495596 0.00229221 0.2386 0.00426249
1999 0.495612 0.00229194 0.2416 0.00428074
